[time, indiv, parent1, parent2, gender, brain]
[150, 10, -1, -1, 0, [[array([[ 0.01317677, -1.13696697, -0.57774794, -1.94308363,  2.02031451,
         1.48501409],
       [-2.11784511,  1.08607293, -0.97366675, -1.45917184, -0.00422542,
         0.81625191],
       [-0.98838141, -2.41888611, -1.67986653,  1.17046143,  2.37053662,
        -0.43680797],
       [ 1.39940333, -0.81756513,  1.41779506,  1.0015873 , -1.40435901,
        -1.21837025],
       [-1.0745347 ,  0.92485929, -1.80716253,  1.0359415 , -0.96201235,
        -1.42090915],
       [ 0.28540588, -0.88714141,  0.25608512,  0.16013256, -0.03719835,
        -1.5691678 ]]), array([[-1.2721551 ,  2.41039206],
       [ 0.31387394,  0.48613809],
       [-2.24666352, -2.04140937],
       [ 1.12179312, -0.67618928],
       [-2.23640087,  0.66394598],
       [-2.33951334,  1.0429407 ]])], [array([-1.15074613,  0.46782956,  0.30504651, -1.57053378,  0.25947652,
        0.50369605]), array([-1.21676908, -2.1497527 ])]]]
[150, 22, -1, -1, 1, [[array([[-0.22968241,  0.83144961,  0.92387851,  2.03152072,  1.2913153 ,
        -0.68941408],
       [ 0.83775696,  1.58792113, -0.6395124 ,  1.81682162, -0.70627229,
        -1.9998802 ],
       [ 1.49314211, -0.64159138,  1.02593014, -1.14079982,  1.49975407,
        -2.18049323],
       [ 0.34200564, -0.77791775, -2.43810183,  0.54236998,  1.49698117,
         2.39994232],
       [ 0.25266899, -0.95192506, -1.44272977,  1.77741993, -0.42510478,
        -0.4173051 ],
       [ 0.9426639 ,  1.17356634, -1.44507102, -1.47248093, -2.26930323,
        -2.36654943]]), array([[ 1.88253756,  0.34542669],
       [-0.90044647, -0.57583243],
       [ 1.83699206,  2.12845664],
       [ 1.35857683,  1.524479  ],
       [ 1.92406775,  1.66896586],
       [ 2.1590847 ,  0.38997976]])], [array([ 2.40899479,  1.68701278,  2.33079307, -1.03241197, -0.06879699,
       -0.92322002]), array([0.05633347, 1.98494132])]]]
[150, 13, -1, -1, 0, [[array([[ 0.55995909, -2.35981214, -2.41614598,  0.40970395,  1.71920149,
        -2.35568769],
       [ 0.74561201, -0.99097599,  1.89516148, -0.98584523,  0.04595023,
         0.19622071],
       [-0.1519521 ,  0.26804003, -2.15636009, -2.38146996, -1.87831246,
         1.39401062],
       [-1.34704087,  0.15336691,  0.25702392,  1.17011413, -0.71620607,
         2.15964773],
       [ 2.09118728, -2.08682548, -1.03032102,  2.04920016,  2.00742783,
         2.01340233],
       [-1.48024828, -0.27144457,  1.54921016,  1.8804599 ,  2.32662867,
         0.47398489]]), array([[-2.35050424, -0.63076743],
       [ 0.96906186, -2.02252871],
       [ 1.78740941,  0.43316419],
       [-1.93493568,  1.39424943],
       [-0.35642832,  0.0391776 ],
       [ 0.52506788, -0.52793835]])], [array([ 0.69676755,  2.0930011 ,  0.84414614,  0.22408388, -0.93173759,
       -1.71705968]), array([1.27758186, 0.28526092])]]]
[150, 16, -1, -1, 1, [[array([[-1.25245837, -1.61472117, -0.9608058 , -1.3119546 , -2.07777442,
        -1.17413567],
       [-1.44195789, -0.48428599,  0.5255251 , -0.14653873, -0.79492666,
        -0.40993092],
       [ 1.73030032,  1.34234608, -0.35849694, -1.81196978, -1.21222124,
        -1.7050298 ],
       [-0.55840851, -2.44921912,  1.17650319,  2.38424661,  0.7296603 ,
        -2.00545599],
       [-1.01623327, -0.56819128, -2.01203831, -1.10563764, -2.1768436 ,
         2.07375056],
       [-0.33464302,  0.95952149,  1.59690287, -0.94893325, -0.707454  ,
        -1.24059504]]), array([[-2.12554473, -0.87505253],
       [-0.31847904,  1.65019495],
       [ 2.09622075,  1.33073796],
       [-0.7719168 ,  1.28955073],
       [-1.02355453,  0.05313554],
       [ 0.72652837, -1.08168422]])], [array([1.92909317, 1.10790118, 0.49504867, 2.17928139, 1.63676296,
       0.90743389]), array([ 2.22020792, -0.33973282])]]]
[150, 23, -1, -1, 0, [[array([[ 2.35586686,  1.43280362, -1.45424288, -0.97375428,  1.71906447,
        -0.29545599],
       [-1.69806962,  0.88588597,  0.15001989,  2.31389411,  0.50873526,
        -1.28426738],
       [-2.42512889, -0.37989314, -0.15890259, -2.23698033, -1.8127063 ,
        -1.49443489],
       [-0.32988113,  0.78583472,  0.02091362,  2.31908033, -0.41565247,
         0.11287433],
       [ 2.34753962, -0.9146567 , -2.01940489, -1.98601269, -0.05269598,
        -0.97599986],
       [ 2.01236084,  0.71763655, -0.21260106,  0.64263945,  2.36731066,
        -0.25859179]]), array([[ 1.62602879,  1.33453933],
       [-1.60307205, -1.3962594 ],
       [ 0.8566484 , -1.96747771],
       [-1.71435167, -2.40367335],
       [ 0.70246098, -0.38085996],
       [-0.82546677,  1.65174213]])], [array([ 0.75670305,  1.18508815, -1.7033106 ,  0.78759438,  2.03051036,
        0.89419095]), array([-1.98155367,  2.07263861])]]]
[150, 6, -1, -1, 1, [[array([[ 0.99683386,  0.96320997,  0.73842114, -1.99057351, -0.01209862,
         0.02216472],
       [-1.3786756 ,  1.70331369,  2.03146765, -0.62303274, -1.39923002,
         0.11212235],
       [ 1.91043809, -1.82044347, -0.20352591,  2.12128074,  0.76058083,
        -1.90271881],
       [ 1.63201644, -1.47773307,  0.88294433,  0.8530135 ,  0.25515989,
        -1.31023422],
       [-0.95089768,  0.11615417, -1.66536991, -2.2120045 , -0.43038536,
        -1.17148116],
       [ 0.86814307,  1.64424052,  1.49642564,  0.8496488 ,  1.57820728,
        -1.49631737]]), array([[-1.80612699, -0.95583271],
       [ 1.848015  ,  0.09133431],
       [ 1.48517837,  0.00369203],
       [ 1.60238037,  1.79963189],
       [ 0.96875242,  0.49162375],
       [-1.17067819, -2.344736  ]])], [array([-1.61988889, -0.64125365, -1.40878202, -1.45957725,  1.5563555 ,
        1.94053564]), array([-0.26634665, -0.84991278])]]]
[150, 3, -1, -1, 0, [[array([[ 0.16117797, -2.39026037, -1.08407049,  0.01367641, -2.09393108,
         1.21377994],
       [ 0.45673583,  0.84752051, -0.59489241,  1.15164877, -2.14548234,
         0.00957736],
       [-1.47313736,  0.91117303, -1.6359838 , -0.04103863, -2.26825807,
        -0.15714283],
       [-1.87438048, -0.8916732 , -1.57169453, -1.81242493,  1.39949655,
         0.91846785],
       [ 0.93616888, -2.25243831, -1.68607776,  1.54221182,  2.3020901 ,
        -1.78559087],
       [ 1.30570685,  0.29022864, -1.64690544, -0.3875697 , -1.83219877,
        -0.88658167]]), array([[ 1.68769289,  2.30138038],
       [-0.56174709, -1.97334992],
       [-0.85285942,  1.25314699],
       [-0.64840411, -1.43035216],
       [ 1.46074688,  0.08222384],
       [ 0.95434962, -2.27667101]])], [array([-0.34975564, -0.54174061,  2.12643104, -0.12497187,  1.49583058,
       -0.10544076]), array([0.40644526, 1.36994858])]]]
[150, 21, -1, -1, 1, [[array([[ 1.9901852 , -0.93985602, -0.9874617 ,  2.03600482,  1.38380894,
         1.2667665 ],
       [ 2.2267833 , -1.81775691, -1.91774704, -2.42915618, -1.57082494,
        -0.27463192],
       [-1.36392124, -1.72978651,  1.24075681, -0.32748991,  0.77569134,
        -0.8770146 ],
       [-1.53069317,  1.26392571,  2.26405926,  0.70123307, -1.19198349,
         0.17605003],
       [-1.34040216,  1.65569004,  1.27401884, -0.43447738,  1.25567976,
         2.10453783],
       [-1.29942109, -0.80047807,  1.63214738,  0.18823254, -0.35481387,
        -0.29237475]]), array([[ 2.12966232,  1.96472466],
       [-0.74819156, -1.52301726],
       [-1.37338377, -2.02277471],
       [-0.88900402,  1.70650354],
       [ 0.91672244,  1.53402488],
       [-0.73215474,  0.72163773]])], [array([-2.20008014, -0.77462127,  2.03067304,  1.01886001,  0.4506144 ,
       -1.48339585]), array([0.06638   , 0.09872169])]]]
[150, 4, -1, -1, 0, [[array([[-0.85418889,  1.68759764,  1.42489314,  1.83500048,  0.90752674,
        -1.02937676],
       [ 2.34596201,  0.81698021,  2.00400744, -2.33112634,  0.46264047,
         0.1373064 ],
       [-2.20199543, -2.13948737,  1.67956323, -0.51811424, -0.07242288,
        -0.48815086],
       [-0.99928881,  2.23076444, -1.02249068, -1.91032687,  1.70889214,
        -0.24387473],
       [-0.00616027,  1.44363133, -2.09734801, -1.67208013,  2.38401002,
         2.25399378],
       [ 0.78497868,  0.677138  , -1.70239115,  0.59861502, -0.32171351,
        -1.90914707]]), array([[-1.67396046, -1.499301  ],
       [-1.18514951, -1.38862132],
       [ 0.15296443, -0.18415568],
       [-1.88538004,  1.04082862],
       [ 0.64878876, -1.30229935],
       [ 1.94439951,  2.2318292 ]])], [array([ 1.7361954 , -0.04620435,  1.14630949, -1.29972099,  0.83051436,
        2.4275036 ]), array([ 0.29566689, -1.98659306])]]]
[150, 24, -1, -1, 1, [[array([[-2.27439005, -0.68358517, -0.58818345, -2.27582343,  0.47627156,
        -0.46952776],
       [-1.03399781, -1.31596998, -1.80031959,  1.19947018,  0.08663434,
        -1.24159306],
       [ 1.41618483, -2.34415558, -0.86714344, -0.388762  ,  1.62470776,
         0.85451618],
       [-0.06745311, -1.29597357, -2.20956843,  0.41451463, -2.25527222,
         0.64542922],
       [ 0.24946171,  2.09799178,  0.44597076, -0.91124098, -0.53375977,
         2.05003296],
       [-1.63051888, -0.32462496,  1.57834691,  2.32720786, -1.75918144,
         1.58953308]]), array([[-2.0281408 , -1.07976896],
       [-2.40298328,  2.31658972],
       [-2.19702129, -2.15254307],
       [ 0.05257324, -0.25796084],
       [-1.07940446, -1.73150994],
       [ 1.19767959, -2.01076984]])], [array([-0.07281887, -1.5468927 ,  0.9201514 , -1.43772565, -0.40659783,
        1.55526607]), array([-1.18158992, -0.50848577])]]]
[150, 5, -1, -1, 0, [[array([[-1.85889405,  0.20496236,  1.14659624, -1.08898104,  1.01974128,
         1.75313401],
       [ 0.34652919, -0.23228619, -2.05886342, -1.4753535 , -2.12314498,
         1.44046506],
       [ 0.93993937,  2.14020214, -0.48168271,  2.33314044, -2.32449832,
        -1.37654118],
       [-0.75809147, -1.69710503, -2.02444036, -1.99238299,  1.53985682,
         0.03859656],
       [-0.61692626,  2.2149396 ,  0.58873903, -2.34502946, -0.24917653,
         1.21040951],
       [ 2.36389774,  2.40185544,  0.15391703, -0.84044183, -1.43301462,
         1.76526711]]), array([[ 2.00893455, -0.16688691],
       [-2.12548047, -1.73037994],
       [ 2.15068636,  2.15176163],
       [-2.30695725, -0.10792386],
       [-2.19799189,  0.98256091],
       [ 0.24541362, -0.66628595]])], [array([-1.65955376,  2.28967732, -0.56970803,  0.28213195,  1.52529639,
        1.56284602]), array([-0.71424457, -2.09370347])]]]
[150, 9, -1, -1, 1, [[array([[ 0.40727572,  0.51540225, -1.70414289, -2.38329306,  1.73451902,
         1.26456782],
       [ 0.03151561,  1.9675568 , -1.83246038, -2.12780699, -0.5754885 ,
        -1.14463983],
       [ 1.4359408 ,  2.10519981, -0.46509802,  1.12552362, -1.05561867,
         0.99809299],
       [ 0.84176657,  0.56803702, -0.59046342, -2.09414909, -0.76044592,
         1.62084472],
       [ 2.24293739,  1.18524831,  1.35983017,  1.01916497, -0.04198283,
         0.28838602],
       [-1.81629768,  2.39701882, -0.62321019, -1.64762117,  0.25676678,
         1.95957525]]), array([[ 1.85123935,  1.95212822],
       [ 1.98723187,  1.93012616],
       [ 0.3565011 , -2.24475281],
       [ 1.60432909,  1.99567645],
       [ 0.11379395,  2.25444705],
       [ 1.26904982,  1.51199197]])], [array([ 0.81220322, -1.23323301,  2.36908717,  1.50227949,  1.07446136,
        1.79580029]), array([ 0.21453133, -0.87786828])]]]
[150, 0, -1, -1, 0, [[array([[ 0.32695157,  2.43573601,  0.84460421, -0.28269007,  2.19806472,
        -1.90032437],
       [ 2.30951828, -1.37121739,  2.40245805,  1.59505889, -0.58421273,
         0.69913944],
       [ 0.56175174,  0.72498474,  0.50228426, -0.66661173,  0.37977651,
         2.25626555],
       [-1.01720887,  1.13132549, -0.08114355, -0.52103448,  1.15832134,
         1.12802875],
       [ 0.4114057 ,  1.97306585,  0.37194119, -2.37779925,  1.65887539,
         0.96640709],
       [ 1.42199564, -1.89561931, -2.37942474,  1.77155717, -2.32952628,
         0.3153178 ]]), array([[ 1.26154646, -0.36335008],
       [-1.67418274,  1.23492359],
       [ 2.43757806, -0.55302229],
       [-1.90410769, -2.05428954],
       [ 2.23236875, -2.24241913],
       [-2.33041423, -1.72425667]])], [array([ 0.86951218,  2.03135718, -1.35185394, -0.11177208,  2.04195223,
       -2.21997766]), array([-1.50854605, -1.1262917 ])]]]
[150, 1, -1, -1, 1, [[array([[ 2.22284543,  0.66489433, -1.55557615,  0.95017225, -1.67818297,
         1.18836529],
       [ 1.19435217,  1.26934422, -1.90795471, -1.81993315, -0.42849225,
        -2.07618183],
       [ 1.23790315, -2.32326985, -1.50865384,  0.59996255,  2.31506649,
        -0.28641958],
       [ 1.34891389, -1.57347683, -1.58730681,  0.95997741, -1.34860174,
        -1.57319401],
       [-2.29437419, -0.88676279,  1.55861664,  1.2859481 , -0.40433899,
        -2.08586112],
       [-0.89788364,  1.748157  ,  1.22260625, -1.03704984, -0.51850066,
         2.41828554]]), array([[ 0.04008488,  1.53670208],
       [-1.52472667, -0.06943568],
       [ 1.8874613 , -0.26391967],
       [ 0.7339632 ,  1.57922705],
       [ 2.06928986,  1.40408702],
       [ 0.95520047,  0.60356282]])], [array([ 1.64891216, -0.31673825,  1.20937668, -1.09893814,  0.40867815,
       -1.64716009]), array([-1.87614094,  0.82492288])]]]
[150, 11, -1, -1, 0, [[array([[-2.39064917,  1.41945764,  0.76396209, -0.70151369,  2.15997074,
         1.30270995],
       [-1.8561136 ,  0.53915368,  2.01660739, -1.6118023 , -1.05583755,
         0.27393434],
       [ 1.11907151,  0.19226969, -2.29021928, -1.68290384, -1.56663541,
         0.34119309],
       [-1.10256925,  1.29206994,  1.73832699, -1.40862241,  0.89616747,
        -2.18094637],
       [ 1.24522296,  0.53814533,  2.42543189, -0.67019493, -2.16296939,
        -0.93151679],
       [-1.42820862, -0.93762342, -1.89739765, -0.55053997, -1.32962968,
         1.91568711]]), array([[-1.4157649 , -0.63194307],
       [ 1.80420375, -0.10148344],
       [ 0.09136037, -2.11853119],
       [-0.41259031, -0.96897578],
       [-1.41153147,  0.75596912],
       [ 0.58787198,  1.80257111]])], [array([ 1.42414757,  1.49258204,  1.35842261,  2.19818384, -2.06646971,
        1.32535067]), array([1.07401296, 1.88251157])]]]
[150, 12, -1, -1, 1, [[array([[-1.7209405 ,  1.91584289,  1.09693667, -1.64675224, -0.67487415,
         1.01994455],
       [ 0.24759342,  1.76214937, -1.400544  , -0.07329339,  0.4688478 ,
        -0.15205361],
       [-0.6567026 , -1.13207069, -1.66158773,  0.34604289, -1.57877343,
         1.88202371],
       [-0.6644004 , -1.81735608, -2.30951896,  0.80857425,  0.81643316,
         1.68897724],
       [-1.28936715, -2.42727096,  0.89200977, -1.14417254,  1.64641958,
        -1.58977999],
       [ 1.9786959 , -1.81684078,  2.25671684,  1.56583517,  0.00837442,
        -2.23294355]]), array([[ 0.79003862,  1.36921726],
       [-1.75114657,  0.29118689],
       [-0.68394224,  2.42054354],
       [ 0.77419917,  0.57780105],
       [-2.03237784,  1.29419213],
       [-1.16910888,  2.11425443]])], [array([ 1.81736689, -0.38297007,  0.53403723, -1.92556032, -0.93824339,
       -1.70904748]), array([2.17573839, 0.22132078])]]]
[150, 15, -1, -1, 0, [[array([[ 5.15403841e-01,  1.00009012e-01, -2.46589549e-01,
        -7.69204320e-01, -1.87884822e+00, -1.64519645e+00],
       [ 1.68550373e+00,  1.52372660e+00, -7.66519821e-01,
        -9.76364096e-01, -1.47071016e+00, -2.31546468e+00],
       [-1.17949608e+00, -1.52113700e+00, -2.32683037e+00,
         9.61031578e-01,  5.23278201e-01,  7.28777965e-01],
       [-1.88209779e+00,  2.44635844e+00, -2.21465781e-03,
        -2.27701350e+00,  1.96278145e+00,  2.09422107e-01],
       [-2.20905875e+00,  1.62090967e+00, -2.05336598e+00,
        -1.60863382e+00,  1.99939808e+00,  1.20213021e+00],
       [ 1.02965527e+00,  4.94638980e-01,  2.44907375e+00,
         9.29294282e-01, -2.00898436e+00, -2.08913374e+00]]), array([[-0.01486617, -0.24276659],
       [ 0.79703699,  1.90959074],
       [-0.77179849, -0.54121728],
       [-1.30533892, -1.89533949],
       [ 0.92783348,  1.62392926],
       [-1.84737856, -2.02785257]])], [array([-2.0379959 , -1.20576923, -0.6279115 ,  2.06176699,  0.17063167,
       -2.19603733]), array([ 2.05316159, -1.45472182])]]]
[150, 2, -1, -1, 1, [[array([[-2.3442257 , -2.16844414,  1.02100884, -0.60919921,  2.30802698,
         0.83972149],
       [-2.17555577,  0.69288618,  0.13895369,  2.18618214, -2.26705705,
         0.91485584],
       [ 0.81648607, -2.11853094,  1.0329673 , -0.56170628, -2.17301131,
        -1.96190478],
       [ 0.05574416,  1.95895255, -1.89928062,  1.03912984,  2.35094682,
        -0.69505822],
       [ 0.81628897, -1.09422778, -0.17485816,  0.14052286,  0.20380777,
         1.93222021],
       [-0.39796629,  2.3308698 , -1.20040336,  2.38387733, -0.96924899,
        -0.85097547]]), array([[ 0.28658264, -2.27570811],
       [-1.22445855, -1.26861363],
       [ 0.58642404,  0.59450035],
       [-1.10504058, -0.32864632],
       [ 1.99975575, -1.41548331],
       [ 0.15432439,  0.9115695 ]])], [array([ 0.26979108, -1.11223064,  0.30336336,  1.38873575, -1.43427761,
        2.2886267 ]), array([ 0.5912342 , -2.34805827])]]]
[150, 7, -1, -1, 0, [[array([[ 1.80757083, -1.22925432, -1.66878415, -1.63558988, -0.80845111,
        -0.66545773],
       [-1.89940389,  1.89511356,  0.77601954,  1.00929874, -1.76747785,
         2.40190837],
       [ 1.90806624, -1.70157477, -0.25938464,  1.31101057,  0.53618385,
        -0.94481603],
       [-1.36362552, -2.11831147,  2.40551384, -1.71875307,  1.02760241,
         1.48789722],
       [-0.41864549,  1.5466796 ,  2.19481177,  1.60513686, -2.15925753,
        -1.1336002 ],
       [ 0.26307364,  1.60900797,  0.09354853,  0.31052729,  0.41154674,
         1.69251721]]), array([[ 0.3285442 , -1.58369062],
       [ 0.33187721,  0.23861657],
       [-1.23287469,  0.71136157],
       [-0.92785676,  0.74607147],
       [ 1.48552695,  1.56235519],
       [ 0.71759476,  0.94827877]])], [array([-1.71644784, -0.0483944 ,  1.32285012,  0.49442161,  2.00851604,
       -0.06171831]), array([ 2.1134792 , -2.10914023])]]]
[150, 20, -1, -1, 1, [[array([[ 0.59738447,  1.62364803, -1.52556081, -1.66232796,  1.40348544,
         0.64127192],
       [-2.14592049,  0.1391766 ,  0.30876097,  1.00066994,  0.18540292,
         2.15334913],
       [-2.06029282,  0.3575304 ,  2.35836983,  1.34723683, -0.36074246,
         2.00027817],
       [ 1.26263109,  1.63967591, -2.0772725 , -2.42557506, -1.77332299,
        -0.40527884],
       [-2.10013626,  0.02591083, -1.11693329, -0.80275546, -1.75294156,
         2.30794496],
       [ 2.27769063, -1.7320177 ,  1.77502658,  1.75081811, -1.65209852,
         2.2363057 ]]), array([[-2.25893435, -1.83207791],
       [ 1.10074825,  0.08143438],
       [-1.29232828,  0.45306786],
       [-1.91480449,  0.50131145],
       [-0.25890866, -1.21711374],
       [-0.08084193, -0.14616662]])], [array([-1.56679362,  0.66105083, -0.53429767, -1.7951099 , -0.56487409,
       -1.3283021 ]), array([1.15026389, 1.97417022])]]]
[20750, 18, 'birth', 10, 22, 1, [[array([[ 0.01317677, -1.13696697, -1.16228869,  2.44948974,  2.02031451,
         1.48501409],
       [-2.11784511,  1.08607293, -0.97366675, -0.74238804, -0.00422542,
         0.81625191],
       [-0.98838141, -2.41888611, -1.67986653,  1.17046143,  2.37053662,
        -0.43680797],
       [ 2.44948974, -0.81756513,  1.42232635,  1.0015873 , -1.40435901,
        -1.21837025],
       [-1.0745347 ,  0.92485929, -1.80716253,  1.0359415 , -0.96201235,
        -1.42090915],
       [ 0.28540588, -0.88714141,  0.25608512,  0.16013256, -0.03719835,
        -1.5691678 ]]), array([[-1.2721551 ,  1.41421356],
       [ 0.31387394,  0.48613809],
       [-1.41421356, -1.41421356],
       [-0.46811632, -0.67618928],
       [ 1.41421356,  1.41421356],
       [ 1.41421356, -1.41421356]])], [array([ 2.40899479,  1.68701278,  2.33079307,  0.52811935, -0.06879699,
       -0.92322002]), array([0.05633347, 1.41421356])]]]
[156101, 19, 'birth', 5, 16, 1, [[array([[-1.85889405,  2.44948974,  1.14659624, -1.08898104,  2.44948974,
         1.75313401],
       [ 0.34652919, -0.23228619, -2.05886342, -1.4753535 , -2.12314498,
         1.44046506],
       [ 0.93993937,  2.14020214, -0.48168271,  1.49204774, -2.32449832,
        -1.37654118],
       [-0.75809147, -2.44948974, -2.02444036, -1.99238299,  1.53985682,
        -2.00545599],
       [-1.01623327, -2.08785989, -2.01203831,  1.50870286, -2.1768436 ,
         2.07375056],
       [-0.33464302,  0.95952149,  2.44948974, -0.94893325, -0.707454  ,
        -1.24059504]]), array([[-1.41421356, -0.87505253],
       [-0.80009007,  1.41421356],
       [ 1.41421356,  1.41421356],
       [ 1.41421356,  0.99318788],
       [-1.02355453,  0.05313554],
       [ 0.72652837, -0.2140742 ]])], [array([1.92909317, 1.10790118, 0.49504867, 2.17928139, 0.81789287,
       0.90743389]), array([ 1.41421356, -1.22467297])]]]
[186401, 17, 'birth', 15, 16, 0, [[array([[ 5.15403841e-01,  1.00009012e-01, -1.03131565e+00,
         2.44948974e+00,  7.14317384e-02, -1.64519645e+00],
       [ 1.68550373e+00,  2.44948974e+00, -2.01431650e+00,
        -9.76364096e-01, -1.47071016e+00, -2.31546468e+00],
       [-1.17949608e+00, -1.52113700e+00, -2.32683037e+00,
         1.25373948e+00,  5.23278201e-01,  7.28777965e-01],
       [-1.88209779e+00,  2.44635844e+00, -2.21465781e-03,
        -2.27701350e+00,  1.96278145e+00,  2.09422107e-01],
       [-2.20905875e+00,  1.62090967e+00, -2.01203831e+00,
        -2.44948974e+00, -2.17684360e+00,  2.07375056e+00],
       [-3.34643020e-01,  2.44948974e+00,  2.44948974e+00,
        -9.48933246e-01, -7.07454004e-01, -1.24059504e+00]]), array([[-1.41421356, -0.87505253],
       [-0.31847904,  1.41421356],
       [ 1.41421356,  1.33073796],
       [-0.7719168 ,  1.28955073],
       [-1.02355453,  0.05313554],
       [ 0.72652837, -1.08168422]])], [array([1.92909317, 1.47223437, 0.49504867, 2.17928139, 1.63676296,
       0.90743389]), array([ 1.41421356, -0.33973282])]]]
[218302, 8, 'birth', 10, 21, 0, [[array([[ 0.01317677, -1.13696697, -0.57774794, -1.94308363,  2.02031451,
         1.48501409],
       [-2.11784511,  1.08607293, -0.97366675, -1.45917184, -0.00422542,
         0.81625191],
       [-0.98838141, -2.41888611, -1.67986653,  2.44948974,  2.37053662,
        -0.23470202],
       [ 1.39940333, -1.91544904,  1.41779506,  1.0015873 , -1.40435901,
        -1.21837025],
       [-1.0745347 ,  0.92485929, -1.80716253,  1.0359415 , -0.96201235,
        -1.42090915],
       [ 0.28540588, -0.88714141, -0.43472452,  0.84851755, -0.03719835,
        -1.5691678 ]]), array([[-1.2721551 ,  1.41421356],
       [ 0.06161981,  0.48613809],
       [-1.41421356, -1.41421356],
       [ 1.12179312, -0.67618928],
       [-1.41421356,  0.66394598],
       [-1.41421356,  1.0429407 ]])], [array([-1.15074613,  0.46782956,  0.30504651, -1.57053378,  0.25947652,
        0.50369605]), array([ 0.06638   , -1.41421356])]]]
[218302, 14, 'birth', 13, 24, 1, [[array([[ 0.55995909, -2.44948974, -2.41614598,  0.40970395,  1.71920149,
        -2.35568769],
       [ 0.74561201, -0.99097599,  1.89516148, -0.98584523,  0.04595023,
         0.19622071],
       [-0.1519521 ,  0.26804003, -2.15636009, -2.38146996, -1.87831246,
         1.39401062],
       [-1.34704087,  0.15336691,  0.25702392,  1.17011413, -0.71620607,
         2.15964773],
       [ 2.09118728, -1.73422804,  0.86965992,  2.04920016,  2.00742783,
         2.01340233],
       [-2.44948974, -0.27144457,  1.6204896 ,  2.32720786,  1.28574057,
         1.58953308]]), array([[-1.41421356, -1.07976896],
       [-1.41421356,  1.41421356],
       [-1.41421356, -1.41421356],
       [ 0.05257324, -0.25796084],
       [-1.07940446, -1.41421356],
       [ 1.19767959, -1.41421356]])], [array([-0.07281887, -1.5468927 ,  0.9201514 , -1.43772565, -0.40659783,
        1.55526607]), array([-1.18158992, -0.50848577])]]]
[1109761, 10, 'death']
[1109911, 22, 'death']
[1110061, 13, 'death']
[1110211, 16, 'death']
[1110361, 23, 'death']
[1110511, 6, 'death']
[1110661, 3, 'death']
[1110811, 21, 'death']
[1110961, 4, 'death']
[1111111, 24, 'death']
[1111261, 5, 'death']
[1111411, 9, 'death']
[1111561, 0, 'death']
[1111711, 1, 'death']
[1111861, 11, 'death']
[1112011, 12, 'death']
[1112161, 15, 'death']
[1112311, 2, 'death']
[1112461, 7, 'death']
[1112611, 20, 'death']
[1112961, 11, 'birth', 5, 2, 0, [[array([[-1.85889405,  0.20496236,  1.14659624, -1.08898104,  1.01974128,
         1.75313401],
       [ 0.34652919, -0.23228619, -2.05886342, -1.4753535 , -2.12314498,
         1.44046506],
       [ 0.93993937,  2.14020214, -0.48168271,  2.33314044,  0.15619545,
        -1.37654118],
       [-0.75809147, -1.69710503, -2.02444036, -1.99238299,  1.53985682,
         0.03859656],
       [-0.61692626,  2.2149396 ,  0.58873903, -2.34502946, -0.24917653,
         1.21040951],
       [ 2.36389774,  2.40185544,  0.15391703, -0.84044183, -1.43301462,
         1.76526711]]), array([[ 1.41421356, -0.16688691],
       [-1.41421356, -1.41421356],
       [ 1.41421356,  1.41421356],
       [-1.10504058, -0.32864632],
       [ 1.41421356, -1.41421356],
       [ 0.15432439,  1.41421356]])], [array([-0.09892764, -1.11223064,  0.30336336,  1.38873575, -1.43427761,
        2.2886267 ]), array([ 0.5912342 , -1.41421356])]]]
[1112961, 4, 'birth', 11, 9, 0, [[array([[-2.44948974,  2.44948974,  0.76396209, -0.53927003,  2.44948974,
         1.30270995],
       [ 0.11589841,  0.53915368,  2.01660739,  1.19536376, -1.05583755,
         0.27393434],
       [ 1.11907151,  0.19226969, -2.29021928, -1.68290384, -1.05561867,
         0.99809299],
       [ 0.84176657,  0.56803702, -0.59046342, -2.44948974, -0.76044592,
         1.62084472],
       [ 2.24293739,  2.44948974,  2.44948974,  1.01916497, -0.04198283,
         0.28838602],
       [-1.81629768,  2.44948974, -0.62321019, -1.64762117,  0.25676678,
         1.95957525]]), array([[ 1.41421356,  1.41421356],
       [ 1.41421356,  1.41421356],
       [ 1.41421356, -1.41421356],
       [ 1.41421356,  1.41421356],
       [ 0.11379395,  1.41421356],
       [ 1.26904982,  1.41421356]])], [array([ 2.09092009, -1.23323301,  2.36908717,  1.50227949,  1.07446136,
        1.79580029]), array([ 0.21453133, -0.01013712])]]]
[1112961, 5, 'birth', 15, 9, 1, [[array([[ 0.51540384,  0.10000901, -2.26761425, -2.44948974,  1.73451902,
         1.26456782],
       [ 0.03151561,  1.9675568 , -1.83246038, -2.12780699, -0.5754885 ,
        -1.14463983],
       [ 1.4359408 ,  2.10519981, -0.46509802,  2.44948974, -1.05561867,
         0.99809299],
       [ 0.84176657,  2.44948974, -0.59046342, -2.09414909, -0.76044592,
         1.62084472],
       [ 2.24293739,  0.61464134,  1.35983017,  1.01916497, -0.04198283,
         0.28838602],
       [ 2.44948974,  2.39701882,  1.05567161, -1.64762117, -0.80591411,
         1.95957525]]), array([[ 1.41421356,  1.41421356],
       [ 1.41421356,  1.41421356],
       [ 0.3565011 , -1.41421356],
       [ 1.41421356,  1.41421356],
       [ 0.11379395,  1.41421356],
       [-1.04638391,  1.41421356]])], [array([ 0.81220322, -1.23323301,  2.36908717, -1.34584051,  1.07446136,
        1.79580029]), array([ 0.21453133, -0.87786828])]]]
[1112961, 24, 'birth', 8, 24, 1, [[array([[ 0.01317677, -1.13696697, -0.57774794, -1.94308363,  2.44948974,
         1.48501409],
       [-0.74896795, -1.31596998, -1.80031959,  1.19947018,  1.45295172,
        -1.24159306],
       [ 0.48797325, -2.34415558,  0.58742824, -0.388762  ,  1.62470776,
         2.13251084],
       [-0.06745311, -1.29597357, -2.20956843,  0.41451463, -2.40277636,
         0.64542922],
       [ 0.24946171,  2.09799178,  0.44597076, -0.91124098, -0.53375977,
         2.05003296],
       [-2.44948974, -0.32462496, -0.70992947,  2.44948974, -1.75918144,
         1.58953308]]), array([[-1.41421356, -1.07976896],
       [-1.41421356,  1.41421356],
       [-1.41421356, -1.41421356],
       [ 0.05257324, -0.25796084],
       [-1.07940446, -0.24462738],
       [ 1.19767959, -1.41421356]])], [array([-0.07281887, -1.5468927 ,  0.9201514 , -1.43772565, -1.68980526,
        1.68433636]), array([-1.18158992, -0.50848577])]]]
[1112961, 0, 'birth', 11, 16, 1, [[array([[-2.44948974,  1.41945764,  0.76396209, -0.70151369,  2.44948974,
         0.98410402],
       [-1.8561136 , -0.59497883,  2.01660739, -1.6118023 , -2.29767614,
         2.44948974],
       [ 1.11907151,  0.93122768, -2.29021928, -1.59310041, -1.56663541,
         0.34119309],
       [-1.10256925,  1.29206994, -0.57294718, -1.40862241,  0.89616747,
        -2.18094637],
       [ 1.24522296,  0.53814533,  2.42543189, -1.10563764, -2.1768436 ,
         2.07375056],
       [-0.33464302,  0.95952149,  1.59690287, -0.94893325, -0.707454  ,
        -1.24059504]]), array([[-1.41421356,  1.41421356],
       [-0.31847904,  1.41421356],
       [ 1.41421356,  1.33073796],
       [-0.7719168 ,  1.28955073],
       [-1.02355453,  0.05313554],
       [ 0.72652837, -1.08168422]])], [array([1.92909317, 1.10790118, 0.49504867, 2.44948974, 1.63676296,
       0.90743389]), array([ 1.41421356, -0.33973282])]]]
[1112961, 13, 'birth', 8, 2, 0, [[array([[ 0.01317677, -2.43814857, -0.57774794, -1.94308363,  2.02031451,
         1.48501409],
       [-2.11784511,  1.08607293, -0.97366675, -1.45917184, -0.00422542,
         0.81625191],
       [-0.98838141, -2.41888611, -1.67986653,  2.44948974,  2.44948974,
        -0.23470202],
       [ 1.39940333, -1.91544904,  1.41779506,  1.0015873 , -1.40435901,
        -1.21837025],
       [-1.0745347 ,  1.89612553, -1.80716253,  1.0359415 ,  1.46621612,
        -1.42090915],
       [ 0.28540588, -0.88714141,  2.31020207,  1.75420174, -0.03719835,
        -1.5691678 ]]), array([[-1.2721551 ,  1.41421356],
       [ 0.06161981,  0.48613809],
       [ 0.58642404,  0.59450035],
       [-1.10504058, -0.32864632],
       [ 1.41421356, -1.41421356],
       [ 0.15432439,  0.9115695 ]])], [array([ 0.26979108,  2.40279732,  0.30336336,  1.38873575, -1.43427761,
        2.2886267 ]), array([ 0.5912342 , -1.41421356])]]]
[1112961, 20, 'birth', 15, 20, 0, [[array([[ 0.51540384,  2.44948974,  1.02440731, -0.76920432, -2.31923104,
        -1.64519645],
       [ 1.68550373,  1.5237266 , -0.76651982, -0.9763641 ,  0.18540292,
         2.15334913],
       [-2.06029282,  2.44948974,  2.35836983,  1.34723683, -0.36074246,
         2.00027817],
       [ 1.26263109,  1.63967591, -2.0772725 , -2.42557506, -1.77332299,
        -0.40527884],
       [-2.10013626,  0.02591083, -1.11693329, -0.80275546, -1.75294156,
         2.30794496],
       [ 2.27769063, -1.7320177 ,  1.77502658,  1.75081811, -0.00471661,
         2.2363057 ]]), array([[-1.41421356, -1.41421356],
       [ 1.10074825,  0.08143438],
       [-1.29232828,  0.45306786],
       [-1.41421356,  0.50131145],
       [-0.25890866, -1.21711374],
       [-0.08084193, -0.14616662]])], [array([-1.56679362,  0.66105083, -0.53429767, -1.7951099 , -0.56487409,
       -1.3283021 ]), array([1.39014272, 1.41421356])]]]
[1112961, 1, 'birth', 11, 22, 0, [[array([[-2.39064917,  1.41945764,  2.44948974, -0.70151369,  2.15997074,
        -0.68941408],
       [ 2.44948974,  1.58792113, -0.6395124 ,  1.81682162, -0.70627229,
        -2.44948974],
       [ 1.49314211, -0.64159138,  1.02593014, -1.14079982,  1.49975407,
        -2.18049323],
       [ 2.26218429, -0.77791775, -2.43810183,  0.54236998,  2.44948974,
         2.39994232],
       [ 0.25266899, -0.95192506, -1.44272977,  1.77741993, -2.44948974,
         2.28930274],
       [ 0.9426639 ,  1.17356634, -1.44507102, -1.47248093, -2.26930323,
        -2.24818578]]), array([[ 1.41421356, -0.07665298],
       [-0.90044647, -0.57583243],
       [ 1.41421356,  1.41421356],
       [ 1.35857683,  1.41421356],
       [ 1.41421356,  1.41421356],
       [ 1.41421356,  0.38997976]])], [array([ 2.40899479, -0.52840263,  2.33079307, -1.03241197, -0.06879699,
       -0.92322002]), array([0.05633347, 1.41421356])]]]
[1112961, 3, 'birth', 15, 6, 1, [[array([[ 0.51540384,  0.10000901, -0.24658955, -0.76920432, -1.87884822,
        -1.64519645],
       [ 2.44948974,  1.70331369,  2.03146765, -1.4189592 , -1.39923002,
         0.11212235],
       [ 1.91043809, -1.82044347, -0.20352591,  2.12128074,  0.76058083,
        -1.90271881],
       [ 1.59972831, -1.47773307,  0.88294433,  0.8530135 ,  0.25515989,
        -0.20131078],
       [-0.95089768,  0.11615417, -2.44948974, -2.2120045 , -0.43038536,
        -1.17148116],
       [ 0.86814307,  1.64424052,  1.49642564,  2.42012989,  1.57820728,
        -1.49631737]]), array([[-1.41421356, -0.95583271],
       [ 1.41421356,  0.09133431],
       [ 1.41421356,  0.00369203],
       [ 1.41421356,  1.41421356],
       [ 0.96875242,  0.49162375],
       [-1.17067819, -1.41421356]])], [array([-1.61988889, -0.64125365, -1.40878202, -1.45957725,  1.5563555 ,
        1.94053564]), array([-0.26634665, -0.84991278])]]]
[1112961, 6, 'birth', 11, 24, 1, [[array([[-2.39064917, -0.68358517, -0.88405673, -2.43256397,  0.47627156,
        -0.46952776],
       [-1.03399781, -1.31596998, -1.80031959,  2.44948974,  2.44948974,
        -1.24159306],
       [ 2.44948974, -2.34415558, -0.86714344, -0.388762  ,  1.62470776,
         0.85451618],
       [-0.06745311, -1.29597357, -2.20956843,  2.44948974, -2.25527222,
         0.64542922],
       [ 1.00415127,  2.09799178,  0.44597076, -0.91124098, -0.53375977,
         2.44948974],
       [-2.44948974, -0.32462496,  1.57834691,  0.26347111, -1.75918144,
         1.58953308]]), array([[-1.41421356, -1.07976896],
       [-1.41421356,  1.41421356],
       [-1.41421356, -1.41421356],
       [ 0.05257324, -0.25796084],
       [ 0.42832546, -1.41421356],
       [ 0.23426971, -1.41421356]])], [array([-0.07281887, -1.5468927 ,  0.9201514 , -1.43772565, -0.40659783,
        1.55526607]), array([-1.18158992, -0.50848577])]]]
[1120261, 9, 'birth', 11, 24, 1, [[array([[-1.85889405,  0.20496236,  1.14659624, -1.08898104,  1.01974128,
         1.75313401],
       [ 0.34652919, -0.23228619, -2.05886342, -1.4753535 , -2.12314498,
         1.44046506],
       [ 0.93993937,  2.14020214, -0.48168271,  2.33314044,  0.15619545,
        -0.18615451],
       [-0.75809147, -1.69710503, -1.31901698, -1.99238299,  1.53985682,
         0.03859656],
       [-1.37246254,  2.2149396 ,  0.44597076, -0.91124098, -0.39217946,
         2.05003296],
       [-2.44948974, -0.32462496, -0.70992947,  2.44948974,  0.96189374,
         1.58953308]]), array([[-1.41421356, -1.41421356],
       [-1.41421356,  1.41421356],
       [-1.41421356, -0.58860066],
       [ 0.05257324, -0.25796084],
       [-1.07940446, -0.24462738],
       [ 0.64753346, -1.41421356]])], [array([-0.07281887, -1.5468927 ,  0.9201514 , -1.43772565, -1.68980526,
        1.68433636]), array([-1.18158992, -0.50848577])]]]
[1126961, 18, 'death']
[1134711, 21, 'birth', 8, 5, 1, [[array([[ 0.01317677, -1.13696697, -0.57774794, -0.72978282,  2.02031451,
         1.48501409],
       [ 0.2145969 ,  1.08607293, -0.97366675, -2.44948974, -0.00422542,
         0.81625191],
       [-0.98838141, -2.41888611, -1.67986653,  2.44948974,  2.37053662,
        -0.23470202],
       [ 1.39940333, -1.91544904,  1.41779506,  1.0015873 , -1.40435901,
        -2.44948974],
       [ 2.24293739,  0.61464134,  1.35983017,  1.01916497, -1.95749618,
         0.28838602],
       [ 2.44948974,  2.39701882, -0.03453195, -0.8690949 ,  2.44948974,
         1.95957525]]), array([[ 1.41421356,  1.41421356],
       [ 1.41421356,  1.41421356],
       [ 0.3565011 , -0.51074296],
       [-0.01808465,  1.41421356],
       [ 0.11379395,  1.41421356],
       [-1.04638391, -1.41421356]])], [array([ 0.81220322, -1.23323301,  2.36908717, -1.34584051,  1.07446136,
        1.79580029]), array([ 0.21453133, -1.41421356])]]]
[1230162, 19, 'death']
[1244862, 19, 'birth', 11, 6, 0, [[array([[-2.44948974, -1.27820215,  1.14659624, -1.08898104,  1.01974128,
         1.75313401],
       [ 1.75503412, -0.23228619, -2.44948974, -1.4753535 , -2.12314498,
         1.10859653],
       [ 0.9046012 ,  2.14020214, -2.44948974,  2.44948974,  0.15619545,
        -1.37654118],
       [-0.75809147, -1.69710503, -2.02444036, -1.99238299,  1.53985682,
         2.4369326 ],
       [ 2.44948974,  2.2149396 ,  2.32257007, -2.34502946, -0.24917653,
         2.44948974],
       [ 2.36389774,  2.40185544,  2.07941969, -0.84044183, -1.43301462,
         1.76526711]]), array([[ 1.41421356, -0.16688691],
       [-1.41421356,  1.41421356],
       [-1.41421356, -1.41421356],
       [ 0.05257324, -0.25796084],
       [ 0.42832546, -1.41421356],
       [ 0.23426971, -1.41421356]])], [array([ 1.91598062, -1.5468927 ,  0.9201514 , -1.43772565, -0.40659783,
        1.55526607]), array([-1.18158992, -0.50848577])]]]
[1251462, 17, 'death']
[1272312, 8, 'death']
[1272462, 14, 'death']
[1321463, 23, 'birth', 20, 5, 0, [[array([[ 0.51540384,  2.44948974,  1.02440731, -0.76920432, -2.31923104,
        -1.64519645],
       [ 1.68550373, -1.15288862, -0.76651982, -2.17696181, -1.87736544,
        -1.14463983],
       [ 1.4359408 ,  2.10519981, -0.46509802,  2.44948974, -1.05561867,
         0.99809299],
       [ 1.22818869,  2.44948974, -0.59046342, -1.31713551, -0.76044592,
         1.62084472],
       [ 2.24293739,  0.61464134,  1.35983017,  1.01916497, -0.04198283,
         0.28838602],
       [ 2.44948974,  2.39701882,  1.05567161, -1.64762117, -0.80591411,
         1.95957525]]), array([[ 1.41421356,  1.41421356],
       [ 1.41421356,  1.41421356],
       [ 0.3565011 , -1.41421356],
       [ 1.41421356,  1.41421356],
       [ 0.11379395,  1.41421356],
       [-1.04638391,  1.41421356]])], [array([ 0.81220322, -1.23323301,  2.36908717, -1.34584051,  1.07446136,
        1.79580029]), array([ 0.21453133, -0.23881906])]]]
[1399214, 16, 'birth', 19, 3, 1, [[array([[-2.44948974, -1.27820215,  1.14659624, -1.08898104,  1.01974128,
         2.44948974],
       [ 1.75503412, -0.23228619, -2.44948974, -1.4753535 , -2.12314498,
         1.10859653],
       [ 0.4201527 , -0.27490511, -2.44948974,  2.44948974,  0.15619545,
        -1.37654118],
       [-0.75809147, -1.69710503, -2.02444036, -1.99238299,  0.25515989,
        -0.20131078],
       [ 0.55369191,  0.11615417, -2.44948974, -2.2120045 , -0.43038536,
        -1.17148116],
       [ 0.86814307,  1.64424052,  1.49642564,  2.42012989,  2.44948974,
        -1.49631737]]), array([[-0.87705333, -0.95583271],
       [ 1.41421356,  0.09133431],
       [-1.03929455,  0.00369203],
       [ 1.41421356,  1.41421356],
       [ 0.96875242,  0.49162375],
       [-1.17067819, -1.41421356]])], [array([-1.61988889, -0.64125365, -1.40878202, -2.44948974,  1.5563555 ,
        1.94053564]), array([-0.26634665, -0.84991278])]]]
[1612716, 17, 'birth', 11, 5, 0, [[array([[-1.85889405,  1.87561482,  1.14659624, -1.08898104,  1.01974128,
         1.75313401],
       [ 0.34652919, -0.23228619, -2.05886342, -1.4753535 , -2.12314498,
         0.48984387],
       [ 0.93993937,  2.44948974, -0.48168271,  2.33314044,  0.15619545,
        -1.37654118],
       [-0.75809147, -1.69710503, -2.02444036, -1.99238299,  1.53985682,
        -2.44948974],
       [-2.44948974,  2.2149396 ,  0.58873903, -2.34502946, -1.35713175,
        -0.543016  ],
       [ 2.36389774,  2.44948974, -1.48429979, -2.44948974, -2.44948974,
         1.76526711]]), array([[ 1.41421356, -0.16688691],
       [-1.41421356, -1.41421356],
       [ 1.41421356, -1.41421356],
       [ 0.81575103,  0.19862207],
       [ 0.11379395,  1.41421356],
       [ 1.11413593, -0.10153648]])], [array([ 0.81220322, -0.4291545 ,  2.36908717, -1.34584051,  1.07446136,
        2.44948974]), array([ 1.41421356, -0.87786828])]]]
[1645266, 8, 'birth', 23, 3, 0, [[array([[ 0.51540384,  2.44948974,  1.02440731, -0.76920432, -2.31923104,
        -1.64519645],
       [ 1.68550373, -1.15288862, -0.76651982, -2.17696181, -1.87736544,
        -1.14463983],
       [ 1.4359408 ,  2.10519981, -0.46509802,  2.44948974, -1.05561867,
         0.99809299],
       [ 1.22818869,  2.44948974, -0.59046342, -1.31713551, -0.76044592,
         1.62084472],
       [ 2.24293739,  0.61464134,  1.35983017,  1.01916497, -0.04198283,
         0.28838602],
       [ 2.44948974,  0.31872171,  1.05567161, -1.64762117, -0.80591411,
        -1.99304529]]), array([[-1.41421356, -0.95583271],
       [ 1.41421356, -1.22235071],
       [ 1.41421356,  0.00369203],
       [ 1.41421356,  1.41421356],
       [ 0.96875242,  0.49162375],
       [-1.17067819,  0.10030772]])], [array([-1.61988889, -0.64125365, -1.40878202, -1.45957725,  1.5563555 ,
        1.94053564]), array([ 1.41421356, -0.84991278])]]]
[1746917, 12, 'birth', 4, 3, 0, [[array([[-2.44948974,  2.44948974,  0.76396209,  0.65081584,  2.44948974,
         1.30270995],
       [ 0.11589841,  0.53915368,  2.01660739,  1.19536376, -1.05583755,
         0.27393434],
       [ 1.11907151,  0.19226969, -2.29021928, -2.03864921,  1.51484717,
         0.99809299],
       [-0.00303229,  2.44948974, -0.59046342, -2.44948974, -0.76044592,
         1.62084472],
       [ 2.24293739,  2.44948974,  2.44948974, -2.2120045 , -0.43038536,
        -1.64814217],
       [ 0.86814307,  1.64424052,  1.49642564,  2.42012989,  1.57820728,
        -1.49631737]]), array([[-1.41421356, -1.41421356],
       [ 1.41421356,  0.09133431],
       [ 1.41421356,  0.00369203],
       [ 1.41421356,  1.41421356],
       [-0.56245034,  0.49162375],
       [-1.17067819, -1.41421356]])], [array([-1.61988889, -0.64125365, -1.40878202, -2.44948974,  1.5563555 ,
        2.44948974]), array([-0.26634665, -0.84991278])]]]
[1845468, 11, 'death']
[1845618, 4, 'death']
[1845768, 5, 'death']
[1845918, 24, 'death']
[1846068, 0, 'death']
[1846218, 13, 'death']
[1846368, 20, 'death']
[1846518, 1, 'death']
[1846668, 3, 'death']
[1846818, 6, 'death']
[1850718, 9, 'death']
[1857468, 21, 'death']
[1900519, 19, 'death']
[1929519, 23, 'death']
[1953069, 16, 'death']
[1996870, 17, 'death']
[2001220, 8, 'death']
[2001420, 12, 'death']
[2001420, 'Extinction!']
