[time, indiv, parent1, parent2, gender, brain]
[150, 6, -1, -1, 0, [[array([[ 1.39688208,  0.66147335, -2.1441816 ,  0.27300051, -1.62471434,
         0.68367938],
       [ 0.17723198, -1.70282544, -2.18439285, -2.40786789, -1.3641652 ,
        -1.85071169],
       [ 1.16664859,  1.22350514,  2.0970829 ,  0.39057278, -2.43463935,
        -1.3606106 ],
       [-0.70098714, -1.64103945,  0.9548817 , -1.16963865, -0.02213301,
         1.49148   ],
       [ 0.66689619, -1.83871659, -2.10160954,  0.94460731, -0.52562914,
         1.27254062],
       [ 2.40107333,  2.13524151,  0.31819943, -1.41478891,  1.52481031,
        -1.87788964]]), array([[ 1.99542332, -1.22394292],
       [-1.53971863, -1.44598407],
       [-0.12872642, -1.14682025],
       [-2.24886807, -2.24717585],
       [ 2.41598075,  1.43394661],
       [ 0.98934395, -0.8086491 ]])], [array([ 1.16152635,  2.35816587,  0.3695537 , -2.27114491, -2.13902135,
       -0.52443103]), array([1.6407645 , 0.88460223])]]]
[150, 7, -1, -1, 1, [[array([[-1.86414897,  1.43680151, -1.85879946, -0.63948132, -1.84601426,
        -1.41709506],
       [ 2.12254846,  0.24895455, -1.26549177,  2.38832528, -0.51320058,
         2.11325158],
       [ 0.17513646,  0.75763102, -0.39199054,  0.62311594,  1.52790215,
        -0.59332503],
       [ 1.10426833,  0.53917702, -0.80368976,  2.22941148,  1.281931  ,
         0.75626108],
       [ 0.41699812, -2.0627503 , -1.95825129, -2.42421648,  0.1537275 ,
         1.77360759],
       [ 2.32501654,  2.14293123,  1.48531888, -1.78866012, -2.23847031,
         1.57016232]]), array([[ 1.18760266, -0.54768192],
       [-2.30286976,  1.52171305],
       [-2.41443594,  1.47979167],
       [-0.59478621,  1.22285921],
       [-2.24041724, -2.24674541],
       [-0.82716759, -1.73334219]])], [array([ 0.07266587, -2.31199718,  1.76902384, -1.1839701 , -2.35799329,
       -0.72778424]), array([-1.62185028, -0.31478132])]]]
[150, 3, -1, -1, 0, [[array([[ 1.39236733,  1.58380867, -1.5023719 ,  0.0154711 , -0.64279074,
         0.09472186],
       [-0.38172902,  0.48385891, -1.97888471,  0.27658382, -1.57891279,
         2.19203268],
       [-0.40553743,  0.52829799,  0.69225323,  0.966348  ,  1.83657578,
         1.15956125],
       [-0.42989667,  2.21641966,  1.25940817,  1.89991943, -0.65715369,
        -0.92679397],
       [ 0.19551548,  0.47686878, -1.61625301,  0.28773528, -0.99787602,
         0.80970779],
       [ 1.06140008,  2.07551445,  1.67367123,  1.9755316 ,  0.75447239,
         1.59698404]]), array([[-2.42935154,  0.94341528],
       [ 2.44838286, -1.81528002],
       [-0.3460592 ,  1.66266428],
       [ 2.13372646,  1.78752855],
       [ 2.07150708, -0.27561242],
       [ 0.62645541, -0.64782809]])], [array([-2.10087653,  0.95571261, -1.08027916,  1.68745504,  2.12962157,
       -1.30915848]), array([ 1.68495531, -2.00214622])]]]
[150, 22, -1, -1, 1, [[array([[ 0.83339029, -1.32253636, -0.81175477, -0.48070176,  1.63190009,
        -0.09433612],
       [-0.55903579,  0.82127868, -1.22138887, -1.73727545,  1.32140431,
         0.12407473],
       [-1.02649957,  0.83218183, -0.84981051,  0.54776262,  0.59320337,
         1.3138295 ],
       [-0.74359503, -1.36503612, -1.05272201,  2.09443395, -0.41400839,
        -1.5403435 ],
       [-1.4734674 , -0.98222527, -0.80326077,  2.00780273, -1.0204951 ,
        -0.51464629],
       [ 1.73526502,  1.28626248, -2.13101429, -0.43557435, -1.92023355,
        -1.99171933]]), array([[-0.57007758, -0.64953116],
       [ 1.7044013 ,  0.5985678 ],
       [ 0.59407174,  0.52070839],
       [-0.31327811, -2.04604182],
       [-0.50424118, -0.74689748],
       [-0.62524025,  0.90997734]])], [array([-1.8568446 , -0.16560359,  1.1080269 , -2.12100501, -2.11187442,
        1.57965853]), array([-1.24181345, -1.86192203])]]]
[150, 8, -1, -1, 0, [[array([[ 1.53368625, -2.33573426, -0.08230125, -0.67178508, -1.43866758,
        -1.3567534 ],
       [ 0.44392975,  0.20513143, -2.39653083,  1.91684623,  1.44412407,
        -1.13553894],
       [-1.3690985 , -0.48842004, -0.95365405, -2.25556045, -0.35473772,
        -2.34004826],
       [ 0.46393622,  1.16662515, -1.19156582, -2.06363273, -2.39436843,
         0.85049854],
       [ 0.31123634,  1.50619087, -2.1284592 , -0.17887361, -0.49239944,
         0.73006342],
       [ 1.14075238,  0.64757481, -0.23369814, -0.39187738,  1.18974011,
         2.13398673]]), array([[ 0.87883448,  1.66349426],
       [ 0.39721695,  2.16076616],
       [ 1.65445216,  0.39650524],
       [-0.8564024 , -0.09490575],
       [ 2.24499847, -1.82079333],
       [-0.42580135,  0.33190124]])], [array([-1.9948126 , -0.82545358,  0.36199694, -1.92614207, -1.9142774 ,
       -2.41329982]), array([-0.16448284,  0.76213585])]]]
[150, 5, -1, -1, 1, [[array([[ 1.70448122,  0.72909893,  1.22692504, -0.62170238, -1.2890584 ,
        -1.28518631],
       [ 1.19603869, -1.72026752, -1.27328295,  1.93763293,  0.84223575,
         0.80176581],
       [ 2.20314138,  0.96948422,  0.40113626,  0.35572433,  1.82542624,
         1.27311941],
       [-1.84582904,  1.46191167, -1.32072237,  1.76451924,  2.16164608,
        -0.22314327],
       [ 0.52389235, -0.10239348, -1.7689826 ,  2.01707917,  0.15128609,
         2.37527067],
       [-1.6064702 ,  0.33361162,  0.28831102,  1.42541179,  0.14370959,
        -0.40113068]]), array([[ 1.80076573,  0.45851843],
       [-1.21961618, -2.07489403],
       [-0.64265104, -0.56914959],
       [ 0.43774519, -2.25188152],
       [-2.1981317 , -1.59095427],
       [-1.96960909, -1.30262498]])], [array([-1.40557888,  0.05760645, -1.08160964,  2.15214415,  0.99735749,
        1.44531688]), array([2.1296607 , 1.97159732])]]]
[150, 21, -1, -1, 0, [[array([[ 0.946655  ,  1.39743192, -2.11854632,  1.94268346, -1.81870293,
        -0.61232635],
       [ 2.17789691, -2.12363321, -0.84961566,  0.71499726, -1.63691953,
         2.4012982 ],
       [-1.02575605, -1.63436648, -1.34134909,  2.41876174, -1.76544805,
         1.49896142],
       [-0.13951038,  2.18233398, -1.39504111, -0.21521168, -2.35437405,
        -0.56656852],
       [-0.66883369,  0.63312614,  1.50702099,  1.34745704,  2.436491  ,
        -2.09155695],
       [-1.27276512,  1.89869178, -0.89703376,  0.37188163,  0.17145795,
        -1.30295105]]), array([[ 2.35283155,  1.2632975 ],
       [-1.28934531,  1.73899824],
       [ 0.09726296,  1.68660815],
       [ 0.60954613, -1.5494    ],
       [-0.22816831,  0.1350314 ],
       [ 1.74534151,  1.4748609 ]])], [array([-2.20837786,  0.20080055,  0.36926927,  0.44178449, -0.25667922,
       -1.64078725]), array([0.76862401, 1.90697343])]]]
[150, 16, -1, -1, 1, [[array([[ 2.37750976,  0.85654866, -0.23578982,  0.26610819,  2.00115693,
        -0.44127669],
       [ 1.31739142,  1.52739309,  0.04209637, -2.32244292,  1.32583766,
        -0.22031075],
       [-1.00567991,  1.47629093,  1.09009549,  1.61189448, -1.95923664,
         0.7303573 ],
       [ 0.02701456, -1.01450663,  1.85819212,  0.90886047,  0.38596693,
         0.28223913],
       [-0.98062971,  2.28336785,  1.25161272, -1.53403117,  1.29169438,
        -1.64531905],
       [ 1.64523243, -2.1044448 ,  0.26064681, -1.97185647, -1.6910661 ,
        -0.7712164 ]]), array([[-2.07788831, -0.56037902],
       [ 0.07485569,  1.01922981],
       [ 2.0522053 , -2.14241504],
       [ 0.1298178 ,  1.55096133],
       [-2.25457985,  0.05231013],
       [-2.18723452, -0.83594193]])], [array([ 0.83095785, -0.07928213, -0.1294506 , -1.70431077,  1.36124194,
       -1.19567773]), array([-2.41116995,  2.39463306])]]]
[150, 14, -1, -1, 0, [[array([[-0.13936326,  1.88567971, -1.71504705, -1.95350449, -2.26820745,
        -2.36401525],
       [-1.27075443, -0.47536842, -0.73991416, -0.42457105,  1.82216804,
        -0.12267689],
       [ 0.64421546,  1.7526016 , -2.40894168,  0.56890661,  1.17521021,
         2.29658408],
       [ 0.47582721, -1.85115564,  1.34999719, -1.30735328, -0.63425082,
        -0.93772992],
       [ 0.50465407,  1.87274863, -1.51982813, -2.30352073,  1.7766765 ,
         1.13176438],
       [ 0.21139087, -0.0214113 , -0.84024132,  0.14727681, -1.32062132,
        -2.36410149]]), array([[ 2.36634667, -0.44255958],
       [-0.79161381, -2.01063722],
       [-1.65617382, -0.11321254],
       [ 2.36598567,  1.03339531],
       [-1.75480329, -0.9174997 ],
       [-2.19799905, -1.48749858]])], [array([-2.26945882, -0.66034462,  1.09301569, -1.85788342, -1.98976486,
       -0.63442446]), array([-0.9803488 ,  2.40903484])]]]
[150, 11, -1, -1, 1, [[array([[-2.0033335 , -1.74617273,  2.09152525,  2.10847963, -2.34218347,
        -1.94791839],
       [ 2.12891196, -1.12868041, -0.34801459,  0.85236137, -2.20379667,
        -0.49504435],
       [-1.650409  , -1.97746946, -0.90658997,  0.16096254,  2.43209859,
         0.46948348],
       [-1.41370065,  1.33656717,  1.90086361,  1.04596079,  0.80356162,
        -0.62630093],
       [-1.58572575,  1.3625722 ,  1.05088784, -0.58946401, -1.92842725,
         1.27817541],
       [-1.91192359, -0.83631883, -0.91173243, -2.37095888, -0.97975652,
        -1.11567746]]), array([[-1.16004689,  2.06082429],
       [ 1.21203036, -1.57716568],
       [ 1.10492751, -0.21434111],
       [ 1.9826545 ,  2.19881285],
       [-0.03898966, -2.36761968],
       [-0.64286373, -0.82989257]])], [array([-2.11826332,  0.72296583, -2.08850496, -1.79318645, -2.36395235,
        1.3155987 ]), array([-2.18832764,  0.10866164])]]]
[150, 4, -1, -1, 0, [[array([[-0.43820388, -1.47969636, -0.25211205,  1.9454219 , -0.56856903,
        -0.10854005],
       [ 2.1367085 ,  0.17094325, -0.03414968, -0.82667132,  0.51836897,
         1.82451837],
       [ 1.99093321,  1.83409987, -1.13121297, -0.09426383,  1.77573241,
        -2.09111664],
       [ 0.66942123, -1.93253035, -1.67005744, -1.82209441,  0.88630624,
         1.00740315],
       [-0.4826257 ,  1.86089673,  0.84338487, -0.04716057, -0.17017645,
         2.19415408],
       [ 0.60768356,  1.93016651,  1.33831451, -0.6147325 ,  1.28467852,
        -0.22752831]]), array([[-0.4947441 , -1.64931422],
       [ 1.01394054, -0.26560667],
       [ 0.80477735, -1.93430697],
       [-0.07443961, -1.21828929],
       [-1.96227787, -1.1912359 ],
       [ 1.18209236,  0.38287281]])], [array([-1.88002517, -0.89709074,  0.35227996,  0.79348474, -1.6060344 ,
       -0.78320123]), array([-2.13484478, -2.1402736 ])]]]
[150, 17, -1, -1, 1, [[array([[-2.0300042 , -2.23862312,  2.24699978, -0.71971083, -1.84204483,
        -2.4090287 ],
       [ 1.43952366, -1.33487995, -2.30467995,  2.01435403, -0.42161694,
         0.30904221],
       [-1.8046624 ,  0.25770469,  1.40863543, -0.76110744, -0.25137213,
         0.89342621],
       [ 0.75100879,  1.91068061, -1.45438961, -1.88698567, -0.85774648,
         1.9132749 ],
       [ 2.06963938,  1.7262204 , -0.69738206, -0.1291833 , -1.82345605,
         0.03265577],
       [ 2.21281659, -1.91912407,  0.97789659,  2.3521353 , -1.86948143,
        -2.11036199]]), array([[-0.1494657 , -1.67103372],
       [ 0.89395847,  1.3330081 ],
       [ 2.00154399,  2.02995944],
       [-2.22745691, -0.1631009 ],
       [ 2.04234861,  1.70184587],
       [-0.28478581,  1.87787236]])], [array([-0.94920811,  1.84713489,  1.79028727,  0.05095711, -2.05438082,
        1.96988338]), array([ 0.41055042, -2.27656843])]]]
[150, 13, -1, -1, 0, [[array([[-1.2475949 ,  1.23964158, -0.04984467,  0.84842942, -1.99323502,
        -1.32043219],
       [-2.35263612,  1.92095067,  1.13211976, -0.71579887,  1.68547845,
         0.18871873],
       [ 1.6791693 , -1.43336827, -0.38342811, -1.97475861,  1.68657371,
        -2.16317975],
       [-0.9867701 , -1.4961506 ,  0.1515052 ,  1.17965709, -0.08616421,
         1.94036964],
       [-2.1042825 ,  0.51064517,  2.10180581, -1.08354476, -2.21755521,
         0.22725872],
       [-1.39463139,  0.99573961, -0.98921926,  0.23476048,  0.23712998,
        -0.51442858]]), array([[-2.15449292, -0.45095743],
       [-1.59165992, -1.06882244],
       [ 0.54885912,  2.02782196],
       [-2.07631619, -0.19670813],
       [ 0.86129758,  2.14770522],
       [ 0.64443059, -0.80997371]])], [array([ 1.45565413,  0.43303448,  0.79738517,  1.29534885, -0.34226852,
       -1.12367501]), array([ 2.19858504, -0.86442636])]]]
[150, 12, -1, -1, 1, [[array([[-0.02467539, -0.42788351,  1.48346446,  0.77360873,  1.242546  ,
        -1.56519639],
       [ 0.84147008,  1.59548561,  1.91661276,  1.32257057, -1.31647323,
         1.00338697],
       [-0.64527828, -2.02622216, -0.04844293,  1.60674817, -1.42853278,
         0.62100176],
       [ 1.92840122, -0.61713756,  1.69705331,  0.85937206, -1.91444361,
         0.37281915],
       [ 0.76062764, -0.95655141,  1.5679337 ,  0.03292347,  0.60415002,
         1.78596816],
       [ 0.05929351,  2.21385651,  1.57504163, -0.74147773, -1.43979704,
         0.36565651]]), array([[-0.053044  ,  2.35349624],
       [-0.21922824, -0.76342457],
       [-1.34582877,  1.67415869],
       [-1.11700692,  0.69695268],
       [ 0.76574465,  1.44181721],
       [-1.66178746, -2.3904847 ]])], [array([ 1.56495269,  0.67077625,  2.40377715, -1.36735184,  0.90732104,
       -0.04797145]), array([-1.64882583, -2.07943525])]]]
[150, 20, -1, -1, 0, [[array([[-1.12071961, -0.0908794 ,  0.9881273 , -2.07174555, -2.28577804,
         1.38851774],
       [ 1.50400977,  0.99898977, -0.24405593,  0.43688218, -2.20161382,
         0.71335918],
       [-0.39940964,  1.62800428,  1.40912514, -0.54624376, -0.7659339 ,
        -1.42243173],
       [ 2.17719669,  0.91157787, -0.4569319 , -1.0659707 ,  0.65730126,
        -2.23440827],
       [-1.20537764, -0.71853185,  0.36811959, -0.63977309, -1.98642471,
         0.57743653],
       [ 1.35744579,  0.06475408, -0.92213386, -0.67580751,  1.45592586,
         1.9690012 ]]), array([[-1.64403653, -1.34749328],
       [-0.89582914, -1.48294973],
       [ 1.89373766,  0.08496746],
       [-0.90744609,  0.9793513 ],
       [-0.76799748,  0.54060241],
       [-2.20761979, -2.15160372]])], [array([-0.73253812,  1.90265244,  0.63018333,  1.44000315, -2.24316029,
       -1.28063761]), array([ 0.41065922, -1.09006912])]]]
[150, 0, -1, -1, 1, [[array([[ 2.07310331,  2.05679432, -0.21723005, -1.0033141 ,  0.22034224,
         1.50519816],
       [ 1.91555103, -2.23936502,  1.04461431,  0.22787494,  0.33777173,
        -0.84334089],
       [ 1.03896465,  1.59312681, -1.68168053,  0.68819805,  2.154929  ,
        -1.41783878],
       [ 1.54067877,  2.36982411,  0.0582511 , -0.97791095,  0.48094682,
         1.43445826],
       [-2.13627935, -0.17596434, -1.16211768, -1.11097136,  1.61709203,
        -1.61393747],
       [ 2.23104738,  0.9044021 , -1.91742116, -1.2566278 , -2.3523686 ,
         1.4704367 ]]), array([[ 0.67988431, -0.82918478],
       [-1.89934605,  0.2850584 ],
       [ 1.00243134,  0.12173932],
       [-1.37736103,  0.27846708],
       [ 1.94079469,  1.76533555],
       [-0.23609204,  0.09134469]])], [array([-1.70900705, -0.41612432,  1.55643895,  0.36199394, -2.13663242,
       -1.15727522]), array([ 1.7235677 , -2.33933727])]]]
[150, 1, -1, -1, 0, [[array([[-1.8681752 , -1.72502728,  0.09310358,  1.48561812,  0.35481721,
         0.01010949],
       [ 0.35156199, -0.95595496,  0.02288734,  2.18171024,  1.94548933,
         0.15104504],
       [-0.70692098, -0.87317062,  1.76310247, -1.81051742, -2.17523434,
        -0.66880581],
       [ 1.55247777, -1.75938013,  1.60922575, -1.5927482 , -1.98763881,
        -0.83698279],
       [ 1.84868726,  1.31622257,  0.66555186,  0.1968962 ,  2.1347821 ,
        -0.13870517],
       [-0.34912915, -2.12409283,  0.8389414 ,  2.16537235,  1.80876342,
         1.21541283]]), array([[-2.06831364, -1.47544503],
       [-2.41700374, -1.2160427 ],
       [ 0.32941329, -1.58678525],
       [ 1.66029784, -0.82150863],
       [-1.83186651,  0.75199375],
       [ 1.05479115, -0.43937785]])], [array([ 0.97927115,  1.35506898, -1.33775348,  0.26212129,  1.73274226,
       -2.31907609]), array([ 1.60526091, -2.29923991])]]]
[150, 18, -1, -1, 1, [[array([[ 0.17380096, -2.30244427, -0.66589742,  2.1318354 ,  1.26057949,
        -1.9019685 ],
       [ 1.83402952,  0.33476869,  1.70461413,  2.39398196, -0.45754488,
        -0.6281404 ],
       [-0.92397824, -0.96138929,  1.48032551,  1.08842552, -0.47289004,
        -2.14117345],
       [-1.50668976,  1.38812539, -2.28755391,  0.06865726,  1.71250942,
        -0.95455024],
       [ 1.63269847, -0.58944886,  0.45767185, -1.91217901, -0.36450468,
        -2.25909677],
       [-1.60836482, -2.33681542, -2.44775066, -0.07400016,  1.16679237,
        -0.58211639]]), array([[ 2.08929788, -1.00681701],
       [ 2.13047417,  0.17895497],
       [-1.34952449, -1.64208808],
       [-2.00523913, -0.77869246],
       [-1.45744117,  0.98262154],
       [ 2.44901781,  0.61943168]])], [array([-1.76738029, -0.09023346,  2.0803304 , -1.29601278, -0.33809328,
        2.0416557 ]), array([-2.0165662 , -1.43099733])]]]
[150, 2, -1, -1, 0, [[array([[ 0.39512256,  1.88787664,  2.12053976,  1.38534898,  1.26574454,
        -0.88615198],
       [-1.61069058, -0.38038841,  0.22704954,  1.68514466, -1.8558445 ,
         0.05328641],
       [-1.96924262, -1.11644742, -1.10162949, -0.79656293, -1.31975255,
         2.29986254],
       [ 1.61313873,  1.49541649,  1.07827063,  1.13740504, -0.35795233,
        -2.41567079],
       [ 1.38949997, -0.7194367 , -1.25223953,  0.77580411,  1.66690451,
        -2.43804005],
       [ 0.02247519,  1.89801952,  2.05851971,  0.18313621,  2.12768898,
         1.53410669]]), array([[ 1.24982362, -0.37642068],
       [-2.08562808,  0.58060142],
       [-2.01634971, -1.83990974],
       [-0.72834226, -0.24268067],
       [-0.35948968,  2.12736305],
       [-1.54177001, -1.76050058]])], [array([-1.7405604 , -0.9226978 ,  0.84103558, -0.48541178,  1.77662553,
        1.8125888 ]), array([-1.87081506,  0.84127199])]]]
[150, 10, -1, -1, 1, [[array([[ 0.23700127,  1.9164757 , -1.80410421,  1.90281358, -1.30180321,
         0.54192747],
       [-0.47193417, -1.00728225, -0.45071288,  0.35963923,  0.20720411,
         1.269322  ],
       [ 1.78224228,  0.76652993,  0.81816176,  1.84485739,  1.99017454,
        -0.58114325],
       [ 0.72288945, -0.22886868,  0.30976389,  0.51896379,  0.01489404,
         2.27610757],
       [-1.74790123, -0.7020777 , -0.6418011 ,  2.0050595 ,  0.90534909,
        -1.82948565],
       [ 0.81912425,  0.13651009, -1.95202004,  1.08822319,  0.71522483,
         1.30045755]]), array([[ 1.12244945, -1.49065004],
       [-0.65941299,  0.83681895],
       [-0.32647898, -0.0302851 ],
       [ 0.35853985, -1.99558862],
       [-0.67005358,  0.0682337 ],
       [ 0.11895872, -1.12525683]])], [array([ 0.67836349, -2.252962  ,  2.00235388,  2.39585342,  1.99586978,
        2.35735538]), array([-2.43753788,  1.23134465])]]]
[29850, 9, 'birth', 1, 5, 0, [[array([[-1.8681752 , -1.72502728,  0.09310358,  1.48561812,  0.35481721,
         0.01010949],
       [-2.44948974, -0.95595496,  0.02288734,  2.18171024,  2.44948974,
         0.15104504],
       [-0.70692098, -2.44948974,  2.44948974, -1.81051742, -2.17523434,
        -0.66880581],
       [ 1.55247777, -1.75938013,  1.60922575, -1.5927482 , -2.44948974,
        -0.83698279],
       [ 1.84868726,  1.31622257,  0.66555186,  0.1968962 ,  2.1347821 ,
        -0.13870517],
       [-0.34912915, -2.12409283,  0.8389414 ,  2.16537235,  1.80876342,
         1.21541283]]), array([[-1.41421356, -1.41421356],
       [-1.41421356, -1.2160427 ],
       [ 0.32941329, -1.41421356],
       [ 1.41421356, -0.82150863],
       [-1.41421356,  0.75199375],
       [ 0.56629107, -0.43937785]])], [array([ 0.97927115,  1.35506898, -2.22609795,  0.26212129,  0.99735749,
        1.14746743]), array([1.41421356, 1.41421356])]]]
[39550, 24, 'birth', 8, 12, 1, [[array([[ 1.53368625, -2.33573426, -0.08230125, -0.67178508, -2.04414797,
        -2.44948974],
       [ 0.44392975,  0.20513143, -2.39653083,  1.91684623,  1.44412407,
        -1.13553894],
       [-1.3690985 , -0.48842004, -2.05429592, -2.25556045, -0.35473772,
        -2.44948974],
       [-0.48108116, -0.23082239, -1.19156582, -2.06363273, -2.39436843,
         0.37281915],
       [ 0.76062764, -0.95655141,  1.5679337 ,  0.03292347,  0.60415002,
         1.78596816],
       [-0.97075201, -0.21135835,  1.57504163, -0.74147773, -1.43979704,
         0.36565651]]), array([[-0.053044  ,  1.41421356],
       [-0.21922824, -0.76342457],
       [-1.34582877,  1.41421356],
       [-1.11700692, -1.41421356],
       [ 0.76574465,  1.41421356],
       [-1.41421356, -1.41421356]])], [array([ 1.56495269,  0.67077625,  2.40377715, -2.44948974,  1.5418492 ,
       -0.04797145]), array([-1.41421356, -1.41421356])]]]
[90050, 19, 'birth', 4, 12, 0, [[array([[-0.43820388, -1.47969636, -0.25211205,  1.9454219 , -0.56856903,
        -0.10854005],
       [ 2.1367085 , -2.44948974, -0.03414968, -0.82667132,  0.02356769,
        -2.44948974],
       [ 1.99093321,  1.83409987, -1.13121297, -0.09426383,  1.77573241,
        -0.12264449],
       [ 0.66942123, -1.93253035, -2.44948974, -1.82209441,  0.61724052,
         1.00740315],
       [ 2.44948974,  1.86089673,  2.44948974,  0.16103254, -0.17017645,
         0.9834491 ],
       [ 2.44948974,  1.93016651,  1.33831451, -0.6147325 ,  1.28467852,
        -0.22752831]]), array([[-0.4947441 , -1.41421356],
       [ 1.01394054, -0.26560667],
       [ 0.80477735, -1.41421356],
       [ 1.41421356, -1.21828929],
       [-1.41421356, -1.1912359 ],
       [ 1.18209236,  0.38287281]])], [array([-0.00600663, -0.89709074, -2.44948974, -1.36735184,  2.44948974,
       -0.04797145]), array([-1.41421356, -1.41421356])]]]
[100701, 23, 'birth', 20, 16, 0, [[array([[-1.12071961, -0.0908794 ,  2.44948974, -2.07174555, -2.28577804,
         1.38851774],
       [ 1.50400977,  0.99898977, -0.24405593, -1.10444764, -2.20161382,
         2.17389732],
       [-0.39940964,  1.62800428,  2.44948974, -0.54624376, -0.7659339 ,
        -1.42243173],
       [ 2.17719669,  0.91157787, -0.4569319 , -1.0659707 ,  0.65730126,
        -2.23440827],
       [-1.20537764, -0.71853185,  0.36811959, -0.63977309,  1.29169438,
        -1.64531905],
       [ 1.64523243, -2.1044448 ,  0.26064681, -1.97185647, -1.6910661 ,
        -0.7712164 ]]), array([[-1.41421356, -0.56037902],
       [ 0.07485569,  1.01922981],
       [ 1.41421356, -1.41421356],
       [ 0.1298178 ,  1.41421356],
       [-1.41421356,  0.05231013],
       [-1.41421356, -0.83594193]])], [array([ 0.83095785, -0.07928213, -0.1294506 , -1.70431077,  1.36124194,
       -1.19567773]), array([-1.41421356,  1.41421356])]]]
[236052, 15, 'birth', 8, 16, 0, [[array([[ 1.53368625, -2.44948974, -0.45484537, -2.44948974, -1.43866758,
        -2.13643607],
       [ 1.31739142,  1.52739309, -2.44948974, -2.32244292, -1.26547969,
        -0.22031075],
       [-1.47245047,  1.47629093,  0.12079225,  1.61189448, -1.95923664,
         0.7303573 ],
       [ 0.02701456, -1.01450663,  1.85819212,  0.90886047, -2.44948974,
         0.28223913],
       [-0.98062971,  1.86182015,  1.25161272, -1.53403117,  1.29169438,
        -1.64531905],
       [ 1.64523243, -2.1044448 ,  0.26064681, -1.97185647, -1.6910661 ,
        -0.7712164 ]]), array([[-1.41421356, -0.56037902],
       [ 0.07485569,  1.01922981],
       [ 1.41421356, -1.41421356],
       [ 0.1298178 ,  1.41421356],
       [-1.41421356, -1.41421356],
       [-1.41421356, -0.83594193]])], [array([ 0.83095785, -1.0822696 , -0.57129664, -1.70431077,  1.36124194,
       -1.19567773]), array([-1.41421356,  1.41421356])]]]
[1131161, 6, 'death']
[1131311, 7, 'death']
[1131511, 3, 'death']
[1131661, 22, 'death']
[1131811, 8, 'death']
[1131961, 5, 'death']
[1132111, 21, 'death']
[1132261, 16, 'death']
[1132411, 14, 'death']
[1132561, 11, 'death']
[1132711, 4, 'death']
[1132911, 17, 'death']
[1133061, 13, 'death']
[1133211, 12, 'death']
[1133361, 20, 'death']
[1133511, 0, 'death']
[1133661, 1, 'death']
[1133811, 18, 'death']
[1133961, 2, 'death']
[1134111, 10, 'death']
[1134461, 22, 'birth', 19, 16, 0, [[array([[-0.43820388, -1.47969636, -0.25211205,  1.9454219 , -0.56856903,
        -0.10854005],
       [ 2.1367085 , -2.44948974, -0.03414968, -0.82667132,  0.02356769,
        -2.44948974],
       [ 1.99093321,  1.83409987, -1.13121297, -0.09426383,  1.77573241,
        -0.12264449],
       [ 0.66942123, -1.93253035, -2.44948974, -1.82209441,  0.61724052,
         1.00740315],
       [ 2.44948974,  1.86089673,  2.44948974,  0.16103254, -0.17017645,
        -1.57616949],
       [ 2.44948974,  1.93016651,  1.33831451, -2.44948974, -1.6910661 ,
        -0.7712164 ]]), array([[-1.41421356, -0.56037902],
       [ 0.07485569,  1.41421356],
       [ 1.41421356, -1.41421356],
       [ 0.1298178 ,  1.41421356],
       [-1.41421356,  0.05231013],
       [-1.41421356, -0.83594193]])], [array([ 0.83095785, -1.66669592, -0.1294506 , -1.70431077,  1.36124194,
       -2.44948974]), array([-1.41421356,  1.41421356])]]]
[1134461, 20, 'birth', 23, 24, 1, [[array([[-1.81010121, -0.0908794 ,  2.44948974, -2.07174555, -2.28577804,
         1.38851774],
       [-0.63745222,  2.44948974, -0.24405593, -1.10444764, -2.44948974,
        -1.89221752],
       [-0.39940964,  1.62800428,  2.44948974, -0.54624376, -0.7659339 ,
        -1.42243173],
       [ 2.17719669,  0.91157787, -0.4569319 , -1.0659707 ,  2.44948974,
        -2.23440827],
       [ 0.76062764, -0.95655141,  1.5679337 ,  0.03292347,  0.60415002,
         1.78596816],
       [-0.97075201, -1.93036727,  1.57504163, -0.74147773, -1.43979704,
         0.36565651]]), array([[-0.053044  ,  1.41421356],
       [-0.21922824, -0.59675556],
       [ 0.69848824,  1.41421356],
       [-1.11700692, -1.41421356],
       [ 0.76574465,  1.41421356],
       [-1.41421356, -1.41421356]])], [array([ 2.44948974,  0.67077625,  2.40377715, -2.44948974,  1.5418492 ,
       -0.04797145]), array([-1.41421356, -1.18526141])]]]
[1134461, 16, 'birth', 19, 24, 0, [[array([[-0.43820388, -1.47969636,  2.44948974,  1.9454219 , -0.56856903,
        -0.10854005],
       [-0.37825934, -2.44948974, -0.03414968, -0.82667132,  0.02356769,
        -1.68800124],
       [ 1.99093321, -0.16683068, -1.13121297, -2.44948974,  2.16632924,
        -0.12264449],
       [ 2.07339167, -1.93253035, -0.44972623, -1.82209441, -2.44948974,
         2.44948974],
       [ 2.44948974,  2.44948974,  2.44948974,  0.16103254, -0.17017645,
         0.9834491 ],
       [ 2.44948974,  1.93016651,  1.33831451, -0.6147325 ,  1.28467852,
        -0.22752831]]), array([[-0.4947441 , -1.41421356],
       [ 1.01394054, -0.26560667],
       [ 0.12402366, -1.41421356],
       [ 1.41421356, -1.41421356],
       [ 0.76574465,  1.41421356],
       [-1.41421356, -1.41421356]])], [array([ 1.56495269,  0.67077625,  2.44948974, -2.44948974,  0.54772884,
       -0.04797145]), array([-1.41421356, -1.41421356])]]]
[1134461, 8, 'birth', 20, 12, 0, [[array([[-1.12071961, -0.0908794 ,  0.9881273 , -2.07174555, -2.28577804,
         1.38851774],
       [ 1.50400977,  0.99898977, -0.24405593,  1.32257057, -1.31647323,
         1.00338697],
       [-0.64527828, -2.02622216, -0.04844293, -0.10396967, -1.42853278,
         0.62100176],
       [ 1.92840122, -2.44948974,  1.69705331, -0.16469772, -2.44948974,
         2.44948974],
       [ 0.76062764, -2.44948974,  1.5679337 ,  0.03292347,  0.60415002,
         1.78596816],
       [-0.71722674, -2.00213552,  1.57504163, -2.44948974, -1.43979704,
         0.36565651]]), array([[-0.053044  ,  1.41421356],
       [-0.21922824, -0.76342457],
       [-1.41421356,  1.41421356],
       [-1.11700692,  1.11708081],
       [ 0.76574465,  1.41421356],
       [-1.41421356, -1.41421356]])], [array([ 1.56495269,  0.67077625,  2.40377715, -1.68675786,  0.90732104,
       -0.04797145]), array([-1.41421356, -1.41421356])]]]
[1134461, 4, 'birth', 21, 0, 1, [[array([[ 0.946655  ,  1.39743192,  0.20969701,  1.94268346, -2.32836159,
        -0.61232635],
       [ 2.44948974, -2.12363321,  2.44948974, -1.93172008, -1.63691953,
         2.4012982 ],
       [-1.02575605,  2.44948974, -2.44948974,  2.41876174, -1.76544805,
         1.49896142],
       [-0.13951038,  2.18233398, -1.39504111, -0.21521168, -2.35437405,
        -0.56656852],
       [-0.66883369,  0.63312614,  2.02535352,  1.34745704,  2.436491  ,
        -2.09155695],
       [-1.27276512,  1.89869178, -0.89703376,  0.37188163,  0.17145795,
        -1.30295105]]), array([[ 1.41421356,  1.2632975 ],
       [-1.28934531,  1.41421356],
       [-1.21176139,  1.41421356],
       [ 0.60954613, -1.41421356],
       [ 0.44342297,  0.1350314 ],
       [ 1.41421356, -0.08653725]])], [array([ 2.06306942,  0.20080055,  0.36926927,  0.44178449, -0.25667922,
       -1.64078725]), array([ 1.41421356, -1.41421356])]]]
[1134461, 5, 'birth', 20, 0, 0, [[array([[-1.12071961, -0.0908794 ,  0.9881273 , -2.07174555, -2.28577804,
         1.38851774],
       [ 1.50400977,  0.99898977,  2.44948974,  0.43688218, -2.20161382,
         0.71335918],
       [ 0.66742327,  1.62800428,  2.44948974, -0.91908655, -0.7659339 ,
        -0.09458502],
       [ 2.17719669,  0.91157787, -0.4569319 , -1.0659707 ,  0.65730126,
        -2.44948974],
       [-1.53497058, -0.71853185, -2.44948974, -0.63977309, -1.98642471,
         0.57743653],
       [ 1.35744579, -0.62290892, -0.92213386, -2.44948974,  1.45592586,
         1.9690012 ]]), array([[-1.41421356, -1.34749328],
       [-0.89582914, -1.41421356],
       [ 1.41421356,  0.08496746],
       [-0.90744609,  0.9793513 ],
       [ 1.41421356,  1.41421356],
       [-0.23609204,  0.09134469]])], [array([ 1.92968536, -0.41612432,  1.55643895,  0.36199394, -2.44948974,
       -1.15727522]), array([ 1.41421356, -1.41421356])]]]
[1134461, 14, 'birth', 21, 12, 0, [[array([[ 0.946655  ,  1.39743192, -2.11854632,  1.94268346, -1.81870293,
        -0.61232635],
       [ 2.17789691, -2.12363321, -0.84961566,  0.88313501, -1.63691953,
         2.4012982 ],
       [-2.44948974, -1.78460399, -1.34134909,  2.41876174, -1.76544805,
         1.49896142],
       [-0.13951038,  2.44948974, -1.39504111, -0.21521168, -2.35437405,
        -0.33480306],
       [-0.66883369,  2.44948974,  1.50702099,  1.34745704,  2.436491  ,
        -2.09155695],
       [-1.27276512,  1.89869178, -0.89703376,  0.37188163, -1.43979704,
         2.44948974]]), array([[-0.053044  ,  1.41421356],
       [-0.21922824, -0.76342457],
       [-0.73525546,  1.41421356],
       [-1.11700692,  0.69695268],
       [ 0.76574465,  1.41421356],
       [-1.41421356, -1.41421356]])], [array([ 1.56495269, -2.44948974,  2.40377715, -1.36735184,  0.89121564,
        2.44948974]), array([-1.41421356, -1.41421356])]]]
[1134461, 0, 'birth', 14, 12, 0, [[array([[-0.13936326,  1.88567971, -1.71504705, -1.95350449, -0.86653682,
        -2.36401525],
       [-1.27075443, -0.47536842, -0.73991416, -0.42457105,  1.82216804,
        -0.12267689],
       [ 2.27444576,  1.919342  , -2.40894168,  0.84060394, -1.67312574,
         2.29658408],
       [ 0.47582721, -1.85115564,  1.34999719, -1.30735328, -0.63425082,
        -0.93772992],
       [ 2.44948974,  1.87274863, -1.51982813, -2.30352073,  1.7766765 ,
         1.13176438],
       [ 0.21139087, -1.11550571, -0.84024132,  0.14727681, -1.32062132,
        -2.36410149]]), array([[ 1.41421356,  1.41421356],
       [ 0.39000926, -0.76342457],
       [-1.34582877,  1.41421356],
       [-1.11700692,  0.69695268],
       [-0.02448939,  1.41421356],
       [-1.41421356, -1.41421356]])], [array([ 1.56495269,  0.67077625,  2.40377715, -1.36735184,  0.90732104,
       -0.04797145]), array([-1.41421356, -1.41421356])]]]
[1134461, 1, 'birth', 6, 17, 0, [[array([[ 1.39688208,  2.44948974, -2.1441816 ,  0.27300051, -1.62471434,
         2.37575144],
       [ 0.17723198, -1.70282544, -2.30467995,  2.01435403, -0.42161694,
         0.30904221],
       [-1.8046624 ,  0.25770469,  1.40863543, -0.76110744, -0.25137213,
         0.89342621],
       [ 0.75100879,  1.91068061, -1.45438961, -2.44948974, -0.85774648,
         0.49027044],
       [ 2.06963938,  1.7262204 , -2.44948974, -0.1291833 , -1.82345605,
         0.03265577],
       [ 2.21281659, -1.91912407,  0.97789659,  2.3521353 , -1.86948143,
        -2.11036199]]), array([[ 0.29441488, -1.41421356],
       [ 0.89395847,  1.3330081 ],
       [ 1.41421356,  1.41421356],
       [-1.41421356, -0.1631009 ],
       [ 1.01108234,  1.41421356],
       [-0.28478581,  1.41421356]])], [array([-0.94920811,  0.8556776 ,  1.79028727, -2.22497829, -2.05438082,
        1.96988338]), array([ 0.41055042, -1.41421356])]]]
[1134461, 10, 'birth', 1, 12, 0, [[array([[-1.8681752 , -1.72502728,  0.09310358,  1.48561812,  0.35481721,
         0.01010949],
       [ 0.35156199, -0.95595496,  0.02288734,  1.05648957,  1.94548933,
         0.15104504],
       [-0.70692098, -0.87317062,  1.76310247, -1.81051742, -2.17523434,
        -0.66880581],
       [ 0.13425249, -0.61713756,  1.69705331, -0.43353586, -2.44948974,
         0.37281915],
       [ 0.76062764, -0.95655141,  1.95807144,  2.44948974, -1.1762321 ,
         1.78596816],
       [ 0.05929351,  2.21385651,  1.57504163, -0.74147773, -1.43979704,
         0.36565651]]), array([[-0.053044  ,  1.14439289],
       [-0.21922824, -0.76342457],
       [-1.34582877,  1.41421356],
       [-1.11700692, -1.23965234],
       [ 1.41421356,  1.41421356],
       [-1.41421356, -1.41421356]])], [array([ 1.56495269,  0.67077625,  2.40377715, -1.36735184,  0.90732104,
        1.80861011]), array([-1.41421356, -1.41421356])]]]
[1134461, 3, 'birth', 8, 24, 0, [[array([[ 1.53368625, -2.44948974, -0.08230125, -0.67178508, -1.43866758,
        -1.3567534 ],
       [ 0.44392975,  0.22781404, -2.39653083,  2.44948974,  1.44412407,
        -1.13553894],
       [-1.3690985 , -2.44948974, -0.95365405, -2.25556045, -0.35473772,
        -2.34004826],
       [ 0.46393622,  1.16662515, -1.19156582, -2.06363273, -2.39436843,
         0.85049854],
       [ 0.31123634,  0.4018247 ,  1.15164027, -0.17887361, -0.49239944,
         2.44948974],
       [ 1.14075238,  0.64757481, -0.23369814,  0.24892027,  1.18974011,
         2.13398673]]), array([[ 0.87883448, -0.22593295],
       [ 0.39721695,  1.41421356],
       [ 1.41421356,  0.39650524],
       [-0.8564024 , -0.09490575],
       [ 1.41421356, -1.41421356],
       [-0.42580135,  0.33190124]])], [array([-1.9948126 , -0.82545358,  2.40377715, -2.44948974,  1.5418492 ,
       -0.04797145]), array([-1.41421356, -1.41421356])]]]
[1134461, 13, 'birth', 14, 18, 1, [[array([[-0.13936326,  1.88567971, -1.71504705, -2.2190594 , -2.26820745,
        -1.23564452],
       [-1.27075443, -0.47536842, -0.73991416, -0.42457105,  1.82216804,
        -0.12267689],
       [ 0.64421546,  1.7526016 , -2.40894168,  0.56890661,  1.17521021,
         2.44948974],
       [ 0.47582721, -1.85115564,  1.34999719, -1.30735328, -1.06451575,
        -1.58261094],
       [ 0.50465407,  1.87274863, -1.51982813, -2.30352073,  0.38906679,
         1.13176438],
       [ 0.21139087, -0.0214113 , -2.44948974, -0.07400016,  1.16679237,
        -0.58211639]]), array([[ 1.41421356, -1.00681701],
       [ 1.41421356,  0.17895497],
       [-1.34952449, -1.41421356],
       [-1.41421356, -0.77869246],
       [-1.41421356,  0.98262154],
       [ 1.41421356,  0.61943168]])], [array([-1.76738029, -0.09023346,  2.0803304 , -1.29601278, -2.44948974,
       -0.04524075]), array([-1.41421356, -1.41421356])]]]
[1134461, 21, 'birth', 15, 24, 1, [[array([[ 1.53368625, -2.44948974, -0.45484537, -2.44948974, -1.97577213,
         0.43295836],
       [ 1.31739142,  1.52739309, -2.44948974, -2.32244292, -1.26547969,
        -0.22031075],
       [-1.63737638,  1.47629093,  0.12079225,  1.61189448, -1.95923664,
        -1.01893742],
       [ 0.02701456, -1.51481125,  1.85819212,  0.90886047, -2.44948974,
         0.28223913],
       [-0.98062971,  1.86182015,  1.25161272, -1.53403117,  1.29169438,
        -1.64531905],
       [ 1.64523243, -2.1044448 ,  0.26064681, -1.97185647, -1.43979704,
         0.36565651]]), array([[ 1.41421356,  1.41421356],
       [-0.21922824, -0.52057836],
       [-1.34582877,  1.41421356],
       [-1.11700692, -1.41421356],
       [ 0.76574465,  1.41421356],
       [-1.41421356, -1.41421356]])], [array([ 1.56495269,  0.67077625,  2.44948974, -2.44948974,  1.5418492 ,
       -0.04797145]), array([-1.41421356, -1.41421356])]]]
[1134461, 2, 'birth', 13, 5, 0, [[array([[-1.2475949 ,  2.44948974, -0.04984467,  0.84842942, -1.99323502,
        -1.32043219],
       [-2.35263612,  1.21138841,  2.44948974, -0.71579887,  1.68547845,
         0.80176581],
       [ 0.5623062 ,  0.96948422,  0.40113626,  0.35572433,  1.82542624,
         1.27311941],
       [-1.84582904,  1.46191167, -0.91781948,  1.76451924,  2.16164608,
        -0.22314327],
       [ 0.52389235, -2.04506658, -1.7689826 ,  0.79944446, -0.8941958 ,
         2.37527067],
       [-1.6064702 ,  0.33361162,  0.28831102,  1.42541179,  1.86266638,
        -0.40113068]]), array([[ 1.41421356,  0.45851843],
       [-1.21961618, -1.41421356],
       [-0.64265104, -0.56914959],
       [ 0.43774519, -1.41421356],
       [-1.41421356, -1.41421356],
       [-1.41421356, -1.30262498]])], [array([-2.44948974,  0.05760645, -1.08160964,  2.15214415,  0.99735749,
        2.44948974]), array([1.41421356, 1.41421356])]]]
[1134461, 7, 'birth', 14, 24, 1, [[array([[-0.13936326,  1.88567971, -1.76516749, -1.95350449, -2.26820745,
        -2.36401525],
       [-1.27075443, -0.47536842, -0.73991416, -0.42457105,  1.82216804,
        -0.12267689],
       [ 0.64421546,  1.7526016 , -2.40894168,  2.44948974,  2.44948974,
         2.29658408],
       [ 2.44948974, -1.85115564,  1.34999719, -1.30735328, -0.63425082,
        -0.93772992],
       [ 0.50465407,  1.87274863, -1.51982813, -2.30352073,  1.7766765 ,
         1.13176438],
       [ 0.21139087, -2.44948974, -0.84024132,  0.14727681, -1.32062132,
        -2.36410149]]), array([[ 1.41421356, -0.44255958],
       [-0.79161381, -1.41421356],
       [-1.41421356, -0.93670331],
       [ 1.41421356,  1.03339531],
       [-1.41421356, -0.9174997 ],
       [-1.41421356, -1.41421356]])], [array([-2.26945882, -0.66034462,  1.09301569, -2.44948974,  1.5418492 ,
       -0.04797145]), array([-1.41421356, -1.33544219])]]]
[1134461, 17, 'birth', 9, 0, 1, [[array([[-1.8681752 , -1.72502728,  0.09310358,  1.0170002 ,  0.3641295 ,
         0.01010949],
       [-2.44948974, -0.95595496,  0.02288734,  2.44948974,  2.44948974,
         0.17040491],
       [ 0.46060597, -2.44948974,  2.44948974, -0.1522055 ,  2.12840554,
         0.66594146],
       [ 1.55247777, -1.75938013,  1.33573191, -1.5927482 , -2.44948974,
        -0.83698279],
       [ 1.84868726,  1.11393013,  0.66555186,  0.1968962 ,  2.1347821 ,
        -0.13870517],
       [-0.34912915, -2.12409283, -0.6417024 , -1.2566278 , -2.3523686 ,
         1.4704367 ]]), array([[-0.37664426, -0.82918478],
       [-1.41421356,  0.2850584 ],
       [ 1.00243134,  0.12173932],
       [-1.37736103,  0.27846708],
       [ 1.41421356,  1.41421356],
       [ 1.41421356, -0.42649398]])], [array([-1.70900705, -2.44948974,  1.55643895,  0.36199394, -2.13663242,
       -1.15727522]), array([ 1.41421356, -1.41421356])]]]
[1134461, 12, 'birth', 14, 11, 1, [[array([[-0.13936326, -0.03580369, -1.71504705, -1.95350449, -2.26820745,
        -2.36401525],
       [-1.27075443, -0.47536842, -0.73991416,  2.44948974,  1.82216804,
        -0.12267689],
       [ 0.64421546,  1.7526016 , -2.44948974,  2.44948974,  2.44948974,
         0.46948348],
       [-1.41370065,  1.33656717,  1.90086361,  1.48104341,  0.80356162,
        -0.62630093],
       [-1.58572575,  2.44948974, -1.55895371, -0.58946401, -1.92842725,
         1.27817541],
       [-1.91192359, -0.83631883, -0.91173243, -2.37095888, -1.56557275,
        -1.11567746]]), array([[-1.16004689,  1.41421356],
       [ 1.21203036, -1.41421356],
       [ 1.10492751, -0.21434111],
       [ 1.41421356,  1.41421356],
       [-1.39701862, -1.41421356],
       [-0.64286373, -1.18437146]])], [array([-2.11826332,  0.72296583, -2.08850496, -1.79318645, -2.36395235,
        1.3155987 ]), array([-1.41421356,  0.10866164])]]]
[1134461, 11, 'birth', 13, 0, 1, [[array([[-1.2475949 ,  1.23964158, -0.04984467,  0.84842942, -1.99323502,
         2.10334783],
       [-2.35263612,  1.92095067,  1.13211976, -0.71579887,  1.68547845,
         0.18871873],
       [ 1.6791693 , -1.43336827, -0.38342811, -1.97475861, -1.57727808,
        -2.16317975],
       [-0.9867701 , -1.4961506 ,  0.1515052 , -1.81298433,  2.44948974,
         1.94036964],
       [-2.1042825 ,  1.42041325,  2.10180581, -1.08354476, -2.21755521,
         0.22725872],
       [-1.39463139,  0.99573961, -0.98921926,  0.23476048,  0.23712998,
        -0.51442858]]), array([[-1.41421356, -0.45095743],
       [-1.41421356,  0.2850584 ],
       [ 1.00243134, -0.07153477],
       [-1.37736103,  0.92701057],
       [ 1.41421356,  1.41421356],
       [-0.57521007,  0.09134469]])], [array([-1.70900705, -0.41612432,  0.85436317,  0.36199394, -0.57045486,
       -1.63125533]), array([ 1.41421356, -1.41421356])]]]
[1146311, 6, 'birth', 5, 13, 0, [[array([[-1.12071961, -0.0908794 ,  0.9881273 , -2.07174555, -2.28577804,
         1.38851774],
       [ 1.33578535,  0.99898977,  2.44948974,  0.43688218, -2.20161382,
         0.71335918],
       [ 0.66742327,  1.62800428,  2.44948974, -0.91908655, -0.7659339 ,
        -0.09458502],
       [ 2.29724378,  0.91157787, -0.4569319 , -1.0659707 ,  0.65730126,
        -2.44948974],
       [ 0.30550357, -0.71853185, -2.44948974, -2.44948974, -1.98642471,
         0.57743653],
       [ 1.35744579, -0.62290892, -0.92213386, -2.44948974,  0.12992043,
        -0.58211639]]), array([[ 1.41421356, -1.00681701],
       [ 1.41421356,  0.17895497],
       [-1.34952449, -1.41421356],
       [-1.41421356, -0.77869246],
       [-1.41421356,  0.98262154],
       [ 1.41421356, -1.41421356]])], [array([-1.76738029, -0.09023346,  2.0803304 , -1.29601278, -2.44948974,
        2.44948974]), array([-0.53314792,  1.04199816])]]]
[1146311, 18, 'birth', 0, 13, 1, [[array([[-0.13936326,  1.88567971, -1.71504705, -1.95350449, -0.86653682,
        -2.36401525],
       [-1.27075443, -0.47536842, -0.73991416, -0.42457105,  1.82216804,
        -0.12267689],
       [ 2.44948974,  1.919342  , -2.40894168,  2.44948974, -1.67312574,
         2.29658408],
       [ 0.47582721, -1.85115564,  1.34999719, -1.20504604, -0.63425082,
        -0.93772992],
       [ 2.44948974,  1.87274863, -1.51982813,  0.03961101,  1.7766765 ,
         1.13176438],
       [ 0.21139087, -0.0214113 , -2.44948974, -0.88239008,  1.16679237,
        -0.58211639]]), array([[ 1.41421356, -1.00681701],
       [ 1.41421356,  1.31080874],
       [-0.0321702 , -1.41421356],
       [-1.41421356, -0.77869246],
       [-1.41421356,  0.98262154],
       [ 1.41421356,  0.61943168]])], [array([-1.76738029, -0.09023346,  2.44948974, -1.29601278, -2.44948974,
       -0.04524075]), array([-1.41421356, -1.41421356])]]]
[1168211, 9, 'death']
[1169661, 9, 'birth', 9, 13, 0, [[array([[-1.8681752 , -1.72502728,  0.09310358,  1.48561812,  0.35481721,
         0.01010949],
       [-2.44948974, -0.95595496,  0.02288734,  2.18171024,  2.44948974,
        -0.64377017],
       [ 2.44948974,  2.44948974, -2.40894168,  0.56890661,  1.17521021,
         2.44948974],
       [ 0.47582721, -1.85115564,  2.44948974, -1.30735328, -1.06451575,
        -1.58261094],
       [-2.44948974,  1.87274863, -1.51982813, -2.30352073,  0.38906679,
         1.13176438],
       [ 2.44948974,  1.70021733, -2.44948974, -0.07400016,  1.16679237,
         2.44948974]]), array([[ 1.41421356, -0.96405997],
       [ 1.41421356,  0.98292488],
       [-1.34952449, -1.41421356],
       [-1.41421356,  1.2382625 ],
       [-1.41421356, -1.41421356],
       [ 1.41421356,  0.61943168]])], [array([-1.76738029, -0.09023346,  2.0803304 , -0.84045435, -2.44948974,
       -0.04524075]), array([-1.41421356, -1.41421356])]]]
[1180111, 24, 'death']
[1181411, 24, 'birth', 3, 7, 0, [[array([[ 2.44948974, -2.44948974, -0.08230125, -0.67178508, -1.43866758,
        -1.3567534 ],
       [ 0.44392975,  0.22781404, -2.39653083,  2.44948974,  1.44412407,
        -1.13553894],
       [-1.17197067, -2.44948974, -0.95365405, -2.25556045, -0.35473772,
        -2.34004826],
       [ 0.46393622,  1.16662515, -1.19156582, -2.06363273, -2.44948974,
         0.85049854],
       [ 0.13499918,  0.4018247 ,  1.15164027, -0.17887361, -0.49239944,
         2.44948974],
       [ 1.14075238,  0.64757481, -0.23369814,  0.24892027,  2.44948974,
         2.44948974]]), array([[ 0.87883448, -0.44255958],
       [-0.79161381, -1.41421356],
       [-1.41421356, -0.93670331],
       [ 1.41421356,  1.03339531],
       [-1.41421356, -0.9174997 ],
       [-1.41421356, -1.41421356]])], [array([-2.26945882, -0.66034462,  1.09301569, -1.83602509,  1.5418492 ,
       -0.04797145]), array([-1.26026585, -1.33544219])]]]
[1237462, 19, 'death']
[1238762, 19, 'birth', 24, 12, 1, [[array([[ 2.44948974, -2.44948974,  0.72601397, -0.67178508, -1.43866758,
        -1.3567534 ],
       [ 2.44948974,  0.22781404, -2.39653083,  2.44948974,  1.44412407,
        -0.29196253],
       [-1.17197067, -2.44948974, -0.95365405, -2.25556045, -0.35473772,
        -2.34004826],
       [ 2.44948974,  1.16662515, -1.19156582, -2.06363273, -2.44948974,
         0.85049854],
       [ 0.74334932,  1.0124343 ,  1.81337062, -0.58946401, -1.92842725,
         1.27817541],
       [-1.91192359, -0.83631883, -0.91173243, -2.37095888, -1.56557275,
        -1.11567746]]), array([[-1.16004689,  1.41421356],
       [ 1.21203036, -1.41421356],
       [ 1.10492751, -0.21434111],
       [ 1.41421356,  1.41421356],
       [ 0.14513513, -1.41421356],
       [ 0.9553195 , -1.18437146]])], [array([-2.11826332,  0.72296583, -2.08850496, -1.79318645, -2.36395235,
        1.3155987 ]), array([-1.24258168,  0.10866164])]]]
[1249062, 23, 'death']
[1250362, 23, 'birth', 16, 17, 0, [[array([[-0.43820388, -1.47969636,  2.44948974,  1.9454219 , -0.56856903,
         1.97094236],
       [-0.37825934, -2.44948974, -0.03414968, -0.82667132, -2.44948974,
        -1.68800124],
       [ 1.99093321, -0.16683068,  0.39402927, -2.44948974,  2.44948974,
        -0.12264449],
       [ 2.07339167, -1.93253035, -1.52394936, -1.82209441, -2.44948974,
         2.44948974],
       [ 2.44948974,  2.44948974,  2.44948974,  0.16103254, -0.17017645,
         0.9834491 ],
       [ 0.64441929,  1.93016651,  1.33831451, -0.6147325 ,  1.28467852,
        -0.22752831]]), array([[-0.37664426,  0.05279437],
       [-1.41421356,  0.2850584 ],
       [ 1.41421356,  0.12173932],
       [-1.37736103,  0.27846708],
       [ 1.41421356,  1.41421356],
       [ 1.41421356, -0.42649398]])], [array([-1.70900705, -2.44948974,  1.55643895,  0.36199394, -2.13663242,
        1.33462798]), array([ 1.41421356, -1.41421356])]]]
[1386513, 15, 'death']
[1387814, 15, 'birth', 24, 21, 0, [[array([[ 2.44948974, -2.44948974, -0.08230125, -0.67178508,  0.65243509,
        -1.3567534 ],
       [ 0.44392975,  0.22781404, -2.39653083,  2.44948974,  1.44412407,
         0.71191607],
       [-1.17197067, -2.44948974, -0.95365405, -2.44948974, -0.35473772,
        -2.34004826],
       [ 0.46393622,  1.16662515, -1.19156582, -2.06363273, -2.44948974,
         0.85049854],
       [ 0.13499918,  0.4018247 ,  1.25161272, -1.53403117,  1.29169438,
        -1.64531905],
       [ 1.64523243, -2.44948974,  0.26064681, -2.44948974, -1.43979704,
         0.36565651]]), array([[ 1.41421356,  1.41421356],
       [-0.21922824, -0.52057836],
       [-1.34582877,  1.41421356],
       [-1.14187442, -1.41421356],
       [ 0.76574465,  1.41421356],
       [-1.41421356,  0.42958343]])], [array([ 1.56495269,  0.67077625,  2.44948974, -2.44948974,  2.44948974,
       -0.04797145]), array([-1.41421356, -1.41421356])]]]
[2278022, 22, 'death']
[2278172, 20, 'death']
[2278322, 16, 'death']
[2278472, 8, 'death']
[2278623, 4, 'death']
[2278772, 5, 'death']
[2278922, 14, 'death']
[2279072, 0, 'death']
[2279222, 1, 'death']
[2279373, 10, 'death']
[2279522, 3, 'death']
[2279672, 13, 'death']
[2279822, 21, 'death']
[2279972, 2, 'death']
[2280123, 7, 'death']
[2280272, 17, 'death']
[2280422, 12, 'death']
[2280573, 11, 'death']
[2281022, 17, 'birth', 2, 17, 0, [[array([[-1.2475949 , -1.72502728, -2.03699251,  1.0170002 , -1.07272561,
         0.01010949],
       [-2.44948974, -0.95595496,  0.02288734,  2.44948974,  2.44948974,
         0.17040491],
       [ 0.46060597, -2.13999909,  2.44948974, -0.1522055 ,  2.12840554,
         2.42835125],
       [ 1.55247777, -1.75938013,  1.33573191, -1.5927482 , -2.44948974,
        -2.44948974],
       [ 1.84868726,  1.11393013,  0.66555186,  0.1968962 ,  2.1347821 ,
        -0.13870517],
       [-0.34912915, -2.12409283, -0.6417024 , -1.2566278 , -2.3523686 ,
         1.4704367 ]]), array([[-0.37664426, -0.82918478],
       [-1.41421356,  0.2850584 ],
       [-0.21012231,  0.12173932],
       [-1.37736103,  0.27846708],
       [ 1.41421356,  1.41421356],
       [ 1.41421356, -0.42649398]])], [array([ 0.04106803, -2.44948974,  1.55643895,  0.36199394, -2.44948974,
       -1.15727522]), array([ 1.41421356, -1.41421356])]]]
[2281022, 12, 'birth', 23, 7, 0, [[array([[-0.43820388, -1.47969636,  2.44948974, -2.44948974, -0.56856903,
         1.97094236],
       [-2.44948974, -2.44948974, -0.03414968, -0.82667132, -2.44948974,
        -1.68800124],
       [ 2.44948974, -0.16683068,  0.39402927, -2.44948974,  2.44948974,
        -0.12264449],
       [ 2.07339167, -1.93253035, -2.44948974, -1.82209441, -2.44948974,
        -0.23093736],
       [ 2.44948974,  2.44948974,  2.44948974,  0.16103254, -0.17017645,
         0.9834491 ],
       [ 0.64441929,  1.93016651,  1.33831451, -0.6147325 ,  1.28467852,
        -0.22752831]]), array([[-0.37664426, -0.44255958],
       [-0.79161381,  0.19372075],
       [-1.41421356, -0.93670331],
       [ 1.41421356,  1.03339531],
       [-1.41421356, -0.9174997 ],
       [-1.20144624, -1.41421356]])], [array([-2.26945882, -0.66034462,  1.09301569, -2.44948974,  1.5418492 ,
       -0.04797145]), array([-1.41421356, -1.33544219])]]]
[2281022, 1, 'birth', 9, 4, 0, [[array([[-1.8681752 , -1.72502728,  0.09310358,  1.48561812,  0.35481721,
         0.01010949],
       [ 2.44948974, -2.12363321,  2.44948974, -1.93172008, -1.63691953,
         2.4012982 ],
       [ 0.91299918,  2.44948974, -2.44948974,  2.41876174, -2.44948974,
        -1.469022  ],
       [-0.13951038,  2.18233398, -0.7194946 , -2.44948974, -2.35437405,
        -1.79422936],
       [-0.66883369,  0.63312614,  2.02535352,  1.34745704,  2.436491  ,
        -2.09155695],
       [-1.27276512,  1.89869178, -0.89703376,  0.37188163,  2.44948974,
        -1.30295105]]), array([[ 1.41421356,  1.2632975 ],
       [-1.28934531,  1.41421356],
       [-1.21176139,  1.41421356],
       [ 0.60954613, -1.41421356],
       [ 1.41421356,  0.1350314 ],
       [ 1.41421356, -0.08653725]])], [array([ 2.06306942,  0.20080055, -0.03974298,  0.44178449, -0.25667922,
       -1.74782063]), array([ 1.41421356, -1.41421356])]]]
[2281022, 14, 'birth', 15, 12, 1, [[array([[ 1.53368625, -0.77941373, -0.45484537, -2.44948974, -1.43866758,
        -2.13643607],
       [ 0.12861126,  1.52739309, -2.44948974, -2.32244292, -0.78324045,
        -0.22031075],
       [-1.47245047, -1.61084887, -2.44948974,  2.44948974,  2.44948974,
        -1.38144802],
       [-1.41370065,  1.33656717,  1.90086361,  1.48104341,  0.80356162,
        -0.62630093],
       [-1.58572575,  2.44948974, -1.55895371, -0.58946401, -1.92842725,
         1.27817541],
       [-1.91192359, -0.83631883, -0.91173243, -2.37095888,  0.01426845,
        -1.80328792]]), array([[-1.16004689,  1.41421356],
       [ 1.21203036, -1.41421356],
       [ 1.10492751, -0.21434111],
       [ 1.41421356,  1.41421356],
       [-1.39701862, -1.41421356],
       [-0.64286373, -1.41421356]])], [array([-2.11826332,  0.72296583, -2.08850496, -1.79318645, -2.36395235,
        1.3155987 ]), array([-1.41421356,  0.10866164])]]]
[2281022, 5, 'birth', 15, 18, 0, [[array([[ 1.53368625, -2.44948974, -2.067407  ,  2.3923392 , -1.43866758,
        -2.44948974],
       [ 1.31739142,  1.52739309, -2.44948974, -2.32244292, -1.26547969,
        -0.22031075],
       [-1.53912201,  1.47629093,  0.12079225,  1.61189448, -1.95923664,
         0.7303573 ],
       [ 0.02701456, -1.01450663,  1.85819212,  0.90886047, -2.44948974,
         0.28223913],
       [-0.98062971,  1.87274863, -1.51982813,  0.03961101, -0.50500172,
         1.13176438],
       [ 0.21139087, -0.0214113 , -2.44948974, -0.88239008,  1.16679237,
         0.3729497 ]]), array([[ 1.41421356, -1.00681701],
       [ 1.41421356,  1.31080874],
       [-0.0321702 , -1.41421356],
       [-1.41421356,  0.30655562],
       [-1.41421356,  0.98262154],
       [ 1.41421356, -1.41421356]])], [array([-1.76738029, -0.09023346, -1.18438414, -2.44948974, -2.44948974,
       -0.04524075]), array([-1.41421356, -1.41421356])]]]
[2281022, 2, 'birth', 22, 21, 1, [[array([[-0.43820388, -1.47969636, -0.25211205,  1.9454219 , -0.14947027,
        -0.10854005],
       [ 2.44948974, -2.44948974, -0.03414968, -0.82667132,  0.02356769,
        -2.44948974],
       [ 1.99093321,  1.83409987, -1.13121297,  1.44441017,  1.77573241,
        -0.12264449],
       [ 0.66942123, -1.93253035, -2.44948974, -1.82209441,  0.61724052,
         0.28223913],
       [-1.22616989,  1.86182015,  2.44948974, -1.53403117,  0.48166316,
        -2.44948974],
       [ 1.64523243, -2.1044448 ,  0.26064681, -1.97185647, -1.43979704,
         0.36565651]]), array([[ 1.41421356,  1.41421356],
       [-0.21922824, -0.52057836],
       [-1.41421356,  1.41421356],
       [-1.11700692, -1.41421356],
       [ 0.76574465,  1.41421356],
       [-1.41421356, -1.41421356]])], [array([ 1.56495269,  0.67077625, -2.44948974, -2.44948974,  1.85344677,
       -0.04797145]), array([-1.41421356, -0.53417628])]]]
[2281022, 20, 'birth', 15, 7, 1, [[array([[ 2.44948974, -2.44948974, -0.08230125, -0.67178508,  0.65243509,
        -0.22552483],
       [ 0.44392975,  0.22781404, -2.39653083,  1.58080503,  1.44412407,
         2.44948974],
       [-1.17197067, -2.44948974, -0.95365405, -2.44948974, -0.35473772,
         2.29658408],
       [ 2.20429933, -1.85115564,  1.34999719,  0.3154585 , -0.63425082,
        -0.93772992],
       [ 0.50465407,  2.44948974, -1.51982813, -2.30352073,  1.7766765 ,
         1.13176438],
       [ 0.21139087, -2.44948974, -0.84024132, -0.06226143, -1.32062132,
        -2.44948974]]), array([[ 1.41421356, -0.44255958],
       [-0.79161381, -1.41421356],
       [-1.41421356, -0.93670331],
       [ 1.41421356,  1.03339531],
       [-1.41421356, -1.41421356],
       [-1.41421356, -1.41421356]])], [array([-2.26945882, -0.66034462,  1.09301569, -2.44948974,  1.5418492 ,
       -0.04797145]), array([-1.41421356, -1.33544219])]]]
[2281022, 4, 'birth', 15, 12, 0, [[array([[ 2.44948974, -2.44948974, -0.08230125,  2.44948974,  2.44948974,
        -1.3567534 ],
       [-1.37736444,  0.22781404, -2.39653083,  2.44948974,  1.44412407,
         0.71191607],
       [-1.17197067, -2.44948974, -0.95365405, -2.44948974, -0.35473772,
        -2.34004826],
       [ 0.46393622,  1.16662515, -1.19156582, -2.06363273, -2.44948974,
         0.85049854],
       [-2.44948974,  2.44948974, -1.55895371, -0.58946401, -1.92842725,
         1.27817541],
       [-1.91192359, -0.83631883, -0.91173243, -2.37095888, -1.56557275,
        -1.11567746]]), array([[-1.16004689,  1.41421356],
       [ 1.41421356, -1.41421356],
       [ 1.10492751, -0.21434111],
       [ 1.41421356,  1.41421356],
       [-1.39701862, -1.41421356],
       [-0.64286373, -1.18437146]])], [array([-2.11826332,  0.72296583, -2.08850496, -1.79318645, -2.36395235,
        1.3155987 ]), array([-1.41421356,  1.41421356])]]]
[2281022, 3, 'birth', 0, 17, 0, [[array([[-0.13936326,  2.13442901, -1.71504705, -2.44948974, -1.68516477,
        -2.36401525],
       [-1.27075443, -0.47536842, -0.73991416, -0.42457105,  1.82216804,
        -0.12267689],
       [ 2.27444576,  1.919342  , -2.40894168,  0.84060394, -0.97534556,
         2.29658408],
       [ 0.47582721, -1.85115564,  1.34999719, -1.30735328, -2.44948974,
        -0.93772992],
       [ 2.44948974,  2.44948974, -1.70182195, -2.30352073,  1.7766765 ,
         1.13176438],
       [ 0.21139087, -1.11550571, -0.84024132,  0.14727681, -1.32062132,
        -0.56603668]]), array([[ 1.41421356,  1.41421356],
       [ 1.41421356, -0.76342457],
       [-1.34582877,  1.41421356],
       [-1.37736103,  0.36869737],
       [ 1.41421356,  1.41421356],
       [ 1.41421356, -0.42649398]])], [array([-2.44948974, -1.14684165,  1.55643895,  0.36199394, -2.13663242,
       -1.15727522]), array([ 1.41421356, -1.41421356])]]]
[2281022, 16, 'birth', 6, 18, 0, [[array([[-1.12071961, -0.0908794 ,  0.9881273 , -2.07174555, -2.28577804,
         1.38851774],
       [ 2.44948974,  2.44948974,  2.44948974,  0.59114962, -2.20161382,
         0.71335918],
       [ 0.66742327, -2.44948974,  2.44948974, -2.44948974, -0.7659339 ,
        -2.44948974],
       [-0.49103899,  0.91157787, -0.4569319 , -1.0659707 ,  0.65730126,
        -2.44948974],
       [ 0.30550357, -0.71853185, -2.44948974, -2.44948974, -1.98642471,
         0.57743653],
       [ 1.35744579, -0.62290892, -0.92213386, -2.44948974,  0.12992043,
        -0.58211639]]), array([[ 1.41421356, -1.00681701],
       [ 1.41421356,  0.17895497],
       [-1.34952449, -1.41421356],
       [-1.41421356, -0.77869246],
       [-1.41421356,  0.98262154],
       [ 1.41421356, -1.41421356]])], [array([-1.76738029, -0.09023346,  2.0803304 , -1.29601278, -2.44948974,
        2.44948974]), array([-1.41421356, -1.41421356])]]]
[2281022, 7, 'birth', 0, 18, 1, [[array([[-0.13936326,  2.44948974, -1.71504705, -1.95350449, -0.86653682,
        -2.36401525],
       [-1.27075443, -0.47536842, -0.73991416, -2.31768933,  0.60571792,
        -0.12267689],
       [ 2.27444576,  1.919342  , -2.40894168,  0.84060394, -1.67312574,
         0.63793578],
       [ 0.47582721, -1.85115564,  1.34999719, -1.34850231, -0.63425082,
        -0.93772992],
       [ 2.44948974,  0.41762958, -1.51982813, -2.44948974,  2.44948974,
         1.00536432],
       [ 1.44386312, -0.0214113 , -2.44948974, -0.88239008,  0.70787362,
        -1.54679806]]), array([[ 1.41421356, -1.00681701],
       [ 1.41421356,  1.41421356],
       [-0.0321702 , -1.41421356],
       [-1.41421356, -0.77869246],
       [-1.41421356,  0.98262154],
       [ 1.41421356,  0.61943168]])], [array([-1.76738029, -0.09023346,  2.44948974, -1.29601278, -2.44948974,
       -0.04524075]), array([-1.41421356, -1.41421356])]]]
[2289222, 6, 'death']
[2289373, 18, 'death']
[2290273, 21, 'birth', 15, 7, 0, [[array([[ 2.44948974, -2.44948974, -0.08230125,  1.84364452,  0.65243509,
         0.52703434],
       [ 0.44392975,  0.22781404, -2.39653083,  2.44948974,  1.44412407,
        -1.16676416],
       [-1.17197067, -2.44948974, -0.95365405, -2.44948974, -0.35473772,
        -2.34004826],
       [-0.59749327,  1.16662515, -1.19156582, -1.09091362, -2.44948974,
         0.85049854],
       [ 0.13499918,  0.4018247 ,  1.25161272, -1.53403117,  1.29169438,
        -1.64531905],
       [ 1.64523243, -2.44948974,  0.26064681, -2.44948974, -0.39075086,
         0.36565651]]), array([[ 1.41421356,  1.41421356],
       [-0.21922824, -0.52057836],
       [-1.41421356,  1.41421356],
       [-1.41421356, -0.77869246],
       [-1.41421356,  0.98262154],
       [ 1.41421356,  0.61943168]])], [array([-2.44948974, -0.09023346,  2.44948974, -1.29601278, -0.58578721,
       -0.04524075]), array([-1.41421356,  0.48626335])]]]
[2305123, 9, 'death']
[2306023, 22, 'birth', 12, 7, 1, [[array([[-0.43820388, -1.47969636,  0.76311539, -2.44948974, -0.56856903,
         1.97094236],
       [-2.44948974, -2.44948974, -0.41070301, -2.44948974, -2.44948974,
        -1.68800124],
       [ 2.44948974, -1.16736506, -2.40894168,  0.84060394, -2.44948974,
         0.63793578],
       [ 0.47582721, -1.85115564, -1.16223179, -1.34850231, -0.63425082,
        -0.93772992],
       [ 2.44948974,  0.41762958, -1.51982813, -2.44948974,  2.44948974,
         1.00536432],
       [ 1.44386312, -0.0214113 , -2.44948974, -0.88239008,  0.70787362,
        -1.54679806]]), array([[ 1.41421356, -0.55985886],
       [ 1.41421356,  0.23058457],
       [-0.0321702 , -1.41421356],
       [-1.41421356, -0.77869246],
       [-1.41421356,  0.98262154],
       [ 1.41421356,  0.91405892]])], [array([-1.76738029, -0.09023346,  2.44948974, -1.29601278, -2.44948974,
       -0.04524075]), array([-1.41421356, -1.41421356])]]]
[2313123, 24, 'death']
[2350123, 19, 'death']
[2350973, 10, 'birth', 21, 22, 0, [[array([[ 2.44948974, -2.44948974, -0.08230125,  1.84364452,  0.65243509,
         0.52703434],
       [ 1.53406577, -1.07808466, -2.44948974,  2.44948974,  1.44412407,
        -1.16676416],
       [-0.48072021, -1.16736506,  2.44948974,  2.44948974, -2.44948974,
         0.63793578],
       [ 0.47582721, -1.85115564, -1.16223179,  2.44948974, -0.63425082,
        -0.93772992],
       [ 2.44948974,  0.41762958, -1.51982813, -2.19296615,  2.44948974,
         1.00536432],
       [ 1.44386312, -0.0214113 , -2.44948974, -0.88239008,  0.70787362,
        -2.44948974]]), array([[ 1.41421356, -0.55985886],
       [ 1.41421356,  0.23058457],
       [-0.0321702 , -1.41421356],
       [-1.23334944, -0.15617051],
       [-1.41421356,  0.98262154],
       [ 1.41421356,  1.41421356]])], [array([-1.76738029, -0.09023346,  2.44948974, -1.29601278, -2.44948974,
       -0.04524075]), array([ 0.14531159, -1.41421356])]]]
[2357623, 23, 'death']
[2386124, 11, 'birth', 12, 14, 0, [[array([[-0.43820388, -1.47969636,  2.44948974, -2.44948974, -0.56856903,
         2.44948974],
       [-2.44948974, -2.44948974, -0.03414968, -0.82667132, -2.44948974,
         2.44948974],
       [ 2.44948974, -0.16683068, -2.44948974,  2.44948974,  2.44948974,
        -1.38144802],
       [-1.41370065,  1.33656717,  1.40212517,  1.48104341,  2.41219972,
        -0.62630093],
       [-1.58572575,  2.44948974, -1.55895371, -0.58946401, -1.92842725,
         1.27817541],
       [-2.44948974, -0.83631883, -0.91173243, -2.37095888,  0.01426845,
        -1.80328792]]), array([[-1.16004689,  1.41421356],
       [ 1.21203036, -1.41421356],
       [ 1.10492751,  0.3479822 ],
       [ 1.41421356,  1.41421356],
       [-1.39701862, -1.41421356],
       [-0.64286373, -1.41421356]])], [array([-2.11826332,  2.39741616, -2.08850496, -0.23492255, -2.36395235,
        0.67172418]), array([-1.41421356,  0.10866164])]]]
[2415774, 0, 'birth', 5, 20, 1, [[array([[ 1.53368625, -0.19671091, -0.50417048, -0.67178508,  1.37110705,
        -0.22552483],
       [ 0.44392975, -1.33088421, -2.39653083,  1.58080503,  1.44412407,
         2.44948974],
       [-1.17197067, -2.44948974, -0.95365405, -2.44948974, -0.35473772,
         2.29658408],
       [ 2.20429933, -1.85115564,  1.34999719,  0.3154585 , -2.44948974,
        -0.93772992],
       [ 0.50465407,  2.44948974, -1.51982813, -2.30352073,  1.7766765 ,
         1.13176438],
       [ 2.44948974, -2.44948974, -0.84024132, -0.06226143, -1.32062132,
        -2.44948974]]), array([[ 1.41421356,  0.65163799],
       [-0.79161381, -1.41421356],
       [-1.41421356, -0.93670331],
       [ 1.41421356,  1.03339531],
       [-0.38337759, -1.41421356],
       [-1.41421356, -1.41421356]])], [array([-2.26945882,  1.21514218,  1.09301569, -2.44948974, -2.44948974,
       -0.04797145]), array([-0.42475942, -1.33544219])]]]
[2446274, 15, 'death']
[2484075, 8, 'birth', 17, 0, 0, [[array([[-1.2475949 , -1.72502728, -2.03699251,  1.0170002 , -1.98950277,
         0.01010949],
       [-2.44948974, -2.44948974, -0.66889208,  2.44948974,  2.44948974,
        -2.44948974],
       [ 0.46060597, -2.13999909,  2.44948974, -0.1522055 ,  2.12840554,
         2.42835125],
       [ 1.55247777, -2.44948974,  1.33573191, -1.5927482 , -2.39358043,
        -2.44948974],
       [ 1.84868726,  1.11393013, -1.51982813, -2.30352073,  1.7766765 ,
         1.13176438],
       [ 2.44948974, -0.65002901, -0.84024132, -0.06226143, -1.32062132,
        -2.44948974]]), array([[ 1.41421356,  0.65163799],
       [-0.52398156, -1.41421356],
       [-1.41421356, -0.93670331],
       [ 1.41421356,  1.03339531],
       [-0.38337759, -1.41421356],
       [-1.41421356, -1.41421356]])], [array([-2.26945882,  1.21514218, -1.45288266, -2.44948974, -2.44948974,
       -0.04797145]), array([-0.42475942, -1.33544219])]]]
[2570125, 19, 'birth', 10, 20, 1, [[array([[ 2.44948974, -2.44948974, -0.08230125,  1.84364452,  0.65243509,
         0.52703434],
       [ 1.53406577, -1.07808466, -2.44948974,  2.44948974,  1.44412407,
        -1.16676416],
       [-0.48072021, -1.16736506,  2.44948974, -0.66696519, -2.44948974,
         0.63793578],
       [ 0.47582721, -1.85115564, -2.44948974,  2.44948974,  2.44948974,
        -0.45264241],
       [ 2.44948974, -0.37325828, -1.51982813, -2.19296615,  2.44948974,
         1.00536432],
       [ 1.46040097, -2.44948974, -0.84024132, -0.06226143, -1.32062132,
        -2.44948974]]), array([[ 0.90476935, -0.44255958],
       [-0.79161381, -1.41421356],
       [-0.31793244, -0.93670331],
       [ 1.00362374, -0.54446133],
       [-1.41421356, -1.41421356],
       [-1.41421356, -1.41421356]])], [array([-2.26945882, -0.66034462,  1.09301569, -2.44948974,  1.5418492 ,
       -0.04797145]), array([-1.41421356, -1.33544219])]]]
[2578475, 15, 'birth', 8, 22, 0, [[array([[-1.2475949 , -1.72502728, -1.49580905,  1.0170002 , -1.98950277,
         1.97094236],
       [-2.44948974, -2.44948974,  1.83181173, -2.44948974, -2.44948974,
        -2.32611192],
       [ 2.44948974, -1.16736506, -2.40894168,  0.84060394, -2.44948974,
         0.45311807],
       [ 0.47582721, -1.85115564, -1.16223179, -1.34850231, -0.63425082,
        -2.44948974],
       [ 2.44948974,  0.41762958, -1.51982813, -2.44948974,  2.44948974,
         1.00536432],
       [ 1.44386312, -0.0214113 , -2.44948974, -0.88239008,  0.70787362,
        -1.54679806]]), array([[ 1.41421356, -0.55985886],
       [ 0.16521266,  0.23058457],
       [-0.0321702 , -1.41421356],
       [-1.41421356, -0.77869246],
       [-1.41421356,  0.98262154],
       [ 1.41421356,  0.91405892]])], [array([-1.76738029, -0.09023346,  2.44948974, -1.29601278, -2.44948974,
       -0.04524075]), array([-1.41421356, -1.41421356])]]]
[2587276, 23, 'birth', 15, 14, 1, [[array([[-1.2475949 , -1.72502728, -1.49580905,  1.0170002 ,  1.16132978,
        -1.71675528],
       [-2.44948974, -2.44948974,  1.83181173, -2.44948974, -2.44948974,
        -2.44948974],
       [ 2.44948974, -1.16736506, -2.40894168, -2.44948974, -2.44948974,
         0.45311807],
       [-0.65199788, -1.85115564, -1.16223179, -2.14332092, -0.63425082,
        -1.2682869 ],
       [ 2.44948974,  0.41762958, -1.51982813, -2.44948974,  2.44948974,
         1.00536432],
       [ 1.44386312, -0.0214113 , -2.44948974, -0.88239008, -0.93813608,
         2.40452703]]), array([[ 1.41421356,  1.41421356],
       [-0.13908879,  0.23058457],
       [-0.0321702 , -1.41421356],
       [-1.41421356, -0.77869246],
       [-1.41421356,  0.98262154],
       [-0.240878  ,  0.91405892]])], [array([-1.74717816, -0.09023346,  2.44948974, -1.79318645, -2.36395235,
        1.3155987 ]), array([-1.41421356, -1.08821795])]]]
[2587276, 6, 'birth', 15, 7, 0, [[array([[-1.2475949 , -1.72502728, -1.49580905,  1.0170002 , -1.98950277,
         2.36396875],
       [-2.44948974, -2.44948974,  1.83181173, -2.44948974, -2.44948974,
        -2.32611192],
       [ 2.44948974, -1.16736506, -2.40894168,  0.84060394, -2.44948974,
         0.45311807],
       [ 0.47582721, -1.85115564, -1.03671309, -1.34850231, -0.63425082,
        -2.44948974],
       [ 2.44948974,  0.41762958, -1.51982813, -2.27046563,  2.44948974,
         1.00536432],
       [ 2.44948974, -0.0214113 , -2.44948974, -0.88239008,  0.70787362,
        -1.54679806]]), array([[ 1.41421356, -0.55985886],
       [ 0.94325025,  0.23058457],
       [-0.0321702 , -1.41421356],
       [-1.41421356, -0.77869246],
       [-1.41421356,  0.98262154],
       [ 1.41421356,  0.91405892]])], [array([-1.76738029, -0.09023346,  2.44948974, -1.29601278, -2.44948974,
        1.00629997]), array([-1.41421356, -1.41421356])]]]
[2606576, 9, 'birth', 12, 19, 0, [[array([[-0.43820388, -0.50330361,  2.44948974, -2.44948974, -2.44948974,
         1.97094236],
       [-2.44948974, -2.44948974, -0.03414968, -0.82667132, -2.44948974,
        -1.68800124],
       [ 2.44948974, -0.16683068,  0.39402927, -2.44948974,  2.44948974,
        -0.12264449],
       [ 2.07339167, -1.93253035, -2.16875367, -2.44948974, -2.44948974,
         1.9519967 ],
       [ 2.44948974,  2.44948974,  2.44948974,  0.16103254, -0.17017645,
         0.9834491 ],
       [ 0.64441929,  1.93016651,  1.33831451, -0.6147325 ,  2.44948974,
        -0.22752831]]), array([[-0.37664426, -1.41421356],
       [-0.79161381,  0.19372075],
       [-1.29887904, -0.93670331],
       [ 1.41421356,  1.03339531],
       [-1.07106422, -0.9174997 ],
       [ 0.18563116, -1.41421356]])], [array([-2.26945882, -0.66034462,  1.09301569, -2.44948974,  2.44948974,
       -0.04797145]), array([-1.41421356, -1.33544219])]]]
[2646776, 13, 'birth', 4, 0, 1, [[array([[ 2.44948974, -2.44948974, -0.08230125,  2.44948974,  0.89052625,
        -1.3567534 ],
       [-1.37736444,  0.22781404, -2.39653083,  2.44948974,  1.44412407,
         0.71191607],
       [-0.24645779, -2.44948974, -0.95365405, -2.44948974, -2.44948974,
         2.29658408],
       [ 2.20429933, -1.85115564,  1.34999719,  0.3154585 , -2.44948974,
        -0.93772992],
       [ 0.50465407,  2.44948974, -1.51982813, -2.30352073,  1.7766765 ,
        -0.83471254],
       [ 2.44948974, -2.44948974,  0.02869194, -0.06226143, -1.32062132,
        -2.44948974]]), array([[ 1.41421356,  0.65163799],
       [-0.79161381, -1.41421356],
       [-1.41421356, -0.93670331],
       [ 1.41421356,  1.03339531],
       [-0.38337759, -1.41421356],
       [-1.41421356, -1.41421356]])], [array([-2.26945882,  1.21514218,  1.09301569, -2.44948974, -2.44948974,
       -0.04797145]), array([-0.42475942, -1.33544219])]]]
[2699527, 24, 'birth', 16, 20, 0, [[array([[-1.12071961,  2.44948974,  0.9881273 , -2.44948974, -2.28577804,
         1.38851774],
       [ 2.44948974,  2.44948974,  2.44948974,  0.81114822, -2.20161382,
         0.71335918],
       [ 0.66742327, -2.44948974, -0.25375049, -2.44948974, -0.7659339 ,
         2.24024681],
       [-0.49103899,  0.91157787, -0.4569319 , -1.0659707 ,  0.65730126,
        -2.44948974],
       [ 0.30550357, -2.44948974, -2.44948974, -2.44948974, -2.44948974,
         0.57743653],
       [ 1.35744579, -2.44948974, -1.67438319, -0.06226143, -1.41857627,
        -2.44948974]]), array([[ 1.41421356, -0.44255958],
       [-0.79161381, -1.41421356],
       [-1.41421356, -1.41421356],
       [-0.11304172,  1.03339531],
       [-1.41421356, -1.41421356],
       [-1.41421356, -1.41421356]])], [array([-2.26945882,  1.61904393,  1.09301569, -2.44948974,  1.5418492 ,
       -0.04797145]), array([-1.41421356, -1.33544219])]]]
[2864128, 18, 'birth', 3, 23, 1, [[array([[-0.13936326,  2.44948974, -1.71504705, -2.44948974, -2.44948974,
        -2.36401525],
       [-2.44948974, -0.47536842, -0.73991416, -0.42457105,  1.82216804,
        -0.12267689],
       [ 2.27444576,  1.919342  , -2.40894168,  2.44948974, -0.97534556,
         2.29658408],
       [ 0.0490934 , -1.85115564,  1.34999719, -1.30735328, -2.44948974,
        -0.93772992],
       [ 2.44948974,  2.44948974, -1.70182195, -2.30352073,  1.7766765 ,
         2.44948974],
       [ 2.44948974, -1.11550571, -0.84024132,  0.14727681,  2.09888107,
        -0.56603668]]), array([[ 1.41421356,  1.41421356],
       [ 1.41421356, -0.76342457],
       [-1.34582877,  1.41421356],
       [-1.37736103,  0.36869737],
       [ 1.41421356,  1.41421356],
       [ 0.07350541, -0.42649398]])], [array([-2.44948974, -1.14684165,  1.55643895,  0.36199394, -2.13663242,
        1.3155987 ]), array([-1.41421356, -1.08821795])]]]
[3251282, 17, 'death']
[3251432, 12, 'death']
[3251582, 1, 'death']
[3251732, 14, 'death']
[3251882, 5, 'death']
[3252032, 2, 'death']
[3252182, 20, 'death']
[3252332, 4, 'death']
[3252482, 3, 'death']
[3252632, 16, 'death']
[3252782, 7, 'death']
[3253582, 5, 'birth', 15, 19, 1, [[array([[-2.44948974, -1.72502728, -1.49580905,  2.44948974,  0.00519089,
         1.97094236],
       [-2.44948974, -1.07808466, -2.44948974,  2.44948974,  1.44412407,
         1.20633607],
       [-0.48072021, -2.44948974,  2.44948974, -0.66696519, -2.44948974,
         0.63793578],
       [ 0.47582721, -1.85115564, -2.44948974,  2.44948974,  2.44948974,
        -0.45264241],
       [ 2.44948974, -0.37325828, -1.51982813, -2.19296615,  2.44948974,
         1.00536432],
       [ 1.46040097, -2.44948974, -0.84024132, -0.06226143, -1.12743708,
        -2.44948974]]), array([[ 0.90476935, -0.44255958],
       [-0.79161381, -1.41421356],
       [-0.31793244, -0.93670331],
       [ 1.00362374, -0.54446133],
       [ 0.56274928, -1.41421356],
       [-1.41421356, -1.41421356]])], [array([-1.2351928 , -0.66034462,  2.44948974, -2.44948974,  1.5418492 ,
       -0.04797145]), array([-1.41421356, -1.41421356])]]]
[3253582, 12, 'birth', 1, 19, 0, [[array([[-1.8681752 , -1.72502728, -1.68708854,  2.44948974,  0.35481721,
        -0.74816482],
       [ 2.44948974, -2.12363321,  2.44948974, -1.93172008, -1.63691953,
         2.4012982 ],
       [ 2.44948974,  2.44948974, -2.44948974,  2.41876174, -2.44948974,
        -2.44948974],
       [-0.13951038, -2.44948974, -2.44948974,  2.44948974,  2.44948974,
        -0.45264241],
       [ 2.44948974, -0.37325828, -1.51982813, -2.19296615,  2.44948974,
         1.00536432],
       [ 1.46040097, -2.44948974, -0.84024132, -2.44948974, -1.32062132,
        -2.44948974]]), array([[ 1.41421356, -0.44255958],
       [-0.53093214, -1.41421356],
       [-0.31793244, -0.93670331],
       [ 1.41421356, -0.54446133],
       [-1.41421356, -1.41421356],
       [-1.41421356, -1.41421356]])], [array([-2.26945882, -0.66034462,  1.09301569, -1.56115276,  1.77871037,
       -0.04797145]), array([-1.41421356, -1.33544219])]]]
[3253582, 16, 'birth', 6, 18, 1, [[array([[-1.2475949 , -1.72502728, -1.49580905,  1.0170002 , -1.98950277,
         2.36396875],
       [-2.44948974, -2.44948974,  2.01238933, -2.44948974, -2.44948974,
        -2.44948974],
       [ 2.44948974, -0.47176949, -2.40894168,  0.84060394, -2.44948974,
         0.45311807],
       [ 0.47582721, -1.85115564, -1.03671309, -1.34850231, -0.63425082,
        -2.44948974],
       [ 2.44948974,  0.41762958, -1.51982813, -2.27046563,  2.44948974,
         1.00536432],
       [ 2.44948974, -0.0214113 , -2.44948974,  0.14727681,  2.09888107,
        -0.56603668]]), array([[ 1.41421356,  1.41421356],
       [ 1.41421356, -0.76342457],
       [-1.34582877,  1.41421356],
       [-1.37736103,  0.31796368],
       [ 1.41421356,  1.41421356],
       [ 0.07350541, -1.41421356]])], [array([-2.44948974, -1.14684165,  1.55643895,  0.36199394, -2.13663242,
        1.3155987 ]), array([-1.41421356, -1.08821795])]]]
[3253582, 7, 'birth', 11, 14, 0, [[array([[-0.43820388, -1.47969636,  2.44948974, -2.44948974, -0.56856903,
        -0.30051098],
       [-2.44948974, -2.44948974, -0.03414968, -0.82667132, -2.44948974,
         2.44948974],
       [ 2.44948974, -0.16683068, -2.44948974,  2.44948974,  2.44948974,
        -1.38144802],
       [-1.41370065,  1.33656717,  1.40212517, -0.15993413,  2.41219972,
        -0.62630093],
       [ 0.49528139,  2.44948974, -1.55895371, -0.58946401, -1.92842725,
         1.27817541],
       [-2.44948974, -0.83631883,  2.44948974, -2.37095888,  0.01426845,
        -1.227219  ]]), array([[-1.41421356,  1.41421356],
       [ 1.21203036, -1.41421356],
       [ 1.10492751, -0.21434111],
       [ 1.41421356,  1.41421356],
       [-1.41421356, -1.41421356],
       [-0.64286373, -1.41421356]])], [array([-2.11826332,  0.72296583, -2.08850496, -1.79318645, -2.44948974,
        1.3155987 ]), array([-0.13223614,  0.10866164])]]]
[3253582, 3, 'birth', 6, 13, 1, [[array([[-1.2475949 , -1.72502728, -1.49580905,  1.0170002 , -1.98950277,
         2.36396875],
       [-1.52413904, -2.44948974,  1.83181173, -2.44948974, -2.44948974,
        -2.32611192],
       [-0.83321118, -1.16736506, -0.60293438,  0.84060394, -2.44948974,
         0.45311807],
       [ 1.21443685, -1.85115564, -1.03671309, -1.34850231, -0.63425082,
        -2.44948974],
       [ 2.44948974,  0.41762958, -1.51982813, -2.27046563,  2.44948974,
        -0.13252255],
       [ 2.44948974, -0.0214113 , -2.44948974, -0.88239008,  0.70787362,
        -1.54679806]]), array([[ 0.84057725, -0.55985886],
       [ 0.94325025, -1.41421356],
       [-0.0321702 , -1.41421356],
       [-1.41421356, -0.29629116],
       [-1.41421356,  0.72607397],
       [ 1.41421356,  0.91405892]])], [array([-1.76738029,  1.21514218,  1.09301569, -2.44948974, -2.44948974,
       -0.04797145]), array([-0.42475942, -1.33544219])]]]
[3253582, 1, 'birth', 11, 7, 0, [[array([[-0.43820388, -1.47969636,  2.44948974, -2.44948974, -0.56856903,
         2.44948974],
       [-2.44948974, -2.44948974, -0.03414968, -1.03167148, -2.44948974,
         2.44948974],
       [ 2.44948974, -0.16683068, -1.52617946,  2.44948974, -0.18390044,
        -1.38144802],
       [-1.41370065, -1.85115564,  1.34999719, -1.73977148, -0.63425082,
         0.71006318],
       [ 2.44948974, -2.44948974, -1.51982813, -2.44948974,  2.44948974,
         1.00536432],
       [ 1.44386312, -0.0214113 , -2.44948974, -0.88239008,  0.70787362,
        -1.54679806]]), array([[ 1.41421356, -1.00681701],
       [ 1.41421356,  1.41421356],
       [-0.0321702 , -1.41421356],
       [-0.31050872, -0.77869246],
       [-1.41421356,  0.98262154],
       [ 1.41421356,  0.61943168]])], [array([-1.76738029, -0.09023346,  2.44948974, -1.29601278, -2.44948974,
       -0.04524075]), array([-1.41421356, -1.41421356])]]]
[3262132, 21, 'death']
[3279682, 22, 'death']
[3329583, 10, 'death']
[3338383, 17, 'birth', 15, 5, 0, [[array([[-1.13278309, -1.72502728, -0.77973541,  1.0170002 , -1.98950277,
         1.97094236],
       [-2.44948974, -1.07808466, -2.44948974,  2.44948974,  1.44412407,
         1.20633607],
       [-0.48072021, -2.44948974,  2.44948974, -0.66696519, -2.44948974,
         0.63793578],
       [ 0.47582721, -1.85115564, -2.44948974,  2.44948974,  2.44948974,
        -0.45264241],
       [ 2.44948974,  1.88544057, -1.51982813, -2.19296615,  2.44948974,
         1.00536432],
       [ 1.46040097, -2.44948974, -2.44948974, -0.06226143, -1.12743708,
        -2.44948974]]), array([[ 0.90476935, -0.44255958],
       [-1.15423079, -1.41421356],
       [-0.31793244, -0.93670331],
       [ 1.00362374, -0.54446133],
       [ 0.56274928, -1.41421356],
       [-1.41421356, -1.41421356]])], [array([-1.2351928 , -0.66034462,  2.44948974, -2.44948974,  1.5418492 ,
       -0.04797145]), array([-1.41421356, -1.41421356])]]]
[3370833, 11, 'death']
[3402234, 0, 'death']
[3447384, 14, 'birth', 6, 3, 1, [[array([[-1.2475949 , -1.72502728, -1.49580905,  0.91153511, -1.98950277,
         2.36396875],
       [-2.44948974, -2.44948974, -0.64434912, -2.44948974, -2.44948974,
        -2.32611192],
       [ 2.44948974, -1.16736506, -2.40894168,  0.84060394, -2.44948974,
         0.45311807],
       [ 0.47582721, -1.85115564, -1.03671309,  0.10345262, -0.63425082,
        -2.44948974],
       [ 2.44948974,  2.44948974, -1.51982813, -2.27046563,  2.44948974,
         1.00536432],
       [ 2.44948974, -0.0214113 , -2.44948974, -0.88239008,  0.70787362,
         1.25375726]]), array([[ 1.41421356, -0.39665321],
       [ 0.94325025,  0.23058457],
       [-0.0321702 , -1.41421356],
       [-1.41421356, -0.29629116],
       [-1.41421356,  0.72607397],
       [ 1.41421356,  0.11650414]])], [array([-1.76738029,  1.21514218,  1.09301569, -2.44948974, -2.44948974,
       -0.04797145]), array([ 1.41421356, -1.33544219])]]]
[3469934, 8, 'death']
[3529885, 0, 'birth', 12, 16, 0, [[array([[-1.8681752 ,  0.77464166, -1.68708854,  2.44948974,  0.35481721,
        -0.74816482],
       [ 2.44948974, -2.12363321,  2.44948974, -1.93172008, -1.63691953,
         2.4012982 ],
       [ 2.44948974,  2.44948974, -2.44948974,  2.41876174, -2.44948974,
        -2.44948974],
       [ 1.6935422 , -2.44948974, -2.44948974,  2.44948974,  0.50851569,
        -0.45264241],
       [ 0.85124045, -0.37325828, -1.51982813, -2.19296615,  2.44948974,
         1.00536432],
       [ 1.46040097, -2.44948974, -0.84024132, -2.44948974, -2.44948974,
        -2.44948974]]), array([[ 1.41421356,  1.41421356],
       [ 1.41421356, -0.76342457],
       [-1.34582877,  1.41421356],
       [-1.37736103,  0.31796368],
       [ 1.41421356,  1.41421356],
       [ 0.07350541, -1.41421356]])], [array([-2.44948974,  2.44948974,  1.55643895, -2.44948974, -2.13663242,
        1.3155987 ]), array([-1.41421356, -1.08821795])]]]
[3529885, 4, 'birth', 1, 14, 0, [[array([[ 1.97734262, -1.47969636,  2.44948974, -2.44948974, -1.98950277,
         1.57929225],
       [-2.44948974, -2.44948974, -2.44948974, -2.44948974, -2.44948974,
        -2.32611192],
       [ 2.44948974, -1.0306858 , -2.44948974,  0.84060394, -2.44948974,
         0.45311807],
       [ 0.47582721, -1.85115564, -1.03671309,  0.10345262, -0.63425082,
        -2.44948974],
       [ 2.44948974,  2.44948974, -1.51982813, -1.58258906,  2.44948974,
         1.00536432],
       [ 2.44948974, -0.0214113 , -1.90827443, -0.16051775,  0.70787362,
         1.25375726]]), array([[ 1.41421356, -0.39665321],
       [ 0.94325025,  0.23058457],
       [-0.0321702 , -1.41421356],
       [-1.41421356, -0.29629116],
       [-1.41421356,  0.39629236],
       [ 1.41421356,  0.11650414]])], [array([-1.76738029,  1.21514218,  1.09301569, -2.44948974, -2.44948974,
       -0.04797145]), array([1.41421356, 0.71050497])]]]
[3553935, 19, 'death']
[3561835, 15, 'death']
[3569335, 23, 'death']
[3569485, 6, 'death']
[3582535, 9, 'death']
[3606686, 13, 'death']
[3634686, 24, 'death']
[3650686, 20, 'birth', 7, 14, 0, [[array([[-0.43820388, -1.47969636,  2.44948974,  1.34029497,  2.41903136,
        -0.30051098],
       [-1.87376437, -2.44948974, -0.03414968, -0.82667132, -2.44948974,
         2.44948974],
       [ 2.44948974, -0.16683068, -2.44948974,  0.27559276,  2.44948974,
        -1.38144802],
       [-1.41370065,  1.33656717,  1.40212517, -0.15993413, -0.63425082,
        -2.44948974],
       [ 2.44948974,  2.44948974,  1.14420129, -2.27046563,  2.44948974,
         1.00536432],
       [ 2.44948974, -0.0214113 , -2.44948974, -0.88239008,  0.70787362,
         1.25375726]]), array([[ 1.41421356, -0.39665321],
       [ 0.94325025, -1.12319953],
       [-1.41421356, -1.41421356],
       [-1.41421356, -0.29629116],
       [-1.41421356,  0.72607397],
       [ 1.41421356,  0.11650414]])], [array([-1.76738029,  1.21514218,  1.09301569, -2.44948974, -2.44948974,
       -2.44948974]), array([ 1.41421356, -1.33544219])]]]
[3716937, 18, 'death']
[3742987, 11, 'birth', 17, 3, 1, [[array([[-1.13278309, -1.72502728,  0.59646103,  2.44948974, -1.98950277,
         1.97094236],
       [-2.44948974, -1.07808466, -2.44948974,  2.44948974,  1.44412407,
         1.20633607],
       [-0.48072021, -2.44948974,  2.44948974, -0.66696519,  2.19125129,
         0.63793578],
       [ 0.47582721, -1.85115564, -2.44948974,  2.44948974,  2.44948974,
        -0.45264241],
       [ 2.44948974,  1.88544057, -2.44948974, -2.44948974,  2.44948974,
         1.00536432],
       [ 1.46040097, -2.44948974, -2.44948974, -0.06226143, -0.64200521,
        -2.44948974]]), array([[ 0.90476935, -0.44255958],
       [-1.15423079, -1.41421356],
       [-0.31793244, -0.93670331],
       [ 1.00362374, -0.54446133],
       [ 0.56274928,  0.72607397],
       [ 1.41421356,  0.91405892]])], [array([-1.76738029,  1.21514218,  1.09301569, -2.44948974, -2.44948974,
       -0.04797145]), array([-1.08974232, -1.33544219])]]]
[3754187, 2, 'birth', 1, 11, 0, [[array([[-0.43820388, -1.47969636,  2.44948974, -2.44948974, -0.56856903,
         2.44948974],
       [-2.44948974, -2.44948974, -0.03414968, -1.03167148, -2.44948974,
         2.44948974],
       [ 2.44948974, -0.16683068,  1.7488779 ,  2.44948974, -1.2215624 ,
        -1.38144802],
       [-1.41370065, -1.85115564,  1.34999719,  1.29707565, -0.63425082,
         0.71006318],
       [ 2.44948974, -2.44948974, -1.51982813, -2.44948974,  2.44948974,
         1.00536432],
       [ 1.44386312, -0.0214113 , -2.44948974, -0.88239008,  0.70787362,
        -1.54679806]]), array([[ 1.41421356, -1.00681701],
       [ 1.41421356,  1.41421356],
       [-1.41421356, -1.41421356],
       [-0.31050872, -0.77869246],
       [-1.41421356,  0.98262154],
       [ 1.41421356,  0.54127576]])], [array([-1.76738029, -0.09023346,  2.44948974, -2.44948974, -2.44948974,
       -0.04797145]), array([-1.08974232, -1.33544219])]]]
[3766287, 22, 'birth', 7, 11, 1, [[array([[ 1.97572466, -1.47969636,  2.44948974, -2.44948974, -0.56856903,
         0.77308098],
       [-2.44948974, -2.44948974,  1.40714916, -0.82667132, -2.44948974,
         2.44948974],
       [-0.48072021, -2.44948974,  2.44948974, -0.66696519,  2.19125129,
         0.63793578],
       [ 0.47582721, -1.85115564, -2.44948974,  2.44948974,  2.44948974,
        -0.45264241],
       [ 2.44948974,  1.88544057, -2.44948974, -2.44948974,  2.44948974,
         1.00536432],
       [ 0.85380693, -2.44948974, -2.44948974,  1.25300888, -0.64200521,
        -2.44948974]]), array([[ 0.95875843, -1.10188312],
       [-1.15423079, -0.85249093],
       [-0.31793244, -0.93670331],
       [ 1.00362374, -0.54446133],
       [ 0.56274928, -0.71230408],
       [ 1.41421356,  0.91405892]])], [array([-1.76738029,  1.21514218,  1.09301569, -2.44948974, -2.44948974,
       -0.04797145]), array([-1.08974232, -1.33544219])]]]
[3883089, 19, 'birth', 7, 16, 0, [[array([[-0.43820388,  2.44948974,  2.44948974, -2.44948974, -0.56856903,
         2.44948974],
       [-2.44948974, -2.44948974, -0.03414968, -0.82667132, -2.44948974,
         2.44948974],
       [ 2.44948974, -0.16683068, -2.44948974,  2.44948974,  2.44948974,
        -1.38144802],
       [ 0.47582721, -1.85115564, -1.03671309, -1.34850231, -0.63425082,
        -2.44948974],
       [ 2.44948974, -0.03507789, -1.51982813, -2.27046563,  2.44948974,
         1.00536432],
       [ 2.44948974, -0.0214113 , -2.44948974,  0.14727681,  2.09888107,
        -0.56603668]]), array([[ 1.41421356, -0.35175627],
       [ 1.41421356,  1.41421356],
       [-1.34582877,  1.41421356],
       [-1.37736103,  0.80705468],
       [ 1.41421356,  1.41421356],
       [ 0.07350541, -1.41421356]])], [array([-2.44948974, -1.14684165,  1.55643895,  0.36199394, -2.13663242,
        1.3155987 ]), array([-1.41421356, -1.08821795])]]]
[3896989, 24, 'birth', 4, 3, 0, [[array([[ 1.97734262, -1.47969636,  2.44948974, -2.44948974, -1.98950277,
         1.57929225],
       [-2.44948974, -2.44948974, -2.44948974, -2.44948974, -2.44948974,
        -2.32611192],
       [ 2.44948974, -1.0306858 , -2.44948974,  1.478144  , -2.44948974,
         0.45311807],
       [ 0.47582721, -1.85115564, -1.03671309, -1.39822807, -0.63425082,
        -2.44948974],
       [ 2.44948974,  2.44948974, -1.51982813, -1.58258906,  2.44948974,
         1.00536432],
       [ 2.44948974, -0.0214113 , -1.90827443, -0.16051775, -0.51153411,
         1.25375726]]), array([[ 1.15978069, -0.39665321],
       [ 0.94325025,  0.23058457],
       [-0.0321702 , -1.41421356],
       [-1.41421356, -0.29629116],
       [-1.41421356,  0.72607397],
       [ 1.41421356,  0.91405892]])], [array([ 0.84573457,  1.21514218,  1.09301569, -2.44948974, -2.08481426,
       -0.04797145]), array([-0.20363469, -1.33544219])]]]
[3933189, 5, 'death']
[3933339, 12, 'death']
[3933489, 16, 'death']
[3933639, 7, 'death']
[3933789, 3, 'death']
[3933939, 1, 'death']
[3980890, 17, 'death']
[4039940, 14, 'death']
[4081591, 0, 'death']
[4081740, 4, 'death']
[4136241, 20, 'death']
[4177291, 11, 'death']
[4181392, 2, 'death']
[4184591, 22, 'death']
[4203642, 19, 'death']
[4203842, 24, 'death']
[4203842, 'Extinction!']
