[time, indiv, parent1, parent2, gender, brain]
[150, 0, -1, -1, 0, [[array([[-0.36136773,  1.70893786, -1.48968808, -0.81528679,  0.25832433,
        -1.4341975 ],
       [-2.26762478, -1.359802  , -0.67211134, -1.97011445,  1.20306715,
        -1.69240871],
       [ 2.34671655, -0.26942398, -0.26874237,  0.30822538, -1.23817503,
         2.24754333],
       [-0.63988582,  1.63449899, -2.1251329 ,  1.77293912, -0.94832432,
         1.08752201],
       [-0.34799984, -0.38277203,  1.30279029,  0.00473798, -0.76076809,
         0.63973294],
       [ 1.26430574, -1.95263694, -1.57783795,  0.09960863,  1.34134026,
        -1.08850547]]), array([[-0.99379334,  0.98295977],
       [-1.97916564, -0.20292633],
       [ 1.30024362,  1.4361251 ],
       [-0.3097503 , -0.53781429],
       [ 1.36008239,  2.37782219],
       [-0.43520305, -1.80226991]])], [array([ 0.62697899, -2.4036578 , -1.96468426,  1.93138108,  1.58335915,
        2.04882138]), array([-1.28388981,  2.16070969])]]]
[150, 12, -1, -1, 1, [[array([[ 0.03525531,  1.72152119,  1.47716392,  1.42840564, -0.3023296 ,
         0.06461664],
       [-1.94894036, -0.90451803,  2.2150924 , -1.1618807 ,  1.93800662,
         1.40079465],
       [ 1.16984919, -0.29870281, -0.55464234, -0.30963169,  0.60587785,
         0.71238575],
       [-0.64453286,  0.10960889, -1.07267884,  0.6143611 , -1.32558812,
         2.32131269],
       [ 1.99907781,  1.59280675, -2.39004111, -1.63557527,  0.406577  ,
        -1.01006439],
       [ 1.47475168,  0.98158182,  0.07937536, -0.81851622, -1.65386465,
         2.25594178]]), array([[ 0.91504993,  0.27557091],
       [ 1.50690224,  1.29882685],
       [ 0.17318202,  2.17870439],
       [-2.1345686 , -0.436709  ],
       [-1.68697424,  1.41400123],
       [ 0.37584376,  2.38495325]])], [array([ 0.03382881,  1.70613484,  2.22977916,  0.48503274, -1.03423017,
       -0.20769811]), array([-1.12234617,  2.02517288])]]]
[150, 19, -1, -1, 0, [[array([[-1.27483496,  0.15364897,  0.46833071, -2.41555836,  0.49320493,
         0.01163032],
       [ 0.67500423,  2.22095552,  1.60587588, -2.01632965, -1.48742852,
         2.42191173],
       [-0.87432268,  2.06194404, -0.90145439, -1.3904251 ,  1.19392144,
         1.75157654],
       [ 2.38522753,  0.0314359 , -2.1470598 ,  1.86280258, -0.65376008,
         1.44654442],
       [ 1.86701232, -0.38490085,  2.02665047,  1.706528  , -2.29742308,
        -0.12043756],
       [ 1.67967563,  1.9512967 ,  0.53125455,  1.17271513, -0.31019627,
        -0.94274407]]), array([[ 1.15372416, -1.90448222],
       [ 1.58086003, -1.45033384],
       [ 0.00505119,  1.26180279],
       [-2.39006402, -0.84484889],
       [-1.05587253, -0.36347461],
       [ 0.11919245,  2.27690859]])], [array([-1.38271756,  0.65713696, -0.29741957, -0.82023002, -2.24228595,
        0.1880352 ]), array([-0.25709809, -1.01699764])]]]
[150, 21, -1, -1, 1, [[array([[ 1.32611234, -2.05039144,  1.62856302, -0.76030653,  1.3238508 ,
        -0.66108717],
       [-1.42500582, -1.10926098,  0.38513692, -1.40194387,  1.24117466,
        -1.82553928],
       [ 1.4840859 ,  1.28598911, -0.85891188,  0.97851822, -1.1982279 ,
         0.33741082],
       [-1.11434146, -0.22403623, -2.00505468, -0.25657601,  0.54152893,
         1.84165483],
       [-1.12450731,  1.43854507,  1.06497119,  0.87749234,  0.15907986,
        -0.80421305],
       [-1.2337748 , -1.87798144,  1.17942441,  1.50241577,  0.82293577,
         0.77502149]]), array([[ 2.24812501, -0.0651229 ],
       [ 1.61924113,  0.68177149],
       [-1.18510165, -0.77858014],
       [ 0.96327012, -1.51978948],
       [-0.62588182,  0.21376948],
       [ 1.82196618,  0.985555  ]])], [array([-0.82530348, -1.53651829, -0.47090833,  0.22522307,  0.35063927,
        1.79905767]), array([0.3037772 , 1.54095994])]]]
[150, 16, -1, -1, 0, [[array([[ 0.53255178,  2.1005261 ,  1.47912434,  1.26830079, -1.67147185,
        -0.78300746],
       [-2.22731455, -1.16226696, -1.99863184, -0.47965823,  1.38834225,
        -2.27330962],
       [-0.10965841,  0.52855902,  1.6066183 ,  2.13461782,  1.36578468,
        -1.71740041],
       [-0.07049891,  0.98356664,  0.68769036, -0.01666722, -1.65430718,
        -2.08115097],
       [ 0.72858166,  1.58382653,  1.84506882,  1.94782331, -0.15679799,
        -0.99808545],
       [-1.72058817, -2.28657797, -0.8149397 ,  1.17694471,  2.02176396,
        -1.25395234]]), array([[ 1.50311748,  1.81370168],
       [ 0.81472007, -1.87380528],
       [-0.57576877, -1.93093866],
       [ 0.10743821,  2.25759467],
       [ 0.8543769 ,  2.14468693],
       [ 1.63578689,  0.46422833]])], [array([-1.92037076, -0.1408909 ,  2.34918258, -1.33699091, -0.38515079,
        1.08772184]), array([-2.31190587,  0.72502759])]]]
[150, 8, -1, -1, 1, [[array([[ 0.35431429, -2.41038319, -2.33175411,  2.24647065,  1.90205359,
         1.64625079],
       [ 0.90800889, -0.38944804,  2.44011013, -0.9276139 ,  1.81730906,
        -1.74290959],
       [-0.75389485, -0.10241273, -1.64306375,  0.05991668, -1.04596417,
        -1.15605774],
       [ 2.05432024,  0.30227615, -1.49559192, -1.0418837 ,  1.62413606,
        -1.59945157],
       [ 1.76495423,  1.89453194,  1.65878974, -1.58630224,  0.60480908,
        -0.95174172],
       [-0.89060602,  1.71674766, -1.10513589, -1.7387539 , -1.24643519,
         1.25259349]]), array([[-1.32846174, -0.63680993],
       [-0.86170758,  1.44860926],
       [-1.49910663, -2.19751587],
       [-0.08287685, -2.31300772],
       [-1.76973192, -0.27867045],
       [ 0.94573655,  1.58814279]])], [array([-1.23781299, -1.84729307, -0.6567639 ,  1.92648948,  2.20919646,
        2.01934831]), array([-0.99216086, -0.48000527])]]]
[150, 7, -1, -1, 0, [[array([[-0.46451008, -2.29040776,  1.23096327, -1.4709612 , -1.49264006,
         0.29723676],
       [ 0.15695557,  1.06848793,  2.01664571,  1.96744109,  0.16483225,
         1.25761235],
       [ 1.38774028,  0.61065417, -0.05718866,  1.9006086 ,  0.08442828,
         1.61961255],
       [-1.53529354,  2.20585917, -0.95563867, -0.80162576,  0.19022394,
        -1.52629525],
       [-2.16562087,  1.76781039,  1.53613101, -1.48636927,  0.79289208,
        -1.3644677 ],
       [-1.39133972,  0.69834557,  0.4718744 ,  1.73752295, -2.04479746,
         0.42369185]]), array([[-0.11567523, -1.73315507],
       [-0.03454757, -1.34517857],
       [-1.30677023,  0.64248626],
       [ 0.47837696,  0.01761374],
       [ 1.92089381, -1.0606338 ],
       [ 1.81135712, -2.3512893 ]])], [array([-1.22374339,  0.2790517 , -1.52046524, -1.36188555,  0.63417163,
        1.72056228]), array([-0.34267142, -1.60975572])]]]
[150, 15, -1, -1, 1, [[array([[-0.13750753,  0.68994795,  1.72277877, -0.8012199 , -0.11904603,
         2.34050797],
       [ 1.40609984,  2.25997454,  0.68337565,  0.71260075, -1.42595898,
         2.40792575],
       [-1.6211274 ,  1.64061885, -0.72847052, -1.35826091,  1.93712127,
         1.2756821 ],
       [ 0.58613269, -1.6329058 ,  0.60012218,  1.98192829, -1.92830869,
        -1.45753777],
       [ 0.62724867,  0.8765301 , -1.56385056,  0.73961076, -1.19474724,
        -1.35801524],
       [-0.71844645, -1.76957018,  2.19151942, -2.24429107, -0.80708846,
         1.95362811]]), array([[ 0.09532651,  1.4509459 ],
       [-1.8812629 , -0.65701104],
       [-1.46945394, -1.55985943],
       [ 2.30221511, -1.76567533],
       [-1.9042662 ,  1.39097555],
       [-2.07438706, -0.06248957]])], [array([ 1.76492494,  1.98972519,  0.98886049,  0.80848136, -1.28686575,
       -2.18826245]), array([-2.16147325, -0.69337082])]]]
[150, 2, -1, -1, 0, [[array([[-2.00854113,  0.73698344, -1.61811475,  0.37039462,  0.01818074,
        -0.01224111],
       [-0.92449698,  2.00965252,  1.77214507,  1.70234608, -0.7381807 ,
         1.64315384],
       [-0.91276424, -2.20535852, -1.62878848,  0.95971   , -0.1826124 ,
        -1.2510003 ],
       [-0.01851007,  1.72452193,  0.25345676,  1.11191573, -1.20005618,
         1.74296219],
       [-1.28157312,  0.68886967,  1.2994767 ,  0.35814493,  1.82460674,
        -1.06663987],
       [ 1.69237765, -1.14785786,  2.36950129, -2.39296087, -0.06399933,
        -2.16426775]]), array([[ 1.68183297, -1.04176366],
       [-1.43476817, -0.70839248],
       [-2.27755211,  1.65544622],
       [-1.30181969, -1.81212623],
       [ 2.23693972, -1.46332181],
       [-2.44504211, -0.98757825]])], [array([ 1.70117292,  1.45421591,  1.21681835, -1.62810223, -0.08242939,
        0.58968887]), array([0.93947438, 1.97821419])]]]
[150, 18, -1, -1, 1, [[array([[-0.05466856, -0.53031337, -2.37632558,  1.59090713,  1.86606362,
        -1.62708569],
       [-1.86509539,  1.037573  ,  0.15989422,  0.91052503,  2.14194332,
         0.27511811],
       [ 1.91614515, -1.23912531,  0.61743323, -0.459664  ,  0.78480029,
         1.59246305],
       [-0.50897257, -0.0315423 ,  1.96717246, -0.72760172,  1.34300059,
         1.89549491],
       [-0.1898027 , -1.00106753,  0.03666226,  2.2208377 ,  0.40031715,
         0.4846332 ],
       [-1.22510079, -0.3062426 ,  1.90367706, -0.51711989, -1.90345286,
         1.24466174]]), array([[-2.19353015,  1.02877351],
       [ 1.08204705,  1.85950635],
       [-2.36696929,  0.54283572],
       [ 0.08931127, -1.44207097],
       [-1.24468382,  1.5513025 ],
       [ 1.28943409, -1.9696726 ]])], [array([-1.70588969,  2.33689852,  0.73279073, -2.37163493, -1.4177835 ,
        0.51751581]), array([-2.08770575, -1.08326791])]]]
[150, 13, -1, -1, 0, [[array([[ 2.10370218e+00, -1.85724330e+00,  1.01190303e+00,
         2.23419042e-01,  2.24011496e+00, -1.08019641e+00],
       [-1.91082191e+00, -1.14688456e-03,  1.74384837e+00,
        -2.06933729e+00,  1.98854170e+00,  2.19290948e+00],
       [-1.91950518e-01,  1.92256432e+00, -1.46721981e+00,
         1.71571127e+00,  2.91048865e-01,  1.60208151e+00],
       [-2.10792810e+00, -2.05071097e+00, -8.75684754e-01,
         1.59213925e+00,  2.41041926e+00,  9.77420263e-01],
       [ 1.97914899e+00, -3.54291468e-01,  1.17633236e+00,
         2.13951633e+00, -1.27785785e+00, -1.84088641e-01],
       [-1.51157401e+00, -2.14186722e+00,  1.67549840e+00,
        -1.35414740e+00,  1.58894312e-01,  2.13283304e+00]]), array([[ 1.66426458, -1.89703038],
       [ 2.11089761,  1.7744057 ],
       [ 1.25879386, -0.92708157],
       [-0.08338594,  2.2176221 ],
       [ 0.26723114, -1.89196446],
       [ 1.73416376, -2.42685567]])], [array([ 1.29693514,  0.20628417, -0.31510509, -0.45058554,  0.1213601 ,
       -1.19488914]), array([-1.07992447,  0.65464647])]]]
[150, 23, -1, -1, 1, [[array([[ 0.29459448, -1.73050438,  2.30131632, -0.16412559,  1.43215902,
         0.12966224],
       [ 0.3894165 , -0.20485156, -0.0832785 , -1.28624737, -1.01853661,
        -0.46953546],
       [-1.475727  , -1.78499727, -0.60537955, -1.23561206, -0.3510144 ,
         0.86971114],
       [ 2.10218888, -1.67731998, -1.37014366,  1.36878284,  1.90102659,
        -1.48847427],
       [ 0.38790812,  1.16401048, -0.59136656,  2.30585493, -1.56610822,
         1.50284583],
       [ 0.41337996,  2.38879609,  1.65833531,  1.56939989, -0.72985914,
        -0.66829988]]), array([[-1.47833582,  1.04696967],
       [ 1.75101995, -0.28610113],
       [-1.70789113,  2.22971621],
       [-0.12335045, -0.88071496],
       [ 0.19675493, -0.49147301],
       [ 0.77882997, -0.34469581]])], [array([ 1.96308182, -1.54644833,  2.25318584, -0.8083915 ,  1.49240204,
        1.20622323]), array([ 1.22003151, -2.00141007])]]]
[150, 9, -1, -1, 0, [[array([[ 1.61409175, -0.03736259,  1.31809872, -0.39094878, -0.57011832,
         1.91324566],
       [ 2.44930542, -1.69631005, -0.36854621,  1.42725573,  1.32007406,
         1.52685298],
       [ 1.90707225, -1.75830321, -0.61836588,  1.50064956,  1.24996117,
        -1.52786477],
       [-1.69720483,  1.14984786, -0.8437297 ,  1.87814017,  0.50283895,
         1.15507896],
       [ 1.18681702,  0.40542893, -0.75209774, -0.11651644, -0.1349051 ,
        -1.50068044],
       [-0.63465351,  1.9661424 ,  1.82830072, -1.55920311, -1.51761812,
         0.60919921]]), array([[ 0.8372944 , -1.71791955],
       [-0.43877214,  0.91508683],
       [ 1.34561781, -1.76065311],
       [ 2.27702996, -0.5433172 ],
       [-1.9672765 , -1.42985967],
       [-1.12395714,  1.60601301]])], [array([-1.49527311, -0.65228526,  1.06484509,  1.65154705, -0.23191   ,
       -1.52736168]), array([-2.42962916,  0.48714632])]]]
[150, 4, -1, -1, 1, [[array([[-1.61706215, -1.46289898, -1.33897818,  1.62643879, -2.43154847,
        -2.40903803],
       [ 0.69549613, -1.21616743,  0.39508954,  1.42895744,  0.84294101,
        -2.06124742],
       [-1.50201449, -1.07351291, -0.39473097,  0.14601478,  1.47742431,
         0.72842579],
       [-1.11143115, -2.08918647,  1.38922753, -1.32623638, -1.99515307,
        -1.37534445],
       [ 1.34259396, -0.79932621, -1.70075624, -0.64478717,  1.84166953,
         1.17880668],
       [ 1.15660559, -1.5052435 , -0.35877609,  1.94130464, -2.00123789,
        -1.60677779]]), array([[-1.66566313,  1.22250377],
       [ 2.3710114 , -0.74388128],
       [ 1.18193903, -0.24758639],
       [-1.2367067 , -1.98293545],
       [-0.26478996, -0.02731677],
       [-0.88789287, -0.75145037]])], [array([ 2.25014061,  0.36394083, -2.15638628,  2.17900605, -2.42163691,
        1.55565263]), array([0.23129845, 0.85482483])]]]
[150, 22, -1, -1, 0, [[array([[-1.11352992,  0.76578184,  2.36236213, -0.12177595, -0.5807332 ,
        -1.44777419],
       [ 1.51957503, -0.92586772,  1.32356066, -1.89813314, -2.31056237,
         2.18521347],
       [-1.07471721, -0.08530599,  1.55632004,  0.93215368, -1.05566896,
         0.78785685],
       [-1.25453454,  0.74636792,  0.06670222,  1.85313043,  2.01075298,
        -1.47384097],
       [ 0.59429208, -0.70352948,  1.757116  ,  0.60991185, -0.26383401,
         2.23189265],
       [ 0.93391821,  0.58790433,  0.31418027, -0.33215734, -1.57430529,
         0.10879467]]), array([[ 1.43692063,  2.02756851],
       [-2.26824601, -0.20329672],
       [ 0.05343413, -1.62038105],
       [ 1.0164975 , -0.24260386],
       [ 1.86583499,  1.00907703],
       [-1.9730106 ,  0.29591962]])], [array([ 1.18741477, -0.21814059, -0.5436886 , -2.23500349, -1.42903414,
       -1.55678571]), array([-1.95804402,  0.71243412])]]]
[150, 17, -1, -1, 1, [[array([[-1.26434862,  0.76331234,  2.00241268,  0.25223975, -2.31141312,
         1.61121301],
       [ 0.74431814, -2.2443128 ,  1.39786451, -2.30129372, -1.82246981,
         1.94571151],
       [-1.96817322, -1.86813279, -0.56705572,  1.79618042, -1.77419566,
        -0.76212905],
       [ 0.05467117, -2.05654552, -1.27814913, -2.12159653, -0.76456832,
         0.17975494],
       [ 1.26968946, -1.9501874 ,  0.66077033,  0.54334301,  0.42723258,
         2.26811175],
       [-0.38828416,  0.2478021 , -2.3088405 ,  2.12539583, -1.94935378,
        -0.32658001]]), array([[-0.19282668,  1.91112531],
       [ 0.02879657, -0.83311002],
       [ 2.1678716 , -1.32059496],
       [ 1.76346984,  1.74039922],
       [ 0.25810792,  2.11212967],
       [ 0.75574726, -1.23017879]])], [array([ 2.43299378,  2.3940655 ,  1.75151081, -2.36457178,  0.66650735,
       -0.12571529]), array([1.39422512, 1.96008885])]]]
[150, 10, -1, -1, 0, [[array([[ 2.23462402, -1.36179891, -0.80952105,  0.11807752,  1.25397149,
         1.77143974],
       [-0.56297848,  1.85838765, -2.1886595 ,  1.74369652,  0.09897532,
         0.3250069 ],
       [ 2.16023128,  1.73387886, -1.25198772, -1.81436951, -1.83282355,
         0.15357199],
       [-2.43458636, -1.80143399, -1.18899715, -1.37009413,  0.35925963,
        -2.10208592],
       [-0.49472398, -1.72693647,  1.92093108, -0.01683216,  0.52338636,
         1.6887355 ],
       [ 1.52345073, -2.11682676,  1.7475106 ,  2.0250521 , -1.87068773,
        -2.39319275]]), array([[-2.09654087, -1.97324376],
       [-0.24849044,  1.21600983],
       [ 0.67085592, -0.07406818],
       [-0.22718527,  1.31329589],
       [ 0.17242403,  0.61359569],
       [-1.3672294 , -1.75664945]])], [array([-1.22437427, -0.42760129,  0.34028206,  1.18781031, -1.81005682,
        0.67352108]), array([-0.09157683, -2.25278346])]]]
[150, 5, -1, -1, 1, [[array([[ 1.40616435,  0.07233044, -1.31731703, -1.25260316,  0.02067156,
         2.0096956 ],
       [-0.77466137, -0.64697814,  0.45627878, -1.10603008, -1.5961944 ,
         1.98767443],
       [ 0.92719404, -2.43057833, -0.72173401,  1.34799939, -0.21060924,
         0.61833867],
       [ 1.11414192, -1.39930291,  0.56077647, -1.36481832,  1.05558603,
        -2.15115809],
       [-2.01125196,  2.00158802, -0.30949531, -0.48974094,  1.99009425,
         0.79859763],
       [-1.42729717,  1.44307064,  1.65097136,  0.157771  , -2.32735102,
        -1.37316296]]), array([[-1.67221112,  0.70235593],
       [ 1.67544357, -1.71394046],
       [-0.88816438, -0.32470618],
       [-0.44468377,  1.13307416],
       [ 0.64546755,  0.02580136],
       [ 1.89006188,  0.56941707]])], [array([-0.55792325, -2.0842555 , -0.05032265,  1.77447647,  1.06504085,
        1.34540192]), array([-2.39035219,  2.19968069])]]]
[150, 24, -1, -1, 0, [[array([[-2.33191382, -2.26475519,  0.99371905,  1.96999617,  0.20886449,
        -0.86879984],
       [-1.46998897, -2.28193182,  1.32567509,  0.32957051, -2.08242812,
         0.21796938],
       [-2.18224199, -0.86236579, -0.47117141,  1.22788326, -0.63199964,
        -0.25340349],
       [ 1.02177001, -0.26884345,  2.08357995,  1.24645259,  2.33300012,
        -0.26533328],
       [ 1.15563336, -1.062486  ,  2.18239305, -0.70288913,  2.41425646,
         1.14026219],
       [ 0.61061326,  0.61477491, -2.36423217, -1.39316998, -0.77577271,
         1.24170653]]), array([[-0.67063554,  1.77868886],
       [-1.82368717, -1.04231078],
       [ 0.65322679, -1.30609118],
       [-1.02604567, -0.11265958],
       [ 0.65105024,  0.59898634],
       [ 1.73019318,  0.30410768]])], [array([-0.13181869,  2.36732219, -0.70291681,  2.24613885,  1.60473205,
        0.826131  ]), array([-1.05866106,  1.59921371])]]]
[150, 1, -1, -1, 1, [[array([[-6.41256048e-01, -2.08573988e+00, -9.49828531e-01,
        -1.95701514e+00, -3.97089133e-01, -8.56520625e-01],
       [-2.17363722e+00, -7.75615061e-01, -1.51067651e+00,
        -1.77549646e+00,  1.18646092e+00, -2.00472744e+00],
       [ 1.90890282e+00, -1.10900835e+00,  4.01403865e-03,
         6.14081109e-01, -2.05070053e+00, -2.15457668e+00],
       [ 1.75994277e+00,  1.58367867e+00, -1.17250865e+00,
         2.57234153e-01, -1.67112113e-03,  1.96561551e+00],
       [ 3.44096843e-01, -7.39859870e-01,  5.68068725e-01,
        -2.02861873e+00,  2.33791780e+00, -1.76273679e+00],
       [-3.15365569e-01,  7.06464233e-01, -6.76796567e-01,
        -2.24629216e+00,  2.12889304e+00,  8.33304685e-01]]), array([[-1.40113511,  1.0446693 ],
       [ 1.36576405, -1.85269985],
       [ 1.96829161,  1.48819528],
       [-2.18864329,  1.45594313],
       [-1.52781535, -2.07816144],
       [-0.64661933,  1.38723906]])], [array([-0.93401827, -1.90175983, -2.25509143,  0.5729911 , -0.67127829,
        1.94473214]), array([-2.15807899, -0.79040738])]]]
[150, 3, -1, -1, 0, [[array([[ 1.25480819,  0.94183468, -1.89410037, -0.01316726,  0.68520448,
        -1.76192748],
       [-0.8761924 , -2.34465397, -1.65990139, -1.57057658,  1.89425517,
        -1.39125518],
       [-2.04812243,  0.3951387 ,  2.11456522, -1.79551841,  1.39083291,
        -0.4464786 ],
       [ 0.15209954, -1.52082387, -1.40352125, -0.03319402, -1.78656983,
         0.01476005],
       [-2.3299031 , -0.72451137, -0.90526187, -0.72666942, -0.6294072 ,
         1.00787399],
       [ 0.54588509,  2.31651942, -1.31385108,  1.30907959,  0.57178767,
        -0.3453784 ]]), array([[ 0.05079842,  0.48107486],
       [ 0.16224824,  1.93576968],
       [-1.82690134,  2.28040763],
       [ 1.53756335, -1.18339087],
       [-0.00782092,  0.40904013],
       [ 0.96819011, -0.61359864]])], [array([-1.99334129, -0.97796219,  0.84391596,  0.3680084 ,  0.14343691,
       -1.65162632]), array([ 0.76079464, -1.1588786 ])]]]
[150, 20, -1, -1, 1, [[array([[ 0.67242691, -0.705304  , -2.06731601,  2.2646847 , -1.32766397,
         1.22649215],
       [ 1.68922168, -0.82658   , -1.85089641,  1.97738636, -1.17169108,
        -1.95507833],
       [ 2.26961807,  0.16632882, -0.81967105, -2.19234244, -1.77784513,
         0.13502868],
       [ 0.41182639, -0.7084829 ,  2.17120596,  0.15346373, -1.67206828,
         0.3389811 ],
       [-2.3014149 , -1.63158923,  2.07559579,  0.78174898,  0.02947994,
         0.04915746],
       [-1.88205841, -1.79132518,  1.29065207, -0.95881161,  0.19595476,
        -1.92271805]]), array([[-0.54416689,  2.21265065],
       [-0.96422875,  0.52110374],
       [-2.36742526, -1.34001484],
       [ 0.03750806, -1.23846226],
       [ 0.90945408,  0.69616454],
       [ 1.5941266 , -0.68356789]])], [array([-1.62841035,  2.02666984, -2.18471765, -2.2339904 ,  1.57863197,
       -2.40128256]), array([-0.6728973 , -0.42203118])]]]
[150, 11, -1, -1, 0, [[array([[-2.38234216,  1.73788932, -0.24291941, -0.33729325, -2.3644713 ,
         1.20548982],
       [ 0.50158619,  0.50074257,  1.90488575,  0.21340684,  0.47332443,
        -0.35482084],
       [-1.77994311,  0.05369046,  1.81725767, -2.31365492, -0.92285902,
        -2.28018947],
       [-2.34519498,  0.63052599, -1.21145739,  1.07049556, -1.37600931,
         1.56781073],
       [ 1.44595651,  0.37111512,  0.77780232,  0.32831864, -2.1336644 ,
        -1.95164294],
       [ 0.67010267, -0.71646312, -0.4665621 , -1.61036916,  0.9052785 ,
         1.96650766]]), array([[-0.18775988, -0.30811476],
       [-2.15725793,  2.10226259],
       [-2.27980112, -0.50336843],
       [-0.39118559, -2.401983  ],
       [ 1.20116101, -1.26497904],
       [ 0.98772231, -0.70460659]])], [array([-0.89906876,  1.10741965, -0.84290026,  0.0599455 ,  0.90236485,
       -1.57714004]), array([-1.96658893,  1.20944041])]]]
[150, 6, -1, -1, 1, [[array([[-1.55068781,  0.20082781, -2.43127628,  0.99072004,  2.35872145,
        -2.10517701],
       [-1.16409392, -0.86250258, -2.37527967, -2.13636795, -1.89773002,
         0.9493611 ],
       [-1.54856896, -2.38574005,  2.08266802,  2.08672901, -0.44838045,
         2.4090405 ],
       [-0.20398696,  1.30177906, -0.52306266, -0.68437308,  2.29038256,
         1.49754671],
       [-0.30403594,  1.79628024,  0.3255768 , -0.43914393,  1.87722657,
         0.84740761],
       [ 0.05848084, -0.20273649,  1.97107467,  0.7597232 ,  0.03305116,
        -0.78606404]]), array([[ 2.25493238, -1.92180206],
       [ 1.75460943, -1.99927278],
       [-1.59391965, -0.48743509],
       [ 1.7205874 , -0.95541041],
       [ 1.90429945,  1.05816823],
       [ 2.17850447,  0.00264641]])], [array([ 1.92285209, -1.55900206,  2.10367781,  1.94322059, -1.72820556,
        0.18682204]), array([ 0.12978311, -1.41351439])]]]
[150, 14, -1, -1, 0, [[array([[ 0.83538169,  1.79409803, -1.85125189,  1.56741737, -0.38607531,
         1.79719681],
       [-0.55522523,  1.5781659 ,  1.76542399,  1.06773493, -0.52007166,
        -1.5971815 ],
       [ 0.47627104, -0.50683559,  1.02442945,  1.21149171,  1.83127002,
         1.72549519],
       [ 1.43479246,  0.85607494,  0.66218413,  0.44800621,  2.09769296,
        -1.93788433],
       [-1.8876801 ,  0.27157161,  1.5789603 , -0.43277404,  0.12277232,
         1.19132872],
       [-0.01508684,  0.56846148,  1.71972638,  0.08650882, -0.911804  ,
         1.66459806]]), array([[-2.07699758,  1.53054073],
       [-0.17764827,  2.09823374],
       [ 0.84847531, -0.38556998],
       [ 0.1536337 ,  0.67443429],
       [-0.3583481 ,  1.81939327],
       [ 1.30480418, -1.75678097]])], [array([ 1.83753271,  1.43661536, -1.54513261, -1.16377253,  0.3738596 ,
        1.84540943]), array([-0.62110237,  1.18552013])]]]
[858908, 0, 'death']
[859058, 12, 'death']
[859208, 19, 'death']
[859358, 21, 'death']
[859508, 16, 'death']
[859658, 8, 'death']
[859808, 7, 'death']
[859958, 15, 'death']
[860108, 2, 'death']
[860258, 18, 'death']
[860408, 13, 'death']
[860558, 23, 'death']
[860708, 9, 'death']
[860858, 4, 'death']
[861008, 22, 'death']
[861158, 17, 'death']
[861308, 10, 'death']
[861458, 5, 'death']
[861608, 24, 'death']
[861758, 1, 'death']
[861908, 3, 'death']
[862058, 20, 'death']
[862258, 11, 'death']
[862408, 6, 'death']
[862558, 14, 'death']
[862658, 16, 'birth', 16, 12, 0, [[array([[ 0.53255178,  2.1005261 ,  1.47912434,  1.42840564, -0.3023296 ,
         0.06461664],
       [-1.94894036, -0.90451803,  2.2150924 , -1.1618807 ,  1.93800662,
         1.40079465],
       [ 1.16984919, -0.29870281, -0.55464234, -0.30963169,  2.44948974,
        -1.720263  ],
       [-0.64453286,  0.10960889, -1.07267884,  0.12604825, -1.32558812,
         2.32131269],
       [ 1.99907781,  2.44948974, -2.39004111, -1.63557527,  0.406577  ,
        -1.51645351],
       [ 1.47475168,  1.16372724,  0.07937536, -1.48006488, -1.65386465,
         2.25594178]]), array([[ 0.91504993,  0.27557091],
       [ 0.34505292,  1.29882685],
       [-1.41421356,  0.23298584],
       [-1.41421356, -0.436709  ],
       [-1.41421356,  1.41400123],
       [ 0.37584376,  1.41421356]])], [array([ 1.9215701 ,  1.70613484,  2.22977916, -2.44948974, -1.03423017,
       -0.20769811]), array([-0.3256869 ,  1.41421356])]]]
[862658, 17, 'birth', 13, 5, 1, [[array([[ 2.10370218, -2.24786679, -1.31731703, -1.25260316,  0.02067156,
         2.0096956 ],
       [-0.77466137, -0.64697814,  0.45627878, -1.10603008, -1.5961944 ,
         1.98767443],
       [ 0.92719404, -2.43057833, -0.72173401,  1.34799939, -0.21060924,
         0.61833867],
       [ 1.11414192, -2.44948974,  1.6846398 , -1.36481832,  1.05558603,
        -2.44948974],
       [-2.01125196,  2.00158802, -0.30949531, -0.48974094,  1.99009425,
        -1.98406186],
       [ 2.44948974,  1.44307064,  2.44948974,  0.157771  , -2.32735102,
        -1.37316296]]), array([[-1.41421356,  0.70235593],
       [ 1.41421356, -1.41421356],
       [-0.88816438, -0.32470618],
       [ 1.26068353,  0.4192643 ],
       [ 0.64546755,  0.02580136],
       [ 1.41421356,  0.56941707]])], [array([-0.55792325, -2.0842555 , -1.92708436,  1.77447647,  1.06504085,
       -1.92235506]), array([-1.41421356,  1.41421356])]]]
[862658, 7, 'birth', 11, 6, 1, [[array([[-2.38234216,  1.73788932, -0.24291941, -0.33729325, -2.3644713 ,
         1.20548982],
       [ 0.50158619,  0.50074257,  1.90488575,  0.21340684,  0.47332443,
         1.82525308],
       [-1.77994311,  0.05369046,  1.81725767, -2.44948974, -0.92285902,
        -2.28018947],
       [-2.34519498,  0.63052599, -1.21145739, -2.44948974, -1.37600931,
         1.56781073],
       [ 1.44595651,  0.37111512,  0.77780232,  0.32831864, -2.1336644 ,
        -1.95164294],
       [ 0.67010267, -0.71646312, -0.4665621 ,  0.7597232 ,  0.03305116,
        -0.78606404]]), array([[ 1.41421356, -1.41421356],
       [ 1.41421356, -1.41421356],
       [-1.41421356, -0.48743509],
       [ 1.41421356, -0.95541041],
       [ 1.41421356,  1.05816823],
       [ 1.41421356,  0.00264641]])], [array([ 1.92285209, -1.55900206,  2.10367781,  1.94322059, -1.72820556,
        0.18682204]), array([ 0.64502233, -1.41351439])]]]
[862658, 11, 'birth', 9, 12, 1, [[array([[-1.28566968, -0.03736259,  1.58024899, -0.39094878, -0.57011832,
        -0.03412208],
       [ 2.44930542, -1.69631005, -0.36854621,  1.42725573,  1.20899613,
         1.52685298],
       [ 1.90707225, -1.75830321, -0.61836588,  1.50064956,  1.24996117,
        -1.52786477],
       [-1.69720483,  1.14984786, -0.8437297 ,  1.87814017,  0.50283895,
         1.15507896],
       [ 1.18681702,  0.40542893, -0.75209774,  0.46363805, -0.1349051 ,
        -1.50068044],
       [-0.63465351,  1.9661424 ,  1.82830072, -1.55920311, -1.51761812,
         2.44948974]]), array([[ 0.8372944 , -1.41421356],
       [-0.09157556,  0.91508683],
       [ 1.34561781, -0.52393868],
       [ 1.41421356, -0.5433172 ],
       [-0.48870849, -1.41421356],
       [-1.12395714,  1.41421356]])], [array([ 0.03382881,  1.70613484,  2.22977916,  0.48503274, -1.97152645,
       -0.20769811]), array([-1.12234617,  1.41421356])]]]
[862658, 2, 'birth', 0, 15, 0, [[array([[-0.36136773,  1.70893786, -1.48968808, -0.81528679,  0.25832433,
        -1.4341975 ],
       [-2.26762478, -1.359802  , -1.16335483, -1.97011445,  2.44948974,
        -2.386095  ],
       [ 2.44948974,  0.68043726, -0.26874237,  0.30822538, -1.23817503,
         2.24754333],
       [-0.63988582,  1.63449899, -2.1251329 ,  1.77293912, -0.94832432,
         1.08752201],
       [-0.34799984, -0.38277203, -2.00869659,  0.00473798, -0.76076809,
         0.63973294],
       [ 1.26430574, -1.95263694, -1.57783795,  0.09960863,  1.34134026,
        -2.44948974]]), array([[-0.99379334, -1.41421356],
       [-1.41421356, -0.20292633],
       [ 1.30024362,  1.41421356],
       [-0.3097503 , -0.53781429],
       [-1.41421356,  1.39097555],
       [-1.41421356, -0.06248957]])], [array([ 1.76492494,  1.98972519,  0.98886049,  0.80848136, -1.28686575,
       -2.18826245]), array([-1.41421356, -0.69337082])]]]
[862658, 13, 'birth', 0, 6, 0, [[array([[-0.36136773, -2.44948974, -1.48968808, -0.81528679,  0.25832433,
        -1.4341975 ],
       [-2.26762478, -1.359802  , -0.67211134, -2.13636795, -1.89773002,
         0.9493611 ],
       [-1.54856896, -2.38574005,  1.78818915,  2.08672901, -1.90419991,
         2.4090405 ],
       [-0.20398696,  1.22428862, -0.52306266, -0.68437308,  2.29038256,
         1.49754671],
       [-0.30403594,  1.79628024,  1.7639044 , -0.43914393,  1.87722657,
         2.44948974],
       [ 0.05848084, -0.20273649,  1.97107467,  0.7597232 ,  0.03305116,
        -2.03170057]]), array([[ 1.41421356, -1.41421356],
       [ 1.41421356, -0.71849527],
       [-1.41421356, -0.48743509],
       [ 1.41421356, -1.39158428],
       [ 1.41421356,  0.21327072],
       [ 1.41421356,  0.00264641]])], [array([ 1.58234155, -1.55900206,  2.44948974,  1.94322059, -1.72820556,
        0.18682204]), array([ 0.12978311, -1.41351439])]]]
[862658, 9, 'birth', 0, 20, 0, [[array([[-0.36136773, -0.705304  , -2.06731601,  2.2646847 , -0.44508226,
         1.22649215],
       [ 0.03542655, -0.82658   , -1.85089641,  0.02712307,  0.53984243,
        -1.95507833],
       [ 2.26961807,  0.16632882, -0.81967105, -2.19234244, -1.77784513,
         0.13502868],
       [ 0.41182639, -0.7084829 ,  2.17120596,  0.15346373, -1.15432956,
         2.44948974],
       [-2.44948974, -1.63158923,  2.07559579,  0.78174898,  0.02947994,
         0.04915746],
       [-1.88205841, -1.79132518,  1.29065207, -0.95881161,  0.19595476,
        -1.92271805]]), array([[-0.54416689,  1.41421356],
       [-0.96422875,  1.41421356],
       [-1.41421356, -0.93812024],
       [ 0.52091141, -1.41421356],
       [ 0.90945408,  0.69616454],
       [ 1.41421356, -0.68356789]])], [array([-1.62841035,  2.02666984, -2.44948974, -2.2339904 ,  1.57863197,
       -2.40128256]), array([-0.6728973 , -0.42203118])]]]
[1111311, 16, 'death']
[1111461, 17, 'death']
[1111611, 7, 'death']
[1111761, 11, 'death']
[1111911, 2, 'death']
[1112061, 13, 'death']
[1112211, 9, 'death']
[1112361, 'Extinction!']
