[time, indiv, parent1, parent2, gender, brain]
[150, 18, -1, -1, 0, [[array([[ 2.0097247 ,  0.07484177,  0.35067152,  0.64512852,  0.62600687,
        -1.92283369],
       [ 2.3454426 ,  2.34131314, -2.42354091, -0.99401688,  0.72326863,
         0.70572393],
       [-1.01147511,  0.40500039,  0.647242  , -1.55829134, -1.82230299,
         2.29445121],
       [-2.42634533,  1.82046348, -2.00254479, -1.70924535,  0.75144535,
        -0.28659882],
       [-0.2707632 ,  1.37414326,  1.26332434, -0.18656192,  0.39446815,
        -0.82610647],
       [ 2.29964099, -0.02758855, -2.18443744, -0.51513633, -1.39039672,
        -0.93342566]]), array([[-2.30777297, -2.14930655],
       [ 1.84965762,  0.40170225],
       [-1.2855308 , -1.47209547],
       [ 0.72012045,  0.56984408],
       [ 1.46942236,  0.73036417],
       [ 0.10023534,  1.12116333]])], [array([ 0.54117856, -1.98060626, -0.63240154,  2.26850337, -1.11387536,
        1.55985292]), array([1.56572777, 1.83608667])]]]
[150, 6, -1, -1, 1, [[array([[-0.45429543,  0.07247051, -2.39613286, -1.51240364, -1.8145538 ,
         0.66557744],
       [-0.47326315, -2.03474757, -1.63937025, -1.10018463,  0.59683237,
        -1.86828034],
       [ 1.54911102,  0.8407071 , -0.40780751, -1.23524057, -0.18352286,
        -0.50885188],
       [-1.51021336,  0.52022451,  1.07628249,  0.42345984,  2.18370572,
         1.22430264],
       [-2.19602548,  0.68469433,  0.19599666, -1.55080586,  1.8385409 ,
         0.38047538],
       [ 2.40468961, -0.32897595, -0.35544374,  2.25587943, -0.63148604,
        -1.51545263]]), array([[-0.5601825 , -1.90424446],
       [-2.0701106 , -1.08689872],
       [-1.69456882,  1.79210985],
       [-1.53326227,  2.06275953],
       [ 1.94801287,  1.15919782],
       [-0.78368433,  2.35036716]])], [array([ 2.27070526, -2.26933616, -0.2495034 ,  1.87863466,  1.98075104,
       -0.08504691]), array([-2.08413464, -0.410747  ])]]]
[150, 19, -1, -1, 0, [[array([[ 0.17776311, -1.06966298, -0.30845559, -1.32017636,  0.37601394,
         1.74578491],
       [-1.86844288, -1.74667842,  1.33873513,  0.37702609, -0.89034222,
         1.85739199],
       [ 1.4556052 ,  1.213082  ,  2.37952538, -0.83877466, -0.97409407,
         1.82858253],
       [ 1.57768761, -1.24181936,  1.50087684, -1.49739521,  0.74935574,
         1.3280582 ],
       [ 1.82964677, -0.31056069, -0.71802958,  0.91363667, -0.38808869,
        -0.83933153],
       [-0.3506739 ,  0.42418168, -1.71222989, -1.53753167,  1.14618286,
         1.25661365]]), array([[-1.57510639,  2.16181035],
       [-2.34460025,  0.21222404],
       [ 0.69831329, -1.00313653],
       [-0.01073479,  1.81341685],
       [-0.41903009, -0.92780091],
       [ 0.70270894, -0.28246623]])], [array([-0.24705747, -1.10941246, -1.56341588, -2.22677084, -0.7935157 ,
        0.10838059]), array([-1.20466282, -0.15863049])]]]
[150, 20, -1, -1, 1, [[array([[-1.00691661,  1.29159742, -2.05680924, -1.17285223,  1.79666223,
        -1.61758158],
       [ 2.24597486,  1.36649423,  0.59001565,  0.91447622, -1.99913458,
        -0.57854305],
       [-1.65941575, -1.62841663,  0.86998464, -1.21932792,  2.00325705,
        -1.24801101],
       [-0.60920663, -2.43671149,  0.58798712,  0.88111287, -2.05318285,
        -1.64767657],
       [ 1.16554415,  2.15195705,  1.59611648, -1.12197478,  0.14265462,
        -0.10860316],
       [ 2.28813206,  0.15351036,  2.18431333, -1.50989028,  0.90429067,
         1.84279872]]), array([[-1.59934027e+00, -1.47571528e+00],
       [ 5.47692302e-04, -1.41917032e+00],
       [ 1.54993593e+00, -4.97368049e-01],
       [-1.27415378e-02,  5.14112830e-01],
       [ 2.05931153e+00,  2.30109608e+00],
       [-8.39967328e-01, -1.19186321e+00]])], [array([-0.87232656,  1.75769712, -0.63420803, -1.49317005, -0.0894619 ,
       -1.72199248]), array([-0.53624457, -0.55402065])]]]
[150, 5, -1, -1, 0, [[array([[ 2.08098789, -0.20820301, -1.33736867,  2.33494569, -0.83390745,
         0.95629757],
       [-0.23719532, -0.25335223, -1.25935524, -1.04322531,  1.04245819,
        -0.67803038],
       [ 0.91742597,  0.76495523,  0.64324342, -1.47783337, -0.07950237,
        -1.58672339],
       [-2.07009877, -2.02784189, -1.91154611, -1.32524152, -1.41589636,
        -0.49131232],
       [ 1.56143924, -0.88591284,  1.61236218,  0.39666209,  2.10289178,
         2.17026042],
       [-0.01297032,  0.74337062,  0.33611627,  1.00355622, -2.42710727,
         1.0851425 ]]), array([[ 0.8741487 ,  1.30607264],
       [-1.92412362, -2.31268004],
       [ 1.72992821, -2.36970277],
       [-0.15493009,  1.58662997],
       [-0.19302918, -0.69090928],
       [ 1.52659419, -1.25095811]])], [array([ 1.06085918,  1.38613424,  0.451767  ,  0.36798642,  1.21932002,
       -1.73348821]), array([-1.42502331, -1.24300022])]]]
[150, 23, -1, -1, 1, [[array([[ 0.70759745,  2.38338967, -1.80679439,  1.43071946, -1.1640869 ,
         0.0413097 ],
       [ 1.36815932,  1.31000394, -0.18799915,  0.25260944, -0.32571522,
        -1.33561526],
       [ 2.36778601,  2.26844833, -2.36189024,  2.20211639, -0.93788751,
        -0.03029193],
       [-2.35412635,  1.8959695 ,  0.02539821, -1.76342142, -1.07722427,
        -1.49220846],
       [ 0.8669511 , -1.33343154,  0.04243394,  2.05546799, -1.98608043,
         2.4305353 ],
       [-1.31074309,  0.62103118, -0.53135551,  2.06026981,  2.10717479,
         1.77586131]]), array([[ 0.85908278,  2.42989515],
       [ 0.93602509,  1.35991906],
       [ 0.1076149 ,  1.4865893 ],
       [ 0.72809298, -2.19370811],
       [ 0.38483457, -1.28915771],
       [ 2.0581465 ,  0.01624017]])], [array([-0.76078028, -1.39032184,  2.31788658, -0.96468463, -1.25946152,
        1.30706485]), array([ 2.04932663, -2.32006327])]]]
[150, 21, -1, -1, 0, [[array([[ 1.45358107, -0.52464308,  0.08156901, -1.16152949,  0.24196744,
        -2.43834622],
       [ 0.7387275 , -1.29128412, -2.17975261, -1.4388672 ,  0.0894592 ,
         1.50788375],
       [ 1.85651532,  0.75867431, -1.44225695,  1.41297868,  1.08571869,
         2.02568269],
       [-0.93739411, -2.35309275, -0.01434561, -0.27201921, -1.06947727,
         2.00170531],
       [ 0.01891625, -1.92514228,  2.14084172, -2.3116854 ,  1.36626534,
         0.71794407],
       [-0.69186714,  1.35663601,  1.393569  ,  0.54034887,  2.36734357,
         1.26533901]]), array([[ 1.65127027,  0.99647158],
       [ 0.77152919, -1.25626973],
       [-1.51103464, -2.06302581],
       [ 0.95792357, -0.57261648],
       [ 0.19436698, -0.07453329],
       [-2.2758178 ,  1.39644626]])], [array([-2.15407009, -1.42146679,  2.19387115, -0.10063484,  0.75320295,
        0.34715474]), array([1.19593387, 0.01053245])]]]
[150, 0, -1, -1, 1, [[array([[ 1.36298423,  2.44615133, -1.3291223 ,  1.13584473, -1.3472129 ,
         2.2674531 ],
       [ 1.91044646, -0.41548663,  0.53080721, -2.32369071,  2.11664508,
        -1.1134484 ],
       [-1.09019837, -1.87846395, -1.85694807, -1.53385388,  2.35440151,
         1.50647677],
       [ 2.11235271,  0.29874285,  0.49281458,  2.36223897, -0.52424757,
        -2.14515266],
       [ 2.15558241, -1.39239295,  1.76370958,  1.91367211, -0.45398532,
         1.89168786],
       [ 1.00661497,  0.00395442,  0.5416168 , -1.05067382,  1.43073653,
         2.28360921]]), array([[ 1.19496036,  1.07150969],
       [-2.39697612,  0.63645107],
       [ 0.64163167,  0.63785486],
       [ 1.10120561,  1.26605562],
       [ 2.15494544,  1.7563166 ],
       [ 0.42970554, -0.71483493]])], [array([ 1.55489944, -0.89165647, -2.36399153,  1.97165221, -1.22412703,
        0.78676094]), array([1.99719126, 0.61646357])]]]
[150, 4, -1, -1, 0, [[array([[-0.44532001, -1.39099885,  1.24362473, -2.31182445,  1.69480735,
        -0.35553765],
       [-0.81347575, -0.8969972 ,  1.34212029,  0.00760402, -0.23386606,
         1.07222376],
       [ 0.99862866,  1.395157  ,  2.18736516, -1.46400289,  1.15885609,
         1.87663662],
       [-1.94080059, -0.1852392 ,  1.31905571, -2.00901758,  1.94462956,
        -2.39219021],
       [-0.27188558, -1.91835684,  2.17917727, -0.29800769, -1.63537587,
        -1.15422697],
       [ 2.12785296, -1.2046156 ,  0.29769238, -1.11952974,  0.80756699,
         0.5027508 ]]), array([[-1.42258599,  2.02410544],
       [-0.98913249, -0.24438013],
       [ 0.10407863, -1.73386664],
       [-0.18485281,  2.10699074],
       [ 0.80519593, -0.72925847],
       [ 1.06743194,  1.37536014]])], [array([ 1.08411709, -1.47399   , -0.10934025, -1.03711355,  1.2703769 ,
        2.12601833]), array([-0.77432525,  2.02162977])]]]
[150, 13, -1, -1, 1, [[array([[-1.27389327, -1.16128957, -0.91709199,  0.49670551,  1.53723646,
         0.13017603],
       [ 0.99868388,  0.11905221,  1.13769258, -0.83919107, -1.39026788,
        -2.41918413],
       [-2.31061053, -1.54578831, -0.69262288,  1.51379467, -0.81436734,
         0.80914111],
       [ 0.24433303, -2.2362288 ,  0.06670163, -2.25659159,  2.30197982,
         1.05162069],
       [-1.82721628, -1.27926246,  1.33552062, -0.66955453,  0.07298528,
        -0.8929693 ],
       [-0.80682269,  0.97198737, -1.94718422,  0.66400378, -1.62304749,
         1.78697551]]), array([[ 0.3406144 ,  2.36777523],
       [-1.16253208, -0.72289639],
       [ 2.20802009, -0.08947709],
       [ 0.31087723,  2.10017769],
       [-0.40684678, -0.99265772],
       [-1.2501429 ,  0.67672718]])], [array([ 1.31091221, -2.15165871,  0.86919402,  1.68001001, -1.27969175,
       -1.36826525]), array([-0.30466056, -0.88715359])]]]
[150, 16, -1, -1, 0, [[array([[ 1.16208466,  0.41802607, -1.68126453,  1.27908765,  0.90358002,
        -0.74323264],
       [-0.97638666, -0.92215754,  0.50696995,  2.34647867, -0.44529421,
         0.29831179],
       [-1.15423332,  0.11404413, -1.55330997, -0.07765311, -2.40702843,
         1.67156067],
       [ 1.52460117, -0.35694195, -1.85198583, -2.32771872, -1.89321361,
         1.24159863],
       [ 0.61193289,  0.28244554,  2.36502167, -1.98653183, -1.80182858,
        -2.2372141 ],
       [-0.48655352,  0.18500866,  1.68321397, -2.02579969,  1.12642668,
        -1.04353715]]), array([[ 0.48870931, -0.15433149],
       [-0.11048627, -1.41585625],
       [ 0.3189174 ,  0.34738186],
       [-0.68162346,  1.99458146],
       [ 0.63664471,  2.31181828],
       [-0.16038349, -0.66750486]])], [array([ 0.59841843,  1.33895835,  2.08019451,  0.2082571 , -1.44319807,
       -2.05653855]), array([ 0.89060006, -1.77983531])]]]
[150, 24, -1, -1, 1, [[array([[-1.65803818, -0.22948931, -1.21509189, -1.99663668, -1.95119212,
        -0.02038676],
       [-2.09523657,  1.99613495, -0.0161506 ,  1.29168558, -0.25489864,
        -0.22971662],
       [ 2.0412467 , -1.15838291,  1.85022424, -1.76694533, -1.74529324,
        -1.68693421],
       [-0.42948324,  2.04286536, -2.03279414, -0.63665926,  1.00170504,
         0.92880816],
       [-2.03890697,  1.97040022, -2.21494616,  0.55144263, -2.23226029,
        -1.98374418],
       [ 1.33205456, -2.26399483, -1.00902591, -2.36417628, -2.15795298,
        -0.10205723]]), array([[-2.05204268, -1.97429825],
       [ 1.72385454,  0.42672028],
       [-0.35689783, -2.44164024],
       [ 0.40910675,  0.52315729],
       [ 0.53822168, -1.13340878],
       [ 0.07980064, -2.36461386]])], [array([-0.28130187, -0.75391202,  0.45606399,  1.86458165, -1.57131872,
       -0.97083433]), array([-0.48665715,  0.68755847])]]]
[150, 2, -1, -1, 0, [[array([[-1.38956703,  1.24499998, -1.26553045,  0.77411904,  2.10650012,
         1.06919342],
       [ 0.99268857, -1.80431143,  0.45830057, -1.66910581,  2.03354164,
         1.10600328],
       [ 2.15663544, -0.11682939, -2.16135069, -1.45691893,  2.44244234,
        -1.8832701 ],
       [-1.19630149,  0.83489799,  1.20955232, -1.52679904, -1.82219912,
         0.18056799],
       [-1.9679114 , -0.76357177, -1.27661999,  2.42873469,  2.40752891,
         0.31396983],
       [-1.1922873 , -0.04472824,  1.93702017,  0.65329356, -1.45992599,
        -2.33671385]]), array([[-1.4267641 , -0.05651994],
       [ 0.22185354,  1.82788721],
       [ 2.32200655, -2.1787445 ],
       [-1.88564817, -2.00653271],
       [ 2.31766829, -0.22602035],
       [ 0.26214981, -0.80213578]])], [array([-2.40948618, -0.11391422, -0.75136956, -1.02709794, -0.88176515,
        1.90332218]), array([-6.07080911e-04, -1.06442889e+00])]]]
[150, 12, -1, -1, 1, [[array([[ 1.20790818, -2.34936766, -1.91467727, -0.56131058,  0.39732735,
         2.29524153],
       [-0.73143227, -1.09907277,  2.10948203,  0.64811386,  1.90414123,
        -2.32939307],
       [-0.81306424,  0.12183979,  1.82900248, -1.18570891,  0.84407896,
        -1.05936027],
       [ 0.75814722,  1.51462626, -1.99869172,  2.17062687, -1.13003899,
        -1.6811334 ],
       [ 0.95499687,  1.54453491, -1.57973623,  1.77439387,  2.33459158,
         1.41449785],
       [ 2.17157336,  1.24330639, -1.94773231, -0.53918764,  2.04546535,
        -1.79041252]]), array([[-0.9164531 ,  1.95929841],
       [ 1.43081104,  1.71756416],
       [ 0.49364266,  0.64097941],
       [ 1.65315773, -1.18426318],
       [ 1.8912961 ,  0.28230975],
       [ 1.77176814,  0.18919503]])], [array([-0.17251001, -2.38851597, -2.19249777,  0.49286041,  1.89000688,
        1.32115469]), array([ 2.02161125, -1.86651364])]]]
[150, 10, -1, -1, 0, [[array([[-1.61392797, -1.94031764,  1.77616865,  2.13569226, -2.37789843,
        -0.22821454],
       [ 0.37118478,  1.66327725,  1.39976717, -0.72964473,  0.83572553,
        -2.11439498],
       [-1.14663396,  1.60154981,  2.08723145,  0.98556032,  0.70882499,
        -1.47294152],
       [-0.50809097,  1.38437733, -1.12795821,  1.18132261,  1.80088061,
         1.17284986],
       [-1.11174765, -1.98280944, -0.23596248,  0.95996642,  0.71842416,
         2.01793564],
       [-1.8038428 ,  2.09456442, -1.16129428,  0.86363967, -2.27193746,
         0.48646309]]), array([[ 0.43457666,  0.59331743],
       [ 2.0921572 , -2.44687361],
       [-1.47860765, -0.81888282],
       [-0.81161326, -0.39657199],
       [ 1.98185361, -2.4169677 ],
       [ 0.23249483,  1.27056214]])], [array([ 0.66857349,  0.55473234, -0.88502304,  0.58524431, -0.93870708,
       -1.98319218]), array([-0.63754534,  1.84119671])]]]
[150, 1, -1, -1, 1, [[array([[ 0.9792373 ,  2.35407457,  1.59629786,  1.46423849,  0.0826492 ,
        -1.43134519],
       [-2.14111713, -0.61572467, -1.67454938,  0.72393912,  0.40464778,
        -1.78533372],
       [ 0.51370029, -1.04710206,  1.3158817 ,  1.31402842,  0.62834209,
         0.7848169 ],
       [ 0.70431643, -1.5425608 ,  2.20085641,  0.08432815, -2.00885639,
        -0.44865956],
       [ 2.15926714,  1.74956376, -2.41578875, -2.00801493,  0.64159091,
        -0.94844548],
       [-0.02290848, -2.32652255,  1.52313947, -0.20611135, -1.26577172,
        -1.55761642]]), array([[ 1.68783709, -0.98551728],
       [ 0.05542996,  0.97654213],
       [ 2.01943067, -1.91234304],
       [-2.38584904, -0.44240401],
       [ 2.25629232,  1.82263701],
       [ 0.26208406,  1.50787272]])], [array([ 0.58732513,  0.18254985,  0.01985538,  1.41196072,  2.38192332,
       -0.23790888]), array([-1.0500259 ,  0.20795419])]]]
[150, 8, -1, -1, 0, [[array([[ 1.22899923,  0.86363509,  1.39883932, -0.39590642,  0.86912103,
         2.15234057],
       [-0.22060804,  2.25740029, -2.07867218,  1.63485622, -2.42576991,
        -2.43608968],
       [ 0.73573844, -0.11718367, -2.10038967,  2.18958068,  1.89418508,
         0.11727711],
       [-0.96210996,  1.39216611, -1.76150289, -0.25141286,  1.12652948,
         0.35466734],
       [ 1.82706617,  1.59563024,  0.21650655, -1.86730131, -0.22781535,
        -1.0793447 ],
       [-1.47018205,  2.09283317, -0.5336121 ,  0.78020943, -1.37146028,
        -2.40728634]]), array([[-0.116387  , -1.57229014],
       [-0.48913927,  0.62287305],
       [-0.46354144,  1.20384978],
       [ 1.71104371, -0.76571196],
       [ 1.30629276, -2.37388101],
       [-2.37666809,  0.86480988]])], [array([ 0.33864038,  0.92004475, -0.15821014,  0.17260626, -2.0111392 ,
       -1.53966139]), array([1.78572362, 1.74088981])]]]
[150, 7, -1, -1, 1, [[array([[ 1.97590137, -1.67595471,  2.30426913, -2.3806906 , -2.15251941,
         0.89038786],
       [ 1.17342215, -0.19799975,  0.22855485, -1.30778879, -1.93991699,
         1.09554748],
       [-1.19235361, -1.7687014 ,  0.24222472,  0.7273273 ,  2.29802456,
        -0.61749631],
       [ 1.63176759,  1.32472344,  1.84281898, -1.88266554, -0.1379879 ,
         1.52463221],
       [-1.08719475,  1.14213135,  0.70046398,  0.07399791,  1.58168402,
        -0.32305403],
       [ 0.13831447, -0.36374027,  0.53866319, -0.74985484, -0.04689483,
        -2.39401567]]), array([[ 1.43499939,  0.04291483],
       [-2.33780326, -2.1593765 ],
       [-0.53061214,  2.35595355],
       [-1.91063457,  0.40331338],
       [ 1.54057246,  0.33700499],
       [ 1.65853313, -1.02209874]])], [array([ 0.41859177,  0.36525087,  1.65124893, -2.42123147,  1.46501517,
        0.57454972]), array([-0.36834894,  1.76047598])]]]
[150, 11, -1, -1, 0, [[array([[ 1.81898536,  0.91520402, -1.01355246,  0.88469054, -2.29163495,
        -1.290591  ],
       [ 0.95683515,  0.14086169,  0.14413279,  1.25496328,  1.95141971,
         1.29955258],
       [ 0.30844346, -0.76917337,  1.29818905,  1.72540939,  1.61430028,
        -0.27797898],
       [ 0.64625285,  1.44893802, -2.39643734, -1.26954099,  0.56031375,
        -1.25780946],
       [ 1.90971963,  0.96068892,  2.35726967, -0.8746463 ,  1.38490452,
        -2.10071302],
       [-1.82965319,  1.92939002,  1.59717832,  1.95820799,  2.35957322,
        -1.92085926]]), array([[ 0.55167564,  0.6148746 ],
       [ 0.27135629,  1.50463919],
       [ 1.78508206, -0.71530654],
       [ 0.46187542,  0.26484796],
       [ 1.43672453,  0.16047956],
       [ 1.88362534,  0.70913067]])], [array([ 1.63158607, -0.06510772,  2.10886306,  1.07101596, -0.27643011,
        1.54369373]), array([ 0.52751018, -2.17731519])]]]
[150, 15, -1, -1, 1, [[array([[-0.28934693, -1.0068321 ,  1.69022162, -1.85712313, -2.14212267,
        -2.05759248],
       [ 0.59989851, -1.32116341,  0.40721211, -1.0722681 ,  0.58039618,
        -2.09782559],
       [-0.47049302,  1.27991828,  1.5903606 , -0.30308826,  1.15643526,
         0.35557545],
       [ 0.96638297, -1.43662175, -1.71599958,  2.08362439, -0.79096213,
         1.20600177],
       [-0.24017194, -2.02833714,  0.67814314,  1.71846508, -0.56978777,
        -1.73509587],
       [-1.04033132, -1.32963197, -0.68754445, -1.60353907,  2.0769652 ,
        -1.92292936]]), array([[ 2.30688706e+00, -2.18331710e+00],
       [-3.11373703e-01,  2.06195757e+00],
       [-7.45698636e-01, -1.79176695e+00],
       [-1.37644391e+00, -5.33126254e-01],
       [ 4.98458953e-01,  1.34420742e+00],
       [ 2.93327623e-02, -8.80009407e-04]])], [array([ 1.06883916, -1.5566926 ,  1.68002922,  1.84797101,  1.91098191,
       -0.28231855]), array([ 1.4209339 , -0.74392594])]]]
[150, 3, -1, -1, 0, [[array([[ 1.17813663,  1.44427246,  0.18372141,  2.34769404, -1.42486867,
        -0.07487411],
       [-2.3990094 , -1.28531606, -1.97332542,  2.42318001, -0.35837792,
         0.33287072],
       [-2.43273356, -2.14393937, -2.16861048,  1.67455019, -1.33709337,
         1.07845699],
       [ 0.48920423,  0.40387224, -0.13112492,  2.1820656 , -0.30579467,
         2.20522086],
       [ 1.54321428, -1.56023601, -0.03589264, -1.6077974 ,  1.15005355,
        -0.9826381 ],
       [-1.70691772,  1.77640494, -1.36130631, -0.6022344 ,  0.95209097,
         1.0308467 ]]), array([[ 1.04460371,  1.82031734],
       [-0.35402905,  0.81110643],
       [ 1.3533493 , -1.34014882],
       [ 0.74163587,  0.42634572],
       [ 0.9913561 ,  1.47882688],
       [ 1.5929796 ,  1.85138048]])], [array([ 2.31014032, -0.55403749, -2.07975875, -0.32890777,  1.30760849,
       -0.50445822]), array([0.82208599, 0.319046  ])]]]
[150, 22, -1, -1, 1, [[array([[ 0.3872439 ,  0.64323172,  0.67542093,  0.14292563, -1.68529858,
         1.01983474],
       [-2.17625041, -0.30638768,  0.18698795,  0.34113535,  2.3240082 ,
        -0.97812333],
       [ 2.05086591,  2.30904747, -2.13579819,  0.66221622, -1.22438853,
        -2.37507696],
       [-1.38975632, -2.25648001, -0.27940038, -1.22904602,  0.37844537,
        -0.27885093],
       [ 2.02587549,  1.07215347,  0.395196  , -0.44480903,  0.7731035 ,
        -0.44636672],
       [ 2.08149343,  1.2240459 ,  2.36278638,  1.22415061, -1.50349374,
        -1.73559767]]), array([[-0.9936367 , -1.06072011],
       [ 2.118972  ,  0.86716043],
       [ 0.26568015,  1.64921181],
       [-1.40021312,  0.95538413],
       [-0.32218258, -2.25201718],
       [-0.19570787,  1.70531982]])], [array([-1.28589427,  0.59683167, -0.73390853, -1.95289311, -2.18183807,
        2.06517272]), array([ 1.69192229, -1.65654386])]]]
[150, 17, -1, -1, 0, [[array([[-1.94856476,  0.78898614,  2.16980456,  0.68045879, -0.62741032,
         0.65813096],
       [ 1.59949274,  0.83601319, -0.68523925,  2.04278491,  0.42035885,
        -0.86049492],
       [ 2.08006036,  2.34921007, -1.3053046 ,  0.54915224,  2.15141648,
         2.07317739],
       [ 0.01213543,  2.05230415, -0.1499751 ,  1.58833779,  0.02822173,
        -0.6957802 ],
       [-0.24356852,  1.43741373, -1.41062255,  2.13825313,  0.22755013,
        -0.78584086],
       [ 1.2916753 ,  0.47276697, -1.67999528, -1.5458453 ,  1.23104282,
        -0.72173582]]), array([[-0.80148255, -0.68561953],
       [-0.81228741, -0.43643495],
       [ 0.91524492,  1.75902833],
       [-0.98334372,  0.40851163],
       [ 1.79103271, -1.02538815],
       [ 1.59887482, -1.64310873]])], [array([ 1.16734226,  1.12589196,  0.07021525,  1.50206221,  0.47012466,
       -0.80528405]), array([-1.72088842, -2.08219396])]]]
[150, 9, -1, -1, 1, [[array([[-0.79122202,  1.81065142,  0.39227522, -0.45381194, -1.15840278,
        -2.21475461],
       [ 1.82994725,  0.97975609,  1.42913992, -0.69562322,  0.51673635,
        -0.6888656 ],
       [ 1.07349585, -1.46913854, -0.54874922, -2.03739529, -1.94174939,
        -1.22382697],
       [ 0.14273947,  0.69705826, -2.04187641, -1.46953425, -1.17732426,
         0.2840869 ],
       [ 0.08842074,  2.37897881,  2.12394208, -1.3428921 ,  1.02075125,
        -1.60629695],
       [-0.79277328, -0.04971916, -1.33146731, -1.58386176,  1.89981528,
        -2.11960657]]), array([[ 1.73101338, -0.02524912],
       [ 0.40193309,  0.01308614],
       [ 1.5559376 , -1.9201936 ],
       [-2.27110467,  1.66808903],
       [ 1.19334731, -1.3359349 ],
       [ 0.33271208, -2.02834666]])], [array([-2.06493835,  1.02882594, -0.97465522, -1.89311928, -0.36599303,
       -1.05605944]), array([1.67183863, 2.23615102])]]]
[150, 14, -1, -1, 0, [[array([[ 0.23812264,  1.3581576 ,  0.00871498, -0.19989864, -1.72086437,
        -0.989448  ],
       [-1.57552339,  2.04590143, -1.06561404, -1.71237392, -1.07944489,
        -1.86722852],
       [-2.03689196,  2.41915798,  0.00259023,  1.65706908,  0.99191851,
        -0.64456919],
       [ 2.33370814, -0.43713233, -1.64666116,  1.35237398,  0.28335262,
        -2.17768619],
       [-0.79363485, -1.90076976, -2.13935308,  1.73600735, -0.83335825,
        -1.84299152],
       [ 0.96084765,  0.39447495, -2.4313476 , -0.26560093, -2.10461202,
        -0.22120246]]), array([[-2.3982044 , -1.25973154],
       [-0.72682808, -0.03587646],
       [ 1.31048608, -2.44349445],
       [-1.2781856 ,  0.05933228],
       [-0.85919276, -1.24644682],
       [-1.39217652,  1.8374874 ]])], [array([ 1.84283617, -2.10544302,  1.25757751, -2.05765054,  0.45721245,
        2.33710537]), array([-1.77612762,  1.82876841])]]]
[858358, 18, 'death']
[858508, 6, 'death']
[858658, 19, 'death']
[858808, 20, 'death']
[858958, 5, 'death']
[859108, 23, 'death']
[859258, 21, 'death']
[859408, 0, 'death']
[859558, 4, 'death']
[859708, 13, 'death']
[859858, 16, 'death']
[860008, 24, 'death']
[860158, 2, 'death']
[860308, 12, 'death']
[860458, 10, 'death']
[860608, 1, 'death']
[860758, 8, 'death']
[860908, 7, 'death']
[861058, 11, 'death']
[861208, 15, 'death']
[861358, 3, 'death']
[861508, 22, 'death']
[861658, 17, 'death']
[861808, 9, 'death']
[861958, 14, 'death']
[862058, 16, 'birth', 5, 9, 1, [[array([[ 2.08098789, -0.20820301, -2.44948974,  2.33494569, -0.83390745,
         0.95629757],
       [-0.23719532, -0.25335223, -1.25935524, -1.04322531, -0.34852087,
        -0.67803038],
       [ 0.91742597,  0.76495523,  0.64324342, -1.47783337, -0.07950237,
        -1.58672339],
       [-2.07009877,  0.18842552, -1.91154611, -1.32524152,  0.49621724,
        -0.49131232],
       [ 1.56143924,  2.44311722,  1.61236218,  0.39666209,  2.10289178,
         2.17026042],
       [-0.01297032, -0.04971916,  2.44948974, -1.58386176, -1.72551768,
        -2.11960657]]), array([[ 1.41421356, -0.02524912],
       [ 0.40193309,  0.01308614],
       [ 1.41421356, -1.41421356],
       [-1.41421356,  1.41421356],
       [ 1.19334731, -1.3359349 ],
       [ 0.33271208, -1.41421356]])], [array([-2.06493835,  1.02882594, -1.40282848, -1.89311928,  1.35265958,
       -1.05605944]), array([1.41421356, 1.41421356])]]]
[862058, 4, 'birth', 17, 6, 0, [[array([[-1.94856476,  0.78898614,  2.16980456,  0.68045879,  2.44948974,
         0.66557744],
       [-0.47326315, -2.03474757, -1.94776761, -1.10018463,  0.59683237,
        -1.86828034],
       [ 1.54911102,  0.8407071 , -0.40780751, -1.23524057, -0.18352286,
        -0.50885188],
       [-1.51021336,  2.44948974,  1.07628249,  0.42345984,  2.18370572,
         1.22430264],
       [-2.19602548,  0.68469433,  0.19599666, -1.55080586,  1.8385409 ,
         0.38047538],
       [ 2.40468961, -2.44948974, -0.35544374,  2.25587943, -0.63148604,
         0.32877152]]), array([[-0.5601825 , -1.41421356],
       [-1.41421356, -1.08689872],
       [-1.41421356,  1.41421356],
       [-1.41421356,  1.41421356],
       [ 1.41421356,  1.15919782],
       [-0.90907191,  1.41421356]])], [array([ 1.80449249, -2.26933616, -1.94246214,  1.87863466,  1.98075104,
       -0.08504691]), array([-1.41421356, -0.410747  ])]]]
[862058, 8, 'birth', 21, 22, 0, [[array([[ 1.45358107, -0.52464308,  0.08156901, -1.16152949,  0.24196744,
        -2.43834622],
       [ 0.7387275 , -1.40982317,  0.18698795,  0.34113535,  2.3240082 ,
        -0.97812333],
       [ 2.05086591,  2.30904747, -2.13579819,  0.66221622, -0.74149473,
        -0.99704825],
       [-1.38975632, -2.25648001, -0.27940038, -1.22904602,  0.37844537,
         1.53159223],
       [ 2.02587549,  1.07215347,  0.395196  , -0.44480903,  0.7731035 ,
        -0.44636672],
       [ 2.44948974,  2.12228209,  2.36278638,  1.22415061, -1.50349374,
        -1.73559767]]), array([[-0.9936367 , -1.35930461],
       [ 1.41421356,  0.86716043],
       [ 0.26568015,  1.41421356],
       [-1.40021312,  0.95538413],
       [-0.80983733, -1.41421356],
       [-0.19570787,  1.41421356]])], [array([-1.28589427,  0.59683167, -0.96138061, -1.95289311, -2.18183807,
        2.06517272]), array([ 1.41421356, -1.41421356])]]]
[862058, 12, 'birth', 18, 6, 1, [[array([[-2.44948974,  0.07484177,  0.35067152,  0.64512852,  0.21057478,
        -2.44948974],
       [ 1.44247626,  2.34131314,  2.44948974, -2.44948974,  0.72326863,
        -2.44948974],
       [-1.01147511,  0.40500039,  0.647242  , -1.55829134, -1.82230299,
         2.29445121],
       [-2.42634533,  1.85042317, -2.00254479, -1.70924535,  0.75144535,
        -0.28659882],
       [-0.2707632 ,  1.37414326,  1.26332434,  2.44948974,  0.39446815,
        -0.05977399],
       [ 2.29964099, -0.02758855, -2.18443744,  2.44948974, -1.39039672,
        -0.93342566]]), array([[-1.41421356, -1.41421356],
       [ 1.41421356,  0.40170225],
       [-1.2855308 , -1.41421356],
       [ 1.41421356,  0.56984408],
       [ 1.41421356,  0.73036417],
       [ 0.10023534,  1.12116333]])], [array([ 0.54117856, -1.98060626, -0.63240154,  1.87863466,  2.44948974,
        2.44948974]), array([-1.41421356, -0.11962467])]]]
[862058, 0, 'birth', 10, 24, 1, [[array([[-1.61392797, -1.94031764,  1.77616865,  2.13569226, -2.37789843,
        -0.22821454],
       [ 0.37118478,  1.66327725,  1.39976717, -1.73500995,  1.86438648,
        -2.44948974],
       [-1.14663396,  1.60154981,  2.08723145,  0.98556032,  0.70882499,
        -1.54573918],
       [-0.50809097,  1.6883737 , -1.12795821,  1.18132261,  1.80088061,
         2.44948974],
       [-1.11174765, -1.98280944, -0.23596248,  0.95996642,  0.71842416,
         2.44948974],
       [-1.36712767,  2.09456442, -1.16129428,  0.06865012, -2.27193746,
         0.48646309]]), array([[-1.05545671,  0.59331743],
       [ 1.41421356, -1.41421356],
       [-1.41421356, -0.81888282],
       [-0.81161326, -0.39657199],
       [ 1.41421356, -1.41421356],
       [ 1.06212401,  1.27056214]])], [array([ 0.66857349, -2.44948974,  0.45606399,  1.86458165, -1.57131872,
       -0.97083433]), array([0.24039195, 0.68755847])]]]
[862058, 23, 'birth', 2, 6, 1, [[array([[-1.38956703,  1.24499998, -0.06648009, -1.89529292,  2.10650012,
        -0.62841522],
       [ 0.99268857, -1.80431143,  0.45830057, -1.66910581,  0.31403984,
        -1.86828034],
       [ 1.54911102,  0.8407071 , -0.40780751, -0.42804424, -0.18352286,
        -2.33511632],
       [-1.51021336,  0.52022451,  1.07628249,  0.42345984,  2.44948974,
         1.22430264],
       [-2.19602548,  0.68469433,  0.19599666, -1.55080586,  1.8385409 ,
         0.38047538],
       [ 2.40468961, -0.32897595, -0.35544374,  0.63325516, -0.63148604,
        -1.51545263]]), array([[-0.5601825 , -1.41421356],
       [-1.41421356, -1.08689872],
       [-1.41421356, -0.69847642],
       [-1.41421356,  1.41421356],
       [ 1.41421356,  1.15919782],
       [-0.78368433,  1.41421356]])], [array([ 2.27070526, -2.26933616, -0.2495034 , -0.14313986,  1.38652447,
        2.44948974]), array([-1.41421356, -0.410747  ])]]]
[862058, 13, 'birth', 17, 24, 0, [[array([[-1.94856476,  0.78898614,  2.16980456, -1.82211478, -2.44948974,
         0.65813096],
       [ 2.44948974,  0.83601319, -0.68523925,  2.04278491,  0.42035885,
        -0.87467507],
       [ 2.08006036,  2.34921007, -1.3053046 ,  0.54915224,  0.99497054,
         2.07317739],
       [ 0.01213543,  2.05230415, -0.1499751 ,  0.04233396,  0.66556292,
        -0.6957802 ],
       [-0.24356852,  1.43741373, -1.41062255,  2.13825313,  0.22755013,
        -0.78584086],
       [ 1.2916753 ,  0.47276697, -1.67999528, -1.5458453 , -1.51087002,
        -0.72173582]]), array([[-1.41421356, -0.68561953],
       [-0.81228741, -0.43643495],
       [-0.35689783, -1.41421356],
       [ 0.40910675,  0.52315729],
       [ 0.53822168, -1.13340878],
       [ 0.07980064, -1.41421356]])], [array([ 2.44948974, -0.75391202,  2.44948974,  1.86458165, -1.57131872,
       -0.97083433]), array([-0.48665715,  0.68755847])]]]
[862058, 15, 'birth', 14, 23, 0, [[array([[ 0.23812264,  1.3581576 ,  0.00871498, -0.19989864, -2.44948974,
        -0.989448  ],
       [-1.96665531,  2.04590143, -1.06561404, -1.71237392, -1.07944489,
        -1.86722852],
       [-2.03689196,  2.41915798,  0.00259023,  1.65706908,  0.99191851,
        -0.64456919],
       [ 2.33370814, -0.43713233,  0.13944839,  1.35237398,  0.28335262,
        -2.17768619],
       [ 2.2035291 , -1.90076976, -2.13935308, -2.44948974, -0.83335825,
        -1.84299152],
       [ 0.96084765,  0.39447495, -2.4313476 , -0.26560093, -2.10461202,
        -0.73218561]]), array([[-1.10997531, -1.25973154],
       [-0.72682808, -0.03587646],
       [ 1.19167655, -1.41421356],
       [-1.2781856 ,  0.05933228],
       [-1.41421356, -1.24644682],
       [-1.39217652,  1.41421356]])], [array([-0.06975387, -0.08321115,  1.25757751, -2.05765054,  0.45721245,
       -0.11384838]), array([ 1.41421356, -1.41421356])]]]
[862058, 21, 'birth', 18, 24, 1, [[array([[ 2.44948974,  0.07484177,  0.35067152,  0.64512852,  0.72505113,
        -1.92283369],
       [ 2.3454426 ,  2.34131314, -2.42354091, -0.99401688,  0.72326863,
         1.03331822],
       [-2.44948974,  0.40500039, -2.44948974, -2.44948974, -1.82230299,
         2.29445121],
       [-2.42634533,  1.82046348, -2.00254479,  1.64882704,  0.75144535,
        -2.44948974],
       [-0.2707632 ,  1.37414326,  1.26332434, -0.18656192,  0.39446815,
         1.12644345],
       [ 2.29964099, -0.02758855, -2.18443744, -0.51513633, -1.39039672,
        -0.93342566]]), array([[-1.41421356, -1.41421356],
       [ 1.41421356,  0.42672028],
       [-0.35689783, -1.41421356],
       [ 0.75455362,  0.52315729],
       [-1.41421356, -1.13340878],
       [ 0.07980064, -1.41421356]])], [array([-0.28130187, -0.75391202,  0.45606399,  2.02957096,  0.84379926,
       -0.97083433]), array([-0.48665715,  0.68755847])]]]
[862058, 22, 'birth', 21, 20, 0, [[array([[ 1.45358107, -0.52464308, -0.77765792, -1.16152949,  0.24196744,
        -0.17257675],
       [ 0.7387275 ,  2.44948974, -2.17975261, -1.4388672 ,  0.0894592 ,
         1.50788375],
       [ 1.85651532,  0.75867431, -1.44225695,  1.41297868,  1.08571869,
         2.02568269],
       [-0.93739411, -2.35309275, -0.01434561, -0.27201921, -1.06947727,
         2.44948974],
       [ 0.01891625, -1.92514228,  2.14084172, -2.3116854 ,  1.36626534,
         0.71794407],
       [-0.69186714,  1.35663601,  1.393569  ,  0.54034887,  2.36734357,
         2.20463063]]), array([[ 1.41421356,  0.99647158],
       [ 1.41421356, -1.25626973],
       [-1.41421356, -1.41421356],
       [ 0.95792357, -0.57261648],
       [-0.40356317, -0.07453329],
       [-1.28462569, -1.19186321]])], [array([-0.87232656,  1.75769712, -0.63420803, -1.49317005,  2.0942377 ,
       -1.72199248]), array([-0.53624457, -0.55402065])]]]
[862058, 1, 'birth', 2, 24, 1, [[array([[-1.38956703, -0.67481988, -1.26553045,  0.77411904,  2.10650012,
         1.06919342],
       [ 0.99268857, -1.80431143,  0.45830057, -1.66910581,  2.03354164,
         1.10600328],
       [ 2.15663544, -0.11682939, -2.16135069, -1.45691893, -0.28539397,
        -1.8832701 ],
       [-1.59032347,  0.83489799,  1.20955232, -0.75917312,  0.23313846,
         0.18056799],
       [-1.9679114 , -0.76357177, -1.27661999,  2.42873469,  2.40752891,
         0.31396983],
       [-1.1922873 , -0.4163894 ,  1.93702017,  0.65329356, -1.45992599,
         1.05710885]]), array([[-1.41421356,  0.96792061],
       [ 1.41421356,  1.41421356],
       [ 1.41421356, -1.41421356],
       [-1.41421356, -1.41421356],
       [ 1.41421356, -1.13340878],
       [ 1.19784533, -1.41421356]])], [array([-2.44948974,  0.60592771,  0.45606399,  1.86458165, -2.44948974,
       -0.97083433]), array([-0.48665715,  0.68755847])]]]
[1067060, 19, 'birth', 15, 16, 1, [[array([[ 0.23812264, -0.43710806,  0.00871498, -0.19989864, -2.44948974,
        -0.989448  ],
       [-1.96665531,  2.04590143, -1.06561404, -1.71237392, -1.07944489,
        -1.86722852],
       [-2.03689196,  0.74012231,  0.69634557, -1.79613291,  0.99191851,
        -0.64456919],
       [ 2.44948974, -0.43713233,  0.13944839,  1.35237398, -1.59702133,
        -2.17768619],
       [ 2.2035291 , -2.44948974, -2.44948974, -2.44948974, -0.83335825,
        -1.84299152],
       [ 0.96084765,  0.39447495, -1.53620791, -0.26560093, -2.10461202,
        -0.73218561]]), array([[-1.10997531, -1.25973154],
       [-0.72682808, -0.03587646],
       [ 1.41421356, -1.41421356],
       [-1.41421356,  1.41421356],
       [ 1.19334731, -1.3359349 ],
       [ 0.33271208, -1.41421356]])], [array([-2.06493835,  1.02882594,  0.68339643, -1.89311928,  1.35265958,
       -1.05605944]), array([1.41421356, 1.41421356])]]]
[1216912, 3, 'birth', 15, 19, 0, [[array([[ 0.23812264,  1.3581576 ,  0.00871498, -0.19989864, -2.44948974,
        -0.989448  ],
       [-1.96665531,  2.04590143, -1.06561404, -1.71237392, -1.07944489,
        -1.86722852],
       [-2.44948974,  1.62548443,  0.00259023,  1.65706908,  0.99191851,
        -0.64456919],
       [ 2.44948974, -0.43713233,  0.13944839,  1.35237398, -1.59702133,
        -2.17768619],
       [ 2.2035291 , -2.44948974, -2.44948974, -2.44948974, -2.44948974,
        -1.84299152],
       [-0.19572687,  0.39447495, -1.53620791, -0.26560093, -2.10461202,
        -0.73218561]]), array([[-1.41421356,  1.28424391],
       [-0.72682808, -0.03587646],
       [ 1.41421356, -1.41421356],
       [-1.41421356,  1.41421356],
       [ 1.19334731, -1.3359349 ],
       [ 0.33271208, -1.41421356]])], [array([-2.06493835,  1.02882594,  0.68339643, -1.89311928,  1.35265958,
       -1.34052582]), array([1.41421356, 1.41421356])]]]
[1222962, 11, 'birth', 3, 21, 1, [[array([[ 0.23812264,  1.3581576 ,  2.44948974, -0.19989864, -2.16949476,
        -2.38436624],
       [-1.96665531,  2.04590143, -1.06561404, -1.71237392,  0.23254999,
        -1.86722852],
       [-2.44948974,  1.62548443,  0.00259023,  1.65706908,  0.99191851,
        -0.64456919],
       [ 2.44948974, -0.43713233,  0.13944839,  1.35237398, -1.59702133,
        -2.17768619],
       [ 2.2035291 , -2.44948974,  1.84423636, -2.44948974, -2.44948974,
        -1.84299152],
       [-0.65668039,  0.39447495, -1.53620791,  1.79799053, -2.33120222,
        -0.93342566]]), array([[-1.41421356, -1.41421356],
       [ 1.04303083,  0.42672028],
       [-0.35689783, -0.94894981],
       [ 0.75455362,  0.52315729],
       [-1.41421356, -1.13340878],
       [ 0.07980064, -1.41421356]])], [array([-0.28130187, -0.75391202, -1.16986268,  0.39264476,  2.44948974,
       -2.44948974]), array([-0.48665715,  0.68755847])]]]
[1267462, 16, 'death']
[1267612, 4, 'death']
[1267762, 8, 'death']
[1267912, 12, 'death']
[1268062, 0, 'death']
[1268212, 23, 'death']
[1268362, 13, 'death']
[1268562, 15, 'death']
[1268712, 21, 'death']
[1268862, 22, 'death']
[1269012, 1, 'death']
[1329363, 19, 'death']
[1357963, 3, 'death']
[1358163, 11, 'death']
[1358163, 'Extinction!']
