[time, indiv, parent1, parent2, gender, brain]
[150, 10, -1, -1, 0, [[array([[-0.53250772,  2.00723981, -0.93075217,  0.03573253,  1.27116111,
        -1.28382931],
       [ 0.03393608,  2.15992212, -2.26887911, -0.89120744,  0.01822368,
        -1.28071153],
       [-1.72845965,  1.87044097,  0.14884753,  1.79753956, -0.87590929,
        -0.03818975],
       [ 0.35145664,  0.29652463, -0.4217384 ,  0.04941606, -0.75810431,
        -0.4547242 ],
       [ 0.35329572,  0.26858752, -2.42521378,  1.54296156, -1.63521222,
         0.6984309 ],
       [-2.41226493, -0.57345447,  2.17828424, -1.64125924,  0.05730754,
         0.08359563]]), array([[ 1.04353146, -0.57463913],
       [ 0.35173961,  2.04368312],
       [-2.12614665, -0.79410234],
       [ 0.23921355, -1.70292135],
       [ 2.44516487, -1.25655969],
       [-1.71362034,  0.26328662]])], [array([ 1.57602742,  0.21638589, -1.37827814, -1.83862571, -1.26800224,
       -2.02472025]), array([ 1.24672091, -1.84033575])]]]
[150, 14, -1, -1, 1, [[array([[ 0.71678702, -2.1907994 ,  2.22644399, -1.97082807,  0.93669076,
         1.04385844],
       [-2.0469471 , -0.92412373, -2.36742117, -0.36826182, -2.27885959,
        -1.3879825 ],
       [ 0.18418944, -1.77347435, -1.87396809, -0.38591845,  1.68979658,
         1.88959051],
       [ 1.76647295,  1.31322149,  0.4109492 ,  1.0666807 , -1.17036537,
         1.750187  ],
       [ 2.1924041 , -1.64029876, -0.15420657, -0.87378159,  0.78861109,
        -2.44508622],
       [-1.88187652,  0.36834747, -2.05688561, -1.96841965,  0.43406268,
         2.34339954]]), array([[ 0.22397311, -0.17323718],
       [-0.85056878,  0.504347  ],
       [ 1.60001582, -0.67313982],
       [-0.10043907,  0.8807968 ],
       [ 1.07836456,  0.34697778],
       [-2.44445874, -2.11990695]])], [array([ 0.69166081, -1.35881642, -2.32683172,  0.18244577, -2.25221887,
        1.65806114]), array([2.39295956, 1.81821517])]]]
[150, 9, -1, -1, 0, [[array([[-1.82705858,  1.95760066,  2.16910053,  2.35899982,  0.8076474 ,
         1.1380183 ],
       [-1.02208792, -1.48206118, -0.90124309,  0.89451293, -1.04463218,
         2.29844755],
       [-0.39074535,  1.78480279,  2.19906102, -1.17122992,  2.43515914,
         0.66068581],
       [ 1.68884473,  0.59903107, -2.36030505, -1.74346274,  0.31188513,
        -1.71301504],
       [ 0.75597426, -0.01842999, -0.56117498,  2.22749893, -0.97130358,
         0.81184204],
       [-1.67349998,  2.2851001 , -0.00478373, -0.36588536,  1.26908651,
        -0.97343835]]), array([[-0.74642081,  2.1739484 ],
       [-0.69120291, -2.10018934],
       [-1.22278363,  1.71218381],
       [ 2.0807428 , -1.35127083],
       [ 2.25521526,  2.13975771],
       [ 1.94014765, -1.08010333]])], [array([ 2.24106261,  0.69568263, -1.63795085,  0.59767319,  1.40246303,
       -0.05380085]), array([1.67325469, 1.06552961])]]]
[150, 8, -1, -1, 1, [[array([[-1.40056786, -0.37627218,  1.38870782,  0.16058506,  1.51871287,
        -1.14892656],
       [ 0.55997769, -2.42574402, -0.71965011, -2.2438885 ,  1.6362904 ,
        -1.21038251],
       [ 0.9644511 ,  2.23334887,  2.1878211 , -1.59032962, -1.44048342,
        -1.72719497],
       [ 2.40217816, -1.42822732,  0.32809313,  1.89752641, -1.77905944,
        -0.81772398],
       [ 1.86071392,  1.17633273,  0.40570402, -2.18325459, -1.93036424,
         1.09598138],
       [ 0.83961695, -1.46272847, -2.06327315,  2.38649402, -1.40295036,
         1.8372709 ]]), array([[-1.4420384 , -2.05055116],
       [ 1.07352232,  1.65624734],
       [-1.8332295 , -0.17932408],
       [-0.40215959, -0.15135514],
       [ 0.93302264, -2.19673047],
       [-0.96690704,  2.3937773 ]])], [array([ 0.69626195, -1.80830459,  0.05466327, -0.55589665, -0.56245967,
        2.40050204]), array([-0.85494278, -0.86296248])]]]
[150, 19, -1, -1, 0, [[array([[ 2.12315121e-01,  3.85559066e-01,  7.84339094e-01,
         1.32575972e+00,  2.29701411e-03,  6.14594070e-01],
       [ 2.39064197e+00,  4.66411521e-01,  1.98032084e+00,
         1.70811861e+00, -2.29856238e-01,  9.46685261e-01],
       [ 9.01232344e-01, -8.69143612e-01, -6.15557861e-01,
         1.95006139e+00,  2.07997471e+00, -3.96733034e-02],
       [ 1.50653811e+00,  5.73531825e-01, -7.55391498e-01,
        -2.20024142e+00, -1.70652573e+00, -1.76420156e-02],
       [-5.96469571e-01, -1.37749202e+00, -1.55279329e+00,
        -2.20073258e+00, -2.08668661e+00,  1.04177736e+00],
       [ 1.83854637e+00, -1.10836615e+00,  1.21356709e+00,
        -2.40599279e+00,  1.30137314e+00,  5.91345635e-01]]), array([[ 0.35836353,  2.15996525],
       [ 0.87460233, -2.00727021],
       [ 2.16508443, -2.34478048],
       [-1.59091708, -1.68603471],
       [-0.29694603, -0.6800588 ],
       [-0.65038742,  1.59051502]])], [array([-0.92802008,  2.34796093,  1.07364759, -1.84360882,  0.65790258,
       -2.32156061]), array([-1.20457443,  0.09010023])]]]
[150, 20, -1, -1, 1, [[array([[-1.07051908,  0.42005835,  0.75368254,  0.59058712,  2.11842619,
         0.33096218],
       [ 0.13946101, -0.05213563,  1.51115534, -1.01510864, -1.33704822,
        -1.53108482],
       [-2.18598769,  1.18926677,  1.07099928,  1.35253568,  0.04317149,
        -1.95330612],
       [ 2.3191228 , -1.44110764, -2.33614785, -0.49557302, -1.23211463,
         2.30793085],
       [-2.35983773,  1.85959748,  1.05383367,  1.05938422, -0.59295322,
        -2.08297381],
       [ 0.06891649, -1.69821183,  1.8425915 , -1.70306066,  0.88691177,
        -2.18012471]]), array([[-0.89464801,  1.61103021],
       [ 1.5747978 ,  0.72706293],
       [-1.26301216,  1.9607719 ],
       [ 1.61549547,  2.04223847],
       [ 2.038099  ,  2.12356665],
       [ 1.43500215, -0.6666514 ]])], [array([-1.6490748 , -2.32473321,  0.03253932, -0.03267476,  0.79140055,
        1.05291891]), array([2.15140175, 1.79179227])]]]
[150, 17, -1, -1, 0, [[array([[ 2.04458591e-03,  1.20964418e+00, -1.20759721e+00,
         1.89654199e+00, -1.25044426e-01, -7.29267057e-01],
       [-1.21135552e+00, -2.18032462e+00,  2.05448447e+00,
         8.69799877e-01,  1.12671788e+00,  1.86097405e+00],
       [-3.81498455e-01, -5.56717944e-01, -1.00012601e+00,
         2.12310954e+00,  1.03006718e-01, -1.11301970e+00],
       [ 5.52614984e-02,  5.37427776e-01, -1.44962322e+00,
        -1.82969836e+00, -2.24267870e+00, -5.38680086e-01],
       [ 3.24778414e-01, -2.91400718e-01, -2.69255557e-01,
        -2.06494798e+00,  3.29313899e-01, -2.74428766e-01],
       [-2.82095847e-01, -8.48161069e-02, -1.07037618e+00,
         1.39159939e+00, -4.51036319e-02, -1.74079469e+00]]), array([[-0.44723691,  1.40512172],
       [-1.97391398,  1.88675375],
       [ 1.94304   ,  0.98831547],
       [ 2.33534001, -0.50655535],
       [ 1.52131687,  1.87060307],
       [-2.27602402,  1.60508634]])], [array([ 2.04767266, -0.53153011, -0.22435633,  0.42307067, -1.38104622,
        1.75016314]), array([ 2.17747126, -1.89392911])]]]
[150, 4, -1, -1, 1, [[array([[ 2.44427919, -0.40690309,  1.90422413, -2.04184435, -1.53042574,
        -1.40317721],
       [-0.18128685, -1.18378872, -1.47882801,  2.27089016, -0.93539981,
         0.22723511],
       [ 2.40754827,  2.27755783, -1.93868802, -0.70994921, -1.14187587,
         2.38493561],
       [ 0.18351305,  0.87936453,  2.17242535, -0.28636022,  1.3752438 ,
         0.37984367],
       [ 1.66980686,  2.23531646,  0.11859982,  1.38925764, -1.83776048,
         1.82533268],
       [ 2.13716846,  0.99102372, -0.24759874,  0.83560975, -1.41299762,
        -0.2545317 ]]), array([[ 2.33971491, -0.05773284],
       [-1.96509181, -0.46028623],
       [-0.84566968, -0.94349701],
       [-0.32711509, -1.16773447],
       [-2.14207317,  1.5334756 ],
       [ 0.77634982, -2.16895705]])], [array([-0.79279585, -0.69189164,  2.34969782,  2.40196338, -2.20398767,
        0.33661903]), array([ 0.044311  , -2.00231892])]]]
[150, 12, -1, -1, 0, [[array([[ 1.22515288,  0.97520129, -0.05340563, -0.81345555,  0.36259097,
        -1.23738525],
       [ 2.25847947,  1.31740891,  0.77824779, -1.46408963,  0.26709152,
        -1.45802672],
       [-0.83290921, -1.60290511, -0.9140285 , -0.58596816, -1.03694818,
         2.09118878],
       [-2.0343604 ,  1.36304068,  1.72234906,  1.29450272,  1.48502294,
         1.35660164],
       [-1.78429953, -2.22369173,  0.11794168, -0.08327342,  2.10093713,
         0.25468717],
       [-0.79466264, -1.0597858 ,  2.19994064,  0.03598814,  0.5339255 ,
        -1.27386704]]), array([[ 1.76875935,  1.77748688],
       [ 1.06880753, -0.06276298],
       [-2.12729802, -1.31822583],
       [-1.95696076,  1.86067515],
       [ 1.4903759 ,  0.92543559],
       [ 0.14953282, -0.77951028]])], [array([ 2.29841074, -0.43203022,  1.14298903, -1.19661484, -2.01660893,
        2.23190583]), array([-0.84681159, -1.43431737])]]]
[150, 23, -1, -1, 1, [[array([[-0.78756106, -0.18254676,  0.75302733,  1.10715349,  0.35510479,
        -1.47976452],
       [ 1.00181297,  2.07220046,  1.63477695, -0.94206037,  2.03144817,
         0.97395871],
       [ 1.92116358,  1.55247402, -2.081415  ,  2.08654202, -1.89630182,
        -1.9012504 ],
       [ 2.32299237, -1.59747055,  0.10651318, -0.2414111 , -0.65996391,
         0.1820369 ],
       [-2.25452526, -2.00649268, -1.71685019, -0.24074161, -0.27878105,
        -0.80880303],
       [ 1.76900402,  1.79815081,  1.11969902, -1.40104867,  1.31132661,
        -1.72180258]]), array([[ 2.44509628,  0.42496572],
       [ 0.43833213, -1.71691312],
       [ 1.21466606, -0.42784266],
       [ 0.81704572, -0.12238547],
       [-1.70614351,  1.1522396 ],
       [ 0.79772325,  1.77270579]])], [array([ 2.04888513,  1.39596281,  1.45898418, -0.70933589,  0.89516687,
       -1.00681546]), array([ 0.3563385 , -1.34344045])]]]
[150, 6, -1, -1, 0, [[array([[ 2.40866849,  0.00470258,  1.63455627, -1.08898868, -2.34768476,
        -1.4871739 ],
       [ 0.43287498, -0.66289328,  1.74942491, -0.04059432, -1.79517449,
        -1.0132775 ],
       [ 0.57627189, -2.32931575,  1.18915886,  0.21895472,  2.25090109,
         2.38823162],
       [-2.26005526,  0.1982349 , -0.52997425, -0.22989025, -0.76985229,
        -0.23178587],
       [ 2.05405179,  1.07487518,  0.1181531 ,  0.15897022, -1.28017873,
         2.14984426],
       [ 0.77544076,  0.96645093,  0.47931965,  2.2404442 ,  1.34807767,
         1.22362256]]), array([[-1.58169215,  2.08008266],
       [ 1.8474799 ,  1.9678092 ],
       [-1.31499955, -0.03226761],
       [-1.9962233 , -2.26882328],
       [ 1.38905266,  0.41609195],
       [ 1.33783681,  1.43418112]])], [array([ 1.8979564 , -0.04029294, -0.02819568, -0.51369195,  0.42755552,
       -1.11378778]), array([-2.2166354 ,  0.75009505])]]]
[150, 0, -1, -1, 1, [[array([[-2.03377654,  1.02357599,  1.1110724 ,  0.07337774, -0.54726666,
         0.01218704],
       [ 0.0092516 ,  1.3202213 ,  0.2236302 , -1.92200334,  0.84091871,
        -0.64950825],
       [-0.93023198,  1.54152347,  1.81658295, -1.848141  ,  0.48514655,
         1.91949267],
       [ 1.42321435, -0.2893493 , -0.86494406,  2.00367902, -0.30316735,
        -1.83397307],
       [ 2.28887327, -2.39219126, -0.03328251, -0.20094359, -0.78190885,
         0.63788202],
       [-0.54638326, -2.11638247, -1.30770151,  1.38125882, -2.33878791,
         1.26229211]]), array([[-0.39243401,  0.16166601],
       [-2.05668967, -2.20131782],
       [ 2.31651078,  0.27186358],
       [-0.20607319, -1.89612171],
       [ 1.54451121, -1.590597  ],
       [ 1.03605709,  2.38811316]])], [array([ 0.9742779 ,  1.82637464, -1.23279654, -0.59538896, -0.7215014 ,
       -0.64919477]), array([-2.41861198,  2.43190699])]]]
[150, 22, -1, -1, 0, [[array([[-1.62877818,  1.18776832, -0.52413046,  0.14473215, -0.97506545,
        -0.53029468],
       [-1.93893211,  1.0648801 , -0.19590525, -1.59694099, -0.98053029,
         1.57408666],
       [ 0.96676168, -1.25670322, -0.67554114,  1.5444671 ,  1.67151712,
        -0.04981262],
       [-1.06608561, -0.21225805, -1.93585026, -1.51983672, -1.44648146,
        -0.59358254],
       [-2.02415546,  1.92881364, -0.58823328,  0.33288726,  1.44604276,
        -1.95918823],
       [ 1.94673958,  1.79567559, -0.83373008, -0.02246573, -2.23721747,
         2.41961025]]), array([[ 0.79880816, -0.14738245],
       [-1.79984178, -0.60295477],
       [ 0.61861249,  1.54265699],
       [-1.38755563, -0.24996626],
       [-0.76828529,  2.41277536],
       [-1.49825445,  2.3468131 ]])], [array([-0.91216604, -1.80746346, -2.43837287, -1.86481425, -1.4217604 ,
        2.31488088]), array([-0.08565488,  1.90482639])]]]
[150, 15, -1, -1, 1, [[array([[ 1.71052867, -0.09277348, -0.44262546, -0.38253775,  0.61631335,
        -2.2296795 ],
       [ 0.13475921, -2.24532483, -2.01666861, -1.39386952, -1.76451804,
         1.82788424],
       [ 1.78369252,  2.31629135, -2.2378269 , -1.99721487,  1.52141165,
        -0.24029956],
       [-0.24875438,  1.42086447,  2.22879394,  0.81042843, -0.43480447,
         0.66121754],
       [ 1.23580752, -2.05548391,  1.96136404, -0.53263608,  0.40349217,
         1.27613519],
       [ 0.02581211, -1.5921459 , -0.16435717, -1.86993068, -0.39829968,
        -1.28653408]]), array([[ 1.56861098,  2.20762833],
       [-0.40821367,  0.20066976],
       [ 0.50139598, -2.31721943],
       [ 2.43747737,  2.09221202],
       [-1.02175851, -2.2797145 ],
       [-0.78189301, -0.66497493]])], [array([ 1.49931029, -0.94024515, -1.48531821,  0.28250602, -0.18658989,
       -0.72906567]), array([ 1.64783441, -0.70658967])]]]
[150, 24, -1, -1, 0, [[array([[ 1.64613602, -0.12750759,  0.01093936,  1.20309893, -0.95235751,
         1.83639672],
       [ 1.8684671 , -1.1816123 , -1.35555748,  1.07722757,  0.55961878,
        -1.81564637],
       [ 2.43346427,  2.29288177,  0.13864132, -0.25576471,  1.01517637,
        -2.35218047],
       [ 1.93631747,  0.08948258,  0.37889847,  1.77641151, -1.41948701,
         0.01590796],
       [ 1.11396392, -0.12823221,  1.28453323, -1.93312602, -0.11725725,
         1.70375868],
       [-0.78975287,  1.43384052,  2.34595286, -1.87527678,  1.04652371,
         0.76839304]]), array([[-2.2822489 ,  1.23213457],
       [-2.31096479,  2.44630697],
       [ 0.67452987,  0.36815501],
       [ 0.7424653 ,  1.7669417 ],
       [ 0.26507965,  1.34653197],
       [ 1.55842083,  2.37872628]])], [array([-0.96436595, -1.04942419, -0.95359339, -0.26799589, -0.45186541,
       -0.36026419]), array([1.66922345, 1.50643456])]]]
[150, 1, -1, -1, 1, [[array([[-2.25977758, -0.68810835, -1.60781848, -0.87469489, -1.01681839,
        -0.54788082],
       [ 0.69370069, -0.4476646 , -0.22692361,  0.61961384,  1.24832095,
         0.76277326],
       [ 0.50784846, -0.20197717,  2.39771261,  0.17610723, -0.56627868,
         0.3230518 ],
       [ 0.16246585,  0.4200781 , -0.20971443,  2.06152694,  0.31573206,
         1.7779662 ],
       [ 0.91204884,  0.27911999,  1.69100431, -1.8944461 ,  2.17187373,
         0.6018353 ],
       [ 0.18552779, -1.77035177,  0.97376003, -1.150091  ,  0.43891889,
        -0.43254034]]), array([[ 0.12512369,  0.5245775 ],
       [-2.09160535,  0.88860655],
       [ 1.0702358 ,  0.79794845],
       [ 1.46127633,  1.09888966],
       [ 1.95554188, -2.23016596],
       [-0.96580198, -0.94294608]])], [array([-0.79987968, -1.8437052 ,  0.67983196, -0.40653198, -2.1657213 ,
       -1.35888584]), array([-1.44199601, -0.58451264])]]]
[150, 3, -1, -1, 0, [[array([[-1.10543676, -0.31923262,  0.54743229, -1.87856027, -2.34140069,
        -1.31229721],
       [ 1.11236404,  0.94391458,  2.04734089, -1.84969547, -1.58602696,
         1.1180673 ],
       [ 2.00084683,  0.56942418, -1.66144582,  0.35468626,  1.71669608,
        -2.03874266],
       [-2.25097856, -0.17494487,  0.28374826,  0.77466784, -2.14688128,
        -0.49728251],
       [-1.77985547,  1.13404084, -2.19619584, -0.84750874, -0.79272293,
        -2.05242584],
       [ 0.67902737,  0.08969429, -1.54023576, -1.86915663,  2.10067248,
         0.09284782]]), array([[-0.67969148, -1.71012994],
       [-0.22319601,  2.20694144],
       [ 0.67698218,  0.52591355],
       [-2.24300853, -0.16311767],
       [-1.79980949,  2.37587873],
       [ 2.41494547, -2.29448588]])], [array([ 2.0166921 ,  2.31385547, -0.89127291,  2.17785933, -0.45202277,
        2.04290161]), array([0.17304435, 0.65075038])]]]
[150, 18, -1, -1, 1, [[array([[-1.79123567e+00, -1.35119455e+00, -2.91843696e-01,
        -2.02648120e-01, -4.80286752e-01, -1.06630586e+00],
       [ 1.42402309e+00, -6.42919977e-01,  1.39729774e+00,
        -1.52075698e+00, -9.38024335e-01, -1.34514473e+00],
       [-9.10653036e-01, -1.89260997e+00,  2.02409660e+00,
        -5.33751118e-01, -2.12172762e+00, -9.28146617e-01],
       [-2.43582247e+00, -2.41011760e+00, -2.14068107e+00,
         8.77881976e-01, -1.41866982e+00,  1.96295175e+00],
       [-6.53009556e-02, -3.98112096e-02, -2.74370122e-01,
        -3.54556772e-01, -1.18826175e+00, -6.24212269e-01],
       [ 3.00166454e-01, -9.25379875e-01,  2.44308028e+00,
        -4.94571746e-04, -4.06557873e-01,  1.57225006e+00]]), array([[ 1.23043411,  2.02322385],
       [-0.63711814, -1.13736618],
       [-1.02295846,  0.23623121],
       [-1.20895995, -0.73132217],
       [ 2.43741339,  0.76690816],
       [-0.56550957,  2.25044063]])], [array([-0.63291676, -1.77043586,  1.70030752,  1.71900706, -2.13135977,
        2.22044395]), array([-1.18489693, -1.85224902])]]]
[150, 16, -1, -1, 0, [[array([[-0.55465233, -0.35035984,  1.17905508, -1.51765458, -1.81239549,
         0.64624206],
       [-0.38129345, -2.38260092, -1.25576395,  0.42041665, -2.00210609,
         1.0430637 ],
       [ 2.32461707, -0.90932359,  2.2383818 , -0.35451584,  2.04203303,
        -0.91492294],
       [ 2.3073693 , -1.03255072,  0.18094344,  1.66814009,  1.89762757,
         0.85315125],
       [-0.10685198, -1.86483208, -1.50158312, -0.49833132,  1.58837768,
        -0.79744096],
       [ 0.3264332 ,  1.93055033, -2.1434009 , -1.58735407, -1.92783683,
        -1.62472585]]), array([[ 1.21049612, -2.18609171],
       [-0.92631032,  1.12041264],
       [-2.01200464,  2.09540697],
       [ 0.02367462,  0.35967675],
       [-1.58940989, -2.23693312],
       [-1.6429748 , -1.66046539]])], [array([-2.25568681, -0.40644388, -0.86211952,  0.87724838, -1.28863708,
       -2.2416243 ]), array([0.8350701 , 2.17190414])]]]
[150, 5, -1, -1, 1, [[array([[-0.31044102,  2.0877632 , -0.37311628, -0.4349426 ,  0.7097491 ,
        -1.5211508 ],
       [-0.99280063,  0.95000384, -1.60386585,  0.9910699 , -0.51103033,
        -2.05214913],
       [ 2.40469031,  1.67029539, -0.26666746,  2.32391181,  0.48072698,
         0.46696337],
       [ 1.88152734,  2.37943467,  0.12344361, -0.93592588, -0.79077819,
        -1.05260323],
       [-0.76249226, -0.36320317,  1.83944489,  0.43773515,  1.57455998,
         0.85872097],
       [-0.18514899,  1.82942331,  1.13744803, -1.50436312,  0.25014352,
        -1.3811268 ]]), array([[-0.90066273,  1.70298787],
       [ 1.51743043, -0.35299427],
       [ 0.12396321,  2.19531937],
       [ 1.13122647, -0.69192163],
       [ 1.55536476, -1.01318402],
       [ 0.75859119, -1.58728754]])], [array([ 0.18264255,  0.21359083,  0.02599042, -2.40432748, -1.12570595,
        0.28440767]), array([ 0.42975402, -1.94459839])]]]
[150, 21, -1, -1, 0, [[array([[ 0.72373729,  1.84358826,  0.27769581,  1.633006  ,  0.00678858,
         1.85725513],
       [ 0.97521887,  1.19009846, -1.19579926,  1.41331298, -0.92818956,
        -0.86062654],
       [ 1.07478186, -2.08119445, -2.17520755, -1.85532872,  2.10546329,
        -2.03063849],
       [-2.40025361,  2.44243148,  1.38577766, -2.19120464,  2.37007653,
        -0.18325808],
       [ 2.00580561, -0.60144957, -2.24814504, -1.76844038, -0.55208162,
        -0.86040782],
       [ 0.15208521,  0.08132496, -1.16819502, -1.16415914, -0.69083589,
         0.49637725]]), array([[-2.34881957,  0.74756755],
       [-0.83774967,  0.63143252],
       [ 0.24941127,  2.20447808],
       [-1.32606978, -1.17555843],
       [-0.32334402,  1.34876935],
       [-1.83119337,  1.11898875]])], [array([-1.67471747, -1.82120842, -1.42598093,  1.05829522, -1.36436729,
       -2.21391185]), array([-0.68748835,  1.68793574])]]]
[150, 7, -1, -1, 1, [[array([[ 1.03069951,  1.76821649,  1.39862326, -2.038742  , -1.88883587,
         0.29250962],
       [-0.2281609 , -0.07141732,  0.76797104,  1.79251709, -1.751842  ,
         0.27080142],
       [-1.15331734, -1.96457562,  1.08005588,  1.49658536, -0.95637761,
         0.55492584],
       [-0.73859274, -0.52551679,  2.05672112, -1.51306721,  1.8121005 ,
        -2.16675488],
       [-2.35445782, -2.29302888, -1.65273629, -0.60522315,  1.82905899,
         2.11104018],
       [ 1.80376701, -1.57066135,  0.1061669 , -2.08451715, -0.14348543,
         0.19112875]]), array([[-0.19953954,  1.32347239],
       [-2.2269766 ,  0.33968139],
       [ 0.7734216 ,  0.30543749],
       [-1.15985482,  0.86529261],
       [ 1.39029412, -0.05532793],
       [ 1.96021069,  0.17772708]])], [array([-0.22338543, -1.25477649,  1.12703012,  1.30348432,  1.45790886,
        0.4945207 ]), array([-1.80488049,  0.15534298])]]]
[150, 2, -1, -1, 0, [[array([[-0.65532299,  2.4252337 ,  1.25323818,  2.30764438, -0.36478509,
        -0.70344345],
       [ 1.9481577 ,  0.49896033, -0.76044981, -0.60601535, -1.9006011 ,
         1.78438131],
       [ 1.12499351,  1.89725921,  0.33058185,  0.81552993, -0.17241106,
         0.83154133],
       [-2.09064528,  0.95708913,  1.6112141 , -1.25892618, -2.1712453 ,
        -2.41036194],
       [ 1.94606458, -2.24688543,  1.67103657, -2.33524315,  2.40854999,
        -2.41945509],
       [-1.61764054, -1.44516981, -0.39145091,  0.2608223 , -2.17573581,
        -1.25618655]]), array([[ 0.68991814,  0.66035711],
       [ 1.01673687,  1.51808481],
       [ 1.86010894, -0.68665799],
       [-0.37279771, -1.17869997],
       [-2.3436508 , -1.69367622],
       [-2.05850697,  2.03198092]])], [array([ 0.96273071, -0.84560776, -0.68482057,  0.93463324, -1.16253253,
        1.69258815]), array([-2.29052427,  1.87090269])]]]
[150, 13, -1, -1, 1, [[array([[ 0.81693364, -0.98334129,  0.40211729, -2.19828353,  0.3456251 ,
         2.04854411],
       [-1.66605429, -1.63730192,  2.00510403,  0.60310161,  1.39897198,
         2.30297122],
       [-1.88723175, -0.62531568,  1.57549187, -0.37164971,  0.8492208 ,
        -1.19880378],
       [-1.39191638, -1.22856374,  1.22519438,  1.91360572, -1.08256913,
         0.34682831],
       [ 2.3668691 , -0.85823853, -0.22358691, -0.92327952,  0.42599499,
         0.19802728],
       [-1.96926253,  2.12871688, -1.38102791,  2.22756021, -1.1092    ,
         1.3869732 ]]), array([[ 0.86800062, -0.78006356],
       [-1.0015016 , -1.92632782],
       [ 0.93965464,  1.15170147],
       [-1.36372737, -1.73369724],
       [ 1.47061506,  0.79732945],
       [ 1.76890998,  2.17143311]])], [array([-1.64064578,  0.83749855,  0.30331898,  0.20382009, -1.99495166,
        2.3226883 ]), array([ 0.65079714, -2.06353447])]]]
[150, 11, -1, -1, 0, [[array([[-1.21864293, -2.3609947 , -2.06466773,  2.00442066,  0.49254975,
        -1.15999631],
       [-0.24525477, -1.028292  , -0.99748466, -0.97937027, -0.76467863,
        -2.36819531],
       [ 1.82664317, -2.21378964,  0.35704088,  0.87126526,  0.27641674,
        -2.13174021],
       [-1.13956546, -0.79463968,  0.89813455,  0.61862805, -0.7737284 ,
         2.29553863],
       [ 0.92717925,  0.60836929, -0.0049502 , -0.31980959, -1.97452518,
         0.35448179],
       [ 1.7383007 ,  2.18494614,  0.51902524,  2.03218506,  0.08454588,
         1.50311843]]), array([[ 0.03440878,  1.24146988],
       [-1.91350045, -1.7517157 ],
       [-1.41615394,  2.38967493],
       [-0.80530382, -1.20913433],
       [-0.91113236,  0.85254676],
       [ 1.52891792,  1.77890887]])], [array([-1.86744472,  1.38602452,  0.82052492,  1.2609719 , -1.26773765,
        1.25551348]), array([-1.84964042, -0.38056018])]]]
[858808, 10, 'death']
[858958, 14, 'death']
[859108, 9, 'death']
[859258, 8, 'death']
[859408, 19, 'death']
[859558, 20, 'death']
[859708, 17, 'death']
[859858, 4, 'death']
[860008, 12, 'death']
[860158, 23, 'death']
[860308, 6, 'death']
[860458, 0, 'death']
[860608, 22, 'death']
[860758, 15, 'death']
[860908, 24, 'death']
[861058, 1, 'death']
[861208, 3, 'death']
[861358, 18, 'death']
[861508, 16, 'death']
[861658, 5, 'death']
[861808, 21, 'death']
[861958, 7, 'death']
[862108, 2, 'death']
[862258, 13, 'death']
[862408, 11, 'death']
[862508, 12, 'birth', 2, 13, 0, [[array([[-0.65532299,  2.4252337 ,  2.44948974,  2.30764438, -0.36478509,
        -0.70344345],
       [ 1.9481577 ,  0.49896033, -0.76044981, -0.60601535, -1.9006011 ,
         1.78438131],
       [-2.22774852,  1.89725921,  0.33058185,  0.81552993,  0.27229371,
         0.83154133],
       [-2.09064528,  0.95708913,  1.6112141 , -1.25892618, -2.44948974,
        -2.41036194],
       [ 2.3668691 ,  0.2051765 , -0.22358691, -0.92327952,  0.42599499,
         2.44948974],
       [-1.96926253,  2.12871688, -1.38102791,  2.44948974, -1.1092    ,
         1.3869732 ]]), array([[ 0.86800062, -0.78006356],
       [ 1.41421356, -1.41421356],
       [ 0.93965464, -1.41421356],
       [-1.36372737, -1.41421356],
       [ 1.41421356,  0.79732945],
       [ 1.41421356,  1.41421356]])], [array([-1.64064578,  2.44948974,  0.30331898,  1.18273589, -1.99495166,
        2.3226883 ]), array([ 0.65079714, -1.41421356])]]]
[862508, 16, 'birth', 3, 14, 1, [[array([[ 0.71678702, -2.1907994 ,  2.22644399, -1.97082807,  0.93669076,
         1.04385844],
       [-2.0469471 , -0.92412373, -2.36742117, -0.36826182, -2.27885959,
        -1.97986059],
       [ 0.18418944, -1.77347435, -1.87396809, -0.38591845,  1.36548449,
         1.88959051],
       [ 1.76647295,  1.31322149,  0.4109492 ,  2.44948974, -1.17036537,
         1.750187  ],
       [ 2.1924041 , -1.64029876, -0.15420657, -0.87378159,  0.78861109,
        -2.44508622],
       [-1.88187652, -0.59220816, -2.05688561, -1.96841965,  0.43406268,
         2.34339954]]), array([[ 0.22397311, -0.17323718],
       [-0.85056878,  0.504347  ],
       [ 1.41421356, -0.67313982],
       [ 1.41421356,  0.9642571 ],
       [ 1.07836456,  0.34697778],
       [-1.41421356, -1.41421356]])], [array([ 0.69166081,  2.44948974,  0.03143008,  0.18244577, -2.25221887,
        1.65806114]), array([1.41421356, 1.22934199])]]]
[862508, 13, 'birth', 12, 8, 1, [[array([[ 1.22515288, -2.27246529, -0.05340563, -0.81345555,  0.36259097,
         1.0836083 ],
       [ 2.25847947,  1.31740891,  0.77824779, -1.46408963,  2.44948974,
        -1.45802672],
       [ 2.44948974, -1.60290511, -0.9140285 , -0.58596816, -1.03694818,
         2.09118878],
       [-2.0343604 ,  1.36304068,  2.44948974,  1.29450272,  1.48502294,
        -0.33147875],
       [ 1.86071392,  1.17633273,  0.40570402, -2.18325459, -1.93036424,
         1.09598138],
       [ 0.07364329, -1.46272847, -2.06327315,  2.38649402, -1.40295036,
         1.8372709 ]]), array([[-1.41421356, -1.41421356],
       [ 0.41887   ,  1.41421356],
       [-1.41421356, -0.17932408],
       [-0.40215959, -0.15135514],
       [ 0.93302264, -1.41421356],
       [-0.96690704, -0.46530242]])], [array([ 0.69626195, -1.80830459,  0.05466327, -0.55589665, -0.56245967,
        2.40050204]), array([-1.41421356, -1.41421356])]]]
[862508, 2, 'birth', 11, 14, 0, [[array([[-1.21864293, -2.3609947 , -2.44948974,  2.00442066,  0.49254975,
        -1.15999631],
       [-0.24525477, -1.028292  , -0.99748466, -2.44948974, -0.76467863,
        -2.36819531],
       [ 1.82664317, -2.21378964,  2.44948974,  0.87126526,  0.27641674,
        -2.13174021],
       [-1.13956546, -0.79463968,  0.89813455,  0.61862805, -0.7737284 ,
         2.29553863],
       [ 0.92717925,  0.60836929, -0.0049502 ,  2.44948974, -1.97452518,
         0.35448179],
       [ 1.99010244,  2.18494614,  0.51902524,  2.03218506,  0.08454588,
         1.50311843]]), array([[ 0.73088991,  1.24146988],
       [-0.85056878,  0.504347  ],
       [ 1.41421356, -0.67313982],
       [-0.10043907,  0.8807968 ],
       [ 1.07836456,  0.34697778],
       [-1.41421356, -1.41421356]])], [array([ 0.69166081, -1.35881642, -2.32683172,  0.18244577, -2.44948974,
        1.65806114]), array([1.41421356, 1.41421356])]]]
[862508, 6, 'birth', 19, 5, 0, [[array([[ 2.12315121e-01,  1.14245786e+00,  7.84339094e-01,
         2.44948974e+00,  2.29701411e-03,  6.14594070e-01],
       [ 1.47521498e+00,  4.66411521e-01,  1.98032084e+00,
         1.70811861e+00, -6.93511923e-02,  9.46685261e-01],
       [ 9.01232344e-01, -8.69143612e-01, -6.15557861e-01,
         1.95006139e+00,  2.07997471e+00, -3.96733034e-02],
       [ 1.50653811e+00,  5.73531825e-01, -7.55391498e-01,
        -2.20024142e+00, -1.70652573e+00, -1.96397253e-02],
       [-5.96469571e-01, -2.44948974e+00, -1.55279329e+00,
        -2.20073258e+00, -2.08668661e+00,  1.04177736e+00],
       [ 1.83854637e+00, -1.10836615e+00,  1.21356709e+00,
        -2.40599279e+00,  1.30137314e+00,  5.91345635e-01]]), array([[ 0.35836353,  1.41421356],
       [ 1.41421356, -0.35299427],
       [-0.32095373,  1.41421356],
       [ 1.13122647, -0.69192163],
       [ 1.41421356, -1.01318402],
       [ 0.75859119, -1.41421356]])], [array([-1.60143089,  0.21359083,  0.02599042, -2.40432748, -1.12570595,
        0.28440767]), array([ 0.19646547, -1.41421356])]]]
[862508, 20, 'birth', 19, 14, 0, [[array([[ 2.14101290e-01,  3.85559066e-01,  7.84339094e-01,
         1.32575972e+00,  2.29701411e-03,  2.44948974e+00],
       [-4.51316053e-02,  4.66411521e-01, -2.44948974e+00,
         1.70811861e+00, -2.29856238e-01,  9.46685261e-01],
       [ 9.01232344e-01, -8.69143612e-01, -6.15557861e-01,
         1.95006139e+00,  2.07997471e+00, -3.96733034e-02],
       [-3.59894469e-01,  5.73531825e-01, -7.55391498e-01,
         1.06668070e+00, -1.17036537e+00,  1.75018700e+00],
       [ 2.19240410e+00, -1.64029876e+00, -1.54206574e-01,
         1.93815794e+00,  7.88611085e-01, -2.44508622e+00],
       [-1.75678041e+00,  3.68347470e-01, -2.05688561e+00,
        -1.96841965e+00,  4.34062677e-01,  2.34339954e+00]]), array([[-0.75342372, -1.41421356],
       [-0.85056878,  0.504347  ],
       [ 1.41421356, -0.67313982],
       [-0.10043907,  0.8807968 ],
       [ 1.07836456,  0.34697778],
       [-1.41421356, -1.41421356]])], [array([ 0.69166081, -0.70105185, -2.32683172,  0.18244577, -2.25221887,
        1.65806114]), array([1.41421356, 1.41421356])]]]
[862508, 8, 'birth', 3, 5, 0, [[array([[-1.10543676, -0.31923262, -2.44948974, -2.44948974, -2.44948974,
         0.93488671],
       [ 1.11236404,  0.94391458,  2.04734089, -1.84969547, -1.58602696,
         1.1180673 ],
       [ 2.00084683,  0.56942418, -1.66144582,  0.35468626,  1.71669608,
        -2.44948974],
       [-2.25097856, -0.17494487,  0.28374826,  0.77466784, -2.14688128,
        -0.49728251],
       [-1.77985547,  1.13404084, -2.19619584, -0.84750874, -0.79272293,
        -2.44948974],
       [ 0.67902737,  0.08969429, -1.54023576, -2.44948974,  2.10067248,
         0.09284782]]), array([[-0.67969148, -1.41421356],
       [-0.22319601,  1.41421356],
       [ 1.41421356,  0.35960145],
       [-1.41421356, -0.16311767],
       [-1.41421356,  1.41421356],
       [ 1.41421356, -1.41421356]])], [array([ 2.0166921 ,  2.31385547,  0.0355724 , -2.40432748, -1.12570595,
        0.28440767]), array([ 0.42975402, -1.41421356])]]]
[862508, 18, 'birth', 6, 20, 0, [[array([[-1.07051908,  0.42005835,  0.75368254,  0.59058712,  2.11842619,
        -0.62825486],
       [ 0.13946101, -0.05213563,  1.51115534, -2.44948974, -1.33704822,
        -1.53108482],
       [-2.18598769,  1.18926677,  1.07099928,  1.35253568,  0.04317149,
        -2.18550229],
       [ 2.3191228 , -1.44110764, -2.33614785, -0.49557302, -1.23211463,
         2.30793085],
       [-2.35983773,  1.85959748, -0.19080931,  1.05938422, -0.59295322,
        -2.08297381],
       [ 0.06891649, -2.44948974,  1.8425915 , -1.70306066, -2.44948974,
        -2.18012471]]), array([[-0.89464801,  1.41421356],
       [ 1.41421356,  0.94061077],
       [-1.26301216,  1.41421356],
       [ 1.41421356,  1.41421356],
       [ 1.41421356,  1.41421356],
       [ 1.41421356, -0.6666514 ]])], [array([-2.44948974, -2.32473321,  0.03253932, -0.03267476,  0.79140055,
        2.44948974]), array([1.41421356, 1.41421356])]]]
[862508, 5, 'birth', 12, 13, 1, [[array([[ 1.22515288,  0.97520129, -0.05340563, -0.81345555,  0.36259097,
        -1.23738525],
       [ 2.25847947,  1.31740891,  0.77824779, -1.46408963,  0.26709152,
        -1.45802672],
       [-0.83290921, -1.60290511, -0.9140285 , -0.58596816, -1.03694818,
         2.09118878],
       [-2.0343604 ,  1.36304068,  1.72234906,  1.29450272,  1.48502294,
        -2.32999123],
       [-1.78429953, -2.44948974, -0.22358691,  2.36144691,  0.42599499,
         0.19802728],
       [-2.44948974,  2.12871688, -1.89240884,  2.22756021, -1.1092    ,
         1.3869732 ]]), array([[-0.61509356, -0.78006356],
       [-1.0015016 , -1.41421356],
       [ 0.93965464,  1.15170147],
       [-1.36372737, -1.41421356],
       [ 1.41421356,  0.79732945],
       [ 1.14029079,  1.41421356]])], [array([-1.64064578,  0.83749855,  0.30331898,  0.20382009, -1.63416269,
        2.3226883 ]), array([ 0.65079714, -1.41421356])]]]
[862508, 23, 'birth', 19, 20, 1, [[array([[ 2.12315121e-01,  3.85559066e-01,  7.84339094e-01,
         3.67759935e-01,  2.29701411e-03,  6.14594070e-01],
       [ 2.39064197e+00,  4.66411521e-01,  1.98032084e+00,
         1.70811861e+00, -2.29856238e-01,  9.46685261e-01],
       [ 9.01232344e-01, -8.69143612e-01, -1.70948128e+00,
         1.95006139e+00,  2.07997471e+00, -3.96733034e-02],
       [ 1.50653811e+00,  5.73531825e-01, -7.55391498e-01,
        -2.20024142e+00, -1.70652573e+00,  2.44948974e+00],
       [-5.96469571e-01, -1.37749202e+00, -6.47120670e-01,
        -2.20073258e+00, -2.44948974e+00, -2.08297381e+00],
       [ 6.89164876e-02, -1.83229091e+00,  1.84259150e+00,
        -2.44948974e+00,  8.86911769e-01, -2.82145457e-01]]), array([[ 1.41421356,  1.41421356],
       [ 1.41421356,  0.72706293],
       [-1.26301216,  1.41421356],
       [ 1.41421356,  1.41421356],
       [ 1.41421356,  1.41421356],
       [ 1.41421356, -0.6666514 ]])], [array([-1.6490748 , -2.32473321,  0.03253932, -0.03267476,  0.79140055,
        1.05291891]), array([1.41421356, 1.41421356])]]]
[862508, 24, 'birth', 12, 1, 1, [[array([[ 1.22515288,  0.97520129, -1.14584576,  0.26775233,  0.36259097,
        -2.06033871],
       [ 2.25847947,  2.44948974,  0.77824779, -1.46408963,  0.26709152,
        -1.45802672],
       [ 0.50784846, -0.20197717,  2.39771261,  0.17610723,  2.44948974,
         0.3230518 ],
       [ 0.16246585,  0.4200781 , -0.20971443,  2.06152694,  0.31573206,
         1.7779662 ],
       [ 0.91204884,  0.27911999,  1.69100431, -1.8944461 ,  2.17187373,
        -0.27539333],
       [ 0.32020858, -1.77035177,  0.97376003, -1.150091  ,  0.43891889,
        -0.43254034]]), array([[ 0.12512369,  0.5245775 ],
       [-1.41421356,  0.88860655],
       [ 1.0702358 ,  0.79794845],
       [ 1.41421356,  1.09888966],
       [ 1.41421356, -1.41421356],
       [-0.96580198, -0.94294608]])], [array([-0.79987968, -1.8437052 ,  0.67983196, -0.40653198,  2.288689  ,
       -1.35888584]), array([-1.41421356, -0.58451264])]]]
[862508, 22, 'birth', 10, 20, 1, [[array([[-0.53250772,  2.00723981, -0.93075217,  0.03573253,  1.27116111,
        -1.28382931],
       [ 0.03393608,  2.15992212,  1.51115534, -1.01510864, -1.33704822,
        -1.53108482],
       [-2.18598769,  1.06110149,  1.07099928,  1.35253568, -2.37867121,
        -1.95330612],
       [ 2.3191228 ,  1.31133971, -2.33614785, -0.49557302, -1.23211463,
         2.30793085],
       [-2.35983773,  1.85959748,  1.05383367, -1.41248839, -0.59295322,
        -2.08297381],
       [ 0.06891649, -2.44948974,  1.8425915 , -1.70306066,  0.88691177,
         1.4049365 ]]), array([[-0.34145535,  1.41421356],
       [ 1.41421356,  0.72706293],
       [-1.26301216,  0.36182976],
       [ 1.41421356,  1.41421356],
       [ 1.41421356,  1.41421356],
       [ 1.41421356, -0.6666514 ]])], [array([-1.6490748 , -2.32473321,  0.03253932, -0.03267476,  0.79140055,
        1.05291891]), array([1.41421356, 1.41421356])]]]
[941209, 3, 'birth', 18, 23, 0, [[array([[-1.07051908e+00,  4.20058354e-01,  7.53682539e-01,
         5.90587123e-01,  2.11842619e+00, -6.28254865e-01],
       [ 1.39461007e-01, -5.21356294e-02,  1.51115534e+00,
        -2.44948974e+00, -2.44948974e+00, -1.53108482e+00],
       [-2.18598769e+00,  1.18926677e+00,  1.07099928e+00,
         1.35253568e+00, -1.12614305e-03, -2.18550229e+00],
       [ 2.31912280e+00, -1.44110764e+00, -2.33614785e+00,
        -4.95573016e-01, -1.23211463e+00,  2.30793085e+00],
       [-2.35983773e+00,  1.85959748e+00, -1.36678356e+00,
         1.05938422e+00, -2.44948974e+00, -2.08297381e+00],
       [ 6.89164876e-02, -2.44948974e+00,  1.84259150e+00,
        -2.44948974e+00, -2.44948974e+00, -2.18012471e+00]]), array([[-0.89464801,  1.25540004],
       [ 1.41421356,  0.94061077],
       [-1.26301216,  0.84356671],
       [ 1.41421356,  1.41421356],
       [ 1.41421356,  1.41421356],
       [ 1.41421356, -0.6666514 ]])], [array([-2.44948974, -2.32473321,  0.03253932, -0.03267476,  0.79140055,
        1.05291891]), array([0.5372062 , 1.41421356])]]]
[965259, 10, 'birth', 12, 16, 0, [[array([[-0.65532299,  2.4252337 ,  2.44948974,  2.30764438,  2.44948974,
        -0.70344345],
       [ 1.9481577 ,  0.49896033, -0.76044981, -0.60601535, -1.9006011 ,
         2.44948974],
       [-2.22774852,  1.89725921,  0.33058185,  0.81552993,  0.27229371,
         0.83154133],
       [-2.09064528,  0.95708913,  1.6112141 ,  2.44948974, -1.17036537,
         0.33688612],
       [ 2.1924041 , -1.64029876, -0.15420657, -0.87378159,  0.78861109,
        -0.95633165],
       [-1.88187652, -0.59220816, -2.05688561, -1.96841965,  0.43406268,
         2.44948974]]), array([[ 0.22397311, -0.17323718],
       [-0.85056878,  0.504347  ],
       [ 1.41421356, -0.37620692],
       [ 1.41421356,  0.9642571 ],
       [ 1.07836456,  0.34697778],
       [-1.15897668, -1.41421356]])], [array([ 2.24971693,  2.44948974,  0.03143008,  0.18244577, -2.25221887,
        1.65806114]), array([1.41421356, 1.22934199])]]]
[1249462, 0, 'birth', 3, 22, 1, [[array([[ 1.85099675,  2.00723981,  2.30854492,  0.03573253,  1.27116111,
        -1.28382931],
       [ 2.44948974,  2.15992212,  1.51115534, -1.01510864, -1.33704822,
        -1.53108482],
       [-2.18598769,  0.54049725, -1.29722138,  1.35253568, -2.37867121,
         0.97617392],
       [ 2.3191228 ,  1.31133971, -2.33614785, -0.49557302, -1.23211463,
         2.30793085],
       [-2.35983773,  1.85959748,  1.05383367, -1.41248839, -0.59295322,
        -2.08297381],
       [ 0.06891649, -2.44948974,  2.44948974, -1.70306066, -1.8367062 ,
         1.4049365 ]]), array([[-0.34145535,  1.41421356],
       [ 1.41421356,  0.72706293],
       [-1.26301216,  0.36182976],
       [ 1.41421356,  1.41421356],
       [ 1.41421356,  1.41421356],
       [ 1.41421356, -0.6666514 ]])], [array([-1.6490748 , -2.32473321,  0.03253932, -0.03267476,  2.44948974,
        1.05291891]), array([1.41421356, 1.41421356])]]]
[1332163, 1, 'birth', 6, 24, 1, [[array([[ 2.30747656e+00,  1.14245786e+00,  7.84339094e-01,
         2.44948974e+00,  2.29701411e-03,  6.14594070e-01],
       [ 2.44948974e+00,  4.66411521e-01,  1.98032084e+00,
        -2.44948974e+00, -2.44948974e+00,  9.46685261e-01],
       [ 9.01232344e-01, -8.69143612e-01, -6.15557861e-01,
         1.95006139e+00,  2.44948974e+00, -3.96733034e-02],
       [ 1.50653811e+00,  5.73531825e-01,  2.31568138e-01,
        -2.20024142e+00, -1.70652573e+00,  5.02294073e-01],
       [ 9.12048841e-01,  3.39079691e-01,  1.69100431e+00,
        -1.89444610e+00,  2.17187373e+00, -2.75393334e-01],
       [ 2.44948974e+00, -1.77035177e+00,  9.73760034e-01,
        -1.15009100e+00,  4.38918887e-01, -1.56011006e+00]]), array([[ 0.12512369,  0.5245775 ],
       [-1.41421356,  0.88860655],
       [ 1.41421356,  1.41421356],
       [ 1.41421356,  1.09888966],
       [ 1.41421356, -1.41421356],
       [-0.96580198, -0.94294608]])], [array([-0.79987968, -1.8437052 ,  0.67983196, -0.40653198,  1.43189059,
        0.56905655]), array([-1.41421356, -0.97667148])]]]
[1338813, 12, 'death']
[1338963, 16, 'death']
[1339113, 13, 'death']
[1339263, 2, 'death']
[1339413, 6, 'death']
[1339563, 20, 'death']
[1339713, 8, 'death']
[1339863, 18, 'death']
[1340013, 5, 'death']
[1340163, 23, 'death']
[1340313, 24, 'death']
[1340463, 22, 'death']
[1368113, 3, 'death']
[1374263, 10, 'death']
[1420514, 0, 'death']
[1420714, 1, 'death']
[1420714, 'Extinction!']
