[time, indiv, parent1, parent2, gender, brain]
[100, 11, -1, -1, 0, [[array([[ 1.64000475,  0.22253257,  0.10912548, -0.21572589,  2.29202219,
        -2.38374336],
       [ 1.30211932,  0.01846904,  0.23033962,  0.95218662,  0.08668728,
        -0.68103946],
       [-1.99714463, -1.85906299,  1.15608456, -1.67120626, -0.08683072,
         2.36272775],
       [ 1.85564287,  0.66437071, -1.83415603, -2.03319311, -2.38858829,
        -0.39236804],
       [-2.1506652 , -1.88591298,  0.3514577 ,  0.92555888, -1.18680423,
         1.8444768 ],
       [-2.36351728,  0.87275928, -1.62831212, -1.27829687,  0.91574498,
         0.93002669]]), array([[ 0.72717823, -2.38400152],
       [-0.48122342, -1.59683554],
       [ 1.36398832, -2.44586582],
       [-0.32055702, -1.54872702],
       [-0.09433136, -1.9492895 ],
       [ 1.78039787,  1.61212034]])], [array([-2.25039572,  0.06332243, -1.25307161,  0.73192287, -1.96178321,
       -0.10022427]), array([-0.08881944,  2.43089948])]]]
[100, 21, -1, -1, 1, [[array([[ 0.75543945,  2.39183413, -1.85268501,  0.51117128, -2.19200579,
         2.21182399],
       [ 1.80598934, -1.28012125,  1.29311482, -0.01720535,  0.80023683,
         1.56752865],
       [ 0.7740348 , -1.58739628, -1.35851344,  2.07257876, -1.73954977,
         1.68006733],
       [ 1.47459833,  0.70281187, -1.24092649, -2.31198867, -2.02885146,
         1.8022759 ],
       [-0.49174876,  0.19758537, -1.23778723, -2.37381714,  1.11917028,
         2.01265544],
       [ 1.5059917 ,  0.41235251,  1.4886437 ,  0.54381247,  0.94123678,
        -1.79691583]]), array([[ 0.02144863,  1.61331685],
       [-1.9693623 , -1.62352405],
       [ 2.04383519,  0.97058625],
       [-2.06675962, -1.69110641],
       [-0.9896261 ,  1.52684212],
       [-0.10252934, -1.41135819]])], [array([-0.20823472, -2.16187246,  2.15146507,  1.90729436, -0.22005938,
       -1.60358325]), array([-2.1322911 ,  0.32913365])]]]
[100, 9, -1, -1, 0, [[array([[-0.22515991,  2.44427048,  2.23895895,  1.47276474, -2.06345829,
         1.7623117 ],
       [-0.60512878,  0.53407211, -0.75121496, -0.38204452, -1.77468689,
         1.97513653],
       [ 2.34026451, -2.20933735,  2.00036544, -2.33829861,  2.39306296,
         0.99492464],
       [-2.33372525, -1.8725301 ,  1.34466964, -1.6062748 , -0.43808767,
        -0.35377069],
       [ 1.02136361,  0.27666928, -2.25832137, -1.17765946,  1.92536158,
        -0.85938218],
       [ 2.33709842, -0.55185539,  0.55012791,  1.10031209,  0.7506963 ,
        -2.15469949]]), array([[ 1.1738904 , -1.79914109],
       [ 0.09570764, -0.27082177],
       [-0.64533809, -1.06702919],
       [ 1.51794524, -0.61997001],
       [-1.56011221,  1.04827892],
       [ 1.7744446 , -1.70147798]])], [array([ 1.83553669, -1.83754387,  1.75723432, -1.48655829,  0.39836229,
       -2.25634351]), array([-1.27813734,  0.28823158])]]]
[100, 2, -1, -1, 1, [[array([[ 0.40323202, -1.65067797,  1.46710913, -0.5006702 ,  0.49824098,
         2.27706331],
       [ 0.30782239, -1.50854555,  1.54078154, -1.60672977, -1.7203534 ,
        -0.91391217],
       [-1.02777125, -0.19981482,  0.88661627, -2.40654883, -2.31334237,
        -1.47640572],
       [-1.1398105 , -1.78570404,  2.17569535, -1.13637378,  2.33396981,
        -0.63888841],
       [-2.30329512,  2.28638455,  1.95666574,  2.33116692, -1.94621825,
        -1.90579206],
       [-2.25169636,  0.51524509, -1.40748589, -0.67990034, -1.0995794 ,
         1.38859776]]), array([[-1.12787897, -0.31869665],
       [-0.69046546,  0.72381039],
       [-1.98210536,  2.11292394],
       [-1.0156836 ,  0.5521541 ],
       [-0.7809383 , -1.88154817],
       [-1.74551938,  0.03455283]])], [array([ 2.15594172, -2.42785345,  0.43164228, -1.08950188,  1.63327384,
        1.4581441 ]), array([-0.13112468, -1.5862496 ])]]]
[100, 0, -1, -1, 0, [[array([[ 0.04255804,  0.49510021, -0.57133444, -0.58803744, -1.83893468,
         1.20725093],
       [ 0.30872501, -0.7849234 , -1.12229259,  0.73639253,  1.02261558,
        -1.28984694],
       [ 0.32809323, -0.26719303,  1.32236056, -0.62868693,  0.80277119,
         0.85191156],
       [-1.3873507 , -0.67099785, -2.19522885,  0.27126686, -0.47029786,
        -1.81429925],
       [ 1.52726406, -0.77518614, -2.0644888 ,  0.88073235, -2.11290583,
        -1.03315565],
       [ 0.1133768 ,  1.27843084,  1.2466416 , -0.26736954, -0.15313848,
         2.17345051]]), array([[ 0.29790514, -1.32574366],
       [ 1.86102488, -1.63137284],
       [ 1.5832475 , -1.92206163],
       [ 1.31993337,  2.24183918],
       [-0.89824606, -0.02214688],
       [-1.85793183, -1.32666272]])], [array([ 1.00804089, -0.24774558,  1.14580145, -1.39538645,  0.19901998,
       -1.57958798]), array([-1.48737224, -2.00719473])]]]
[100, 23, -1, -1, 1, [[array([[ 1.21574517,  2.06000212,  1.83669876,  0.1413403 , -1.03530308,
        -0.82749898],
       [-0.43909458,  0.76776241, -2.0062687 ,  2.22463591,  1.47875804,
         0.31864904],
       [ 0.01078161,  1.70094196, -1.31381727,  1.85103362, -1.71668375,
         0.47519676],
       [ 1.18446319,  0.71836057,  1.56009039, -2.04248338,  1.15568398,
         1.93910097],
       [ 1.53212921, -1.56242102,  1.06536525,  1.42353968, -1.8957054 ,
        -2.41715561],
       [-2.28683375,  1.05705226,  1.03077037, -2.05012085, -2.06677686,
        -1.29246199]]), array([[-0.00373419, -1.00072643],
       [ 0.65803248, -1.00548507],
       [ 1.29312551,  0.33657461],
       [-2.39401429,  1.54339609],
       [-0.38355643,  0.43255136],
       [-0.50739036,  1.04973561]])], [array([ 0.48998201, -0.54509511, -1.87136435,  1.74345426,  0.28941942,
        1.72922951]), array([-1.58970765, -2.33905489])]]]
[100, 4, -1, -1, 0, [[array([[-0.8282343 ,  0.31029209, -1.58551211,  2.22580195, -2.02790379,
        -0.00813478],
       [ 1.13016938,  2.38795963,  1.37361309, -1.98793561,  0.09082691,
        -0.37311186],
       [ 0.4209216 , -1.68930636,  1.89338839,  1.01726293,  1.35558727,
         0.10444365],
       [ 0.39200757, -0.6706199 ,  0.83035377,  2.32591071, -0.97689568,
        -0.36923778],
       [ 1.20805051,  1.80203047,  1.95691242, -1.34275848, -0.72492087,
         1.04286846],
       [-1.14822429,  1.07866873, -0.07943736, -2.40169618,  0.01734306,
        -0.73894094]]), array([[-0.803689  ,  1.62724114],
       [ 1.37491971, -0.34680475],
       [-1.75412888, -1.73481415],
       [-2.33121591, -1.06007525],
       [ 0.02706789,  1.17363371],
       [ 0.29859849, -1.83280935]])], [array([ 1.59689029, -2.15321928,  1.08112421, -0.79283843, -0.45823425,
       -0.2288975 ]), array([-1.47440177, -1.68098267])]]]
[100, 20, -1, -1, 1, [[array([[ 0.12024797, -1.46072483,  1.75594885,  0.48983534, -0.2035337 ,
         1.42213469],
       [-0.11300329,  1.3503744 , -1.32368499, -1.8791748 ,  0.16479632,
        -0.64390038],
       [-2.30282821, -0.52599057,  0.74093739, -0.69341057,  1.85889121,
        -2.25617485],
       [-2.1374462 ,  1.62987947,  0.00499948, -0.30826778, -1.64137845,
         2.1586607 ],
       [-0.83435428,  0.56868975, -0.72799966,  0.51727529,  1.28405797,
        -1.79504376],
       [ 1.13076725,  0.3419768 ,  2.0050727 , -1.37915083,  1.85600828,
         0.42480071]]), array([[ 1.21483032, -0.8068479 ],
       [-0.28124972, -0.32769622],
       [ 2.10437804,  0.71645797],
       [ 0.05581673,  0.33864501],
       [-1.99017373, -0.9562569 ],
       [-2.16560069, -1.84623784]])], [array([ 1.18769284,  0.33769637, -0.76904663,  2.02837726, -2.24073249,
       -1.11232609]), array([-0.6113442 , -2.17175273])]]]
[100, 6, -1, -1, 0, [[array([[ 1.54495496, -0.61806579,  0.85588936, -0.23576468,  2.34149091,
         0.9349443 ],
       [-2.24558774,  1.60109051,  0.74447076,  0.40128618,  1.50322327,
        -1.70868229],
       [-0.62948272, -1.25682505,  1.18704796,  0.99592018,  0.30018837,
         0.35357897],
       [-0.94733795,  1.1093169 , -0.09301295,  1.98676275, -1.57455184,
        -1.99702412],
       [ 0.29040944, -2.10444844,  0.5104014 , -1.45544192, -1.54158074,
         0.7578008 ],
       [-0.82115981,  0.88451047, -1.68085232,  2.1405382 , -1.27872873,
         0.76579304]]), array([[ 0.37088175, -2.03802509],
       [ 0.24390388,  0.20109343],
       [-1.90216802,  1.69383718],
       [-1.03838426, -2.12819825],
       [ 0.61508107,  0.63064046],
       [-1.67485572,  1.94563864]])], [array([ 1.77143014,  0.12268383,  1.39419863, -0.15861676,  2.02562871,
        1.34474499]), array([0.59588012, 1.9563523 ])]]]
[100, 24, -1, -1, 1, [[array([[ 1.94483703, -0.61487905,  2.37290147, -1.06702832,  0.92148824,
        -0.42394778],
       [-1.65163573, -0.63325626, -0.16587918,  1.71871377,  1.33165658,
         2.23168169],
       [-1.42268209,  0.86954886, -0.35340426, -1.28786371,  1.49474761,
        -0.53599651],
       [ 1.18336892,  1.1513998 , -2.11788526, -2.28363661,  1.69865344,
        -1.00576551],
       [ 1.79674307, -1.87174922,  2.31429444, -2.32266898, -1.59010105,
        -2.05825773],
       [ 0.46240018, -1.20614861, -1.84903321,  0.49243356, -2.18053709,
        -0.46249913]]), array([[ 1.48545045, -1.31449064],
       [-1.14786217,  1.13607907],
       [ 2.37320016,  1.20668556],
       [-1.11009072, -1.91392497],
       [ 0.95795087, -0.70961853],
       [ 2.32896704,  2.18366475]])], [array([ 1.80355864,  2.31638499, -0.56134093, -1.71599164, -1.91515779,
        1.3664205 ]), array([ 1.56038972, -2.18030287])]]]
[100, 15, -1, -1, 0, [[array([[-2.2154991 , -0.46407456,  1.82053113,  1.6138009 , -0.56714692,
         1.03060341],
       [ 1.71237918, -0.44682026,  1.57747883, -1.64493043, -1.64961373,
         1.96677826],
       [-0.76159308, -2.3596588 ,  0.78497446,  2.2999625 , -1.57575603,
         0.5851557 ],
       [ 0.20161044, -0.53595383, -1.41460376, -0.54653095,  1.38621198,
         0.00529726],
       [-0.71359983, -2.04469383, -1.32648205, -2.43240614,  0.29428437,
        -1.97056244],
       [ 0.0882957 , -1.05327433, -1.40760039, -0.64272151, -1.93724098,
        -1.00755304]]), array([[ 1.50192934,  1.25440039],
       [ 1.9234898 , -0.51547945],
       [ 2.1562171 ,  1.82497563],
       [-1.00751816,  0.04676836],
       [ 1.19211499, -1.21207222],
       [ 0.7934938 ,  1.22357519]])], [array([ 1.20514308,  2.16953023, -1.79013687,  0.84699249, -1.97049423,
       -1.00755976]), array([-0.60151908,  0.8450103 ])]]]
[100, 22, -1, -1, 1, [[array([[-0.99600945, -1.87727603, -2.38272552,  2.04002796, -0.85454132,
        -1.24402637],
       [ 0.22952959, -0.35827523,  0.961669  ,  0.6470103 , -0.58797353,
        -0.17576659],
       [ 1.08913992, -1.09281536,  1.77197294, -0.71854364, -1.8821592 ,
        -0.44962467],
       [ 1.71847247,  1.86173273,  1.50591729, -1.13658694, -0.13310966,
         0.46039909],
       [ 0.99990933, -1.6566181 , -1.30051505, -0.05150274, -0.68733601,
         2.13747245],
       [-1.00002867,  1.05887483,  0.37046804, -1.03412521, -0.77425994,
        -1.74867994]]), array([[ 1.30563154, -0.53419809],
       [ 1.96027319, -2.38847853],
       [-0.0099186 ,  1.79286251],
       [ 2.0158656 , -1.71150835],
       [-0.19153008, -1.84897519],
       [-2.1460111 , -0.89556608]])], [array([-1.82088043, -0.19490874,  1.00712024, -2.26943486, -1.44848046,
       -1.71851955]), array([-0.9627632 , -2.07506012])]]]
[100, 3, -1, -1, 0, [[array([[ 0.53123453,  1.66680707, -2.14603938,  0.32486301,  0.88270898,
         1.88898196],
       [ 0.61108106,  0.90947974, -1.77698098,  0.08974011,  1.19529864,
        -2.07532837],
       [ 0.50901268,  1.12197698, -1.11835551,  2.37225563, -0.79948181,
         1.76510375],
       [-0.48486821,  1.59872674, -0.1835934 ,  1.24822478,  1.8066682 ,
        -1.43266895],
       [ 0.4620809 ,  1.97464562,  1.66962382, -1.02861838, -0.67758715,
         1.77278702],
       [-0.07817931, -0.96150842,  1.83552567, -1.01698824, -1.66031235,
        -0.37633918]]), array([[ 0.31460371,  0.76463594],
       [ 0.01420037,  0.67474967],
       [-1.0200404 ,  0.64994084],
       [ 0.85148674, -1.41066132],
       [ 0.58395015, -0.8633374 ],
       [-2.33584051, -0.02378463]])], [array([ 2.36980367, -1.88565036,  0.59659912, -1.53065811,  1.91160595,
        0.9420147 ]), array([-0.45461561, -1.89686587])]]]
[100, 18, -1, -1, 1, [[array([[ 0.43604299,  0.40060535,  0.10291391,  1.0326216 , -0.95201516,
        -1.03110809],
       [ 2.26550566,  1.46505681, -1.30836401, -1.3599604 ,  2.24813792,
        -0.82376297],
       [-1.9792311 , -0.1834308 ,  2.2575732 ,  2.11417508, -1.38285324,
         2.03466266],
       [-0.8254598 , -0.39352033, -0.295122  ,  0.3602576 ,  0.58460448,
        -1.38701253],
       [-0.08212666, -1.92514591, -1.51417142,  2.06527863, -0.24431623,
         0.66335086],
       [-1.5149435 , -1.44235642,  0.92268906,  1.6959945 , -2.38298251,
         1.32051346]]), array([[-1.42212234, -1.64154677],
       [-1.5530555 ,  2.4053016 ],
       [-1.49503532,  1.25541283],
       [-2.05125755,  2.31449045],
       [ 1.13311691,  2.19498949],
       [ 1.0793071 ,  2.3268679 ]])], [array([ 1.38619582,  0.56613366,  0.6215854 , -1.08140528, -1.91201141,
       -0.28405485]), array([-1.63684016, -1.44513759])]]]
[100, 13, -1, -1, 0, [[array([[ 1.39119012,  0.97605117,  1.37242187, -2.02742607,  0.9053469 ,
         2.1038838 ],
       [-0.56994938,  1.55639898, -1.86387807, -0.08730142, -0.83217098,
         2.26314586],
       [ 2.23299386,  1.56647849,  2.11546174, -0.84826184,  0.30024992,
         1.78123588],
       [ 1.37755299,  1.67196115, -1.70655131, -1.58136536,  0.6313707 ,
        -1.98948847],
       [ 0.18347322, -0.4476616 ,  0.49358704,  0.27622417,  2.25145364,
        -1.53158668],
       [ 1.08357128, -1.88618566,  1.05297683, -2.42722999, -1.41714966,
         1.63602185]]), array([[ 0.64501529,  0.95114008],
       [-1.48514004,  1.79700112],
       [ 0.52607179, -1.3428089 ],
       [-0.84255085,  0.59982567],
       [-0.75335291, -0.33038871],
       [ 2.1311027 ,  2.39267518]])], [array([ 2.1807403 , -0.9816739 , -0.43786647,  1.94332813, -0.40883337,
        1.03446713]), array([-1.34351923, -0.63649489])]]]
[100, 17, -1, -1, 1, [[array([[-2.25577212,  1.95844231,  1.11822663, -0.84849688,  1.47140399,
        -1.53083415],
       [ 2.38040723, -1.12043562, -1.47260242,  1.51459278,  2.28062162,
         1.82217346],
       [ 1.96064059,  0.28133025, -0.77621011,  0.6232945 , -0.00876709,
        -0.49150046],
       [ 0.72846867,  1.92561393, -1.28967768,  0.33722078,  0.95798441,
        -1.84860156],
       [ 0.20468567,  0.76731962,  1.71099511,  1.36406944,  1.24313818,
        -0.05346367],
       [ 1.61505975,  2.30006996, -1.0122513 , -1.92854282, -2.39197772,
         1.129238  ]]), array([[ 0.17847998, -0.30697717],
       [-2.00773366, -0.60059613],
       [ 1.29243056,  0.80613097],
       [ 0.35035428, -2.08312097],
       [ 0.7330631 ,  0.39843806],
       [ 1.20767904,  0.47640504]])], [array([-0.75488849,  1.5768409 , -2.23225413,  0.91685424,  1.67319054,
       -1.23509941]), array([-1.34542984,  1.13202275])]]]
[100, 8, -1, -1, 0, [[array([[ 2.42792853,  1.7640959 ,  1.60094572, -0.30159672,  1.19014871,
         1.34177963],
       [-0.95871446, -0.85377249,  0.64185419, -2.40712068,  2.37848789,
        -0.091705  ],
       [-1.69855937, -0.31028308, -1.65524863,  0.75902395,  2.30575488,
        -1.64388536],
       [-2.06864165,  1.45056215,  2.39659422, -1.57586339,  0.46431692,
         1.17083675],
       [-0.54806272, -1.13301742,  2.43563481,  0.63042419, -1.61100292,
         1.98543393],
       [ 2.35700691, -0.61791537, -0.32619091,  0.07013605, -1.96139925,
        -1.89149812]]), array([[-1.12071706, -0.60175553],
       [-0.29531645,  0.15496394],
       [-0.80428249, -0.52958705],
       [-0.41612679, -0.34923316],
       [-0.38269152,  1.69383716],
       [ 0.21415011,  0.2617982 ]])], [array([-1.31366173,  1.83034848,  0.22536293,  2.20950733, -0.16643013,
        1.48271329]), array([-0.62793874, -0.37819762])]]]
[100, 1, -1, -1, 1, [[array([[ 0.943138  , -0.70907895,  1.9485942 ,  1.89484747,  0.99321392,
        -0.92036083],
       [ 0.97286811, -1.74483727,  2.27834797,  1.21044396,  1.03182149,
         0.82831073],
       [-1.76769352, -0.38111467, -0.83190143,  1.89802244, -1.99636546,
         0.13341133],
       [ 1.26258503, -1.86753881, -1.73987707,  2.07067707,  1.06973059,
         0.43675782],
       [ 1.97554802, -2.28846246, -1.29229187,  2.12234481, -1.99454274,
        -0.20331953],
       [ 1.40413274,  0.86522266,  0.5588139 ,  0.52779586, -0.64291055,
         1.81101577]]), array([[ 1.619719  , -1.86235799],
       [-0.12612869, -1.08149681],
       [ 1.95474419,  2.14033147],
       [-0.73981984,  0.72097901],
       [ 1.9907728 ,  0.82216834],
       [ 2.35911232, -1.78328719]])], [array([ 1.33972065,  2.2593291 ,  1.71682267,  0.49125891,  2.41213167,
       -2.36667458]), array([-2.1916692 ,  0.93137147])]]]
[100, 19, -1, -1, 0, [[array([[-0.02503796, -1.88721548, -1.27172284,  0.79427844,  0.346195  ,
        -0.12749701],
       [ 1.47467972,  1.33933832, -0.9252033 , -0.76209825,  1.83275291,
         0.23505629],
       [-0.71324994,  1.05409312, -0.19127633,  2.26926886, -0.57974896,
         2.42835192],
       [ 0.87541688, -0.16695279, -0.3849629 ,  1.00732911,  1.34315651,
         0.11975877],
       [ 1.05042116, -2.30941776, -0.37052666, -1.83815175, -0.56014703,
         0.75174542],
       [-1.1545857 , -0.98330132,  1.48525419, -0.56392578, -0.33629839,
        -2.12330112]]), array([[ 2.35171722, -2.18702104],
       [-1.68656394, -2.12620941],
       [ 0.62775469, -0.85972955],
       [-1.28192396, -1.09841753],
       [-1.43982136,  0.37322765],
       [ 0.50041098,  2.19175566]])], [array([-2.22209373,  1.58909943, -0.98443161, -0.90957221, -2.31472291,
       -2.32001503]), array([-0.14144285,  1.3350019 ])]]]
[100, 7, -1, -1, 1, [[array([[-0.63986164, -0.81448015, -1.31043758, -1.34924169, -2.31382623,
         1.17916129],
       [-1.82714665,  1.57286737,  1.69031142,  2.2919996 ,  1.33774254,
        -1.19405812],
       [-0.30615916, -1.74034055,  1.37314678,  1.34773133, -2.20177105,
         0.02322637],
       [ 1.66126729,  1.03310313, -1.85887965,  0.56443574, -0.50216159,
         1.81745932],
       [ 0.92471504, -0.46823013, -0.38853324,  0.59667873,  0.24987176,
         1.09540697],
       [ 1.35446888, -1.49624035,  0.52340458,  1.81953324, -1.25966161,
        -0.89259565]]), array([[ 1.67400937,  0.70869559],
       [-2.16968266, -2.23648351],
       [-2.15943141,  1.502009  ],
       [ 1.40814972, -1.61951232],
       [-1.53285883,  1.25144303],
       [ 0.94322009,  1.71397671]])], [array([-1.42808017,  0.90821983, -0.71239354, -0.88745169, -0.38709793,
        2.26922638]), array([-1.12349967,  0.25007257])]]]
[100, 14, -1, -1, 0, [[array([[-2.42942598,  2.24415228,  2.22322039, -0.56942175, -1.53723843,
        -0.38287288],
       [ 0.25543772,  1.49985054, -2.17835999, -0.31854895, -0.20969182,
         1.734607  ],
       [ 1.56457883,  1.57439045,  2.24413632,  1.79354169, -0.17713467,
         1.8890896 ],
       [-1.01094297, -1.32711499,  0.91405761,  0.05921621,  0.15174723,
        -2.00163113],
       [-1.50444706,  1.71702717,  0.90358068,  2.07021143, -0.46780752,
        -0.47700122],
       [ 2.05828322,  0.44036765, -2.16723912,  0.37586088,  1.50430258,
         0.97007178]]), array([[-1.14748974,  0.15886743],
       [ 0.87154409,  1.88517833],
       [ 2.25173453,  2.29042899],
       [-1.48848384, -0.7075795 ],
       [-1.03695248,  1.24546081],
       [-2.02048083,  1.97654836]])], [array([ 1.24628284, -0.16667269,  1.62603727,  1.06190148, -0.60781036,
        0.90395479]), array([-0.40727068,  2.41107892])]]]
[100, 16, -1, -1, 1, [[array([[ 0.08127371, -1.02957031,  1.88422047,  2.35803138,  1.53881691,
        -0.90953454],
       [ 2.01357256,  0.30720571, -1.60072772,  1.78253617, -2.26759142,
         1.82075256],
       [-1.68238721,  2.40792559,  0.87705968, -1.05034008, -2.3323631 ,
        -2.01488859],
       [-0.10037055, -0.95221284, -0.30220575, -0.17688583, -0.24525154,
        -0.54032426],
       [-0.68227182,  2.02045066, -1.74766887,  2.40589445, -1.58196565,
        -2.38632845],
       [ 1.95659215,  2.43688238,  0.58288217, -2.10820923,  2.11101123,
         0.42395097]]), array([[ 1.28949082,  1.02789214],
       [-1.90860949,  2.283345  ],
       [-2.27454331,  2.20214872],
       [-1.19188343, -1.94482462],
       [ 0.8897669 , -1.23636479],
       [-1.82864445, -1.53628628]])], [array([ 0.80507546,  1.22282565, -1.28193944,  0.83104849, -2.07219563,
       -1.86963122]), array([2.25638858, 0.23861644])]]]
[100, 5, -1, -1, 0, [[array([[ 2.14233252, -2.10551994,  2.27870511, -2.33882701,  1.0309302 ,
         2.37267685],
       [-0.22216256, -1.59993207, -0.42160112, -2.44522573, -0.44559141,
         1.97099837],
       [ 0.16715722,  2.25780183, -0.38538635, -0.85506415, -1.3400183 ,
        -2.10116585],
       [ 1.24259069, -1.51085865, -0.7022089 ,  0.43322173,  2.00430568,
        -1.54940191],
       [-1.26506308, -0.92225856, -0.62094033, -1.17917891, -2.38820862,
        -0.43342956],
       [-0.09109928, -1.46558279,  0.97477335,  2.11330474,  0.35589743,
         0.47009725]]), array([[ 1.44003994,  0.20816705],
       [ 0.86196954, -0.8215817 ],
       [ 1.58464508, -1.25542784],
       [ 1.78502088,  1.47559762],
       [ 0.07751777, -0.47775254],
       [-1.87703992,  1.15546673]])], [array([ 0.61502598, -0.85131233, -0.66219041,  2.29801689,  0.82195782,
        1.82306636]), array([-0.67622932, -1.83842226])]]]
[100, 10, -1, -1, 1, [[array([[-0.78281432, -0.8404477 , -0.11295514, -0.27094927, -1.48509407,
        -2.39072603],
       [ 0.5305747 ,  2.43136571,  1.2538993 ,  0.77956388, -1.59781542,
        -0.19002905],
       [ 0.75571728, -2.13795129, -1.66769891,  1.18048441,  0.36937102,
        -1.49321733],
       [-1.73816233, -0.4940723 ,  1.09793991,  0.21708715, -0.49179007,
        -2.201638  ],
       [ 1.43762285,  0.21067808, -1.58606017, -2.22075865,  1.54538861,
         0.9173811 ],
       [-1.81542636,  2.12511587,  0.26574384, -0.99777142, -1.85112317,
         0.32836686]]), array([[-2.0785891 , -0.92596806],
       [-1.36730726, -1.20147083],
       [ 0.98176521,  0.75073806],
       [-0.73966853,  0.65686554],
       [ 1.71825837,  1.12643029],
       [ 0.87865094,  1.35750808]])], [array([-1.79500042,  1.21784909, -1.02282866,  0.88848915, -2.01316228,
        0.09976522]), array([ 0.51057684, -1.7116181 ])]]]
[100, 12, -1, -1, 0, [[array([[ 0.64256733, -0.22462614, -1.95601101, -0.97026957, -0.29003592,
        -2.24980876],
       [-1.61863677,  1.556568  , -2.19229372, -0.78871349,  1.92652521,
        -0.20638912],
       [ 0.67710788, -0.4161683 , -1.50963   ,  1.6166754 , -2.43517296,
        -0.28313666],
       [-2.17517138,  2.01736035,  0.26963876,  1.53406891, -0.30661475,
        -1.5366595 ],
       [-1.9888658 , -0.63737632, -1.55148237, -0.25847351, -1.10501948,
         2.3985285 ],
       [ 2.36036279, -1.70557851,  2.35701116, -0.03920671,  1.58780734,
        -1.03736314]]), array([[-1.45946393,  0.34195525],
       [-1.37986579,  0.70508788],
       [-2.21193807,  0.99392621],
       [ 1.90229754,  1.67617071],
       [ 0.93346252,  0.03886965],
       [ 1.61079044, -1.73977873]])], [array([-2.13434314, -2.30345165,  2.05798617, -1.76328314,  1.47708509,
       -0.58526168]), array([-0.65602071, -0.46508102])]]]
[1149561, 11, 'death']
[1149711, 21, 'death']
[1149861, 9, 'death']
[1150011, 2, 'death']
[1150161, 0, 'death']
[1150311, 23, 'death']
[1150461, 4, 'death']
[1150611, 20, 'death']
[1150761, 6, 'death']
[1150911, 24, 'death']
[1151061, 15, 'death']
[1151211, 22, 'death']
[1151361, 3, 'death']
[1151511, 18, 'death']
[1151661, 13, 'death']
[1151811, 17, 'death']
[1151961, 8, 'death']
[1152111, 1, 'death']
[1152261, 19, 'death']
[1152411, 7, 'death']
[1152561, 14, 'death']
[1152761, 16, 'death']
[1152911, 5, 'death']
[1153061, 10, 'death']
[1153211, 12, 'death']
[1153311, 21, 'birth', 13, 2, 0, [[array([[ 1.39119012,  0.30103691,  1.37242187, -2.02742607,  0.9053469 ,
         2.1038838 ],
       [-0.56994938,  1.55639898, -1.86387807, -0.08730142, -0.83217098,
         2.26314586],
       [ 2.23299386,  1.56647849,  2.11546174, -0.84826184,  0.30024992,
        -1.47640572],
       [-2.44948974, -1.78570404,  2.17569535, -1.13637378,  2.44948974,
        -0.63888841],
       [-2.30329512,  2.28638455,  1.95666574,  2.33116692, -1.94621825,
        -1.90579206],
       [-2.25169636,  0.51524509, -1.40748589, -0.67990034, -1.0995794 ,
         1.38859776]]), array([[-1.12787897, -0.31869665],
       [-0.69046546,  0.72381039],
       [-1.41421356,  1.41421356],
       [-1.0156836 ,  0.5521541 ],
       [-0.7809383 , -1.41421356],
       [-1.41421356,  0.17194851]])], [array([ 2.44948974, -2.42785345,  0.43164228, -2.41679229,  1.63327384,
        1.4581441 ]), array([-0.13112468,  0.71980092])]]]
[1153311, 6, 'birth', 3, 7, 0, [[array([[ 0.53123453,  1.66680707, -1.60049821,  0.32486301,  0.88270898,
         1.88898196],
       [ 0.61108106,  0.90947974, -1.77698098,  0.08974011,  1.19529864,
        -2.07532837],
       [ 0.50901268,  1.12197698, -1.11835551,  2.37225563, -0.79948181,
         1.76510375],
       [-0.48486821,  1.59872674, -0.1835934 ,  1.24822478,  1.8066682 ,
        -1.43266895],
       [ 0.4620809 ,  1.97464562,  1.66962382, -1.02861838, -0.67758715,
         1.48825816],
       [-0.56363777, -0.96150842,  1.83552567, -1.01698824, -1.66031235,
        -0.37633918]]), array([[ 0.31460371,  0.76463594],
       [ 0.01420037,  0.67474967],
       [-1.0200404 ,  0.64994084],
       [ 0.85148674, -1.41421356],
       [-1.41421356,  1.25144303],
       [-0.05812181,  1.41421356]])], [array([-1.42808017,  0.90821983, -0.71239354, -0.88745169, -0.38709793,
        2.26922638]), array([-1.12349967,  0.25007257])]]]
[1153311, 4, 'birth', 14, 2, 0, [[array([[-1.91427761,  2.24415228,  2.22322039, -0.56942175, -1.53723843,
        -0.38287288],
       [ 0.25543772,  1.49985054, -2.17835999, -0.55017291, -0.20969182,
         1.734607  ],
       [ 1.56457883,  1.57439045,  2.24413632,  1.79354169, -0.17713467,
         1.8890896 ],
       [-1.01094297, -1.32711499,  0.91405761,  0.05921621,  0.15174723,
        -2.00163113],
       [-1.50444706,  1.71702717,  0.90358068,  2.07021143,  1.80310665,
        -0.23956438],
       [ 2.05828322,  0.44036765, -2.16723912,  0.37586088,  1.50430258,
         0.97007178]]), array([[-1.14748974,  0.15886743],
       [ 0.89308217,  1.41421356],
       [ 1.41421356,  1.41421356],
       [-1.0156836 , -0.45022592],
       [-0.7809383 , -1.41421356],
       [-1.41421356,  0.03455283]])], [array([ 2.15594172, -2.42785345,  0.43164228, -2.44948974,  1.63327384,
        1.4581441 ]), array([-0.13112468, -1.41421356])]]]
[1153311, 19, 'birth', 15, 21, 0, [[array([[-2.2154991 , -0.46407456,  1.82053113,  1.6138009 , -0.56714692,
         1.03060341],
       [ 1.71237918, -2.44948974,  1.57747883, -1.64493043, -1.64961373,
         1.96677826],
       [-0.76159308, -2.3596588 ,  0.78497446,  2.44948974, -1.57575603,
         0.5851557 ],
       [ 0.20161044, -2.44948974, -1.41460376, -2.31198867, -2.02885146,
         1.8022759 ],
       [-0.49174876,  0.19758537, -1.23778723, -2.37381714,  1.05306179,
         2.01265544],
       [ 1.5059917 ,  0.41235251,  1.4886437 ,  0.54381247,  0.94123678,
        -1.79691583]]), array([[ 0.02144863,  1.41421356],
       [-1.41421356, -1.41421356],
       [ 1.41421356,  0.57616747],
       [-1.41421356, -1.41421356],
       [-0.9896261 ,  1.41421356],
       [-0.10252934, -1.41135819]])], [array([-0.20823472, -2.16187246,  2.15146507,  1.90729436, -0.22005938,
       -1.60358325]), array([-1.41421356,  0.32913365])]]]
[1153311, 13, 'birth', 3, 24, 1, [[array([[-0.70292718,  1.66680707, -2.14603938,  0.32486301,  0.88270898,
         1.88898196],
       [-0.53798614,  0.90947974,  1.07840674,  0.08974011,  1.19529864,
        -0.55679736],
       [ 0.50901268,  1.12197698, -1.11835551,  2.37225563, -0.79948181,
        -0.53599651],
       [ 1.18336892,  2.44948974, -2.11788526, -2.28363661,  1.69865344,
        -1.00576551],
       [ 1.79674307, -1.87174922,  2.31429444, -2.32266898, -1.59010105,
        -2.05825773],
       [ 0.46240018, -1.20614861, -1.84903321,  0.79294412, -2.18053709,
        -0.46249913]]), array([[ 1.41421356,  0.4025086 ],
       [-1.14786217,  1.13607907],
       [ 1.41421356,  1.20668556],
       [-1.11009072, -1.41421356],
       [ 0.95795087, -0.70961853],
       [ 1.41421356,  1.41421356]])], [array([ 1.80355864,  2.44948974, -0.56134093, -2.20944148, -1.91515779,
        1.3664205 ]), array([ 1.41421356, -1.41421356])]]]
[1153311, 9, 'birth', 9, 22, 0, [[array([[-0.22515991,  2.44427048,  1.78332015,  1.47276474, -2.06345829,
         0.69407732],
       [-0.60512878,  0.53407211, -0.75121496, -0.38204452, -1.77468689,
         1.97513653],
       [ 2.34026451, -2.20933735, -0.37475712, -2.33829861,  2.39306296,
         0.99492464],
       [-2.33372525, -1.8725301 ,  1.34466964, -1.6062748 , -2.44948974,
        -0.35377069],
       [ 1.02136361,  0.27666928, -2.25832137, -0.87209588, -0.20939193,
        -0.85938218],
       [ 2.33709842, -0.12607552,  0.67590556,  1.10031209,  0.7506963 ,
        -2.44948974]]), array([[ 1.1738904 , -1.41421356],
       [ 0.09570764, -0.27082177],
       [-0.64533809, -1.06702919],
       [ 1.41421356, -0.61997001],
       [-1.41421356,  1.04827892],
       [ 1.41421356, -1.41421356]])], [array([-1.82088043, -0.19490874,  1.00712024, -2.26943486, -1.44848046,
       -1.71851955]), array([-0.9627632 , -1.41421356])]]]
[1153311, 22, 'birth', 14, 20, 1, [[array([[-2.42942598,  2.24415228,  2.22322039, -0.56942175, -1.53723843,
        -0.38287288],
       [ 0.25543772,  1.49985054, -2.17835999, -0.31854895,  0.16479632,
        -0.64390038],
       [-2.30282821, -0.52599057,  1.4889642 , -0.69341057,  1.85889121,
        -2.25617485],
       [-2.1374462 ,  2.44948974,  0.00499948,  1.06055748, -1.64137845,
         2.42295791],
       [-1.71932464,  2.44948974, -0.2934072 ,  0.51727529,  1.28405797,
        -2.44948974],
       [ 1.13076725, -2.44948974,  2.0050727 , -1.37915083,  1.85600828,
         0.42480071]]), array([[ 1.21483032, -0.8068479 ],
       [-0.28124972, -0.32769622],
       [ 1.41421356,  0.71645797],
       [ 0.05581673,  0.33864501],
       [-1.41421356, -0.9562569 ],
       [-1.41421356, -1.41421356]])], [array([ 1.18769284,  0.33769637, -0.76904663,  2.02837726, -2.24073249,
       -2.44948974]), array([ 0.89407518, -1.41421356])]]]
[1153311, 1, 'birth', 14, 22, 1, [[array([[-2.44948974,  2.24415228,  2.22322039, -0.56942175, -1.53723843,
        -0.38287288],
       [ 0.25543772,  1.49985054, -2.17835999, -0.31854895, -0.20969182,
         1.734607  ],
       [ 2.44948974,  1.57439045,  2.24413632,  1.79354169, -0.17713467,
         1.8890896 ],
       [-1.59757539, -1.32711499,  0.91405761,  0.05921621,  0.15174723,
        -0.58132705],
       [ 0.99990933, -1.6566181 , -1.30051505, -0.05150274, -1.30755367,
         2.13747245],
       [ 2.44948974, -1.05270956,  0.37046804, -1.03412521, -0.77425994,
        -1.74867994]]), array([[ 1.30563154, -0.53419809],
       [ 1.41421356, -1.41421356],
       [-0.0099186 ,  1.41421356],
       [ 1.41421356, -1.41421356],
       [-0.54508117, -1.41421356],
       [-1.41421356, -1.41421356]])], [array([-1.82088043, -0.19490874,  1.00712024, -2.44948974, -1.44848046,
       -2.44948974]), array([-0.9627632 , -1.41421356])]]]
[1153311, 0, 'birth', 3, 10, 1, [[array([[ 0.53123453,  1.66680707, -2.14603938,  0.32486301,  0.88270898,
         1.88898196],
       [ 0.61108106,  0.90947974, -1.77698098,  0.08974011,  1.19529864,
        -2.07532837],
       [ 0.50901268,  1.12197698, -1.11835551,  2.37225563,  0.71626445,
         1.76510375],
       [ 2.44948974,  1.59872674, -0.1835934 ,  1.24822478,  1.8066682 ,
        -1.43266895],
       [ 0.4620809 ,  1.97464562,  1.66962382, -1.02861838, -0.67758715,
         1.77278702],
       [-0.07817931, -0.96150842,  1.83552567, -1.05727309, -1.66031235,
        -0.37633918]]), array([[ 0.31460371,  0.76463594],
       [ 0.01420037,  0.67474967],
       [-1.0200404 ,  0.64994084],
       [ 1.34568668, -1.41066132],
       [ 0.58395015, -1.41421356],
       [-1.41421356,  1.35750808]])], [array([-1.79500042,  1.21784909, -1.02282866,  0.88848915, -2.02011344,
        0.09976522]), array([-1.41421356, -1.41421356])]]]
[1153311, 16, 'birth', 8, 1, 1, [[array([[ 2.42792853,  1.7640959 ,  1.60094572, -0.30159672,  1.19014871,
         1.34177963],
       [-2.44948974, -0.85377249,  0.64185419,  1.45032931,  2.37848789,
        -0.091705  ],
       [ 2.44948974, -0.31028308, -1.65524863, -1.07189444,  2.30575488,
        -1.64388536],
       [-2.06864165,  1.45056215, -1.73987707,  2.07067707,  1.06973059,
         0.43675782],
       [ 1.97554802, -2.28846246, -1.29229187,  0.94180103, -2.44948974,
        -0.20331953],
       [ 1.40413274,  0.86522266,  0.5588139 ,  0.52779586, -0.64291055,
         1.81101577]]), array([[ 1.41421356, -1.41421356],
       [-0.94117525, -1.41421356],
       [ 1.41421356,  1.41421356],
       [-0.73981984,  0.72097901],
       [ 1.41421356, -0.57262056],
       [ 1.41421356, -1.41421356]])], [array([ 1.33972065,  2.44948974,  2.44948974,  0.49125891,  2.41213167,
       -2.36667458]), array([-1.23186194,  0.93137147])]]]
[1153311, 15, 'birth', 19, 22, 1, [[array([[-0.02503796, -0.01928137,  0.36735345,  0.79427844,  0.19013491,
        -0.12749701],
       [ 1.47467972,  1.33933832, -0.9252033 ,  0.35905443,  1.83275291,
         0.23505629],
       [-2.32093803,  1.62760996, -0.19127633,  2.26926886, -0.57974896,
         2.42835192],
       [ 2.44948974, -0.16695279, -0.3849629 ,  1.00732911, -0.13310966,
         2.44948974],
       [ 0.99990933, -1.6566181 , -1.30051505, -0.05150274, -0.68733601,
         2.13747245],
       [-1.00002867,  1.05887483,  0.37046804, -1.03412521, -2.44948974,
        -1.74867994]]), array([[ 1.30563154, -0.53419809],
       [ 1.41421356, -1.41421356],
       [-0.0099186 ,  1.41421356],
       [ 1.41421356, -1.41421356],
       [-0.19153008, -1.41421356],
       [-1.41421356, -0.89556608]])], [array([-2.44948974, -0.19490874, -2.44948974,  1.96569277, -1.44848046,
       -1.71851955]), array([-0.9627632 , -1.41421356])]]]
[1153311, 7, 'birth', 0, 1, 0, [[array([[ 0.04255804,  0.49510021, -2.44948974, -0.58803744, -1.83893468,
         1.20725093],
       [ 0.30872501, -0.7849234 , -1.12229259,  0.73639253,  1.02261558,
         2.02016525],
       [ 0.32809323, -0.26719303, -1.2635991 , -0.62868693,  0.80277119,
         0.85191156],
       [-1.3873507 , -0.67099785, -2.19522885,  0.27126686,  0.80436133,
         0.43675782],
       [ 1.97554802,  0.91715107, -1.29229187,  2.12234481, -1.99454274,
        -0.20331953],
       [ 2.44948974,  0.86522266,  0.5588139 ,  0.52779586, -2.44948974,
         1.81101577]]), array([[ 1.41421356, -1.41421356],
       [-0.12612869, -1.08149681],
       [ 1.41421356,  1.41421356],
       [-0.73981984,  0.72097901],
       [ 1.41421356,  0.82216834],
       [ 1.41421356, -1.41421356]])], [array([ 1.33972065,  2.2593291 ,  1.71682267,  0.49125891,  2.41213167,
       -2.36667458]), array([-1.41421356,  0.93137147])]]]
[1153311, 17, 'birth', 8, 16, 0, [[array([[ 2.42792853,  1.7640959 ,  1.60094572, -0.30159672,  1.19014871,
         1.34177963],
       [-0.95871446, -0.85377249,  2.44948974,  1.55610428,  2.37848789,
         1.87302282],
       [-1.69855937, -0.31028308,  0.32982086,  0.75902395,  2.30575488,
        -1.64388536],
       [-2.06864165,  1.45056215,  2.39659422, -1.57586339,  0.46431692,
         1.17083675],
       [-0.68227182,  2.02045066, -0.5336496 ,  2.40589445, -1.58196565,
        -2.44948974],
       [ 1.81651177,  2.43688238,  0.58288217, -2.10820923,  2.11101123,
        -1.2274046 ]]), array([[ 1.28949082, -1.41421356],
       [-1.41421356,  1.41421356],
       [-1.41421356,  1.41421356],
       [-1.19188343, -1.41421356],
       [ 0.8897669 , -1.23636479],
       [-1.41421356, -1.41421356]])], [array([ 0.80507546,  1.22282565, -1.28193944,  0.83104849, -2.07219563,
       -1.86963122]), array([1.41421356, 0.23861644])]]]
[1153311, 14, 'birth', 0, 16, 0, [[array([[ 4.25580393e-02,  4.95100212e-01, -5.71334443e-01,
        -5.88037439e-01, -1.83893468e+00,  1.93485435e+00],
       [ 3.08725013e-01, -2.44948974e+00, -2.34870717e-03,
         1.76571553e-02,  1.02261558e+00, -2.44948974e+00],
       [ 3.28093232e-01,  2.33259514e+00, -8.48616284e-01,
        -6.28686929e-01,  8.02771193e-01,  8.51911558e-01],
       [-2.44948974e+00, -9.52212843e-01, -3.02205752e-01,
        -2.95688042e-01, -2.45251541e-01, -5.40324263e-01],
       [-6.82271822e-01,  2.02045066e+00, -1.74766887e+00,
         2.40589445e+00, -1.58196565e+00, -2.38632845e+00],
       [ 1.95659215e+00,  2.43688238e+00,  1.66726191e-01,
        -2.10820923e+00,  2.11101123e+00,  4.23950973e-01]]), array([[ 1.28949082, -0.07551285],
       [-1.41421356,  1.41421356],
       [-1.41421356,  1.41421356],
       [-1.19188343, -1.41421356],
       [ 0.8897669 , -1.23636479],
       [-1.41421356, -1.41421356]])], [array([ 0.80507546,  1.22282565, -1.28193944,  0.83104849, -2.44948974,
       -1.86963122]), array([1.41421356, 0.23861644])]]]
[1270362, 3, 'birth', 21, 1, 0, [[array([[ 1.39119012,  0.30103691,  1.32314242, -2.02742607,  0.9053469 ,
         2.1038838 ],
       [-0.56994938,  1.55639898,  0.62580144, -0.51890812, -0.83217098,
         2.26314586],
       [ 2.23299386,  1.56647849,  2.11546174,  2.44948974, -0.17713467,
         2.44948974],
       [-1.59757539, -1.32711499,  0.91405761,  0.05921621,  0.15174723,
        -0.58132705],
       [ 0.99990933, -2.44948974, -1.30051505, -0.05150274, -1.30755367,
         2.44948974],
       [ 2.44948974,  0.55500088,  0.37046804, -1.03412521, -0.77425994,
        -1.74867994]]), array([[ 1.30563154, -0.53419809],
       [ 0.95500961, -1.41421356],
       [-0.0099186 ,  1.41421356],
       [ 1.41421356, -1.41421356],
       [-0.54508117, -1.41421356],
       [-1.41421356,  1.128311  ]])], [array([-1.82088043, -0.19490874,  1.00712024, -2.44948974, -1.44848046,
       -2.44948974]), array([-0.9627632 , -1.41421356])]]]
[1444464, 8, 'birth', 4, 1, 1, [[array([[-1.91427761,  2.24415228,  2.22322039, -0.56942175, -1.53723843,
        -0.38287288],
       [ 0.25543772,  2.08341723, -2.17835999, -0.55017291, -0.20969182,
         1.734607  ],
       [ 1.56457883,  1.57439045,  2.24413632,  1.79354169, -0.17713467,
         1.8890896 ],
       [-1.01094297, -2.44948974,  0.91405761,  0.05921621,  0.15174723,
        -2.00163113],
       [-1.50444706,  1.71702717,  0.90358068,  2.07021143, -2.36568511,
        -0.23956438],
       [ 2.44948974, -1.05270956,  0.37046804, -1.03412521, -0.77425994,
        -1.74867994]]), array([[ 0.74257969, -0.53419809],
       [ 1.41421356, -1.41421356],
       [-0.0099186 ,  1.41421356],
       [ 1.41421356, -0.57539912],
       [-0.54508117, -1.41421356],
       [-1.41421356, -1.41421356]])], [array([-1.82088043, -0.19490874,  2.44948974, -2.44948974, -1.44848046,
       -1.45512113]), array([-0.9627632 ,  0.45049433])]]]
[1614116, 2, 'birth', 4, 15, 0, [[array([[-1.91427761,  2.24415228, -1.69647934, -0.56942175, -1.53723843,
        -0.38287288],
       [ 0.25543772,  1.49985054, -2.44948974, -0.55017291, -0.20969182,
         1.734607  ],
       [ 1.56457883,  1.57439045,  2.44948974,  2.44948974, -0.17713467,
         1.8890896 ],
       [-1.01094297, -1.32711499,  0.91405761,  0.05921621,  0.15174723,
        -2.00163113],
       [-1.50444706,  1.71702717,  0.90358068,  2.07021143,  1.80310665,
        -0.23956438],
       [ 2.05828322,  0.44036765,  1.01490266,  0.37586088,  1.50430258,
         0.97007178]]), array([[-1.14748974,  0.15886743],
       [ 0.89308217, -1.41421356],
       [ 1.41421356,  1.41421356],
       [ 1.41421356, -1.41421356],
       [-0.19153008, -1.41421356],
       [-1.41421356, -0.89556608]])], [array([-2.44948974, -0.19490874, -2.44948974,  1.37652932, -1.44848046,
       -2.44948974]), array([-0.9627632 , -1.41421356])]]]
[1879218, 21, 'death']
[1879368, 6, 'death']
[1879518, 4, 'death']
[1879668, 19, 'death']
[1879818, 13, 'death']
[1879968, 9, 'death']
[1880118, 22, 'death']
[1880268, 1, 'death']
[1880418, 0, 'death']
[1880568, 16, 'death']
[1880718, 15, 'death']
[1880868, 7, 'death']
[1881018, 17, 'death']
[1881168, 14, 'death']
[1908419, 3, 'death']
[1934819, 8, 'death']
[1935019, 2, 'death']
[1935019, 'Extinction!']
