[time, indiv, parent1, parent2, gender, brain]
[100, 3, -1, -1, 0, [[array([[ 0.4642295 , -0.29800184, -1.69390036,  0.49384816,  1.7456648 ,
         1.9724896 ],
       [-1.40505083, -1.30362022,  1.20571484,  0.62789042,  0.63391875,
         0.97491901],
       [ 1.18301325,  1.94462259,  1.95435298,  0.66132693, -0.71445166,
         0.77545524],
       [-2.35680952,  1.49314868, -0.64316828,  0.62182335, -1.25823952,
         0.39886001],
       [ 1.87175822,  0.92878484,  1.50905678, -1.02624742,  1.15706864,
         0.52199552],
       [ 0.5260355 ,  1.77076839, -0.8999621 ,  2.17337748, -1.89306422,
        -2.41530103]]), array([[-2.23188158,  1.53049497],
       [ 1.57391786, -2.1943605 ],
       [ 2.15225706, -1.91757051],
       [ 2.18917591, -2.0962281 ],
       [ 1.67355708, -1.63030586],
       [-0.47973084, -2.44462736]])], [array([-0.31723774, -0.87806117,  1.80281779,  2.4123472 , -1.21046743,
        0.52783319]), array([-0.29204781,  1.67375085])]]]
[100, 14, -1, -1, 1, [[array([[-0.19406987, -2.08252522, -1.90473919,  0.36016459,  0.70055687,
         1.32705889],
       [ 0.05612665, -0.22371646,  2.17555658, -2.34739077,  0.38722442,
        -0.90663274],
       [-2.04941926, -0.79899154, -0.62581896, -0.23537803,  1.4917237 ,
         0.59037362],
       [-1.29797228, -0.35129758,  2.06731972,  1.81423071, -1.83128035,
         1.13975522],
       [ 2.31757096,  2.42574035, -0.83329902, -1.96425925,  0.81935844,
        -2.0710761 ],
       [ 2.15160524, -1.393809  , -1.34524868,  1.61881071, -1.54133244,
        -1.15697468]]), array([[-1.9095261 , -1.22435319],
       [-1.89677426, -0.99920573],
       [ 1.79538012, -0.88323227],
       [ 0.94449927, -1.4617628 ],
       [-0.65018232,  1.29946297],
       [-0.53634144, -2.29608225]])], [array([-2.17918182,  1.62964567,  0.76002644,  2.0641957 ,  0.06817961,
        0.87192283]), array([-1.43959485,  0.69559352])]]]
[100, 7, -1, -1, 0, [[array([[ 1.35502506, -1.63138939, -2.02231565,  2.076624  , -1.9705161 ,
         1.14296433],
       [ 1.17924499, -0.79867499, -2.02439128,  2.32032347,  1.81809907,
         0.11806348],
       [ 2.07252783, -1.51920693,  1.60133502,  1.68450284,  0.00853533,
        -0.1288068 ],
       [-1.76085482,  1.53459895,  1.78196175, -1.2170482 ,  0.76896586,
         0.299713  ],
       [ 2.30713554, -0.96552806, -0.36773963, -1.30142203,  0.50851996,
        -0.68283585],
       [-1.26117153, -1.49056565, -1.5926984 ,  1.94803008,  2.24176896,
        -2.21344679]]), array([[-0.14554329,  1.57159641],
       [-0.24565995,  0.10697966],
       [-1.50870857, -2.32223926],
       [-0.83346587, -1.43256999],
       [ 1.19928003, -1.79696111],
       [ 2.14569194,  0.46531562]])], [array([ 1.87380714, -0.88583349, -0.24196727,  0.0559485 , -0.95077433,
       -2.35942166]), array([-1.76574414, -2.05591704])]]]
[100, 18, -1, -1, 1, [[array([[ 1.57338177,  2.3080655 ,  0.11658582,  0.80280562, -0.59962156,
        -0.58944025],
       [-0.06647011,  1.22081872, -1.90868589, -1.81703577,  2.05002514,
         1.74071194],
       [ 2.2243856 ,  0.25549302,  1.59772557,  1.61788601,  2.40634492,
        -2.00181847],
       [-0.91724366, -2.20088189,  1.98819515, -1.77521231, -1.8690714 ,
        -1.55784481],
       [-1.19469481,  0.55300464,  2.32887624,  2.03117878,  0.70274158,
         0.58227941],
       [-0.37846953,  1.95508217, -0.19424514,  1.74881799, -2.04855492,
        -1.20865569]]), array([[ 0.84059037, -1.57355676],
       [-2.39918525, -1.41405733],
       [ 1.96006957, -0.77764138],
       [ 1.29237757,  1.70971262],
       [ 0.31678459, -1.80100762],
       [-1.47357978, -0.990435  ]])], [array([-0.37643942, -0.14696005, -1.10646736, -2.15095469, -1.51189372,
       -0.30206291]), array([-0.74124854,  2.06196801])]]]
[100, 0, -1, -1, 0, [[array([[ 1.03811869,  0.8862448 , -2.08052147,  1.85120209,  0.67652887,
         1.67138875],
       [ 1.71155287,  1.97611758,  2.11087863, -0.83568542,  2.40491189,
         1.19824159],
       [-1.20039076, -1.98887039, -2.27031876, -1.70309   ,  0.00409234,
        -1.93367915],
       [ 2.38333106,  1.52565436,  2.16108509,  1.24592522,  1.70728053,
        -0.99360529],
       [ 1.17182031, -2.17949289,  2.39117711, -1.25466427,  0.36552443,
        -0.11920487],
       [-0.23036778, -1.75098088, -2.30754299, -2.11977192,  2.16325832,
        -0.36417467]]), array([[ 0.37660632, -2.05987862],
       [-2.03332973,  2.27467344],
       [ 0.79708475,  1.8994219 ],
       [ 1.78684502, -1.19508499],
       [-0.37662176, -1.50217075],
       [ 1.19372296,  1.39104297]])], [array([-1.02384613, -2.34669907, -1.85591608,  0.8178502 , -0.88994602,
       -0.33559987]), array([2.04054012, 2.35262422])]]]
[100, 21, -1, -1, 1, [[array([[-1.90170652,  0.08980286,  0.55793496, -0.22180485,  0.97541031,
         2.15267402],
       [ 0.52907257, -1.63835054, -1.51906375, -1.496414  ,  1.06967648,
         0.36573892],
       [ 1.52954252,  1.02255652, -2.28171295, -0.0071364 , -2.416524  ,
        -2.02523578],
       [ 0.71445115,  1.3043675 ,  1.29844764, -1.74708972,  0.2891438 ,
        -0.63268976],
       [-1.97887625,  0.32151384,  2.10566565,  1.32045661,  0.56827731,
         0.99331803],
       [ 0.99332808,  1.95961531, -0.47071612,  0.720982  , -0.04695886,
        -1.91053966]]), array([[ 1.03739698, -1.84759423],
       [ 1.1673035 ,  1.06667919],
       [ 1.73316858, -1.49492039],
       [-0.21462813, -0.9121368 ],
       [ 0.96218977,  1.485128  ],
       [-1.29082279, -0.75948203]])], [array([ 0.78793014, -2.09436379, -1.29637297,  0.64758806, -0.67213578,
        1.3371766 ]), array([ 1.17888676, -1.95016786])]]]
[100, 2, -1, -1, 0, [[array([[ 2.31175416,  0.5295785 ,  1.73347896,  1.89444957, -2.25506683,
        -2.0393396 ],
       [ 1.66204579, -2.40068191,  0.0956853 , -2.029024  ,  0.93296829,
        -2.16155792],
       [ 2.32460045, -1.74551207,  0.1515401 , -1.59109027, -0.26271553,
        -2.09246231],
       [ 0.51044386, -0.70566572,  1.72096448, -0.48643408,  0.13781055,
         1.21269618],
       [ 1.94128935,  0.23743717, -0.74254673,  2.42363906, -1.33770474,
         1.2358325 ],
       [ 1.38040187,  1.87978969,  1.34828957, -0.72723756,  0.89610799,
        -1.37022112]]), array([[ 1.56873306,  2.14012767],
       [ 0.05947096, -0.07222245],
       [ 0.58400662, -1.7994509 ],
       [-0.22965982, -2.1753931 ],
       [-0.66702884,  0.70703959],
       [ 1.35007706, -0.0629444 ]])], [array([-1.29600338, -2.32427454, -2.36267209, -1.37704185, -1.73947373,
       -1.0891631 ]), array([0.94456517, 2.01030843])]]]
[100, 15, -1, -1, 1, [[array([[ 1.01139087, -0.43308336,  0.70772772,  0.86423947,  1.79632059,
         1.26063619],
       [-1.84502495, -1.34436535, -0.3896232 ,  1.54951316,  2.12916093,
         2.04724033],
       [ 1.46728028, -0.25314799,  0.97689542,  0.38560464, -2.16645983,
         0.69420954],
       [ 1.89992026,  0.96372674, -0.38347421, -1.55376922, -0.84134625,
        -0.93066259],
       [-1.32420454, -1.99826197, -1.77449841,  0.5599737 ,  1.5768162 ,
        -0.5735889 ],
       [ 1.71658907, -2.29213506, -2.05868813, -0.83720774, -0.04438073,
        -1.05235522]]), array([[ 0.30597122, -0.98187364],
       [ 2.40238909, -2.40585137],
       [-1.7705208 , -2.21286208],
       [ 1.27144854, -1.93489304],
       [-0.47338908,  2.37386587],
       [ 2.26888233, -1.14648134]])], [array([-2.18317018, -1.1497543 ,  0.97293049, -1.31470406, -1.78251337,
        0.93733805]), array([0.04518813, 0.24674495])]]]
[100, 8, -1, -1, 0, [[array([[-1.47995118, -0.88864244, -1.06994338, -1.16851285,  1.40478252,
         1.75410607],
       [-2.17657589,  0.85410743,  1.46405634, -1.08495815, -0.13066495,
         2.40429342],
       [-1.45237354,  2.1363722 , -0.48745807,  0.5115242 , -2.23625248,
         2.37198282],
       [ 0.1411066 , -1.34632131,  0.90886439,  1.03263792,  0.41341703,
         2.0081493 ],
       [ 1.37797516,  0.22676514, -1.10147281,  2.33424626,  2.14937897,
         1.20591565],
       [ 0.47933988, -0.40494798,  2.1459215 ,  0.11424744,  0.93585273,
        -1.55797736]]), array([[ 0.6463585 ,  1.58879935],
       [-1.34600874, -1.51768981],
       [-2.09770006,  0.64028664],
       [-0.17677091, -2.2512809 ],
       [-1.16452356,  2.42884328],
       [ 0.03040631,  0.48197751]])], [array([-1.48116337,  0.74376258,  0.01432215, -1.2421712 , -1.48618329,
       -1.72872023]), array([ 1.9993621 , -1.71688166])]]]
[100, 11, -1, -1, 1, [[array([[ 1.63894891,  0.75947367,  2.19751597, -1.02758957, -0.39039808,
        -1.86543004],
       [ 0.89140486, -2.34063491, -1.17051626, -1.85765092, -1.907956  ,
        -2.24599096],
       [ 0.04822371,  0.42925251,  1.4035092 , -2.01371667, -0.78378333,
        -2.30970992],
       [ 0.48703951, -2.16179591,  0.17439626,  1.44804512,  1.79846249,
         1.497217  ],
       [ 0.42551512,  0.58670243,  1.61526673,  2.37282787,  0.88517025,
        -0.33185807],
       [-2.37330612,  0.50780104,  0.51689947,  0.95277366, -1.64117101,
        -1.02348993]]), array([[ 0.34526039,  1.95010127],
       [ 1.02117125,  0.97419511],
       [-1.72454577,  0.34684587],
       [ 0.09022461, -0.80506702],
       [ 1.20114161,  1.46238322],
       [-0.26220548, -1.26820198]])], [array([-0.29621533,  0.78936278, -1.35545182, -0.13434446,  0.76843763,
        1.31921843]), array([ 1.07568796, -1.67380828])]]]
[100, 13, -1, -1, 0, [[array([[ 1.55661166, -2.07030186,  1.58651592,  0.49670517,  1.88200298,
         0.67588695],
       [ 1.46437275, -1.76082755, -1.42230579,  1.97379176,  1.06374748,
         2.42183161],
       [ 1.03863169, -1.54674501, -1.25177781, -0.24427706,  2.05426494,
         2.01127179],
       [-1.03500533, -0.56089879,  1.77098573, -0.69528501,  2.22259541,
         0.62765665],
       [ 0.94987172, -0.13273916, -0.95339322, -2.20796857, -0.80510047,
        -1.31992205],
       [ 1.19644339,  1.92948942,  0.29479668,  1.92900406, -0.64559906,
         0.01746117]]), array([[ 1.94590088,  1.39939741],
       [-2.15003054,  1.37127215],
       [-0.32998869,  1.15966282],
       [-0.51274488, -2.23771688],
       [-2.42247084, -0.95647743],
       [-2.17930028, -0.87223167]])], [array([-2.01799794, -1.75870955, -1.51915865, -0.07942932, -0.72095595,
       -1.77869537]), array([ 1.78690699, -0.01499092])]]]
[100, 23, -1, -1, 1, [[array([[-1.33094627,  0.06046531,  0.21124539, -0.20917711, -2.31493835,
        -1.19427283],
       [-1.34772377, -0.02722292, -0.92490662, -2.08944349, -0.10631629,
        -1.49835924],
       [ 0.8839958 ,  0.10790102,  2.27003158,  2.16012815, -1.96358715,
        -0.50795394],
       [-1.14822068,  2.34393011, -1.85350948,  0.99491392, -2.30545053,
         0.15134721],
       [ 1.55747908,  0.25729083, -1.30671614, -0.18717019,  1.04548055,
         0.77985341],
       [-1.24300142,  0.3817671 , -2.37627616, -1.394339  ,  1.60125422,
         0.17947788]]), array([[-0.46341018, -0.60760661],
       [-0.88338874, -2.23221242],
       [-1.16542101,  0.56945229],
       [-0.13426707,  1.98203147],
       [-0.57158324,  0.5917437 ],
       [ 0.37059407,  1.68095041]])], [array([-1.50517745, -1.25952507, -2.06680404, -1.10771556,  0.41070861,
        0.09372952]), array([-1.60906243, -0.7254228 ])]]]
[100, 4, -1, -1, 0, [[array([[-1.5071236 , -2.30701188, -0.90557364, -2.11831214, -0.95659333,
         2.13137327],
       [-1.39251801,  1.05106674,  0.92476874,  2.22387495,  2.34510419,
        -1.71507348],
       [-1.09751316, -2.07260762,  0.93852768,  0.28135624,  0.12621845,
         1.53615959],
       [ 0.19808056, -1.70382332,  1.08757982,  0.3458182 ,  0.01677612,
         0.27486143],
       [-0.02365328,  0.48478327,  1.37389926, -1.95775972,  2.04208155,
         1.66265736],
       [ 0.59602896, -2.08984231,  0.87193383, -1.45708871, -0.45463796,
        -0.34604137]]), array([[ 1.90884634e+00, -1.86491282e+00],
       [ 3.12361647e-01, -1.05406786e+00],
       [ 1.88049137e-01,  1.86874074e+00],
       [ 1.57370517e+00, -1.89558875e+00],
       [ 6.16998573e-01,  1.20725371e+00],
       [-6.72545441e-01, -9.20284782e-04]])], [array([ 1.68736124,  2.0232228 ,  2.15161798, -1.6332403 , -0.44396353,
        0.2819927 ]), array([-1.41981646, -2.17097853])]]]
[100, 19, -1, -1, 1, [[array([[ 0.60256224, -1.92543096,  1.39098643, -1.63448614,  0.59150165,
         0.87268381],
       [ 0.08675077,  0.28448629,  2.1537691 , -1.10750838, -0.47067699,
         1.09600708],
       [-1.70712572,  2.18478663,  0.65223862,  1.71952404, -0.43988117,
        -0.47044239],
       [-0.89363824,  1.21282945,  1.11750581, -1.97882707,  1.06177986,
        -0.74925499],
       [ 0.82407266, -0.77516201,  2.18688141, -2.26233616,  1.04267905,
        -1.33710286],
       [-0.45554144,  1.26363084,  1.83082784,  1.12552161,  2.16749523,
        -2.32100216]]), array([[-0.8985007 , -0.86377025],
       [-0.19541187, -1.50341042],
       [ 0.46005249, -0.14688844],
       [ 1.66815454,  0.24400383],
       [ 0.00645529,  1.24185173],
       [ 1.03362536,  1.40349592]])], [array([-2.34970416,  1.83455425, -0.05907287,  2.18361499, -1.5047811 ,
        1.957443  ]), array([ 0.02222355, -0.77445179])]]]
[100, 12, -1, -1, 0, [[array([[-0.80831049,  1.69855903,  2.06778834, -1.94867267, -1.12454742,
         1.32920288],
       [ 1.41300269,  0.43246659, -0.24876934,  0.64770421, -1.97423374,
         1.36553746],
       [ 0.9921858 , -1.68633279, -1.64437301, -1.2423805 ,  0.8817044 ,
         2.2436712 ],
       [ 0.61912233, -0.22067848, -0.59307643,  1.69701067, -0.08997765,
        -0.6514633 ],
       [-0.97298301,  1.68627598, -2.29430794,  0.26394263,  1.18988493,
         1.18010448],
       [-1.35790883, -1.03115975,  0.37699663, -0.10078364, -2.25378693,
         1.33061404]]), array([[ 0.98814676, -0.34565368],
       [-2.18337806,  2.37806921],
       [-1.22906858,  1.00670469],
       [-0.28590608,  0.22211282],
       [-1.77816976, -0.51979296],
       [ 1.86262716, -2.05120601]])], [array([0.42945433, 0.66562516, 0.82653024, 2.17303967, 1.28948581,
       1.75702544]), array([-0.56139747, -0.02373737])]]]
[100, 10, -1, -1, 1, [[array([[ 1.97064361, -1.31258524, -1.7361442 ,  0.13620716,  0.19248958,
        -1.22283886],
       [-1.15710972, -0.57705945,  1.27317705, -0.95467118, -1.82360289,
        -2.43636183],
       [-2.35934081,  0.62724792,  1.59884527,  1.4788645 , -2.08764084,
         1.40341448],
       [ 1.03525523,  2.20985161, -0.58866633,  1.51660872, -0.45135902,
         1.75410145],
       [ 0.40316912, -0.02608859, -1.52348973,  2.11784   , -0.42109625,
        -1.49447643],
       [-1.22632165,  1.89391987, -2.29290601, -0.35025662,  1.49634991,
        -1.25568692]]), array([[ 1.37474528,  1.89848246],
       [ 0.74655196, -1.12167905],
       [-1.89134028, -1.24662074],
       [ 1.39814727, -0.4062351 ],
       [ 0.08057311, -0.52089306],
       [ 1.83732343, -0.3822568 ]])], [array([ 0.47550483,  1.08903692, -0.68560146,  1.21987637, -0.33031143,
       -2.39585357]), array([ 2.09636356, -2.29956124])]]]
[100, 20, -1, -1, 0, [[array([[-1.48434434, -0.83519735,  1.82858918,  1.15626306, -1.0359865 ,
         2.42114781],
       [ 0.89530772, -1.7061823 ,  2.15035953, -1.4721241 ,  1.65260289,
         1.74343212],
       [ 0.90600808, -0.83305924,  0.58701187,  2.40976509,  0.42854988,
        -0.73409376],
       [-1.55822937, -0.48580791, -1.6839844 , -1.49952352, -1.21878202,
        -1.34207996],
       [ 0.55348527,  1.79489126, -1.51870412,  1.35124706,  1.49783152,
        -1.09500079],
       [-1.25628361,  1.31394555,  2.07348302,  2.18960471,  2.24246631,
         1.47582515]]), array([[ 2.01613056, -1.47435706],
       [ 0.46591597, -0.0267294 ],
       [ 1.07557538, -0.32866212],
       [ 1.84806534,  0.25236088],
       [-2.35997213,  1.90701556],
       [-2.21410961, -2.11525187]])], [array([-0.11648012,  0.85875796, -0.13908949,  0.98667939,  0.8441272 ,
        0.81094942]), array([ 1.77837443, -2.30087918])]]]
[100, 5, -1, -1, 1, [[array([[-1.01252125e+00, -8.03976978e-01,  2.24658789e+00,
         8.22837912e-01, -1.24995185e+00,  1.29675084e+00],
       [ 1.89934257e+00,  1.73342500e+00, -1.35175494e+00,
         1.15960922e+00, -2.13871513e+00,  1.98893276e-04],
       [ 1.50390981e+00, -1.70507153e+00,  1.31520982e-01,
        -2.31983441e+00, -1.96010179e-01,  2.36268151e+00],
       [-1.26806627e+00,  6.41886198e-01, -6.59415783e-01,
         3.69538554e-01, -2.20626657e+00, -6.49448627e-02],
       [-4.52940774e-01, -1.50328972e+00,  4.94640204e-01,
        -2.27599222e+00,  1.69105893e+00,  8.27063783e-01],
       [-1.16862284e+00,  3.18676242e-01,  1.15840630e+00,
         6.46182745e-01,  4.94628052e-02, -1.61798242e-01]]), array([[-1.66308541, -1.28783667],
       [-2.16485323,  0.80127985],
       [-1.05158908,  1.11586776],
       [-0.9288498 , -0.71911719],
       [ 1.66672374,  0.86007347],
       [ 0.82943658, -0.31732131]])], [array([-0.71012136,  0.11470416,  1.21002595, -1.01115827, -1.76136776,
        1.2961984 ]), array([0.00831289, 1.43026539])]]]
[100, 24, -1, -1, 0, [[array([[ 0.93375034,  1.04584908,  1.59684845,  0.85428333,  2.32033836,
        -0.43130042],
       [ 2.23012431,  1.05841159, -2.21519017, -0.92967925, -1.80114474,
         2.13255121],
       [ 0.57945437,  1.80050974, -2.00609845, -0.9715096 , -1.51869626,
         2.39221025],
       [-2.24087913, -1.95921541, -1.72925162,  1.13616575,  0.33685891,
         0.46066356],
       [ 0.73457963, -2.28996606,  0.24426747,  2.07591456, -1.56137485,
         1.17586692],
       [ 1.99078111,  1.05262507, -0.37688544,  0.16665069, -2.36810837,
         2.14929697]]), array([[-0.93237113,  0.96726498],
       [ 0.10103142,  1.57750592],
       [-1.5436728 , -0.7722753 ],
       [ 2.01976259, -1.88659389],
       [ 0.80869106,  1.01598885],
       [ 1.02248215,  1.55521378]])], [array([ 1.9953955 , -1.59528563,  1.19623677,  0.92160802,  2.14522336,
        1.99053164]), array([-1.10658982,  0.96734871])]]]
[100, 22, -1, -1, 1, [[array([[ 2.11914534, -0.5083037 ,  0.86565141, -1.62292404, -2.4365476 ,
        -0.51897276],
       [ 1.57589448,  0.23847436,  1.9537146 , -0.28649756, -0.06862375,
         0.77975627],
       [-0.66099271, -1.15584838,  1.2059662 , -1.38563569,  2.16324863,
         2.10053088],
       [ 0.05380287, -1.52145361, -1.04680829,  0.75891405,  0.73801271,
        -1.09582756],
       [-2.28770438,  0.07402102, -0.58271458, -1.21429312,  1.92147167,
        -1.59347661],
       [ 1.71982907, -1.38632339,  2.21278528,  0.10412009, -0.78668831,
         1.73891857]]), array([[-2.01527348, -2.08069759],
       [ 0.23647954,  1.08093966],
       [ 0.4063694 , -0.40853437],
       [ 0.09545784,  0.5090406 ],
       [-2.35522517, -0.10342694],
       [ 1.89215299,  0.92063878]])], [array([-1.22606282, -1.18043981, -2.248132  ,  0.34757216,  1.29182922,
        0.79672442]), array([ 1.74328069, -1.39483244])]]]
[100, 16, -1, -1, 0, [[array([[ 2.58439865e-01, -1.44088466e+00, -2.18680075e+00,
        -5.84768505e-01, -1.36524550e-01, -5.76359132e-01],
       [ 9.13376473e-01, -1.19031754e-03, -2.28776986e-01,
        -1.35880764e+00, -5.40644441e-01, -6.49386362e-01],
       [ 9.87632355e-01, -5.55466635e-02,  1.35699978e+00,
        -1.35904553e+00,  2.04477271e-01, -4.16083511e-01],
       [ 8.71679173e-01,  1.87577373e+00, -1.98434457e+00,
         1.11182966e+00,  2.25558624e+00,  3.33984610e-01],
       [ 1.88301480e+00,  1.90575482e-01, -2.01123701e+00,
        -1.02299392e+00,  9.22712926e-01,  1.73447760e-01],
       [-1.71388093e+00, -2.08600000e+00, -6.09531235e-01,
         1.33507160e+00, -1.37532146e+00, -1.18982799e+00]]), array([[ 0.02300582, -2.27262807],
       [-0.66588211, -2.12641493],
       [ 0.83229765,  1.4483182 ],
       [ 2.31447613, -0.98661015],
       [ 0.87814644,  2.11363218],
       [ 1.71472771,  2.17327957]])], [array([ 1.10261167, -1.86771831, -0.11610645,  1.8948387 , -1.4234267 ,
       -1.97802433]), array([-0.6162402 ,  0.24970095])]]]
[100, 9, -1, -1, 1, [[array([[-1.68873906,  1.59429971, -0.48878839,  1.6117466 ,  0.79456663,
         2.43368548],
       [ 0.66240761, -1.34657308, -0.57570178, -0.94577264,  0.28213129,
        -1.39292012],
       [-0.6600691 ,  1.57289575,  1.17993718,  0.09746134,  1.71783197,
         1.65316399],
       [-0.57459403, -0.24474505, -0.12638636,  2.33309028, -1.04205277,
         1.94796975],
       [-0.05621854,  0.21011214,  1.61898681, -0.2080663 , -1.35085376,
        -1.77843108],
       [-2.1396668 , -1.39032017,  0.70712307,  1.48746095,  1.9574045 ,
         2.29650474]]), array([[-0.51942724, -1.18592823],
       [-0.6590933 , -0.76094913],
       [ 0.00929142, -0.29362075],
       [-1.19765943, -2.03553583],
       [ 1.9531857 , -1.80831286],
       [-0.7428467 , -1.39878553]])], [array([-0.48574284, -0.32432872,  0.69099615,  0.29541944, -0.63366096,
        2.33153124]), array([-0.48120886,  0.76816887])]]]
[100, 17, -1, -1, 0, [[array([[ 2.12799602,  1.74224871,  1.26231052,  0.298524  ,  0.69814263,
         1.08900052],
       [ 0.30639175, -0.48267718, -1.65146961,  2.1728534 , -0.51007376,
        -0.93769871],
       [-1.1396176 , -0.26622685,  1.93402177, -2.08620459,  1.56203987,
         0.56977685],
       [-2.24298572, -2.31554629,  0.58416476,  1.46125046, -0.13626136,
         0.04082254],
       [-0.68562275,  2.26230068, -1.78981508,  1.83971146,  1.23856906,
        -1.65504609],
       [ 2.11881944, -2.38799177,  1.82428708, -2.30975194,  1.62382691,
        -1.68037971]]), array([[-1.63562416,  0.01413999],
       [ 2.13177192, -1.24089775],
       [-1.17715403, -1.66985102],
       [ 0.84673302, -0.16784259],
       [-1.57054526, -0.49585483],
       [ 2.32787894, -1.05687054]])], [array([-2.14524269,  0.00869084,  0.87876581,  0.44061934, -2.18088504,
       -0.11604172]), array([0.48055598, 0.32152969])]]]
[100, 1, -1, -1, 1, [[array([[-2.31551391, -1.97659704,  0.11028653, -1.24461273, -0.2590536 ,
         0.2137632 ],
       [-2.35594182,  1.03812839,  0.26957075, -0.33399617,  0.70648145,
         0.68621484],
       [ 0.93171761, -0.61242368,  2.00483032, -2.10822439,  1.3354655 ,
         1.53060737],
       [-1.78601676,  0.36911658, -2.34763272, -0.48108009, -0.16034876,
         0.05925572],
       [ 0.2653287 ,  0.92322743,  0.05576375, -0.10201127,  0.56299467,
        -0.14915659],
       [ 0.60468222, -2.22867677, -1.88317617,  0.73496404,  0.57595469,
        -0.08294255]]), array([[ 2.03846695,  2.03793342],
       [ 0.52856376,  0.20010278],
       [-0.15316996,  1.70185698],
       [-0.42487798,  1.23544287],
       [ 1.68297054, -0.25206833],
       [-0.27413456, -1.0056104 ]])], [array([-1.80214115,  0.63879462, -1.22049349,  1.64644269, -1.10204789,
        0.54870352]), array([-1.8089052 ,  2.44384986])]]]
[100, 6, -1, -1, 0, [[array([[ 2.42244829, -0.18990055, -0.03132341,  0.33802696, -1.89923004,
        -0.53585821],
       [-0.41358931,  1.21899862, -0.41449313, -1.55521178, -2.29661083,
         1.05976643],
       [-2.3397074 ,  1.60884964, -0.25242391, -0.37825471, -2.22566491,
        -1.51770681],
       [-2.14781989,  0.93615264,  1.51863447,  0.58256959,  1.89571117,
        -1.73852753],
       [-0.21547767, -0.68354003,  1.26104933, -2.31166431, -1.73664738,
         1.36328955],
       [-1.79521068,  2.20796647, -1.85667442, -1.45171539,  1.64285894,
         2.23106093]]), array([[-1.73964453, -1.68186066],
       [ 1.37187297,  1.71278291],
       [ 1.40915864, -0.59138019],
       [-0.53043794,  2.0419441 ],
       [-1.69125362, -0.61665173],
       [ 2.15966   ,  0.37525319]])], [array([-1.37804549, -1.2415864 , -0.09557969,  0.12754447, -2.24260389,
        0.68216608]), array([2.16108617, 1.71610698])]]]
[1152061, 3, 'death']
[1152211, 14, 'death']
[1152361, 7, 'death']
[1152511, 18, 'death']
[1152661, 0, 'death']
[1152811, 21, 'death']
[1152961, 2, 'death']
[1153111, 15, 'death']
[1153261, 8, 'death']
[1153411, 11, 'death']
[1153611, 13, 'death']
[1153761, 23, 'death']
[1153911, 4, 'death']
[1154061, 19, 'death']
[1154211, 12, 'death']
[1154361, 10, 'death']
[1154511, 20, 'death']
[1154661, 5, 'death']
[1154811, 24, 'death']
[1154961, 22, 'death']
[1155111, 16, 'death']
[1155261, 9, 'death']
[1155411, 17, 'death']
[1155561, 1, 'death']
[1155711, 6, 'death']
[1155811, 17, 'birth', 7, 14, 0, [[array([[ 1.35502506, -2.44948974, -2.02231565,  2.076624  , -1.9705161 ,
         1.14296433],
       [ 1.17924499, -0.79867499, -2.02439128,  2.32032347,  1.81809907,
         0.11806348],
       [ 2.07252783, -1.51920693, -0.62581896, -0.23537803,  1.4917237 ,
         0.59037362],
       [-1.29797228, -0.35129758,  2.06731972,  1.81423071, -1.83128035,
         1.13975522],
       [ 2.31757096,  2.42574035, -0.83329902, -1.96425925,  0.81935844,
        -2.0710761 ],
       [ 2.15160524, -1.393809  , -1.34524868,  0.74262501, -1.54133244,
        -1.15697468]]), array([[-1.41421356, -1.22435319],
       [-1.41421356,  0.79965736],
       [-0.18001608, -0.88323227],
       [ 0.94449927, -1.41421356],
       [-0.65018232,  1.29946297],
       [-0.53634144, -1.41421356]])], [array([-2.17918182,  1.62964567,  0.76002644,  2.0641957 ,  0.06817961,
        0.87192283]), array([-1.41421356,  0.69559352])]]]
[1155811, 4, 'birth', 3, 14, 1, [[array([[ 0.4642295 , -2.44948974, -1.69390036,  1.85372695,  1.7456648 ,
         1.9724896 ],
       [-1.40505083, -1.30362022,  1.20571484,  0.62789042,  0.63391875,
         0.97491901],
       [ 1.18301325,  1.94462259,  1.95435298,  0.66132693, -0.71445166,
         0.77545524],
       [-2.35680952,  0.07035212, -0.64316828,  0.62182335, -1.25823952,
         0.39886001],
       [ 1.87175822,  2.44948974, -2.16078201, -1.02624742,  2.44948974,
         0.52199552],
       [ 0.5260355 ,  1.77076839, -0.8999621 ,  2.44948974, -1.89306422,
        -2.41530103]]), array([[-1.26035243,  1.41421356],
       [ 1.41421356, -1.41421356],
       [ 1.41421356, -0.88323227],
       [ 0.94449927, -1.41421356],
       [-0.65018232,  1.41421356],
       [-0.53634144, -1.41421356]])], [array([-2.17918182,  1.62964567,  0.76002644,  2.0641957 ,  0.06817961,
        0.87192283]), array([-1.41421356,  1.41421356])]]]
[1155811, 20, 'birth', 4, 21, 0, [[array([[-1.5071236 , -2.30701188, -0.90557364, -2.11831214, -0.95659333,
         2.13137327],
       [-1.39251801,  1.05106674, -2.44948974,  2.22387495,  2.34510419,
        -1.71507348],
       [-1.09751316, -2.07260762,  0.93852768,  0.28135624,  0.12621845,
         1.53615959],
       [ 0.19808056, -1.70382332,  1.08757982,  0.3458182 ,  0.01677612,
         0.27486143],
       [-0.02365328, -1.63369075,  1.37389926, -1.95775972,  2.04208155,
         1.66265736],
       [ 2.44948974, -2.08984231,  0.87193383, -1.45708871, -0.04695886,
        -1.91053966]]), array([[ 1.03739698, -0.65656774],
       [ 1.1673035 ,  1.06667919],
       [ 1.41421356, -1.41421356],
       [-1.41421356, -0.9121368 ],
       [ 0.96218977,  1.41421356],
       [-1.29082279, -1.41421356]])], [array([ 0.78793014, -2.09436379, -1.29637297,  0.64758806, -0.67213578,
        1.3371766 ]), array([ 1.17888676, -1.41421356])]]]
[1155811, 5, 'birth', 6, 10, 0, [[array([[ 2.42244829, -0.18990055, -0.03132341,  0.33802696, -1.89923004,
        -0.53585821],
       [-1.83375304, -0.57705945,  1.27317705,  2.44948974, -1.82360289,
        -2.43636183],
       [-2.35934081,  1.82497896,  1.59884527, -0.01154878, -2.08764084,
        -2.44948974],
       [ 1.03525523,  2.20985161, -0.58866633,  1.51660872, -0.45135902,
         1.75410145],
       [ 0.40316912, -0.02608859, -1.52348973,  2.11784   , -0.42109625,
        -1.49447643],
       [-2.44948974,  1.89391987, -2.29290601, -0.35025662,  1.49634991,
        -1.25568692]]), array([[ 1.37474528,  1.41421356],
       [ 0.74655196, -1.12167905],
       [-1.41421356, -1.41421356],
       [ 1.39814727, -0.4062351 ],
       [ 0.08057311, -0.52089306],
       [ 1.41421356, -0.3822568 ]])], [array([ 0.47550483,  1.08903692, -0.68560146,  1.21987637, -0.33031143,
       -2.39585357]), array([ 1.41421356, -1.41421356])]]]
[1155811, 12, 'birth', 16, 1, 0, [[array([[ 2.58439865e-01, -1.44088466e+00, -2.18680075e+00,
        -5.84768505e-01, -1.36524550e-01, -5.76359132e-01],
       [ 2.44948974e+00, -1.19031754e-03,  2.44948974e+00,
        -1.35880764e+00, -5.40644441e-01, -6.49386362e-01],
       [ 9.87632355e-01, -5.55466635e-02,  1.35699978e+00,
        -1.35904553e+00,  2.04477271e-01, -4.16083511e-01],
       [ 2.44948974e+00,  1.87577373e+00, -1.98434457e+00,
         1.11182966e+00,  2.44948974e+00,  3.33984610e-01],
       [ 1.88301480e+00,  1.90575482e-01, -2.01123701e+00,
        -1.02299392e+00,  9.22712926e-01,  1.73447760e-01],
       [-1.71388093e+00, -2.44948974e+00, -6.09531235e-01,
         1.33507160e+00, -1.37532146e+00, -1.18982799e+00]]), array([[ 1.41421356,  1.41421356],
       [ 0.52856376,  0.20010278],
       [-0.15316996,  1.41421356],
       [-0.42487798,  1.23544287],
       [ 1.41421356, -0.25206833],
       [-0.27413456, -1.0056104 ]])], [array([-2.44948974,  0.63879462, -1.22049349,  1.64644269, -1.10204789,
        0.35325209]), array([-1.41421356,  1.41421356])]]]
[1155811, 21, 'birth', 24, 9, 1, [[array([[ 0.93375034,  0.62051813,  1.59684845,  0.85428333,  2.32033836,
        -0.43130042],
       [ 2.23012431,  1.05841159, -2.21519017, -0.92967925, -1.93834955,
         2.13255121],
       [ 0.57945437,  1.80050974, -2.00609845, -0.9715096 , -1.51869626,
        -0.28854776],
       [-2.24087913, -2.44948974, -1.72925162,  1.13616575,  2.19695311,
         0.46066356],
       [ 1.686624  , -2.44948974,  2.44948974,  2.07591456, -1.56137485,
         1.17586692],
       [ 1.99078111,  1.05262507, -0.40332918,  0.16665069, -2.36810837,
         2.14929697]]), array([[-0.93237113,  0.96726498],
       [ 0.10103142,  1.41421356],
       [-1.41421356,  0.22482416],
       [-0.34771753, -1.41421356],
       [ 0.80869106,  1.01598885],
       [ 1.02248215, -1.41421356]])], [array([-0.48574284, -0.32432872,  0.69099615,  0.29541944, -2.09792524,
        2.33153124]), array([-1.41421356,  0.76816887])]]]
[1155811, 6, 'birth', 7, 10, 0, [[array([[ 1.35502506, -2.44948974, -2.02231565,  2.076624  , -1.9705161 ,
         1.14296433],
       [ 1.17924499, -0.79867499,  2.44948974, -0.95467118, -2.44948974,
        -2.43636183],
       [-2.35934081,  0.62724792,  1.59884527,  1.4788645 , -2.08764084,
         1.40341448],
       [ 1.03525523,  2.20985161, -0.58866633, -2.44948974, -0.45135902,
         1.75410145],
       [ 1.91882519, -0.02608859, -1.52348973,  2.23256304, -0.58078827,
        -1.49447643],
       [-1.22632165,  1.89391987, -2.29290601, -0.35025662,  1.49634991,
        -1.25568692]]), array([[ 1.37474528,  1.41421356],
       [ 0.58385432, -1.12167905],
       [-1.41421356, -1.41421356],
       [ 1.41421356, -0.71526455],
       [ 0.30092277, -0.52089306],
       [ 1.41421356,  1.41421356]])], [array([ 0.47550483,  1.08903692, -0.68560146,  1.21987637, -0.33031143,
       -2.44948974]), array([ 1.41421356, -1.41421356])]]]
[1155811, 13, 'birth', 6, 22, 1, [[array([[ 2.42244829, -0.18990055, -0.03132341,  0.33802696, -2.44948974,
        -0.53585821],
       [-2.44948974,  1.21899862, -0.41449313, -0.32135255, -2.29661083,
         1.05976643],
       [-2.3397074 ,  1.60884964,  1.41061085, -0.37825471, -2.22566491,
        -1.51770681],
       [-2.14781989,  0.93615264, -2.44948974,  0.58256959,  1.89571117,
        -1.73852753],
       [-0.21547767, -0.68354003,  1.26104933, -2.31166431, -1.73664738,
         2.44948974],
       [-1.79521068,  2.20796647, -1.85667442, -1.45171539,  2.44948974,
        -1.0897769 ]]), array([[-1.41421356, -1.41421356],
       [ 1.37187297,  1.41421356],
       [ 1.41421356, -0.59138019],
       [-0.49707981,  1.41421356],
       [-1.17068003, -0.61665173],
       [ 1.41421356,  0.51840149]])], [array([-1.37804549, -1.2415864 , -2.248132  ,  0.34757216,  1.29182922,
        0.39636237]), array([ 1.41421356, -1.39483244])]]]
[1155811, 10, 'birth', 7, 18, 0, [[array([[-1.68881029, -1.63138939,  0.11658582, -2.38064778, -0.59962156,
         0.75936842],
       [-0.06647011,  1.22081872, -0.48513815, -1.81703577,  2.05002514,
         1.74071194],
       [ 2.2243856 ,  0.25549302,  1.59772557,  1.61788601,  2.40634492,
        -2.18368038],
       [-0.91724366, -2.20088189, -1.08193534, -1.77521231, -1.8690714 ,
        -1.55784481],
       [-1.19469481,  0.33103627,  2.44948974,  2.03117878,  0.70274158,
         0.58227941],
       [-0.37846953,  1.95508217, -0.19424514,  2.44948974, -2.44948974,
        -1.20865569]]), array([[ 1.41421356, -1.41421356],
       [-1.41421356, -1.41421356],
       [ 1.41421356, -0.77764138],
       [ 1.29237757,  1.41421356],
       [-0.35842735, -1.41421356],
       [-1.41421356, -0.990435  ]])], [array([-0.37643942, -0.14696005, -1.10646736, -2.15095469, -2.44948974,
       -0.30206291]), array([-0.74124854,  1.41421356])]]]
[1155811, 23, 'birth', 7, 22, 1, [[array([[ 1.35502506, -1.63138939, -2.02231565, -1.62292404, -2.4365476 ,
        -0.51897276],
       [ 1.57589448,  0.23847436,  1.9537146 , -0.28649756, -0.06862375,
         2.18416157],
       [-0.66099271, -1.15584838,  0.83258222, -1.38563569,  2.44948974,
         2.10053088],
       [-2.44948974, -1.52145361, -1.04680829,  0.75891405,  0.73801271,
        -0.13548455],
       [-2.28770438,  0.07402102, -0.58271458, -1.21429312,  1.92147167,
        -1.59347661],
       [ 1.71982907, -1.38632339,  2.21278528,  0.10412009, -1.888381  ,
         1.73891857]]), array([[-1.41421356, -1.41421356],
       [ 1.41421356,  1.08093966],
       [ 0.4063694 , -0.40853437],
       [ 0.09545784,  0.5090406 ],
       [-1.41421356,  1.30263403],
       [ 0.32058634, -0.20805363]])], [array([-1.22606282, -1.18043981, -2.44948974,  0.34757216,  1.29182922,
        0.79672442]), array([ 1.41421356, -1.39483244])]]]
[1622466, 17, 'death']
[1622616, 4, 'death']
[1622766, 20, 'death']
[1622916, 5, 'death']
[1623066, 12, 'death']
[1623216, 21, 'death']
[1623366, 6, 'death']
[1623516, 13, 'death']
[1623666, 10, 'death']
[1623816, 23, 'death']
[1624016, 'Extinction!']
