[time, indiv, parent1, parent2, gender, brain]
[150, 19, -1, -1, 0, [[array([[-1.59883843,  0.06302193,  1.0107908 ,  0.17941766, -1.84822404,
        -1.00233916],
       [ 2.13655745,  1.04696544, -1.47288097, -0.3724508 , -1.92834039,
        -0.40109063],
       [ 0.29593022, -1.58680254,  0.50137436,  2.10139884,  0.13016031,
        -1.49689613],
       [ 1.87267005, -0.10337078, -0.13290614, -1.92477088, -1.50324913,
        -2.37930848],
       [-1.56061115,  1.32603637,  2.31834571,  1.44147124, -0.50951459,
        -1.44745663],
       [ 0.90393806, -1.56079784,  0.69798742, -0.00910497, -1.07281879,
         0.48842061]]), array([[-0.046997  ,  0.43620189],
       [ 0.15926401, -0.62346739],
       [ 1.72341771,  0.2279738 ],
       [-0.52679202,  0.52368382],
       [ 2.42550702,  0.04742723],
       [-0.34162845, -1.55397941]])], [array([ 0.9819548 , -1.87278431, -2.16015644, -1.37099169, -1.46342389,
       -0.22534937]), array([1.38584636, 2.14913337])]]]
[150, 5, -1, -1, 1, [[array([[-0.22083573, -0.17163083,  0.60533074, -0.77885484, -0.58622669,
        -2.15139184],
       [-0.3955159 ,  1.16315285,  1.43785188, -1.06418533, -0.29996004,
         2.16295013],
       [-1.43056669, -1.60049831,  0.96142329,  1.95489749, -0.95921625,
         2.20101702],
       [-0.68698165,  1.30474161,  2.33910026,  0.16164173,  1.01157975,
        -2.37216185],
       [ 1.28662138, -0.4408425 ,  0.92806223,  2.41251953,  0.72783012,
         1.55145337],
       [-1.81012869, -0.35322024, -1.6953036 , -1.85512003, -0.99717133,
        -0.7737721 ]]), array([[-1.97534363,  0.15352684],
       [ 2.38016615,  0.47106617],
       [ 2.44142701, -2.00048367],
       [ 0.27730695,  0.62523995],
       [-2.3974688 , -1.20672438],
       [-2.18262303, -0.81974324]])], [array([ 1.22670243,  0.00147107,  0.1104574 , -0.19467995,  0.25203196,
        0.75943226]), array([-1.16151363, -0.06685091])]]]
[150, 21, -1, -1, 0, [[array([[ 0.66056587, -0.666086  ,  0.09307701, -1.03317958, -1.36118343,
        -1.45439871],
       [-0.11463179,  1.38350558,  0.41982632,  1.21158719, -2.04182214,
        -1.1546947 ],
       [-1.47038539, -1.5543073 ,  1.47891022, -2.27110266, -0.86098311,
         2.01097095],
       [-2.04288769,  1.99235888,  1.30934533, -2.20679499, -1.66004337,
         0.73209572],
       [-1.65889909, -0.65267584,  2.16337053, -1.14639187,  0.68642144,
        -2.37809201],
       [-0.27850374,  1.14204942,  2.03916351,  0.90146796, -2.12040086,
         0.11199656]]), array([[-0.70855412,  2.19819127],
       [ 0.9691184 , -0.04591451],
       [ 1.43024077,  1.97917793],
       [ 0.23712836,  1.61825859],
       [-1.80150131, -1.04905692],
       [-0.10258809, -0.25858542]])], [array([ 1.01869453, -1.70891249,  1.46201804,  2.02642752,  0.66441693,
       -1.76699886]), array([1.22105437, 1.49547066])]]]
[150, 14, -1, -1, 1, [[array([[ 2.31739197,  2.37461283, -0.9898016 , -0.52703036, -2.33018803,
         0.32982546],
       [-0.81303829, -0.85838759,  0.87854571,  1.1616859 , -0.88447076,
        -0.18439125],
       [-2.36557621, -0.73063159,  1.82117964, -1.79977283,  1.13992551,
        -0.28151111],
       [ 2.39663215,  2.04173384,  1.97736991, -1.55552959, -1.36273628,
         0.53044676],
       [ 0.55964952,  1.37536238,  0.54179973, -1.72871558,  0.20312493,
         2.20251457],
       [-0.97917298, -1.87618662, -0.76381489, -0.73115291, -0.65143995,
         1.32549616]]), array([[-1.34739305, -0.57263304],
       [ 2.3912652 ,  1.61646908],
       [-0.15049263, -1.53566202],
       [ 0.69967371, -1.60446055],
       [ 0.20045469,  0.74492828],
       [-1.9046736 , -2.29216063]])], [array([-1.32530282e+00, -1.50009683e-01,  7.15247212e-01,  3.06012370e-04,
       -2.05040032e+00,  7.05747613e-02]), array([ 0.14293087, -1.81879212])]]]
[150, 2, -1, -1, 0, [[array([[-0.59750921, -1.12593278,  0.74825751, -1.2227693 , -1.35075631,
        -1.64621296],
       [-1.18526246, -0.40230891, -1.91796929, -0.76790589, -2.04538887,
         2.02280706],
       [ 0.91476655,  0.06181621,  1.6109079 ,  0.69584561, -1.74264597,
        -1.86995384],
       [-1.26989116, -1.67635494,  1.10061286, -0.7646876 , -0.03697466,
        -1.87789092],
       [-1.71401052, -0.50379699,  0.24307216, -2.31753447,  1.8211122 ,
         0.48897725],
       [-0.84791202, -2.00153893,  0.44876186,  1.42663007,  1.81283199,
         1.35854321]]), array([[-1.97968891,  2.31698832],
       [-0.35242568, -0.19570942],
       [ 0.88870467,  2.42995466],
       [ 2.44163128,  0.73071618],
       [ 0.73322856,  1.35148067],
       [ 1.38657984,  1.00440737]])], [array([-0.65063546, -2.17757391,  1.6378963 ,  1.90857107, -1.73243402,
       -1.03919673]), array([-0.08003834, -1.5716977 ])]]]
[150, 12, -1, -1, 1, [[array([[-1.07754573, -1.94432372, -0.69217894,  1.62002606,  1.49331932,
         0.50685418],
       [ 2.12171579, -2.05513666,  2.13939509,  1.19531219, -0.10201965,
        -0.69713238],
       [-1.13491674, -1.83797732, -1.88333141, -1.7927915 , -0.39741953,
         0.82755664],
       [-0.10516026, -1.92991563,  1.18540465,  2.06737976, -1.9721574 ,
        -0.89270387],
       [ 1.22528545,  2.35477282,  1.42726837,  0.16818171,  2.36820778,
         2.16765835],
       [-0.08084347, -0.21000586, -1.35328551, -1.88286483,  2.36588372,
        -2.04161178]]), array([[ 1.80188217,  1.2081342 ],
       [ 1.1678696 ,  2.42284895],
       [ 0.02020977,  0.77997119],
       [-1.07743602, -1.81910601],
       [ 1.83138218, -1.97209209],
       [-2.05010135, -1.75113695]])], [array([-2.07149892, -1.51283726, -1.34112333,  0.99008613,  0.34457115,
        2.22201044]), array([-1.88583927, -0.9637038 ])]]]
[150, 18, -1, -1, 0, [[array([[-0.19506413, -0.77268882,  1.75916426, -1.53414802,  2.36311343,
        -0.61992922],
       [-2.32735786, -1.01681104, -2.24668422, -0.69325007, -2.09116698,
        -2.4416826 ],
       [ 2.23738093,  0.20254127,  1.90240263,  2.18541251,  1.51476898,
        -2.10939013],
       [ 0.51581317, -2.36361988, -1.20231455, -0.69448543, -2.07319944,
         1.45511357],
       [ 1.47281655,  0.80411182,  0.65219117,  2.25320425,  0.57762014,
         2.1554599 ],
       [-1.3195846 ,  0.53378368, -1.19592635, -0.202701  ,  0.42264471,
         1.55526777]]), array([[-0.22287374, -0.31087535],
       [ 0.5596417 ,  1.79057357],
       [ 1.51823249, -1.52953796],
       [ 0.72480604, -0.26098597],
       [ 2.43927272, -0.63296449],
       [ 1.11213758,  1.55010282]])], [array([-0.85252703,  0.0114119 , -2.00476074,  1.71399564, -0.25770641,
        1.2575371 ]), array([0.1702322 , 1.81497646])]]]
[150, 9, -1, -1, 1, [[array([[ 1.15495134,  2.03597705, -1.1717346 ,  1.68706884,  1.58637452,
         1.48328639],
       [-1.97882347,  2.39130015, -0.82248885,  1.11757536,  1.6653665 ,
         1.95841317],
       [-1.97913828,  1.70610465,  0.56954407, -1.79968845, -1.652093  ,
        -0.27174467],
       [-2.03781326, -0.6265202 ,  0.21759222,  2.06100732,  0.92441619,
        -0.64955186],
       [-1.20003938,  1.99399245,  0.83143547,  2.37549069, -1.83175766,
         2.41211256],
       [-1.14870251,  0.89607466,  1.38960029,  0.71260365, -2.41208409,
        -1.98719354]]), array([[ 1.71639561,  1.20039615],
       [ 0.35072302, -1.19496483],
       [-0.52151146, -1.73060822],
       [-1.56975679,  1.95701961],
       [-0.10745495,  1.79329343],
       [ 2.13746148,  2.39613197]])], [array([ 0.03172984,  2.37711845,  2.4195629 ,  1.01392047,  0.44021409,
       -1.58077474]), array([-1.24780391, -1.07946696])]]]
[150, 8, -1, -1, 0, [[array([[ 1.21882412,  1.94534224,  0.20804922,  2.36546737, -0.67667475,
         1.9422045 ],
       [-1.36895798,  2.30508311, -1.11387404, -2.01272735,  0.20740427,
         0.83712415],
       [ 0.49816561,  2.00190202,  1.74944469,  2.04989695,  1.46865338,
        -0.35095759],
       [-2.39553173, -1.04024772, -0.05425346, -0.44283803, -2.35292088,
        -1.30086417],
       [ 2.16114912, -0.25631919,  0.84825748,  1.07907225, -1.18976937,
         1.94466646],
       [-2.39966148, -1.76901275,  0.92652953,  0.98145024,  2.32404196,
        -1.28203695]]), array([[-1.33257077,  1.96688689],
       [-0.03316543,  1.55484228],
       [-0.42932499, -2.07534021],
       [ 1.86740488, -2.23504654],
       [ 0.3658261 , -0.28071938],
       [-0.17149699, -0.49570347]])], [array([-1.11975096, -2.32668608,  0.35714704, -0.68153665,  0.51941883,
        1.87250442]), array([ 1.90875876, -1.97287704])]]]
[150, 6, -1, -1, 1, [[array([[-2.06770404,  0.79731855, -1.92972424, -1.74959827, -1.702076  ,
        -0.69830069],
       [-2.10087402,  2.22467742,  0.01199902,  1.76563784,  1.14032877,
         1.28021761],
       [ 1.98970578, -0.75792909,  1.79553822,  1.33952057,  0.62054551,
        -0.51708292],
       [-1.10965402, -0.5356688 ,  1.82635573, -2.09680259, -0.38636014,
        -1.10503461],
       [ 1.36333282,  2.23657242, -0.95322596,  1.68419106,  0.79014804,
         1.83810443],
       [-0.96121667, -1.58765903,  0.3942055 , -2.30903259, -1.42195738,
         0.24055089]]), array([[ 2.39242097, -1.98974183],
       [ 0.61431323,  2.00790725],
       [ 1.39329194,  0.88553688],
       [ 1.43213622,  1.61144653],
       [ 0.96187814,  1.15157326],
       [ 0.26909624,  0.22261286]])], [array([-0.02003274,  1.32951844,  0.32015835,  0.07268426,  0.08931151,
       -0.63388105]), array([1.17200601, 1.17860195])]]]
[150, 0, -1, -1, 0, [[array([[ 0.65526297,  0.46484353, -0.33847147, -0.82370942,  0.06045438,
        -0.31956734],
       [ 1.07896285,  1.09769465,  1.99899769,  2.29714417, -0.73140711,
        -2.1420714 ],
       [-1.85178919,  1.32902475,  0.62940637, -1.64778334,  1.16870946,
         0.97808948],
       [-0.57395955,  0.53460099, -0.72753336, -0.72687066, -2.06391663,
        -1.34153825],
       [-0.35030445,  2.21380741, -2.02072407, -0.67289625,  2.16935184,
         0.25005371],
       [-0.49946388,  1.71797942, -0.07973628, -0.03651424,  1.15048448,
         0.49961514]]), array([[-1.80992857, -0.41549645],
       [ 1.47502767, -2.36707856],
       [ 0.08304648,  1.13504028],
       [ 1.76469419,  0.99211149],
       [-0.78974691, -2.26939707],
       [-1.94168356,  0.66613358]])], [array([ 0.15569041, -2.2841906 ,  1.45181555, -1.63493782,  2.02680874,
        0.4815813 ]), array([-0.58116549, -0.10251734])]]]
[150, 13, -1, -1, 1, [[array([[ 3.76692559e-01, -1.89895325e+00, -1.05216665e+00,
         2.39468988e+00, -1.30544284e+00, -6.21949078e-01],
       [-1.68390119e+00, -2.07451305e+00, -1.17009315e+00,
        -1.91968519e+00,  2.96325501e-01, -2.21809975e+00],
       [ 1.99034289e+00,  1.90685293e-03, -2.05642288e+00,
         9.58104992e-01,  2.06077992e+00,  5.95996881e-01],
       [-4.73614915e-01, -8.96512994e-03, -8.04481281e-01,
         7.44706438e-01,  2.14907900e+00, -8.50448483e-01],
       [ 1.62368856e+00, -1.07056767e+00, -1.67929653e+00,
         9.05391047e-01,  4.79651731e-01, -9.21541593e-02],
       [-6.08596180e-01,  1.19134105e+00, -4.22942514e-01,
         2.03988718e+00,  2.18665379e+00, -7.65587223e-01]]), array([[-1.22404999,  0.25728554],
       [ 0.92429266,  0.92301497],
       [ 1.85290899, -0.82577314],
       [-1.97695935,  0.01221266],
       [ 1.33600788,  0.61794836],
       [-0.35520534,  0.93521906]])], [array([-1.03208966,  1.74716512,  0.82919261, -2.20997996, -0.96270297,
       -1.79352079]), array([-1.99705418, -2.15419401])]]]
[150, 16, -1, -1, 0, [[array([[-0.08306209, -0.09301381,  0.8624861 ,  2.29382684,  2.33054453,
        -1.39680165],
       [-0.89015963,  0.83912442, -1.00316482,  1.53814608, -1.92366367,
        -0.0064808 ],
       [-0.88834665,  1.68458082,  0.82551824, -0.2499055 , -2.33628196,
        -0.85066131],
       [ 1.88214151,  0.23711564, -1.92804759, -0.53993368,  1.08513028,
         2.17322971],
       [ 1.82624259, -0.13015264,  0.70325695,  2.43094693,  2.32326656,
        -2.35957102],
       [ 0.31790603, -0.94405901, -1.26173232,  1.11859033, -2.04389927,
         2.24133011]]), array([[-0.51384446,  1.16746651],
       [-0.90374309,  1.70861056],
       [ 0.25501505, -0.13824551],
       [-1.01784722, -2.06892245],
       [ 0.94300268,  0.79854599],
       [-0.18418437,  1.96457689]])], [array([-0.82122453,  0.68007998,  2.18697853,  0.1434893 , -2.05228989,
       -1.45147922]), array([-2.34689587,  1.54680367])]]]
[150, 22, -1, -1, 1, [[array([[-2.1106971 , -1.93895613,  0.69614595,  1.93239731, -0.19051389,
         0.1282711 ],
       [ 0.38364878, -1.42190782,  2.07029114, -0.89327079,  0.31664502,
        -1.09080213],
       [ 0.49671141, -2.43093621, -0.12965797,  1.49791977, -0.27982591,
        -1.78099165],
       [-2.27664322,  1.88445154,  0.6914457 ,  1.61811548,  1.92122997,
        -2.28541651],
       [-0.88131561,  1.81198708,  0.79184609, -0.12880327, -1.43850066,
         1.23894542],
       [ 1.91172626,  2.19603805,  2.19456593, -2.22984081, -0.3937579 ,
        -0.25722592]]), array([[ 0.44374975,  2.37992445],
       [ 0.99935247,  0.95518216],
       [-1.12638282, -0.96130943],
       [ 0.45389647,  1.83909086],
       [-0.02418257,  0.17261192],
       [ 1.30433053,  1.23260235]])], [array([ 1.65594673, -0.88785636, -0.22104247,  1.49753463,  0.13300492,
        1.67765551]), array([-2.32563745,  0.75491779])]]]
[150, 10, -1, -1, 0, [[array([[-2.16831769, -0.29794004, -1.21786017,  0.7066358 ,  2.27020588,
        -1.24104316],
       [-0.5512853 , -1.24341957,  2.43698802, -1.50784355,  0.58165111,
         0.2915653 ],
       [-1.37031494, -0.8378456 ,  1.83568792, -1.40689791,  0.7962312 ,
         0.59534816],
       [-2.27563254, -1.74797538,  0.43184229, -0.17135575,  1.47545986,
        -0.51730679],
       [ 1.14808292, -2.21962191, -0.92412329, -2.33947208,  0.79458712,
        -0.49154476],
       [-1.80825624, -2.33566299,  1.65776401, -0.88395781,  0.94010363,
         2.05918212]]), array([[-1.06093975, -1.80761618],
       [-0.83134935,  1.1043422 ],
       [-1.84865658, -0.38811375],
       [ 1.95552421, -0.2169676 ],
       [ 0.99765477,  0.76816801],
       [-1.36028573, -0.08373974]])], [array([-1.06688457,  2.24642276, -1.72109844, -1.76079791,  1.52765568,
        0.99375465]), array([ 0.87217338, -0.22197656])]]]
[150, 24, -1, -1, 1, [[array([[ 1.24246629,  1.0915015 , -0.66888504, -1.55570157,  0.89496986,
         0.50524027],
       [ 0.59448607,  0.68975678,  0.11077857,  0.14163233, -0.54093434,
         0.7965028 ],
       [-2.39654581, -1.90247706,  1.49145053, -1.63585163,  0.08300275,
        -2.25101579],
       [-2.40876852, -1.54661329, -1.16777322,  1.98114396, -0.37098107,
        -2.30540595],
       [-1.41075988, -0.00946546, -0.70465019,  2.4460598 ,  1.22857148,
         1.37464265],
       [-1.9589634 , -0.18702725, -2.21765203, -0.03254279, -2.08641574,
        -0.77076363]]), array([[-2.03276948,  0.31871957],
       [-1.85127966,  0.30591591],
       [-1.89512335, -1.00999596],
       [-0.77983413, -1.70863626],
       [ 1.31613547,  2.19971723],
       [ 0.42223592, -1.2966807 ]])], [array([ 1.3440488 , -1.53472433, -1.84266887, -1.12746475, -1.16813245,
        2.41732734]), array([-1.65392872, -2.21288725])]]]
[150, 20, -1, -1, 0, [[array([[ 0.21015854,  0.73012567, -2.07298845,  2.07564795,  0.35332526,
        -1.07484707],
       [-2.27092302, -1.58051792, -0.91304643, -0.16281738,  0.2504565 ,
         0.63266215],
       [ 2.22774545, -0.69781858, -0.44466171,  2.22009043,  2.4079181 ,
        -2.24693446],
       [ 1.23874504,  0.39509787,  0.50873935,  0.40068646,  2.25617405,
         0.95640602],
       [ 1.09130064,  0.85674269,  2.00071164,  1.54389484, -1.2181937 ,
         1.26221125],
       [ 2.43278692,  0.47130809,  2.07314612, -1.05193772,  2.09100076,
         0.97543656]]), array([[-0.00837998,  1.76911972],
       [-1.12073797, -1.5756098 ],
       [-0.37473666, -0.7145316 ],
       [ 1.04666496, -1.24956348],
       [-0.36629057,  0.15127813],
       [ 1.28378517,  1.93079832]])], [array([ 1.38120861,  1.64863559, -1.81897106,  1.96755616,  2.26885695,
       -1.27778068]), array([-1.30382096,  1.72127813])]]]
[150, 3, -1, -1, 1, [[array([[ 2.15189102,  0.2630418 , -1.51386049,  2.38751055,  2.42736259,
        -2.21560489],
       [-1.59000449,  1.86275375,  0.84037821,  1.37367331, -1.69082612,
         0.80338253],
       [-1.0226407 ,  0.63431749,  2.39526542,  1.68172349, -0.64267438,
        -1.03214193],
       [ 0.21115102, -1.97007924,  0.73714546, -1.41817873, -0.85333194,
        -2.28801993],
       [-0.19313499, -2.09712298,  1.62218174, -1.9560759 ,  2.05267641,
         0.38232405],
       [ 1.90838898, -1.62858701,  0.6873493 , -1.78508418, -2.17439129,
         0.84406781]]), array([[ 1.10587483,  0.02892273],
       [ 0.90171536, -1.4262142 ],
       [ 0.15831993, -1.37534794],
       [ 1.29684828,  1.84162729],
       [ 0.12939613,  0.84694865],
       [-1.08861355, -2.39851538]])], [array([-0.62684778, -0.03784065,  2.05595308,  0.71982629, -2.15516767,
       -1.61101206]), array([ 0.60379257, -0.27750352])]]]
[150, 4, -1, -1, 0, [[array([[ 2.09753417, -1.90551391, -0.46645645,  1.10131727,  0.99089029,
        -0.93042525],
       [-1.35452661, -2.0409061 , -0.70333068,  0.89484947, -1.01630771,
        -2.10473043],
       [ 0.36978584, -0.82626099, -0.95852179,  1.22263354,  1.76433071,
         0.23309196],
       [ 0.87768785, -0.04102164, -1.90890401,  0.68420752,  1.87715695,
        -1.91678136],
       [ 2.4454328 , -1.01928319, -0.65682781,  1.5718232 , -1.43229171,
         0.17263802],
       [ 1.23650294, -1.13712281, -2.2559797 , -0.83015364,  0.82454494,
         0.93743801]]), array([[-0.31732552, -0.6511814 ],
       [ 1.54447694,  0.21354508],
       [-0.0996591 ,  0.74509598],
       [-1.88340926, -0.72697559],
       [ 1.87697146,  0.81779966],
       [-0.18115671, -0.87343615]])], [array([ 0.5253129 , -0.37841644,  1.18944465,  0.4903956 , -1.84227804,
       -1.47498461]), array([-1.93576163,  0.21433024])]]]
[150, 23, -1, -1, 1, [[array([[-6.81501780e-01, -4.74272471e-01, -2.18542940e+00,
        -1.32561719e+00,  1.64822674e+00, -1.59329715e+00],
       [-2.57549438e-01,  1.26331975e+00,  5.88447981e-01,
         1.15279455e+00,  4.12767939e-01, -2.32448492e+00],
       [ 2.37922323e-03,  1.13396497e-01, -2.44242543e+00,
        -8.16809213e-02,  4.48324845e-01, -2.09081333e-01],
       [-4.93996076e-01,  1.19952230e+00,  2.26434552e+00,
         4.99837835e-01, -2.28500509e+00,  3.31465621e-02],
       [-1.31410080e-01, -1.26998979e-01, -3.42780722e-01,
         2.43556506e+00, -5.92221470e-01,  2.03631806e+00],
       [-5.29617410e-01, -5.58612278e-01,  1.81942502e+00,
        -6.51338557e-01,  1.42502196e+00,  3.81118002e-01]]), array([[-0.75896148, -0.0232712 ],
       [-0.87050091, -0.33668516],
       [ 0.20685181,  0.20028494],
       [ 1.98301819,  0.53833191],
       [ 1.03491856, -1.28047183],
       [-2.16675776, -0.83286501]])], [array([-0.1629334 , -2.43643968, -1.96481046,  2.11021598, -1.92598244,
        1.23885109]), array([ 1.74293179, -1.11307049])]]]
[150, 1, -1, -1, 0, [[array([[-1.71196507,  2.44865013, -0.40009131, -2.1913719 ,  0.67114542,
        -1.67647597],
       [-1.27799319,  0.24031536, -1.49671051, -1.06510782,  0.58344197,
         1.13404685],
       [ 1.07079909,  0.28395656, -0.1675398 ,  2.11855973,  0.99435548,
         0.39985518],
       [ 1.41119011, -1.75445863,  0.05372473, -0.71257646, -1.79865216,
        -1.70842647],
       [ 0.29075749, -0.8743506 ,  0.51358997, -0.62609085,  2.35427621,
         1.33482958],
       [-2.29235083,  1.62367819,  1.1193651 ,  1.35536169,  2.35686539,
        -1.89579383]]), array([[ 2.31006385,  0.19234601],
       [-0.40270145, -1.82760572],
       [ 0.60752574,  1.41904878],
       [ 1.50038027,  0.79874028],
       [ 2.23123027,  2.42755359],
       [ 0.13524487,  2.09190941]])], [array([-2.31391996,  1.30340398, -1.2320119 ,  2.35768666,  1.43556775,
        2.11490365]), array([-0.38417582,  1.14342182])]]]
[150, 15, -1, -1, 1, [[array([[ 0.34950615,  2.27076789, -1.68533857,  1.4458447 ,  1.46523244,
         1.73545313],
       [-0.4163689 ,  1.04983196, -2.21270766,  2.07147241,  1.44745601,
        -0.43421883],
       [-0.92967674, -2.28177054, -1.77267149, -0.64647214, -0.69331303,
         1.80880138],
       [ 2.07551797, -2.20446313, -0.24813252, -1.74762618,  0.11561213,
        -2.16127266],
       [-2.30234904, -2.09111355,  1.26063427,  0.51838274,  0.74179938,
        -2.34347929],
       [-0.28418776,  0.35263137, -2.20845833,  0.52717342, -2.19502912,
         0.98496531]]), array([[-0.1095066 ,  0.26510457],
       [ 0.14593889,  2.04978932],
       [ 0.2059138 , -2.06786233],
       [ 0.46886807, -2.2685701 ],
       [-1.39657159, -0.37655036],
       [-1.71366635, -0.32316264]])], [array([-0.02636377, -1.99797962, -1.43578693, -0.27893032, -2.27381997,
        1.16288647]), array([0.72988316, 1.42409387])]]]
[150, 17, -1, -1, 0, [[array([[-1.38623375, -2.17364293,  2.30036798,  1.90092106, -0.11419569,
         1.4968499 ],
       [ 1.4828402 , -0.91508747, -1.02533107,  2.22312366,  1.55558833,
        -0.35143035],
       [-1.50223717,  1.80563701, -2.00889748, -0.8255864 , -1.72329624,
         1.43634065],
       [-0.27314595, -1.537487  , -1.95132864,  1.24194147,  0.56701802,
         0.27036366],
       [-0.33573558,  0.79328961, -1.52393381, -0.885905  ,  0.0929697 ,
        -0.07913988],
       [-1.8563872 ,  0.69931701, -0.07619334,  1.13306552,  0.18405317,
         1.21653406]]), array([[ 0.63886137,  0.11130437],
       [-2.0591733 , -2.29193213],
       [ 0.00419206, -0.91018818],
       [ 1.60629877, -0.36026428],
       [ 1.75708638,  0.52006764],
       [-1.49420586, -2.02068741]])], [array([ 0.67238873, -1.961519  , -1.21099566, -2.11164986,  1.81648157,
        1.43951399]), array([-1.71685687, -0.52562749])]]]
[150, 11, -1, -1, 1, [[array([[ 1.78650385, -0.62337198,  2.25171013,  1.42813308, -2.06386491,
        -2.26920976],
       [-2.19599764,  0.42802629,  0.17483871, -2.37794773,  0.04052724,
         0.77520365],
       [ 0.78072794, -1.94931479,  2.28563382,  1.32491748, -0.10843528,
        -1.84131337],
       [ 0.81831467,  1.81470309, -0.76241682, -2.00334677,  2.00433125,
        -2.23311814],
       [-0.34257378,  1.89573237,  0.50577438, -0.34616712,  2.03862357,
        -1.3298373 ],
       [-0.82238461, -0.16158578, -2.24256957, -0.03433448, -2.28426607,
         1.63034092]]), array([[ 1.6929547 ,  1.48761783],
       [ 2.23764519,  1.69839269],
       [ 1.64682898, -0.72272528],
       [ 2.15090174,  1.34071746],
       [-0.2418785 ,  1.65007458],
       [ 0.7486832 , -0.10923927]])], [array([-0.36064502,  1.55912337,  0.10999132,  1.21891494, -0.80166565,
       -0.36259982]), array([ 0.17394952, -2.35050546])]]]
[150, 7, -1, -1, 0, [[array([[-0.12303221, -2.16892675,  1.29650533, -0.03466213,  2.16179752,
         1.79807638],
       [-1.1998191 ,  0.51479756, -1.04237693, -1.85617517,  2.35277152,
        -0.78465042],
       [ 1.49403024, -0.11735723, -1.78671401, -1.99897789,  1.4852958 ,
         0.41355994],
       [-1.83430314,  1.50800857, -0.51805971,  2.00050964,  0.66203972,
         2.3334404 ],
       [-1.49963554, -1.33298068, -0.47269427, -1.4711436 ,  0.20518347,
         2.24820203],
       [-0.99418709, -0.16788064, -0.83683803, -0.12166004, -1.62505333,
         0.05625529]]), array([[-2.28912182,  1.58934415],
       [-0.46095488, -0.73320273],
       [ 0.09980174, -1.0708546 ],
       [-0.08215067,  0.18633456],
       [-0.2192502 ,  1.62492887],
       [ 0.97985643,  1.80705076]])], [array([-0.60480738,  0.71198718,  0.70046225, -1.02017546, -0.21789019,
       -2.28758111]), array([2.16817572, 0.51991231])]]]
[1143811, 19, 'death']
[1143961, 5, 'death']
[1144111, 21, 'death']
[1144261, 14, 'death']
[1144411, 2, 'death']
[1144561, 12, 'death']
[1144711, 18, 'death']
[1144861, 9, 'death']
[1145011, 8, 'death']
[1145161, 6, 'death']
[1145361, 0, 'death']
[1145511, 13, 'death']
[1145661, 16, 'death']
[1145811, 22, 'death']
[1145961, 10, 'death']
[1146111, 24, 'death']
[1146261, 20, 'death']
[1146411, 3, 'death']
[1146561, 4, 'death']
[1146711, 23, 'death']
[1146861, 1, 'death']
[1147011, 15, 'death']
[1147161, 17, 'death']
[1147311, 11, 'death']
[1147461, 7, 'death']
[1147561, 4, 'birth', 21, 6, 0, [[array([[ 0.66056587,  0.1651663 ,  0.09307701, -2.44948974, -1.36118343,
        -1.61613713],
       [-0.11463179,  1.38350558,  0.41982632,  1.21158719, -2.04182214,
        -1.1546947 ],
       [-1.47038539, -1.5543073 , -2.26860298, -2.27110266, -0.86098311,
         1.42285738],
       [-2.04288769,  1.99235888,  1.30934533, -2.20679499, -2.30768028,
         0.73209572],
       [-1.65889909, -0.65267584,  2.16337053,  1.20015144,  0.68642144,
        -2.37809201],
       [ 1.41547921,  1.14204942,  2.03916351, -2.44948974, -2.12040086,
        -0.91743828]]), array([[1.41421356, 1.41421356],
       [0.61431323, 1.41421356],
       [1.39329194, 0.88553688],
       [1.41421356, 1.41421356],
       [0.96187814, 1.15157326],
       [0.26909624, 0.22261286]])], [array([ 2.44948974, -2.44948974,  0.32015835, -0.60202215,  0.08931151,
       -0.63388105]), array([1.17200601, 1.41421356])]]]
[1147561, 0, 'birth', 17, 24, 0, [[array([[-2.44948974, -2.17364293,  2.30036798,  1.90092106, -0.11419569,
         1.4968499 ],
       [-1.84210224, -0.91508747, -1.02533107,  2.22312366,  0.85575166,
        -0.35143035],
       [-1.50223717,  2.44948974, -1.51333849, -0.8255864 , -1.72329624,
         1.43634065],
       [-0.27314595, -1.537487  , -1.95132864, -1.7420474 ,  0.56701802,
         0.27036366],
       [-0.33573558,  2.44948974, -0.49035771, -0.885905  ,  0.0929697 ,
        -0.07913988],
       [-1.8563872 ,  0.69931701, -0.07619334,  1.13306552,  0.18405317,
         1.21653406]]), array([[ 0.63886137,  0.11130437],
       [-1.41421356,  0.30591591],
       [-1.41421356, -1.00999596],
       [-0.15899929, -1.41421356],
       [ 1.31613547,  1.41421356],
       [ 0.42223592, -1.2966807 ]])], [array([ 1.3440488 , -1.53472433, -1.84266887, -1.12746475, -1.16813245,
        2.44948974]), array([-1.41421356, -1.41421356])]]]
[1147561, 16, 'birth', 7, 14, 1, [[array([[-0.12303221, -2.16892675,  1.29650533, -0.03466213,  2.16179752,
         1.79807638],
       [-1.1998191 ,  0.51479756, -1.04237693, -1.85617517,  2.35277152,
        -0.78465042],
       [ 1.49403024, -0.11735723,  0.43178636, -1.99897789,  1.4852958 ,
         0.41355994],
       [-2.44948974,  1.50800857,  1.15395305,  2.00050964,  0.66203972,
         2.3334404 ],
       [-1.49963554,  2.44948974, -0.47269427,  1.23920638,  0.20518347,
         2.24820203],
       [-0.99418709, -0.16788064, -0.83683803,  0.79902397, -1.62505333,
         0.4831787 ]]), array([[-1.41421356,  1.41421356],
       [ 1.41421356,  1.41421356],
       [-0.38773517, -1.41421356],
       [-1.3782046 , -1.41421356],
       [ 0.20045469,  0.74492828],
       [-1.41421356, -1.41421356]])], [array([-1.32530282e+00, -1.50009683e-01,  7.15247212e-01,  3.06012370e-04,
       -2.05040032e+00,  7.05747613e-02]), array([-1.41421356, -1.41421356])]]]
[1147561, 8, 'birth', 7, 13, 1, [[array([[-1.23032208e-01, -2.16892675e+00,  1.29650533e+00,
         2.39468988e+00, -1.30544284e+00, -6.21949078e-01],
       [-1.68390119e+00, -2.07451305e+00, -1.17009315e+00,
        -1.91968519e+00,  2.96325501e-01, -2.44948974e+00],
       [ 1.99034289e+00,  1.90685293e-03, -2.05642288e+00,
         9.58104992e-01,  2.06077992e+00,  5.95996881e-01],
       [-4.73614915e-01, -8.96512994e-03, -8.04481281e-01,
         2.41706371e+00,  2.14907900e+00, -8.50448483e-01],
       [ 1.62368856e+00, -1.07056767e+00, -1.67929653e+00,
         9.05391047e-01,  4.79651731e-01, -9.21541593e-02],
       [ 8.95438037e-01,  7.36510082e-02, -4.22942514e-01,
         2.03988718e+00,  2.18665379e+00,  5.52026179e-01]]), array([[-1.22404999,  0.25728554],
       [ 1.41421356, -1.11386328],
       [ 1.41421356, -1.38896755],
       [-1.41421356,  0.01221266],
       [ 1.33600788,  0.61794836],
       [-0.35520534,  0.93521906]])], [array([-1.03208966,  1.74716512,  0.82919261, -2.20997996, -0.96270297,
       -2.44948974]), array([-1.0834103 , -1.41421356])]]]
[1147561, 10, 'birth', 10, 12, 0, [[array([[-2.16831769, -0.29794004, -1.21786017,  0.7066358 ,  2.27020588,
        -1.24104316],
       [-0.5512853 , -1.24341957,  2.43698802, -1.50784355,  0.58165111,
         0.2915653 ],
       [-1.37031494, -0.8378456 ,  2.44948974, -1.40689791,  0.7962312 ,
         0.82647331],
       [-2.27563254, -1.74797538,  0.43184229, -0.17135575,  1.07921417,
        -0.51730679],
       [ 1.45831074, -2.21962191, -0.92412329, -2.33947208,  0.50164775,
        -0.49154476],
       [-1.80825624, -2.33566299,  1.65776401, -0.88395781,  0.94010363,
         2.05918212]]), array([[-1.06093975, -1.41421356],
       [-0.83134935,  1.1043422 ],
       [-1.41421356, -0.38811375],
       [ 1.41421356, -0.2169676 ],
       [ 0.99765477,  0.76816801],
       [-1.41421356, -1.41421356]])], [array([-2.07149892, -1.51283726, -1.09054866,  0.99008613,  0.34457115,
        2.22201044]), array([-1.41421356,  0.25838334])]]]
[1147561, 5, 'birth', 7, 9, 0, [[array([[-0.12303221, -2.16892675,  1.29650533, -0.44210698,  2.44948974,
         1.79807638],
       [-0.15115267,  0.51479756, -1.04237693, -1.85617517,  2.35277152,
        -0.78465042],
       [-0.03293223, -0.11735723,  0.56954407, -1.79968845, -1.652093  ,
        -0.27174467],
       [-2.03781326, -0.12663994,  0.21759222,  2.06100732,  2.44948974,
        -2.44948974],
       [-2.44948974,  1.99399245, -0.76221704,  2.37549069, -0.79859788,
         2.22984999],
       [-1.14870251,  0.89607466,  1.38960029,  0.71260365, -2.41208409,
        -1.98719354]]), array([[ 1.41421356,  1.20039615],
       [ 0.35072302, -1.19496483],
       [-0.52151146, -1.41421356],
       [-1.41421356,  1.41421356],
       [ 1.25317241,  1.41421356],
       [ 1.41421356,  1.41421356]])], [array([ 0.03172984,  2.37711845,  2.4195629 ,  1.84283269,  1.48385214,
       -1.58077474]), array([-0.67463717, -1.07946696])]]]
[1147561, 23, 'birth', 2, 9, 1, [[array([[-0.59750921,  0.56433358,  0.74825751, -1.2227693 , -1.35075631,
        -1.64621296],
       [-1.18526246, -0.40230891, -1.91796929, -0.56510799, -2.44948974,
         2.02280706],
       [ 1.81978608,  1.31280931,  1.6109079 , -2.44948974, -1.74264597,
        -1.86995384],
       [-1.26989116, -1.67635494,  1.10061286, -0.7646876 , -0.03697466,
        -1.87789092],
       [-1.71401052, -0.50379699,  0.24307216, -2.31753447,  1.8211122 ,
         0.48897725],
       [-2.44948974, -2.00153893,  0.44876186,  1.42663007,  1.81283199,
         1.35854321]]), array([[ 1.41421356,  1.41421356],
       [ 0.35072302, -1.19496483],
       [-0.52151146, -1.41421356],
       [-1.41421356,  1.41421356],
       [-0.10745495,  1.41421356],
       [ 1.41421356,  1.41421356]])], [array([ 0.03172984,  2.37711845,  2.4195629 ,  2.44948974,  0.44021409,
       -0.56832375]), array([-1.24780391, -1.07946696])]]]
[1147561, 13, 'birth', 21, 24, 0, [[array([[ 0.66056587, -0.666086  ,  2.44948974, -1.03317958, -1.36118343,
         0.39926909],
       [-0.11463179,  1.38350558, -2.44948974,  1.21158719, -2.44948974,
        -1.51548762],
       [-1.47038539, -1.5543073 ,  1.47891022, -2.27110266, -0.86098311,
         2.01097095],
       [-2.04288769,  1.99235888,  0.93613878, -2.44948974, -1.66004337,
         0.73209572],
       [-1.65889909,  1.57418876,  2.16337053,  0.62086653,  0.68642144,
        -2.37809201],
       [-0.27850374,  2.44948974,  2.44948974,  0.90146796, -2.12040086,
        -1.89910139]]), array([[-0.70855412,  1.41421356],
       [ 0.9691184 , -0.04591451],
       [ 1.41421356,  1.41421356],
       [-0.77983413, -1.41421356],
       [ 1.31613547,  1.41421356],
       [ 0.42223592, -1.2966807 ]])], [array([ 1.3440488 , -1.53472433, -1.84266887, -1.12746475,  2.44948974,
        2.41732734]), array([-1.41421356, -1.41421356])]]]
[1147561, 17, 'birth', 16, 11, 1, [[array([[-0.08306209, -0.09301381,  0.8624861 ,  2.29382684,  2.33054453,
        -2.25783496],
       [-0.89015963,  0.83912442,  0.18368506,  1.53814608, -1.92366367,
        -0.0064808 ],
       [-0.88834665,  1.68458082,  0.82551824, -0.2499055 , -2.33628196,
         2.3921624 ],
       [ 1.88214151,  0.23711564, -1.92804759, -0.53993368,  1.08513028,
         2.17322971],
       [ 1.82624259, -0.2322045 ,  0.70325695,  2.43094693,  2.32326656,
        -2.35957102],
       [ 0.31790603, -0.94405901, -1.26173232,  1.11859033, -2.04389927,
         2.24133011]]), array([[-0.51384446,  1.16746651],
       [-0.90374309,  1.41421356],
       [ 1.41421356, -0.98484284],
       [ 1.41421356,  1.34071746],
       [-0.2418785 ,  1.41421356],
       [ 0.7486832 , -1.41421356]])], [array([-0.36064502,  0.29819192,  0.10999132, -1.48548729, -0.80166565,
       -1.34729473]), array([ 0.17394952, -1.41421356])]]]
[1147561, 22, 'birth', 8, 5, 1, [[array([[ 1.21882412,  1.94534224, -2.13419913,  2.36546737,  0.37600783,
         1.9422045 ],
       [-1.36895798,  2.30508311, -1.11387404, -1.15912106, -2.05082275,
         0.83712415],
       [ 0.49816561,  2.00190202,  1.74944469,  2.04989695,  0.77369849,
        -0.35095759],
       [-2.39553173, -1.04024772, -0.05425346, -0.44283803, -2.35292088,
        -1.30086417],
       [ 2.16114912, -0.25631919,  0.84825748, -2.44948974, -1.18976937,
         2.13553274],
       [-2.39966148, -1.76901275,  2.44519362,  0.98145024, -2.44948974,
        -1.28203695]]), array([[-1.33257077,  0.15352684],
       [ 1.41421356,  1.41421356],
       [ 1.41421356, -0.26048767],
       [ 0.27730695,  0.77553186],
       [-1.41421356, -1.20672438],
       [-1.41421356, -0.81974324]])], [array([ 1.22670243,  0.00147107,  0.1104574 , -0.19467995,  0.25203196,
        0.75943226]), array([-1.16151363, -0.06685091])]]]
[1147561, 9, 'birth', 4, 22, 1, [[array([[-1.36742806, -1.90551391, -0.46645645,  1.8852633 ,  0.99089029,
        -0.93042525],
       [-1.35452661, -2.44948974, -0.70333068,  1.3306765 , -1.01630771,
        -0.58806042],
       [ 0.36978584, -0.82626099,  0.64585587,  1.22263354,  2.44948974,
         0.23309196],
       [ 0.87768785,  2.44948974, -1.90890401,  1.56350783,  1.87715695,
        -1.91678136],
       [ 2.4454328 , -0.02503396, -0.65682781,  1.5718232 , -1.43229171,
         0.17263802],
       [ 1.23650294, -1.13712281, -2.2559797 , -0.83015364, -1.86192453,
         0.93743801]]), array([[-0.31732552, -0.6511814 ],
       [ 1.41421356,  0.95518216],
       [-1.12638282, -1.41421356],
       [ 0.45389647,  1.41421356],
       [-0.02418257,  0.17261192],
       [ 1.30433053,  1.14427857]])], [array([ 1.65594673, -0.88785636, -0.22104247,  1.49753463,  0.13300492,
        1.67765551]), array([-1.41421356,  0.75491779])]]]
[1147561, 12, 'birth', 20, 11, 1, [[array([[ 0.21015854,  0.73012567, -2.07298845,  2.07564795,  0.35332526,
        -1.07484707],
       [ 0.01744309, -0.25027205, -0.91304643, -0.16281738,  0.2504565 ,
         0.19515361],
       [ 2.22774545, -1.18386336, -0.44466171,  2.22009043,  2.4079181 ,
        -2.24693446],
       [ 0.09767406,  0.39509787, -1.29803546,  0.40068646,  2.25617405,
        -0.86288407],
       [ 1.09130064,  2.44948974,  2.00071164,  1.54389484, -1.2181937 ,
         1.26221125],
       [ 2.43278692, -2.44948974,  2.07314612, -1.05193772,  2.09100076,
         0.97543656]]), array([[-0.00837998,  1.41421356],
       [-1.12073797, -1.41421356],
       [-0.37473666, -0.7145316 ],
       [ 1.41421356,  1.34071746],
       [-0.2418785 ,  1.41421356],
       [ 0.7486832 , -0.10923927]])], [array([-0.36064502,  1.55912337,  0.10999132,  2.44948974, -0.80166565,
       -0.36259982]), array([ 0.17394952, -1.41421356])]]]
[1147561, 2, 'birth', 1, 12, 1, [[array([[-2.44948974,  2.44865013, -0.40009131, -0.59799606,  0.67114542,
        -1.67647597],
       [-1.27799319,  0.24031536, -1.49671051, -1.06510782,  0.58344197,
        -0.69713238],
       [-1.13491674, -1.83797732, -1.88333141, -2.43956846, -0.39741953,
        -1.51631567],
       [-0.82018112, -1.93523917,  1.18540465,  2.06737976, -2.44948974,
        -2.44948974],
       [ 1.22528545,  2.35477282,  1.42726837,  0.16818171,  2.36820778,
         2.16765835],
       [-0.08084347,  0.34494676, -1.35328551, -1.88286483,  2.36588372,
        -2.04161178]]), array([[ 1.41421356,  1.2081342 ],
       [ 1.1678696 ,  1.41421356],
       [ 0.02020977,  0.77997119],
       [-1.41421356, -1.41421356],
       [ 1.41421356, -1.41421356],
       [-1.41421356, -1.41421356]])], [array([-2.44948974, -1.51283726, -1.34112333,  0.99008613,  0.34457115,
        2.22201044]), array([-1.41421356, -0.9637038 ])]]]
[1147561, 19, 'birth', 4, 15, 1, [[array([[ 2.44948974, -1.90551391,  1.29119384,  1.10131727,  0.99089029,
        -0.93042525],
       [-1.35452661, -2.44948974, -0.70333068,  0.89484947, -1.01630771,
        -2.31366616],
       [ 0.36978584, -0.82626099, -2.44948974,  1.22263354,  1.76433071,
         0.23309196],
       [ 0.87768785, -0.04102164, -1.90890401,  0.68420752,  1.87715695,
         1.07195983],
       [ 0.14473379, -1.01928319, -0.65682781,  1.5718232 , -1.43229171,
         0.17263802],
       [ 1.23650294, -1.13712281, -2.2559797 , -0.83015364,  0.82454494,
         0.93743801]]), array([[-0.31732552,  0.26510457],
       [ 0.14593889,  1.41421356],
       [ 0.2059138 , -1.41421356],
       [ 0.46886807, -1.41421356],
       [-1.39657159,  1.13524815],
       [-1.41421356, -0.32316264]])], [array([-0.02636377, -1.99797962, -2.44948974, -0.27893032, -2.27381997,
        1.16288647]), array([0.06487919, 1.41421356])]]]
[1147561, 3, 'birth', 16, 5, 0, [[array([[-0.08306209, -0.09301381,  0.8624861 ,  2.44948974,  2.33054453,
         2.44948974],
       [-0.89015963,  0.83912442, -1.00316482,  1.53814608,  0.81202315,
        -0.0064808 ],
       [-0.88834665,  1.68458082, -0.08773924, -0.2499055 , -2.33628196,
        -0.85066131],
       [ 2.11722184,  0.23711564, -1.92804759, -0.53993368,  1.08513028,
        -2.37216185],
       [ 1.28662138, -0.4408425 ,  0.94401057,  2.41251953, -0.85468058,
         1.55145337],
       [-1.81012869, -0.35322024, -1.6953036 , -1.85512003,  1.74099503,
        -0.7737721 ]]), array([[-1.41421356,  0.54222592],
       [ 1.41421356,  0.47106617],
       [ 1.41421356, -1.41421356],
       [ 0.27730695,  0.62523995],
       [-1.41421356, -1.20672438],
       [-1.41421356, -0.81974324]])], [array([ 1.22670243,  0.00147107,  0.1104574 ,  1.19536082, -0.15274696,
        0.75943226]), array([-1.16151363, -0.06685091])]]]
[1147561, 20, 'birth', 0, 22, 1, [[array([[ 0.65526297, -2.44948974, -0.33847147, -0.85386339,  1.01952498,
        -0.31956734],
       [ 1.07896285, -1.42190782, -0.09173656, -0.89327079,  0.31664502,
        -1.09080213],
       [ 0.49671141, -2.43093621, -0.12965797,  1.49791977, -0.27982591,
        -1.78099165],
       [-2.27664322,  2.44948974,  0.6914457 ,  1.61811548,  1.92122997,
        -2.28541651],
       [-0.88131561,  1.81198708,  0.79184609, -0.12880327, -1.43850066,
         1.23894542],
       [-1.59716634,  2.19603805,  2.19456593, -2.44948974, -0.3937579 ,
        -0.25722592]]), array([[ 0.29061801,  0.80057329],
       [ 0.99935247,  1.41421356],
       [-1.12638282, -0.96130943],
       [ 0.45389647,  1.41421356],
       [-0.02418257,  0.17261192],
       [-1.41421356,  1.23260235]])], [array([ 1.65594673, -0.88785636, -0.22104247,  2.44948974,  0.13300492,
        1.67765551]), array([-1.41421356,  0.75491779])]]]
[1147561, 18, 'birth', 7, 6, 0, [[array([[ 2.44948974, -2.16892675,  1.29650533, -2.44948974, -1.702076  ,
        -0.69830069],
       [-2.44948974,  2.22467742,  2.44948974,  2.44948974,  1.14032877,
         1.28021761],
       [ 1.98970578, -0.75792909,  1.79553822,  0.86085398,  0.30548763,
        -0.51708292],
       [-1.10965402, -0.5356688 ,  1.94032374, -2.09680259, -0.38636014,
        -2.44948974],
       [ 1.36333282,  2.23657242, -2.44948974, -0.35976924,  0.79014804,
         2.44948974],
       [-0.96121667, -0.33990473,  0.3942055 , -2.30903259, -1.42195738,
         0.24055089]]), array([[ 1.41421356, -1.41421356],
       [ 0.61431323,  1.41421356],
       [ 1.41421356,  0.88553688],
       [ 1.41421356,  1.41421356],
       [ 0.96187814,  1.15157326],
       [ 0.26909624,  0.22261286]])], [array([-0.02003274,  2.1204461 ,  0.32015835,  0.07268426,  0.08931151,
       -0.63388105]), array([1.17200601, 1.17860195])]]]
[1147561, 11, 'birth', 17, 11, 0, [[array([[-1.38623375, -2.17364293,  2.30036798,  1.90092106, -0.11419569,
         1.4968499 ],
       [ 1.4828402 , -0.91508747, -1.02533107,  2.22312366,  0.04052724,
         2.09004825],
       [ 0.78072794, -1.94931479,  2.44948974,  1.32491748, -2.44948974,
        -2.44948974],
       [ 0.81831467,  1.81470309, -0.76241682, -2.00334677,  2.00433125,
        -2.23311814],
       [-0.34257378,  1.89573237,  0.50577438, -0.34616712,  2.03862357,
        -1.3298373 ],
       [-0.82238461, -0.16158578, -2.24256957,  2.44948974, -2.28426607,
         1.63034092]]), array([[ 1.41421356,  1.41421356],
       [ 1.41421356,  1.41421356],
       [ 1.41421356, -1.41421356],
       [ 1.41421356,  1.34071746],
       [-0.2418785 ,  1.41421356],
       [ 0.7486832 , -0.10923927]])], [array([-0.36064502,  1.55912337,  2.44948974,  1.21891494, -0.80166565,
       -0.36259982]), array([ 0.17394952, -1.41421356])]]]
[1147561, 7, 'birth', 0, 15, 0, [[array([[ 1.36282458,  0.46484353, -0.33847147, -0.82370942,  0.06045438,
        -0.31956734],
       [ 1.07896285, -0.56670478,  1.99899769,  2.29714417,  2.44948974,
        -2.1420714 ],
       [-1.85178919,  1.32902475,  2.44948974, -1.64778334, -0.14417538,
        -1.0719068 ],
       [-0.57395955,  0.53460099, -0.72753336, -0.72687066, -2.06391663,
        -0.40235558],
       [ 2.38205826,  2.21380741, -2.02072407,  1.0226753 ,  2.16935184,
         0.25005371],
       [ 1.75275349,  2.44948974, -0.07973628, -0.03651424,  1.15048448,
         0.49961514]]), array([[-1.41421356, -0.41549645],
       [ 1.41421356, -1.41421356],
       [ 0.08304648, -1.11871915],
       [ 1.41421356,  0.99211149],
       [-0.78974691, -1.41421356],
       [-1.41421356,  0.66613358]])], [array([ 0.15569041, -2.2841906 ,  1.45181555, -1.63493782, -2.27381997,
        1.16288647]), array([0.4400823 , 1.41421356])]]]
[1157311, 15, 'birth', 10, 12, 1, [[array([[-2.16831769,  2.37187594, -2.44948974, -0.34804485,  2.27020588,
        -1.24104316],
       [ 0.57612921, -0.06794626, -0.57067872, -0.51794114,  0.58165111,
        -1.74419901],
       [-1.37031494, -0.8378456 ,  2.44948974, -2.44948974,  0.7962312 ,
         2.44948974],
       [-2.27563254, -1.74797538,  0.43184229, -2.26228393,  1.07921417,
        -0.51730679],
       [ 1.45831074, -2.21962191,  1.5754904 , -2.33947208,  0.50164775,
        -0.49154476],
       [-1.80825624, -2.33566299, -2.44948974, -0.51930767,  0.94010363,
         2.05918212]]), array([[-1.06093975,  1.41421356],
       [-1.12073797, -1.41421356],
       [-0.37473666, -1.41421356],
       [ 0.64089192,  1.41421356],
       [-0.2418785 , -0.22027786],
       [ 0.7486832 ,  1.41421356]])], [array([-0.36064502,  1.55912337,  0.10999132,  2.44948974, -0.80166565,
       -0.36259982]), array([ 0.17394952, -1.41421356])]]]
[1175811, 24, 'birth', 5, 17, 0, [[array([[ 1.32134714, -2.16892675,  1.29650533, -0.44210698,  2.44948974,
         1.79807638],
       [-0.15115267,  0.51479756, -1.04237693, -2.44948974,  2.35277152,
        -0.78465042],
       [-0.03293223, -0.11735723,  0.56954407, -1.79968845, -1.652093  ,
        -0.27174467],
       [-2.03781326, -0.12663994,  0.21759222,  2.06100732,  2.44948974,
        -2.44948974],
       [-2.44948974,  1.99399245, -0.76221704,  2.37549069, -0.79859788,
         2.22984999],
       [ 1.35938318, -2.44948974,  1.38960029,  0.71260365, -2.41208409,
        -0.63301478]]), array([[ 1.41421356,  1.20039615],
       [ 0.35072302, -1.19496483],
       [-0.52151146, -1.41421356],
       [-1.41421356,  1.41421356],
       [ 1.25317241,  1.41421356],
       [ 0.7486832 , -1.41421356]])], [array([-2.1849316 , -2.35396072,  1.36465561, -1.48548729, -0.80166565,
       -2.44948974]), array([ 1.41421356, -1.41421356])]]]
[1262462, 6, 'birth', 24, 9, 0, [[array([[ 1.32134714, -2.16892675,  1.82355857, -0.44210698,  2.44948974,
         1.79807638],
       [-0.15115267,  0.51479756, -1.04237693, -0.94650766,  2.35277152,
        -0.58806042],
       [ 0.36978584, -0.82626099,  0.64585587,  1.25550867,  2.44948974,
        -1.20255771],
       [ 0.87768785,  2.44948974, -2.44948974,  1.56350783,  1.87715695,
        -1.91678136],
       [ 2.4454328 , -2.44948974, -0.65682781,  1.5718232 , -1.43229171,
         0.17263802],
       [ 1.23650294, -1.13712281, -2.2559797 , -0.83015364, -1.86192453,
         0.93743801]]), array([[-0.31732552, -0.6511814 ],
       [ 1.41421356,  0.95518216],
       [-1.12638282, -1.41421356],
       [ 0.45389647,  1.41421356],
       [-0.02418257, -1.34817069],
       [ 0.33239842,  1.14427857]])], [array([ 1.65594673, -1.94397699, -0.22104247,  1.49753463,  0.13300492,
        1.67765551]), array([-1.41421356,  0.75491779])]]]
[1343413, 14, 'birth', 13, 19, 1, [[array([[ 0.66056587, -0.53443412,  2.44948974,  0.39770564,  1.17813585,
         0.39926909],
       [-0.11463179,  1.38350558, -2.44948974,  1.21158719, -2.44948974,
         0.11714991],
       [-2.44948974,  1.15139215,  1.47891022, -2.27110266,  1.97090329,
         2.44948974],
       [-2.04288769,  1.99235888,  0.93613878, -2.44948974, -1.66004337,
         0.73209572],
       [-1.65889909,  1.57418876,  2.16337053,  0.62086653,  0.68642144,
        -2.37809201],
       [-0.27850374,  2.44948974,  2.44948974,  0.90146796, -2.12040086,
        -1.89910139]]), array([[-0.70855412,  1.41421356],
       [ 0.9691184 , -0.9671927 ],
       [ 1.41421356,  1.41421356],
       [-1.41421356, -0.27337719],
       [ 1.31613547,  1.41421356],
       [ 0.42223592, -1.2966807 ]])], [array([-0.7681809 , -1.6595975 , -1.84266887, -1.12746475,  2.44948974,
        2.41732734]), array([0.06487919, 1.41421356])]]]
[1459264, 1, 'birth', 5, 22, 0, [[array([[-0.12303221, -2.16892675,  2.16941662, -0.44210698,  2.44948974,
         1.79807638],
       [-0.15115267,  0.51479756, -1.11387404, -1.15912106, -2.44948974,
         0.83712415],
       [ 0.49816561,  2.00190202,  1.74944469,  2.04989695,  0.77369849,
        -1.21694422],
       [-2.39553173, -1.04024772, -0.05425346, -0.44283803, -2.35292088,
        -1.30086417],
       [ 2.16114912, -0.25631919,  0.84825748, -2.44948974, -1.18976937,
         2.13553274],
       [-2.44948974, -1.76901275,  2.44519362,  0.98145024, -2.44948974,
        -1.28203695]]), array([[-1.33257077,  0.15352684],
       [ 0.68355514,  1.41421356],
       [ 1.41421356, -0.26048767],
       [ 0.27730695,  0.77553186],
       [-1.41421356, -1.20672438],
       [-1.41421356, -0.81974324]])], [array([ 1.22670243e+00,  1.47107313e-03,  1.10457398e-01, -1.94679952e-01,
        2.44948974e+00,  2.33287271e+00]), array([-1.16151363, -0.06685091])]]]
[1470264, 21, 'birth', 11, 17, 0, [[array([[-1.38623375, -2.17364293,  2.30036798,  1.90092106, -0.11419569,
         1.4968499 ],
       [ 1.4828402 , -0.91508747, -1.02533107,  2.22312366,  0.04052724,
         2.09004825],
       [-2.44948974, -1.94931479,  2.44948974,  1.32491748, -2.44948974,
        -2.44948974],
       [ 0.81831467,  1.81470309, -0.76241682, -2.00334677,  2.00433125,
        -2.44948974],
       [-0.34257378,  1.89573237,  0.64411257, -0.34616712,  2.03862357,
        -1.3298373 ],
       [-0.82238461, -0.16158578, -2.24256957,  2.44948974, -2.28426607,
         1.63034092]]), array([[ 1.41421356,  0.25155985],
       [-0.90374309,  1.41421356],
       [ 1.41421356, -0.98484284],
       [ 1.41421356,  1.34071746],
       [-0.2418785 ,  1.41421356],
       [ 0.7486832 , -1.41421356]])], [array([-0.36064502,  0.29819192,  0.10999132, -1.48548729, -0.80166565,
       -1.34729473]), array([ 0.17394952, -1.41421356])]]]
[2246372, 4, 'death']
[2246522, 0, 'death']
[2246672, 16, 'death']
[2246822, 8, 'death']
[2246972, 10, 'death']
[2247122, 5, 'death']
[2247322, 23, 'death']
[2247472, 13, 'death']
[2247622, 17, 'death']
[2247772, 22, 'death']
[2247922, 9, 'death']
[2248072, 12, 'death']
[2248222, 2, 'death']
[2248372, 19, 'death']
[2248522, 3, 'death']
[2248672, 20, 'death']
[2248822, 18, 'death']
[2248972, 11, 'death']
[2249122, 7, 'death']
[2249522, 16, 'birth', 7, 2, 0, [[array([[ 1.36282458,  0.46484353, -0.33847147, -0.82370942,  0.06045438,
        -1.15623961],
       [ 1.07896285, -2.44948974,  1.99899769,  2.29714417,  2.44948974,
        -2.1420714 ],
       [-2.44948974,  1.32902475,  0.30204189, -2.43956846, -0.39741953,
        -1.51631567],
       [-0.82018112, -1.93523917,  1.18540465,  2.06737976, -2.44948974,
        -2.44948974],
       [ 1.22528545,  2.35477282,  1.42726837,  0.16818171,  2.36820778,
         2.16765835],
       [-1.31300779, -1.82492459, -1.35328551, -1.88286483,  2.36588372,
        -2.04161178]]), array([[ 1.41421356,  1.2081342 ],
       [ 1.1678696 ,  1.41421356],
       [ 0.02020977,  0.84566062],
       [-1.41421356, -1.41421356],
       [ 1.41421356, -1.41421356],
       [-1.41421356, -0.76812701]])], [array([-2.44948974, -1.51283726,  0.86077101,  0.99008613,  0.34457115,
        2.22201044]), array([-1.41421356, -0.9637038 ])]]]
[2249522, 19, 'birth', 21, 9, 0, [[array([[-1.38623375, -2.17364293,  2.30036798,  1.90092106, -0.11419569,
         1.4968499 ],
       [ 1.4828402 , -0.91508747, -1.02533107,  2.22312366, -0.61450627,
         2.09004825],
       [-2.44948974, -1.94931479, -0.51750644,  1.32491748, -2.44948974,
        -2.44948974],
       [ 0.81831467,  1.81470309, -0.76241682, -2.00334677,  2.00433125,
        -2.44948974],
       [-0.93892017,  1.89573237,  0.64411257, -0.34616712,  2.03862357,
        -1.3298373 ],
       [-0.82238461, -0.16158578, -2.24256957,  2.44948974, -2.28426607,
         1.63034092]]), array([[ 1.41421356, -0.83040486],
       [-0.90374309,  1.41421356],
       [ 1.41421356, -0.98484284],
       [ 1.41421356,  1.34071746],
       [-0.2418785 ,  1.41421356],
       [ 0.7486832 , -1.41421356]])], [array([-0.36064502, -0.88785636, -0.22104247,  1.49753463,  0.13300492,
        1.67765551]), array([-1.41421356,  0.75491779])]]]
[2249522, 20, 'birth', 21, 2, 0, [[array([[-1.38623375, -2.17364293, -1.49393109,  1.90092106, -0.11419569,
         1.4968499 ],
       [ 1.4828402 , -0.91508747, -1.02533107,  2.22312366,  0.04052724,
         2.09004825],
       [-2.44948974, -1.94931479,  1.49393156,  1.32491748, -2.44948974,
        -2.44948974],
       [ 2.08332789,  1.81470309, -2.44948974, -2.00334677,  1.07935678,
        -2.44948974],
       [-0.34257378,  1.07944944,  0.64411257,  2.44948974,  2.03862357,
        -1.3298373 ],
       [-0.82238461, -0.16158578, -2.24256957,  2.44948974, -2.44948974,
         2.44948974]]), array([[ 1.23600883,  0.25155985],
       [-0.90374309,  1.16120466],
       [ 1.41421356, -0.98484284],
       [ 1.41421356,  1.34071746],
       [ 1.23186747,  1.41421356],
       [ 0.7486832 , -1.41421356]])], [array([-0.36064502,  0.29819192, -1.34112333,  0.99008613,  0.34457115,
        2.22201044]), array([-1.41421356, -0.9637038 ])]]]
[2249522, 22, 'birth', 0, 23, 0, [[array([[-2.44948974, -2.17364293,  2.30036798,  1.90092106, -0.11419569,
         1.4968499 ],
       [-1.84210224, -2.43011595, -1.02533107,  2.22312366,  0.85575166,
        -0.35143035],
       [-1.50223717,  2.44948974, -1.51333849, -0.8255864 , -1.72329624,
        -0.60762737],
       [-0.27314595, -1.537487  , -1.95132864, -1.7420474 ,  0.56701802,
         0.27036366],
       [-1.72107781,  2.44948974, -0.49035771, -0.885905  ,  1.00324944,
        -0.07913988],
       [-1.8563872 ,  0.15412767, -0.07619334, -1.1110781 ,  0.18405317,
         1.21653406]]), array([[ 0.63886137,  0.11130437],
       [-1.41421356,  0.30591591],
       [ 0.95472983, -1.00999596],
       [-0.15899929, -1.41421356],
       [ 1.31613547,  1.41421356],
       [ 1.41421356,  1.41421356]])], [array([-0.86349016,  2.37711845,  2.44948974,  2.44948974,  0.44021409,
       -0.56832375]), array([-1.24780391, -1.07946696])]]]
[2249522, 0, 'birth', 0, 16, 0, [[array([[-2.44948974, -1.03459196,  2.44948974,  1.90092106, -0.11419569,
         1.4968499 ],
       [-1.84210224, -0.91508747, -2.44948974,  1.13930536,  0.0258845 ,
        -0.35143035],
       [-1.50223717,  2.44948974, -1.51333849, -1.99897789,  1.4852958 ,
         0.41355994],
       [-2.44948974,  1.50800857,  2.44948974,  2.00050964, -2.44948974,
         2.3334404 ],
       [-2.44948974,  2.44948974, -2.08652459,  1.23920638,  0.20518347,
         2.24820203],
       [-0.99418709, -0.16788064, -0.83683803,  0.79902397, -1.62505333,
         2.44948974]]), array([[-1.41421356,  1.41421356],
       [ 1.41421356,  1.41421356],
       [-0.38773517, -1.41421356],
       [-1.3782046 , -1.41421356],
       [ 0.20045469,  0.74492828],
       [-1.41421356, -1.41421356]])], [array([-1.32530282e+00, -1.50009683e-01,  7.15247212e-01,  3.06012370e-04,
       -2.05040032e+00,  7.05747613e-02]), array([-1.41421356, -1.41421356])]]]
[2249522, 5, 'birth', 24, 2, 1, [[array([[ 1.32134714, -2.16892675,  1.81953001, -0.44210698,  2.44948974,
         1.7360857 ],
       [-0.15115267,  0.51479756, -1.04237693, -2.44948974, -0.38714719,
        -0.78465042],
       [-0.03293223, -0.99098101, -0.46884803, -1.79968845, -2.44948974,
        -2.44948974],
       [-2.03781326, -0.12663994,  0.21759222,  2.06100732,  2.44948974,
        -2.44948974],
       [-2.44948974,  1.99399245, -0.76221704,  2.37549069,  2.36820778,
         2.16765835],
       [-0.08084347,  0.34494676, -1.35328551, -1.88286483,  2.36588372,
        -2.04161178]]), array([[ 1.41421356,  1.41421356],
       [ 1.1678696 ,  1.07649483],
       [ 0.02020977,  0.77997119],
       [-1.41421356, -1.41421356],
       [ 1.41421356, -1.41421356],
       [-1.41421356, -1.41421356]])], [array([-2.44948974, -1.51283726, -2.44948974,  0.99008613,  2.44948974,
        2.22201044]), array([-0.01983813, -0.9637038 ])]]]
[2249522, 9, 'birth', 7, 9, 1, [[array([[ 1.5162691 ,  0.46484353, -0.33847147,  0.10646166,  0.06045438,
        -0.31956734],
       [ 1.07896285, -0.56670478,  1.99899769,  1.3306765 , -2.44948974,
        -0.58806042],
       [ 0.36978584, -0.82626099,  0.64585587, -2.44948974,  0.01674142,
         2.0075641 ],
       [ 1.3031973 ,  2.44948974, -1.90890401,  1.56350783,  1.87715695,
        -1.91678136],
       [ 2.4454328 , -0.02503396, -0.65682781,  1.5718232 , -1.43229171,
         0.17263802],
       [-0.50267378, -2.44948974, -2.2559797 , -0.83015364, -1.86192453,
         0.93743801]]), array([[-0.73251883, -0.6511814 ],
       [ 1.41421356,  0.95518216],
       [-0.48633575, -1.41421356],
       [ 0.45389647,  1.41421356],
       [-1.41421356,  0.17261192],
       [ 1.30433053,  1.41421356]])], [array([ 1.65594673,  0.30068637, -0.22104247,  1.49753463,  0.13300492,
        1.67765551]), array([-1.41421356,  1.41421356])]]]
[2249522, 12, 'birth', 10, 22, 0, [[array([[-2.16831769, -0.29794004, -1.21786017,  0.7066358 ,  0.71021268,
        -1.24104316],
       [-0.5512853 , -1.24341957,  2.43698802,  1.99736101, -0.13694395,
         0.2915653 ],
       [-1.37031494,  2.44948974,  2.44948974, -2.44948974,  2.44948974,
        -2.2942581 ],
       [-2.27563254, -1.74797538,  0.43184229, -0.17135575, -0.08733249,
        -0.51730679],
       [ 1.01624361,  0.68740071, -0.92412329, -2.33947208,  2.4140644 ,
        -0.49154476],
       [-1.80825624, -2.33566299,  2.44519362,  0.98145024, -2.44948974,
        -1.28203695]]), array([[-0.73951521,  0.15352684],
       [ 1.41421356,  1.41421356],
       [ 1.41421356, -0.26048767],
       [ 0.27730695,  0.77553186],
       [-1.41421356, -1.20672438],
       [-1.41421356, -0.81974324]])], [array([ 1.97062334e-01,  1.47107313e-03, -1.50721877e+00, -1.94679952e-01,
        2.52031960e-01,  7.59432258e-01]), array([-1.16151363, -0.06685091])]]]
[2249522, 7, 'birth', 13, 22, 1, [[array([[ 2.44948974,  1.2158708 ,  2.44948974, -1.03317958, -1.36118343,
         0.39926909],
       [-0.11463179,  1.38350558, -2.44948974,  1.21158719, -2.44948974,
        -1.51548762],
       [-1.47038539, -1.5543073 ,  1.47891022, -2.27110266, -0.86098311,
         2.01097095],
       [-2.04288769, -0.55065908,  0.93613878, -2.44948974, -2.37191602,
         0.73209572],
       [-1.65889909,  1.57418876,  2.44948974,  0.62086653,  0.68642144,
        -2.37809201],
       [-0.27850374,  2.44948974,  2.44948974, -1.05237338, -2.44948974,
        -1.28203695]]), array([[-1.33257077,  0.15352684],
       [ 1.41421356,  1.41421356],
       [ 1.41421356, -0.79271332],
       [ 0.27730695,  0.77553186],
       [-0.88080583, -1.20672438],
       [-1.41421356, -0.81974324]])], [array([ 1.22670243,  0.00147107,  0.1104574 , -0.19467995,  0.25203196,
        0.75943226]), array([-1.16151363, -0.06685091])]]]
[2249522, 4, 'birth', 3, 12, 0, [[array([[ 0.90401493,  0.22863758,  0.8624861 ,  2.44948974,  2.33054453,
         2.44948974],
       [-0.89015963,  1.99118503, -1.00316482,  2.44948974,  0.81202315,
        -0.0064808 ],
       [ 2.44948974,  1.68458082, -0.08773924, -0.2499055 , -2.33628196,
         0.49243891],
       [ 2.11722184,  0.23711564, -1.92804759, -0.53993368,  1.15743512,
        -2.37216185],
       [ 1.09130064,  2.31833756, -0.59378779,  1.54389484, -1.2181937 ,
         1.26221125],
       [ 2.43278692, -2.44948974,  2.07314612, -1.05193772,  2.09100076,
         0.97543656]]), array([[-0.00837998,  1.41421356],
       [ 1.39089076, -1.41421356],
       [-0.37473666, -0.7145316 ],
       [ 1.41421356,  1.41421356],
       [-0.2418785 ,  1.41421356],
       [ 0.7486832 , -0.10923927]])], [array([-0.36064502,  1.75383449,  0.10999132,  2.44948974,  1.27757077,
       -0.36259982]), array([ 0.17394952, -1.41421356])]]]
[2249522, 11, 'birth', 0, 2, 0, [[array([[-2.44948974,  2.44948974,  2.30036798,  1.90092106, -0.11419569,
         1.4968499 ],
       [-1.84210224, -2.44948974, -1.02533107,  2.22312366,  0.85575166,
        -0.35143035],
       [-1.76046774,  2.44948974, -1.51333849, -0.8255864 , -1.72329624,
         1.43634065],
       [-0.27314595, -1.537487  ,  0.28869148, -1.7420474 , -0.70847946,
         0.27036366],
       [ 0.42221425,  2.44948974, -0.49035771, -0.885905  ,  2.44948974,
        -0.07913988],
       [-1.8563872 ,  0.69931701, -1.35328551, -0.73283614,  2.36588372,
        -2.04161178]]), array([[ 1.41421356,  1.2081342 ],
       [ 1.1678696 ,  1.41421356],
       [ 0.02020977,  0.77997119],
       [-1.41421356,  0.36258753],
       [ 1.41421356, -1.41421356],
       [-1.41421356, -1.41421356]])], [array([-2.44948974, -1.51283726, -1.34112333,  0.99008613, -1.10906627,
        2.22201044]), array([-1.41421356, -0.9637038 ])]]]
[2257122, 15, 'death']
[2272122, 24, 'death']
[2273022, 17, 'birth', 21, 9, 0, [[array([[-1.38623375, -2.17364293,  2.44948974,  1.90092106, -0.11419569,
         1.4968499 ],
       [ 1.4828402 , -2.44948974, -1.02533107,  2.22312366,  0.04052724,
         2.09004825],
       [-2.44948974, -1.94931479,  2.44948974,  1.32491748, -0.69387708,
        -2.44948974],
       [ 0.81831467,  1.81470309, -0.76241682, -2.00334677,  1.87715695,
        -1.91678136],
       [ 2.4454328 , -0.02503396, -0.65682781,  1.5718232 , -1.43229171,
         0.17263802],
       [-0.50267378, -2.44948974, -2.2559797 , -1.82301267, -1.86192453,
         0.93743801]]), array([[-0.73251883, -1.25543026],
       [ 1.41421356,  0.95518216],
       [-0.48633575, -1.41421356],
       [ 0.45389647,  1.41421356],
       [-1.41421356,  0.17261192],
       [ 1.30433053,  1.41421356]])], [array([ 1.65594673,  0.30068637, -0.22104247,  1.49753463,  0.13300492,
        1.67765551]), array([-1.41421356,  1.41421356])]]]
[2273022, 18, 'birth', 21, 7, 1, [[array([[-1.38623375, -2.17364293,  2.30036798, -1.03317958, -1.36118343,
         0.39926909],
       [-0.11463179,  0.30793482, -2.44948974,  1.21158719, -2.44948974,
        -1.51548762],
       [-1.47038539, -1.5543073 ,  1.47891022, -2.44948974, -0.90613095,
         2.44948974],
       [-0.61064121,  0.86126805,  0.93613878, -2.44948974, -2.37191602,
         0.73209572],
       [-1.65889909,  1.99139288,  2.44948974,  1.8466566 ,  0.68642144,
        -2.37809201],
       [-0.27850374,  2.44948974, -0.53719141, -2.44948974, -2.44948974,
        -1.28203695]]), array([[-1.33257077,  0.15352684],
       [ 1.41421356,  0.84930761],
       [ 1.41421356, -0.79271332],
       [ 0.27730695,  0.77553186],
       [-0.88080583, -1.20672438],
       [-1.41421356, -0.81974324]])], [array([ 1.22670243,  0.00147107,  0.1104574 , -0.19467995,  0.25203196,
        0.75943226]), array([-1.27451611, -0.06685091])]]]
[2273022, 23, 'birth', 16, 5, 1, [[array([[ 1.36282458,  0.46484353, -2.15205741,  1.65203594,  2.44948974,
         1.7360857 ],
       [-0.15115267,  0.51479756, -1.04237693, -2.44948974, -0.38714719,
        -0.78465042],
       [-0.03293223, -0.99098101, -0.46884803, -1.79968845, -2.44948974,
        -2.44948974],
       [-2.03781326, -0.12663994,  1.02180702,  2.06100732,  2.44948974,
        -2.44948974],
       [-2.44948974,  1.99399245, -0.76221704,  2.37549069,  2.36820778,
         2.16765835],
       [ 0.89232253,  0.34494676, -1.35328551, -1.88286483,  2.36588372,
        -2.04161178]]), array([[ 1.41421356,  1.41421356],
       [ 1.1678696 ,  1.07649483],
       [ 0.02020977,  0.77997119],
       [-1.41421356, -1.41421356],
       [ 1.41421356, -1.11997731],
       [-1.41421356, -1.41421356]])], [array([-2.44948974, -2.44948974, -2.44948974,  0.99008613,  2.44948974,
        2.22201044]), array([-0.01983813, -0.9637038 ])]]]
[2314723, 2, 'birth', 17, 18, 0, [[array([[-1.38623375, -2.17364293,  2.44948974,  1.90092106, -0.61059538,
         1.4968499 ],
       [ 1.4828402 , -2.44948974, -1.02533107,  2.22312366,  0.04052724,
         2.09004825],
       [-2.44948974, -1.94931479,  2.44948974, -2.22720099, -1.95628657,
        -2.44948974],
       [ 0.81831467,  1.81470309,  2.44948974, -2.00334677,  1.87715695,
        -0.39219233],
       [ 2.44948974,  2.44948974, -0.65682781,  1.5718232 , -1.43229171,
         0.17263802],
       [-0.50267378, -2.44948974, -2.2559797 , -1.82301267, -1.86192453,
         0.93743801]]), array([[-0.73251883, -1.25543026],
       [-0.76609652,  0.95518216],
       [ 1.41421356, -0.79271332],
       [ 0.27730695,  0.77553186],
       [-0.88080583, -1.20672438],
       [-1.41421356, -0.81974324]])], [array([ 2.42705586e+00,  1.47107313e-03,  1.10457398e-01, -1.94679952e-01,
        2.52031960e-01,  2.40113207e+00]), array([-1.27451611, -0.06685091])]]]
[2348823, 6, 'death']
[2391274, 3, 'birth', 2, 9, 1, [[array([[-1.38623375, -2.44948974, -0.24027927,  1.90092106, -0.61059538,
         1.4968499 ],
       [-0.854811  , -1.19310632, -1.02533107,  2.44948974,  0.04052724,
         2.09004825],
       [ 0.85711071, -1.94931479,  2.44948974, -2.22720099, -1.95628657,
        -2.44948974],
       [ 0.81831467,  0.17329372,  2.44948974, -2.00334677,  1.87715695,
        -0.39219233],
       [ 1.23170364,  2.44948974, -0.65682781,  1.5718232 , -1.43229171,
        -2.04299341],
       [-0.50267378, -2.44948974, -2.2559797 , -2.43936859, -2.44948974,
         0.93743801]]), array([[-0.73251883, -0.6511814 ],
       [ 1.41421356,  0.95518216],
       [-0.48633575, -1.41421356],
       [ 0.45389647,  1.41421356],
       [-1.41421356, -1.41421356],
       [ 1.30433053,  1.41421356]])], [array([ 1.65594673,  0.30068637, -0.22104247,  1.49753463,  0.13300492,
        1.67765551]), array([-1.41421356,  1.41421356])]]]
[2416524, 14, 'death']
[2475424, 6, 'birth', 0, 7, 0, [[array([[-2.44948974, -1.03459196,  2.44948974,  1.90092106,  2.44948974,
         1.4968499 ],
       [-1.84210224, -0.91508747, -2.44948974,  1.23483327,  2.44948974,
        -0.35143035],
       [-2.44948974,  2.44948974, -1.51333849, -1.99897789,  1.4852958 ,
         0.41355994],
       [-2.44948974,  1.50800857,  2.44948974,  2.00050964, -2.44948974,
         2.3334404 ],
       [-2.44948974, -2.00823839, -2.08652459, -1.48486757,  0.20518347,
         2.19218114],
       [-0.99418709,  2.44948974,  0.1779582 ,  0.79902397, -1.62505333,
         2.44948974]]), array([[ 0.36270703,  1.41421356],
       [ 1.41421356,  1.41421356],
       [-0.38773517, -0.79271332],
       [ 0.27730695,  0.77553186],
       [ 1.26127955, -1.20672438],
       [-1.41421356, -1.41421356]])], [array([ 1.22670243,  0.00147107,  0.1104574 , -0.42544247,  0.25203196,
        0.75943226]), array([-1.16151363, -0.06685091])]]]
[2509225, 1, 'death']
[2517625, 21, 'death']
[2565675, 15, 'birth', 0, 9, 0, [[array([[-2.44948974, -1.03459196,  2.44948974,  1.90092106,  2.43049538,
         1.4968499 ],
       [-1.84210224, -2.44948974, -2.44948974,  2.44948974,  0.0258845 ,
        -0.35143035],
       [-1.50223717,  2.44948974, -1.51333849, -1.99897789,  1.32600191,
         0.41355994],
       [-0.8385845 ,  2.23053454,  2.44948974,  2.00050964, -2.44948974,
         2.3334404 ],
       [-2.44948974,  2.44948974, -2.44948974,  1.23920638,  0.20518347,
         2.18867413],
       [-0.99418709, -0.16788064, -0.1148577 , -1.31004167, -2.44948974,
         2.44948974]]), array([[-1.41421356,  1.41421356],
       [ 1.41421356,  1.24320586],
       [-0.48633575, -1.41421356],
       [ 0.45389647,  1.41421356],
       [-1.41421356,  0.17261192],
       [ 1.30433053,  1.41421356]])], [array([ 1.65594673,  2.44948974, -0.22104247,  1.49753463,  0.13300492,
        1.67765551]), array([-1.41421356,  1.41421356])]]]
[2590526, 10, 'birth', 2, 7, 0, [[array([[-1.38623375, -2.17364293,  2.44948974,  1.90092106, -0.61059538,
         1.4968499 ],
       [ 2.44948974, -2.44948974, -1.02533107,  2.22312366,  0.04052724,
         2.09004825],
       [-2.44948974, -1.94931479,  2.44948974,  0.88868815, -1.95628657,
        -2.44948974],
       [ 0.81831467,  1.81470309,  2.44948974, -0.24171384,  1.87715695,
         2.44948974],
       [ 2.44948974,  1.12143637, -0.02364775,  1.5718232 , -0.27670104,
         0.17263802],
       [-0.50267378, -2.44948974, -2.22032203, -1.82301267, -1.86192453,
         0.93743801]]), array([[-0.73251883, -1.28478781],
       [-0.76609652,  1.41421356],
       [ 1.41421356, -0.79271332],
       [ 0.27730695,  0.77553186],
       [-0.88080583, -1.20672438],
       [-1.41421356, -0.81974324]])], [array([ 1.22670243,  0.00147107,  0.1104574 , -0.19467995,  0.25203196,
        0.75943226]), array([ 0.8315276 , -0.06685091])]]]
[2660426, 8, 'birth', 20, 5, 0, [[array([[-1.38623375, -2.17364293, -1.49393109,  1.90092106, -2.44948974,
         1.4968499 ],
       [ 1.4839214 ,  0.51479756, -1.04237693, -2.44948974, -0.38714719,
        -0.78465042],
       [-0.03293223, -0.99098101, -0.46884803, -1.79968845, -0.79120253,
        -2.44948974],
       [-2.03781326, -0.12663994,  0.21759222,  2.06100732,  2.44948974,
        -2.44948974],
       [-2.44948974,  1.99399245, -2.30843191,  2.37549069,  2.36820778,
         2.44948974],
       [-0.08084347,  0.34494676,  0.0413516 , -1.88286483,  2.36588372,
        -2.04161178]]), array([[ 1.41421356,  1.41421356],
       [ 1.1678696 ,  1.07649483],
       [ 0.8454878 ,  0.77997119],
       [-1.41421356, -1.41421356],
       [ 1.41421356, -1.35758412],
       [-0.46251156, -1.41421356]])], [array([-2.44948974, -2.44948974, -2.44948974,  0.99008613,  2.44948974,
        0.98409784]), array([-0.01983813, -0.9637038 ])]]]
[2669726, 24, 'birth', 11, 23, 0, [[array([[-2.44948974,  2.44948974,  2.30036798,  1.90092106, -0.11419569,
         1.4968499 ],
       [-1.84210224, -2.44948974, -1.02533107,  2.44948974,  0.85575166,
        -2.44948974],
       [-1.76046774,  2.44948974, -1.51333849, -0.8255864 , -1.72329624,
         1.98630511],
       [-0.27314595, -1.537487  ,  0.28869148, -2.44948974,  1.36185389,
         0.27036366],
       [ 0.42221425,  2.44948974, -0.49035771, -2.44948974,  2.44948974,
        -0.07913988],
       [ 1.70314646,  0.69931701, -1.35328551, -0.73283614,  2.36588372,
        -1.6921134 ]]), array([[ 1.41421356,  1.2081342 ],
       [ 1.1678696 ,  1.41421356],
       [ 0.89933768,  0.77997119],
       [-1.41421356,  0.36258753],
       [ 1.41421356, -1.41421356],
       [-1.41421356, -1.41421356]])], [array([-2.44948974, -2.44948974, -2.44948974,  0.99008613,  2.44948974,
        2.22201044]), array([-0.01983813, -0.9637038 ])]]]
[2679426, 14, 'birth', 20, 23, 1, [[array([[-1.38623375, -2.17364293, -1.49393109,  1.90092106, -0.11419569,
         1.4968499 ],
       [ 1.4828402 , -0.91508747, -1.02533107,  2.22312366,  0.04052724,
         2.09004825],
       [-2.44948974, -1.94931479,  1.49393156,  1.32491748, -2.44948974,
        -2.44948974],
       [ 2.08332789,  1.81470309, -2.44948974, -2.00334677,  1.07935678,
        -2.44948974],
       [-0.34257378,  1.07944944,  0.64411257,  2.44948974,  2.03862357,
        -1.3298373 ],
       [-0.82238461, -0.16158578, -2.24256957,  2.44948974,  2.44948974,
        -2.04161178]]), array([[-0.68088921,  1.41421356],
       [ 0.46766141,  1.07649483],
       [ 0.02020977,  0.77997119],
       [-0.723416  , -1.41421356],
       [ 1.41421356, -1.11997731],
       [-1.41421356, -1.41421356]])], [array([-2.44948974, -2.44948974, -2.44948974,  0.99008613,  2.44948974,
        2.22201044]), array([-0.01983813, -0.9637038 ])]]]
[2699477, 21, 'birth', 0, 14, 0, [[array([[-2.44948974, -1.03459196,  2.44948974,  1.90092106, -0.11419569,
         1.4968499 ],
       [-1.84210224, -0.91508747, -2.44948974,  2.4151344 ,  0.0258845 ,
        -0.35143035],
       [-1.50223717,  2.44948974, -1.51333849, -1.99897789,  1.4852958 ,
        -0.8868361 ],
       [ 2.44948974,  1.50800857,  2.44948974,  2.44948974, -2.44948974,
         2.3334404 ],
       [-2.44948974,  2.44948974, -2.08652459, -1.00056348,  0.20518347,
         2.24820203],
       [-0.99418709, -0.16788064, -0.83683803,  1.5378251 , -1.62505333,
         2.44948974]]), array([[-1.41421356,  1.41421356],
       [ 1.41421356,  1.41421356],
       [ 1.06181465, -1.41421356],
       [-1.3782046 , -1.41421356],
       [ 0.20045469, -0.9735009 ],
       [-1.41421356, -1.41421356]])], [array([-1.32530282e+00,  2.38417959e-01,  7.15247212e-01,  3.06012370e-04,
       -2.05040032e+00,  7.05747613e-02]), array([-0.53682816, -0.9637038 ])]]]
[2710027, 1, 'birth', 8, 14, 0, [[array([[-0.32239027, -2.17364293, -1.49393109,  1.90092106, -2.44948974,
         1.4968499 ],
       [ 1.04128431,  0.51479756, -1.04237693,  2.22312366,  0.04052724,
         2.09004825],
       [-2.44948974, -1.94931479,  1.49393156,  1.32491748, -2.44948974,
         0.58449394],
       [ 2.08332789,  1.81470309, -2.44948974, -2.00334677,  1.07935678,
        -2.44948974],
       [-0.34257378,  1.00874653,  2.44948974,  2.44948974,  2.03862357,
        -1.3298373 ],
       [-0.82238461, -0.16158578, -2.24256957,  2.44948974,  2.44948974,
        -2.04161178]]), array([[-0.68088921,  1.41421356],
       [ 0.46766141,  1.07649483],
       [-1.41421356,  0.77997119],
       [-0.723416  , -1.41421356],
       [ 1.41421356, -1.11997731],
       [-1.41421356, -1.41421356]])], [array([-2.44948974, -2.11902119, -2.44948974,  0.99008613,  2.44948974,
        2.22201044]), array([-0.01983813, -0.9637038 ])]]]
[2710027, 13, 'birth', 21, 9, 1, [[array([[-2.44948974e+00, -1.03459196e+00,  2.44948974e+00,
         2.44948974e+00, -1.14195692e-01,  2.23021430e+00],
       [-1.84210224e+00, -9.15087467e-01, -9.85017361e-01,
         1.33067650e+00, -2.44948974e+00, -5.88060415e-01],
       [ 3.69785840e-01, -8.26260994e-01,  6.45855867e-01,
        -2.44948974e+00,  9.69540904e-01,  2.00756410e+00],
       [ 1.30319730e+00,  2.44948974e+00, -2.44948974e+00,
         1.56350783e+00,  1.87715695e+00, -1.91678136e+00],
       [ 2.44543280e+00, -2.50339581e-02, -6.56827806e-01,
         1.65995869e-03, -1.43229171e+00,  1.72638019e-01],
       [ 1.98251358e+00, -2.44948974e+00, -2.25597970e+00,
        -8.30153636e-01, -1.73263418e+00,  9.37438013e-01]]), array([[-0.73251883, -0.6511814 ],
       [ 1.41421356,  0.71094757],
       [-0.59324077, -1.41421356],
       [-0.1732606 ,  1.41421356],
       [-1.41421356,  0.17261192],
       [ 1.30433053, -1.41421356]])], [array([ 1.65594673,  0.30068637, -0.22104247, -0.2352273 ,  0.79976115,
        1.67765551]), array([-1.41421356,  1.41421356])]]]
[3215232, 16, 'death']
[3215382, 19, 'death']
[3215532, 20, 'death']
[3215682, 22, 'death']
[3215832, 0, 'death']
[3215982, 5, 'death']
[3216132, 9, 'death']
[3216282, 12, 'death']
[3216432, 7, 'death']
[3216582, 4, 'death']
[3216732, 11, 'death']
[3217532, 19, 'birth', 21, 7, 1, [[array([[-2.44948974, -1.03459196,  2.19155097,  1.90092106, -0.11419569,
         1.4968499 ],
       [-0.11463179,  1.38350558, -2.44948974,  1.21158719, -2.44948974,
        -1.51548762],
       [-2.44948974, -2.44948974,  1.47891022, -2.27110266, -0.86098311,
         2.01097095],
       [ 0.79074466, -0.55065908,  0.93613878,  0.16432119, -2.37191602,
         0.73209572],
       [-1.65889909,  1.57418876,  2.44948974,  0.62086653,  0.68642144,
        -2.37809201],
       [-0.27850374,  2.44948974,  2.44948974,  2.44948974, -2.44948974,
        -1.28203695]]), array([[-1.33257077,  0.15352684],
       [ 0.04142403,  1.41421356],
       [ 1.41421356, -0.79271332],
       [ 0.27730695,  0.77553186],
       [-0.88080583, -1.20672438],
       [ 0.2510233 , -0.81974324]])], [array([ 1.22670243e+00,  1.47107313e-03,  1.10457398e-01, -1.94679952e-01,
        2.52031960e-01, -2.44948974e+00]), array([ 0.95137942, -0.06685091])]]]
[3217532, 4, 'birth', 20, 18, 1, [[array([[-1.38623375,  0.3119417 , -1.49393109,  1.90092106, -0.11419569,
         1.4968499 ],
       [ 1.4828402 , -0.91508747, -1.02533107,  2.22312366,  0.04052724,
         2.44948974],
       [-2.44948974, -1.94931479, -0.40795802,  1.32491748, -2.44948974,
        -2.44948974],
       [ 1.75749776,  1.81470309, -2.44948974, -2.00334677,  1.07935678,
        -2.44948974],
       [-0.34257378,  2.44948974,  0.64411257,  2.44948974,  2.03862357,
        -1.3298373 ],
       [-0.82238461, -0.16158578, -2.24256957,  2.44948974, -2.44948974,
         2.44948974]]), array([[ 1.23600883,  0.25155985],
       [-0.90374309,  1.16120466],
       [ 1.41421356, -0.98484284],
       [ 1.41421356,  1.34071746],
       [ 1.23186747,  1.41421356],
       [ 0.7486832 , -0.81974324]])], [array([ 1.22670243,  0.00147107,  0.1104574 , -0.19467995,  0.25203196,
        0.75943226]), array([ 1.41421356, -0.06685091])]]]
[3217532, 16, 'birth', 22, 13, 1, [[array([[-2.44948974, -2.17364293,  2.34338189,  1.90092106, -0.11419569,
        -0.55756907],
       [-1.84210224, -1.67419996, -1.02533107,  2.44948974,  0.85575166,
        -0.35143035],
       [-1.50223717,  2.44948974, -1.51333849, -0.8255864 , -1.72329624,
        -0.60762737],
       [-0.27314595, -1.537487  , -1.95132864, -1.7420474 ,  0.56701802,
         0.27036366],
       [-1.72107781,  2.44948974, -0.49035771,  2.07162574,  1.00324944,
        -0.07913988],
       [-1.77768891,  0.15412767, -0.07619334, -1.1110781 ,  0.18405317,
         2.44948974]]), array([[ 0.63886137,  0.11130437],
       [-1.41421356,  0.30591591],
       [ 0.95472983, -1.00999596],
       [-0.15899929, -1.41421356],
       [ 1.31613547,  1.41421356],
       [-0.81187435, -0.98365009]])], [array([ 1.65594673,  0.30068637, -0.22104247, -0.2352273 ,  0.79976115,
        1.67765551]), array([-1.41421356,  1.41421356])]]]
[3217532, 20, 'birth', 11, 18, 1, [[array([[-2.44948974,  2.44948974,  2.30036798,  1.90092106, -0.11419569,
         1.4968499 ],
       [-1.84210224, -2.44948974, -1.02533107,  2.22312366,  0.85575166,
        -1.51548762],
       [ 0.99784634, -2.44948974,  1.47891022, -2.44948974, -0.90613095,
         2.44948974],
       [-2.44948974,  0.86126805,  0.93613878, -2.44948974, -2.37191602,
         0.73209572],
       [-1.65889909,  1.99139288,  2.44948974,  1.8466566 ,  0.68642144,
        -2.37809201],
       [-0.27850374,  2.44948974, -0.53719141, -2.44948974, -2.44948974,
        -1.37352175]]), array([[-1.33257077,  0.15352684],
       [ 1.41421356,  0.84930761],
       [ 0.28626341, -0.46345687],
       [ 0.27730695,  0.77553186],
       [-0.88080583, -1.20672438],
       [-1.41421356, -0.81974324]])], [array([-2.33808169e+00,  1.47107313e-03,  1.10457398e-01, -1.94679952e-01,
        2.52031960e-01,  7.59432258e-01]), array([-0.87181103, -0.06685091])]]]
[3217532, 22, 'birth', 24, 7, 1, [[array([[-2.44948974,  2.44948974,  2.30036798,  1.90092106, -0.11419569,
         1.4968499 ],
       [-1.84210224, -2.44948974, -1.02533107,  2.44948974,  0.85575166,
        -2.00948219],
       [-1.76046774,  2.44948974, -1.51333849, -0.8255864 , -1.72329624,
         1.98630511],
       [ 0.79310552, -1.537487  ,  0.28869148, -2.44948974,  2.44948974,
         0.27036366],
       [ 0.42221425,  2.44948974,  0.74999162, -2.44948974,  2.44948974,
        -0.07913988],
       [-0.52478699,  0.69931701, -1.35328551, -0.73283614,  2.36588372,
        -1.6921134 ]]), array([[ 1.41421356,  1.2081342 ],
       [ 1.1678696 ,  1.41421356],
       [ 0.42750143, -0.79271332],
       [ 0.27730695,  0.77553186],
       [-0.88080583, -1.20672438],
       [-1.41421356, -0.81974324]])], [array([-0.42760522,  1.04582762,  0.1104574 , -0.19467995,  0.25203196,
        0.75943226]), array([-1.16151363, -0.06685091])]]]
[3217532, 9, 'birth', 8, 9, 1, [[array([[ 2.44948974, -2.17364293, -1.49393109,  1.90092106, -2.44948974,
         1.4968499 ],
       [ 1.07896285, -0.56670478,  1.9398634 ,  1.3306765 , -2.44948974,
        -0.58806042],
       [ 0.36978584, -0.82626099,  0.64585587, -2.44948974,  0.01674142,
         2.0075641 ],
       [ 1.3031973 ,  2.44948974, -1.90890401,  1.56350783,  1.87715695,
        -1.91678136],
       [ 2.4454328 , -0.02503396, -0.65682781,  1.5718232 , -1.43229171,
         0.17263802],
       [-0.50267378, -2.44948974, -2.2559797 , -0.44630485, -1.86192453,
         1.64408102]]), array([[-0.73251883,  1.09291975],
       [ 1.41421356,  0.95518216],
       [-0.48633575, -1.41421356],
       [ 0.45389647,  1.41421356],
       [-1.41421356,  0.17261192],
       [ 1.30433053,  0.49851102]])], [array([ 2.28336296,  0.30068637, -0.22104247,  1.49753463,  0.13300492,
        1.67765551]), array([-1.41421356,  1.40097563])]]]
[3217532, 5, 'birth', 15, 13, 0, [[array([[-2.44948974, -1.03459196,  2.44948974,  1.90092106,  2.44948974,
         1.4968499 ],
       [-2.44948974, -2.44948974, -2.44948974,  2.44948974,  0.0258845 ,
        -0.35143035],
       [-1.50223717,  2.44948974, -1.51333849, -1.99897789,  2.44948974,
         0.41355994],
       [-0.8385845 ,  2.23053454,  2.44948974,  2.00050964, -2.44948974,
         2.3334404 ],
       [-2.44948974,  2.44948974, -2.44948974,  1.23920638,  0.20518347,
         1.39450728],
       [-0.99418709, -0.16788064, -0.1148577 , -1.31004167, -2.44948974,
         2.44948974]]), array([[-1.41421356,  1.41421356],
       [ 1.41421356,  1.24320586],
       [-1.41421356, -1.41421356],
       [ 0.45389647,  1.41421356],
       [-1.41421356,  0.17261192],
       [-0.47930845, -1.41421356]])], [array([ 1.65594673,  0.30068637, -0.22104247,  2.34202018,  0.79976115,
        1.67765551]), array([-1.41421356,  1.41421356])]]]
[3217532, 12, 'birth', 22, 3, 1, [[array([[-2.44948974, -2.17364293,  2.30036798,  1.90092106, -0.11419569,
         1.4968499 ],
       [ 2.18159654,  0.91931465, -1.02533107,  2.22312366,  0.85575166,
        -0.35143035],
       [-1.50223717,  2.07191694,  0.99999646, -0.8255864 , -1.72329624,
         2.44948974],
       [-0.27314595, -1.537487  , -1.95132864, -1.7420474 ,  0.56701802,
        -0.82410251],
       [-1.72107781,  2.44948974, -0.49035771, -0.91424616, -0.24458669,
        -0.96957423],
       [-0.50267378, -2.44948974, -2.44948974, -2.43936859, -2.44948974,
         0.93743801]]), array([[-0.34477463, -0.6511814 ],
       [ 1.41421356,  0.95518216],
       [-0.48633575, -1.41421356],
       [ 0.45389647,  1.41421356],
       [-1.41421356, -1.41421356],
       [ 1.30433053,  1.41421356]])], [array([ 1.65594673,  0.30068637, -0.22104247,  1.49753463,  0.13300492,
       -0.35016315]), array([-1.41421356,  1.41421356])]]]
[3227632, 0, 'birth', 15, 22, 1, [[array([[-2.44948974, -1.03459196,  2.44948974,  0.24376339,  2.43049538,
         1.4968499 ],
       [-1.84210224, -2.44948974,  0.02650861, -1.15919377,  0.0258845 ,
        -0.35143035],
       [-1.50223717, -0.18992879, -1.51333849, -0.16524657,  1.32600191,
         2.37370032],
       [-0.8385845 , -1.78452169,  2.44948974,  2.00050964, -2.44948974,
         2.3334404 ],
       [-2.44948974,  2.44948974, -2.44948974,  1.23920638,  2.44948974,
        -0.07913988],
       [-0.52478699,  0.69931701, -1.35328551, -0.73283614,  2.36588372,
        -1.6921134 ]]), array([[ 1.41421356,  1.38226081],
       [ 1.1678696 ,  1.41421356],
       [ 0.42750143, -0.79271332],
       [ 0.27730695,  0.77553186],
       [-0.88080583, -1.20672438],
       [-0.91236835, -0.81974324]])], [array([-0.42760522,  2.44948974,  0.1104574 , -0.19467995,  0.25203196,
        0.75943226]), array([-1.16151363, -0.06685091])]]]
[3227632, 11, 'birth', 1, 19, 0, [[array([[-0.32239027, -2.17364293, -1.49393109,  1.90092106, -2.44948974,
         1.75714847],
       [ 1.04128431,  0.51479756, -1.04237693,  0.41911442,  0.04052724,
         2.09004825],
       [-2.44948974, -1.94931479,  1.49393156,  1.32491748, -0.86098311,
         2.01097095],
       [ 0.79074466, -0.55065908,  0.93613878,  0.16432119, -2.37191602,
         1.46922594],
       [-1.65889909,  1.08729332,  2.44948974,  0.62086653, -1.50344377,
        -2.37809201],
       [-0.27850374,  2.44948974,  2.44948974,  2.44948974,  0.42552011,
        -1.28203695]]), array([[-1.33257077,  0.15352684],
       [ 0.04142403,  1.41421356],
       [ 1.41421356, -1.41421356],
       [ 0.27730695,  0.77553186],
       [-1.41421356, -1.41421356],
       [ 0.2510233 , -0.97007158]])], [array([ 1.22670243e+00,  1.47107313e-03,  1.10457398e-01, -1.94679952e-01,
        2.52031960e-01, -1.67801623e+00]), array([ 0.95137942, -1.41421356])]]]
[3227632, 7, 'birth', 1, 12, 0, [[array([[-0.32239027, -2.17364293, -1.49393109,  1.90092106, -2.44948974,
         1.4968499 ],
       [ 0.48653271,  0.51479756,  1.8963937 ,  2.22312366,  0.04052724,
         2.09004825],
       [-2.44948974, -1.94931479,  1.49393156,  1.32491748, -2.44948974,
         0.58449394],
       [ 2.08332789,  1.81470309, -1.76439998, -2.11576661,  1.07935678,
         1.54063823],
       [-0.34257378,  1.00874653,  2.44948974,  2.44948974,  2.03862357,
        -1.3298373 ],
       [-0.82238461, -0.16158578, -2.24256957,  2.44948974,  2.44948974,
        -2.04161178]]), array([[ 1.05798471,  1.41421356],
       [ 1.06222179,  0.95518216],
       [-0.48633575, -1.41421356],
       [ 0.45389647,  1.41421356],
       [-0.22826539, -1.41421356],
       [ 1.30433053,  1.41421356]])], [array([ 1.65594673,  0.30068637, -0.22104247,  1.49753463, -0.14063863,
       -0.35016315]), array([-1.41421356,  1.41421356])]]]
[3248082, 17, 'death']
[3248232, 18, 'death']
[3248382, 23, 'death']
[3249582, 18, 'birth', 11, 4, 0, [[array([[-0.32239027, -2.17364293, -1.72945798,  0.95238314, -2.44948974,
         1.75714847],
       [ 1.04128431,  0.51479756, -1.04237693,  0.41911442,  0.04052724,
         2.09004825],
       [-2.44948974, -1.94931479,  2.13626046,  1.32491748, -0.86098311,
         2.01097095],
       [ 0.79074466, -0.55065908,  1.48430662, -0.39937138, -2.37191602,
         1.46922594],
       [-2.44948974,  1.08729332, -0.73650284,  0.62086653, -1.50344377,
        -2.37809201],
       [-0.27850374,  2.44948974,  2.44948974,  2.44948974,  0.42552011,
        -1.28203695]]), array([[-1.41421356,  0.15352684],
       [ 0.04142403,  1.41421356],
       [ 1.41421356, -0.83415058],
       [ 0.27730695,  0.77553186],
       [-1.41421356, -1.41421356],
       [ 1.41421356, -1.41421356]])], [array([ 1.22670243,  1.12500299,  0.1104574 , -0.19467995,  0.25203196,
        0.75943226]), array([1.41421356, 0.28680822])]]]
[3298783, 2, 'death']
[3387784, 3, 'death']
[3479885, 6, 'death']
[3532985, 23, 'birth', 8, 13, 0, [[array([[-1.38623375, -1.55204556, -1.49393109,  1.90092106, -2.44948974,
         1.4968499 ],
       [ 1.4839214 , -2.14937449, -1.04237693, -2.44948974, -1.46471613,
        -0.78465042],
       [-0.03293223, -0.99098101, -0.46884803, -1.79968845, -0.79120253,
        -2.44948974],
       [-2.03781326, -0.12663994,  0.21759222,  2.06100732,  2.44948974,
        -2.44948974],
       [-2.44948974,  1.99399245, -2.30843191,  2.37549069,  2.44948974,
         2.44948974],
       [-0.08084347,  0.34494676,  0.0413516 , -1.88286483,  2.36588372,
        -2.04161178]]), array([[-1.41421356,  1.41421356],
       [ 1.41421356,  0.71094757],
       [-0.59324077, -1.41421356],
       [-0.1732606 ,  1.41421356],
       [-1.41421356,  0.17261192],
       [ 1.30433053, -0.31965996]])], [array([ 1.65594673,  0.30068637, -0.22104247,  2.43645539,  0.79976115,
        1.67765551]), array([-1.41421356,  1.41421356])]]]
[3578235, 15, 'death']
[3604136, 10, 'death']
[3631086, 2, 'birth', 7, 20, 0, [[array([[-0.32239027, -2.17364293, -1.49393109, -1.82336129, -2.44948974,
         1.4968499 ],
       [ 0.48653271,  0.51479756,  1.8963937 ,  2.22312366,  0.04052724,
         2.09004825],
       [-2.44948974, -2.44948974, -0.44522068, -2.44948974, -0.90613095,
         2.44948974],
       [-1.23115002,  0.86126805,  2.14829923, -2.44948974, -2.37191602,
         0.73209572],
       [-2.339149  ,  1.99139288,  2.44948974,  2.44948974,  0.68642144,
        -2.37809201],
       [-2.44948974,  2.44948974, -2.17122308, -2.44948974, -2.44948974,
        -2.44948974]]), array([[-1.33257077, -0.9844849 ],
       [ 0.45838026,  0.84930761],
       [ 0.93109509, -0.46345687],
       [ 0.27730695,  0.77553186],
       [-0.88080583, -1.20672438],
       [-1.41421356, -0.81974324]])], [array([-2.33808169, -0.55267216,  0.1104574 , -2.44948974,  0.25203196,
        0.75943226]), array([ 0.08709839, -0.06685091])]]]
[3675887, 8, 'death']
[3684387, 24, 'death']
[3692737, 14, 'death']
[3708437, 21, 'death']
[3715987, 1, 'death']
[3716137, 13, 'death']
[3729687, 13, 'birth', 18, 20, 0, [[array([[-2.44948974,  2.44948974,  2.30036798,  1.90092106, -0.11419569,
         1.4968499 ],
       [-2.44948974, -2.44948974,  2.44948974,  2.22312366,  0.85575166,
         2.44948974],
       [ 0.99784634, -2.44948974, -1.45306345, -2.44948974, -0.90613095,
         2.44948974],
       [-2.44948974,  0.86126805,  0.93613878, -2.44948974, -2.37191602,
        -0.61118531],
       [-1.65889909,  1.99139288,  2.44948974,  1.8466566 ,  0.68642144,
        -2.37809201],
       [-0.27850374,  2.44948974, -0.53719141, -2.44948974, -2.44948974,
        -1.37352175]]), array([[-1.33257077,  1.41421356],
       [ 1.29299521,  0.84930761],
       [ 0.28626341, -0.46345687],
       [ 0.27730695,  0.77553186],
       [-0.88080583, -1.20672438],
       [-1.41421356, -0.81974324]])], [array([-2.44948974e+00,  1.47107313e-03,  2.44948974e+00, -1.94679952e-01,
        2.52031960e-01, -2.93485619e-01]), array([-0.87181103, -0.06685091])]]]
[3874838, 6, 'birth', 13, 12, 1, [[array([[-2.44948974, -2.17364293,  2.30036798,  1.90092106, -0.11419569,
         1.4968499 ],
       [ 2.18159654, -2.44948974, -2.44948974,  2.22312366,  0.85575166,
        -0.35143035],
       [-1.50223717,  2.44948974,  0.99999646, -0.8255864 , -2.44948974,
         2.44948974],
       [-0.27314595, -1.537487  , -1.95132864, -1.7420474 ,  0.56701802,
        -2.44948974],
       [-1.77387775,  2.44948974, -0.49035771, -0.91424616, -0.03861999,
        -0.96957423],
       [-0.50267378, -2.44948974, -2.44948974, -2.43936859, -2.44948974,
         0.93743801]]), array([[-0.34477463, -0.6511814 ],
       [ 1.41421356,  0.95518216],
       [-0.48633575, -1.41421356],
       [ 0.45389647,  1.41421356],
       [-1.41421356, -1.41421356],
       [ 1.30433053,  1.41421356]])], [array([ 1.65594673,  0.30068637, -0.22104247,  1.62371835,  0.13300492,
       -0.35016315]), array([-1.41421356,  1.41421356])]]]
[4028490, 19, 'death']
[4028640, 4, 'death']
[4028790, 16, 'death']
[4028940, 20, 'death']
[4029090, 22, 'death']
[4029240, 9, 'death']
[4029390, 5, 'death']
[4029540, 12, 'death']
[4033340, 0, 'death']
[4033490, 11, 'death']
[4033640, 7, 'death']
[4038390, 18, 'death']
[4095691, 23, 'death']
[4112141, 2, 'death']
[4124491, 13, 'death']
[4124691, 6, 'death']
[4124691, 'Extinction!']
