[time, indiv, parent1, parent2, gender, brain]
[200, 3, -1, -1, 0, [[array([[ 2.03586143,  0.49346035, -0.09153848,  2.37063541,  1.41833088,
        -1.78317644],
       [ 2.00572295,  0.02279918,  2.19273857, -1.40174522, -1.62733275,
        -0.18721975],
       [-0.62611366, -2.09776679, -1.34429658, -0.28276759,  2.32502152,
        -1.08782543],
       [-1.06963828,  1.62873237, -0.27467932, -0.38403527,  2.39554655,
         1.09157902],
       [ 1.33829177, -0.35587205,  1.32324856,  0.13744297, -2.17134128,
        -2.00296488],
       [-0.77721778,  0.42369479,  0.36501877, -0.66088698,  0.64189428,
         2.0452092 ]]), array([[ 0.75101375,  2.05831124],
       [ 0.47457686,  1.03631198],
       [ 0.94649345,  1.6702654 ],
       [ 2.14579523, -0.42836228],
       [ 0.63412802, -0.54561164],
       [ 1.24093853, -0.01214106]])], [array([-1.58933127,  2.31124735, -1.51806657, -2.06427974,  2.07375762,
       -1.53187661]), array([ 2.39505535, -1.99172621])]]]
[200, 8, -1, -1, 1, [[array([[-0.90908997, -0.18099308, -2.17049949, -0.94000781,  2.35247852,
         1.00271398],
       [ 2.03714184, -0.19378165,  1.28127092, -1.50305637,  0.08629559,
         0.03651721],
       [ 1.21807049, -1.19979591,  0.47467901, -1.66203928,  0.48743855,
         0.86129353],
       [-1.21233621,  0.88585394,  0.74481085,  0.81140887,  0.72936519,
         0.19797799],
       [ 0.02979308,  1.86429764, -0.6293232 , -1.64475317, -0.77066079,
         0.72297116],
       [ 0.79706036, -1.28608319,  0.39538136, -0.12338508,  1.31048167,
         1.55496854]]), array([[-0.11848897, -1.16605164],
       [-1.47801343, -1.8800694 ],
       [ 1.8398055 ,  2.14609666],
       [-1.14958773,  2.10312022],
       [-0.07376784, -1.68189723],
       [-1.68369995, -2.05738759]])], [array([ 0.40108684,  1.10933423, -0.618983  ,  0.39197845, -1.961486  ,
        2.22998688]), array([0.56674542, 0.39421025])]]]
[200, 10, -1, -1, 0, [[array([[ 1.3331243 , -1.1376355 , -0.93839675,  1.98657041,  0.22876444,
        -2.03048104],
       [ 2.12169529,  1.65660312,  1.15761457,  1.55083126, -0.84553909,
         0.89274054],
       [ 0.36489046,  0.95451683, -0.27086305,  0.73307389,  1.14226049,
         1.21009794],
       [ 0.1036071 ,  2.44444028,  0.78313291,  0.45979903, -0.63829591,
         0.00803724],
       [-0.80186848,  2.36903581, -0.20657876,  0.23054446,  1.76681217,
        -0.47180298],
       [-1.39388682, -0.19608065, -0.29911205, -2.17379771,  1.97771677,
         0.52396185]]), array([[-1.22849591,  0.04625538],
       [-1.59139164, -1.46064518],
       [-1.82944876, -1.73838476],
       [ 0.60729748,  1.65010759],
       [ 0.56766082,  0.43238982],
       [-0.48283902, -1.60656407]])], [array([-1.07566263,  2.43288813,  2.00376347,  1.42560986,  0.25786146,
        0.95796589]), array([ 1.95926763, -0.75739411])]]]
[200, 13, -1, -1, 1, [[array([[-2.00264615, -2.1007049 ,  0.6754708 ,  0.17682933, -0.56667341,
        -1.55496464],
       [ 0.97785638,  2.36486279, -0.55335211, -2.11947855,  1.87112479,
         0.44123538],
       [ 1.08395855, -1.32349597,  0.06540018, -0.34983293, -0.34044976,
        -2.25810139],
       [ 0.87042206, -0.11498792, -0.1354805 ,  0.92946325, -0.39852159,
        -1.9945159 ],
       [-0.12525631,  1.26070192, -0.84783312, -0.48164634, -0.54536576,
         1.22258571],
       [-0.78110566,  2.12442076,  0.08821224,  0.034809  , -1.85888598,
         0.82653683]]), array([[-1.27776153,  1.30802507],
       [ 0.24733709, -2.01083718],
       [-1.65956433,  0.83362753],
       [-0.71079876, -1.67127753],
       [-0.70140485,  0.67260742],
       [ 1.13935054,  1.80343633]])], [array([-0.19106068, -1.82943761,  1.30940037,  0.05799049,  1.67780031,
        1.00174671]), array([1.96654395, 0.77886102])]]]
[200, 17, -1, -1, 0, [[array([[-0.60231484, -0.36899889,  0.44056703,  2.28289263, -0.13991666,
         1.61579005],
       [-0.13604536, -1.43828807,  0.93707854, -1.41272434, -1.26148632,
         1.70140025],
       [-0.38289563, -2.35569395,  1.36272833,  0.19380982,  0.23331542,
        -2.02465576],
       [ 1.79379213,  2.05704284,  1.43427621, -0.54366396,  2.29574877,
        -2.09301287],
       [-0.62574978,  1.19338434,  1.89525801, -2.14408461,  0.92384893,
        -0.52333006],
       [-0.86124724,  0.91713265,  1.5623489 , -2.18187619, -0.88609467,
         2.01832383]]), array([[ 1.38114809,  2.25031485],
       [-0.58535912, -0.11613752],
       [-1.95184637, -1.07676588],
       [-1.70889238,  1.58676976],
       [-0.88032532,  1.94258929],
       [ 0.18576474, -0.40103115]])], [array([ 1.63569571,  0.01295385, -1.37990064, -2.01256255,  0.80726903,
       -0.15622502]), array([1.83007012, 0.82854227])]]]
[200, 6, -1, -1, 1, [[array([[ 0.01693692, -0.50201679,  0.43529722,  0.92097753, -0.02679371,
         0.55427261],
       [ 2.29150769, -0.74508391,  2.09939225, -1.8190521 ,  1.21612775,
        -1.75513698],
       [ 0.57427846, -0.53053088,  1.62344842, -1.48165497, -0.52975484,
         0.33016681],
       [ 2.02576113, -1.56093247, -2.30043101, -0.42386044, -1.85110766,
         1.72546581],
       [-0.41890836,  0.35270021, -1.50178556, -0.69833131,  1.13701794,
        -0.02231269],
       [ 1.34878037,  2.28603186, -0.61220992, -1.3914481 ,  0.21850815,
         1.59207826]]), array([[ 0.31964044,  0.55684135],
       [ 1.42660925, -2.20047874],
       [ 0.92824649,  1.36688153],
       [ 0.0583074 ,  1.68131852],
       [-2.32391812, -1.02576898],
       [-1.89372471,  1.96790765]])], [array([-1.08122613,  0.4506569 ,  0.15656537,  2.22968913,  1.76500777,
       -0.63005731]), array([1.78363802, 2.1929092 ])]]]
[200, 12, -1, -1, 0, [[array([[-0.41801367,  1.60668321, -1.49555533, -0.7519216 ,  2.24895384,
        -2.44830055],
       [ 1.44230198, -0.06062583,  2.12057029,  0.32056945,  0.68467192,
         0.70862539],
       [-1.5595914 , -1.11537895, -0.43441477, -0.92499513,  2.42817534,
        -2.13678822],
       [-0.22990409, -2.09003709,  1.12924303,  1.37050886,  2.27310199,
        -0.43318128],
       [ 1.30007876, -2.04185668, -2.20361564,  1.49750689, -1.95210385,
        -0.91156929],
       [ 2.39842993,  0.46933456,  0.08252375,  0.62738703, -1.06305372,
        -0.97139603]]), array([[ 1.52367091,  1.52389082],
       [-0.34233634, -0.26270671],
       [ 0.20418813, -0.4213196 ],
       [-0.99833628, -1.9314483 ],
       [ 0.33322817,  2.01561583],
       [-0.23092091,  1.32437359]])], [array([ 0.58643994, -2.43188512, -2.10221551, -0.51217066,  2.41882697,
        2.00297621]), array([-1.35047616, -2.41770103])]]]
[200, 7, -1, -1, 1, [[array([[ 1.42423184,  2.35630166, -1.17666736,  1.23623844,  0.17891137,
        -1.0136747 ],
       [ 1.61581129, -1.76738945,  2.33226889, -1.89178591,  0.98772055,
         2.30875656],
       [-1.7139425 , -1.95695617,  1.82299667, -0.7610264 ,  1.38620279,
         0.28181419],
       [ 0.55131564,  2.01769982,  1.36677534, -1.93583804, -0.07399636,
         0.00347627],
       [ 0.67715089,  0.82493618,  0.75042829, -1.00970157, -1.1935622 ,
         0.62504971],
       [-2.40916438,  1.21293769,  1.10681553,  0.71971496, -0.35972269,
         1.15498192]]), array([[-1.14337495,  0.19027679],
       [ 1.70611126,  1.28348585],
       [-0.50794621, -0.4286072 ],
       [-2.40952745,  1.28241224],
       [ 0.27197012,  1.06032921],
       [ 1.45281387,  0.90068759]])], [array([-0.91304424, -1.04766344, -1.98928087,  0.581009  ,  1.21774016,
        0.61203472]), array([1.15137449, 2.34699979])]]]
[200, 23, -1, -1, 0, [[array([[ 1.99233448,  2.44827595, -2.12857202,  0.35100044,  2.20424682,
         0.60353445],
       [ 0.03073358,  0.42523235,  2.25611532,  2.35130552,  1.83272822,
         2.44622453],
       [-0.0425446 , -0.76718582, -0.3539093 , -0.24859532,  1.89881885,
         2.34348313],
       [-1.46988684,  2.14749358, -1.55146716, -1.65165909, -1.0727904 ,
        -2.33966049],
       [ 1.78715542, -0.40406493, -0.82614839, -2.39903708,  2.16081854,
        -1.77175961],
       [ 1.54718858,  0.15907608, -0.14723115, -2.4402028 , -0.27673845,
        -0.13823593]]), array([[-2.18481696, -1.1802808 ],
       [-1.05823483, -0.57856531],
       [-1.76909963, -2.03906837],
       [ 0.50414992, -1.76890978],
       [-1.12680113, -1.91905908],
       [ 0.2075534 , -0.43074765]])], [array([ 1.84085276,  1.19211719, -1.65544929, -1.05346251,  2.17600816,
        2.10110566]), array([-1.65748241,  0.59601672])]]]
[200, 14, -1, -1, 1, [[array([[-1.36303022,  1.70614588, -1.65651101,  0.49129983,  1.05467368,
         1.58087221],
       [-2.03458457,  1.40494004,  0.93667912,  0.78088682, -0.19716331,
         1.49637257],
       [ 2.1555298 ,  0.59095009, -2.14845496, -0.42327878,  0.25170449,
         1.70744875],
       [ 0.59510557,  1.71726819,  1.161133  ,  1.42765261, -0.77185642,
         1.11756291],
       [-1.99353488, -0.06721344,  2.19924829,  1.9793164 , -0.83501089,
         2.33714771],
       [-0.38718739,  1.5846304 , -0.64048607, -1.5688941 , -1.02122883,
        -1.14468662]]), array([[ 0.26572785,  2.17617247],
       [ 1.60742561, -0.90296992],
       [ 1.38966087,  1.34078948],
       [ 0.62904256,  2.01429052],
       [ 0.11202518,  0.12727399],
       [ 1.20922337, -0.89587977]])], [array([ 0.06616986,  1.37247149, -0.65409077, -0.64986462,  1.00775371,
       -2.34029236]), array([-1.84314331,  0.67448537])]]]
[200, 0, -1, -1, 0, [[array([[ 2.15204128, -0.99886569, -1.75603676,  0.76810945,  1.60653287,
         2.37986926],
       [-0.89539562, -1.1086952 , -1.43583943, -1.86084388, -0.54720578,
        -0.78347967],
       [-0.85581375, -2.16524181,  1.89904749, -1.47222357, -1.00019701,
         2.25768288],
       [-1.01231044,  2.03079493, -2.31666275, -2.3996903 , -2.12155483,
        -0.43486919],
       [-1.22423065,  0.64327437, -0.29385055,  2.1673141 , -0.35813723,
         0.3683919 ],
       [-1.08723821, -1.23511336, -0.584798  ,  0.95916563, -2.32570423,
        -0.93053473]]), array([[-2.4465521 ,  0.36549104],
       [ 1.32111931,  0.58148614],
       [ 1.48230209,  0.87975222],
       [ 2.29288199,  2.19140491],
       [ 2.07660235, -0.7264073 ],
       [ 0.72101848, -0.23684873]])], [array([ 1.08592632,  2.41861201,  2.05940117,  2.21238987, -0.69560467,
        1.23791894]), array([2.07312618, 0.56548734])]]]
[200, 11, -1, -1, 1, [[array([[-3.66897936e-01,  1.40817104e+00, -2.30851062e+00,
         2.10843039e+00,  4.06041092e-01, -1.76883772e+00],
       [-1.76979580e+00, -1.30410244e-01, -3.60361266e-01,
        -5.86167374e-01,  1.91824129e+00, -1.84695032e+00],
       [ 8.29483833e-01, -4.57752680e-01,  5.41636198e-01,
        -1.68446414e-01,  1.02309838e+00,  6.43997881e-01],
       [ 1.46874213e+00, -2.22241399e-03, -1.96250780e+00,
         1.52800154e+00, -2.00418221e+00,  1.95092408e+00],
       [ 1.58836750e+00, -1.59727652e+00, -1.19597330e+00,
        -2.29346784e+00,  1.32040567e+00,  2.28279266e+00],
       [ 9.86955086e-01,  1.10427492e-01, -1.09123713e+00,
         1.19581217e-01,  7.71332864e-01,  1.42548155e+00]]), array([[-0.02755847, -2.04270672],
       [-0.36382099,  0.32563783],
       [-0.07988077, -0.23377456],
       [-0.36445251, -1.32627664],
       [-0.39201174, -0.9902128 ],
       [ 2.19734754,  0.66872834]])], [array([ 0.44525922,  1.07588837,  0.33637171,  0.30855173, -0.13945806,
        1.40431465]), array([2.2618108 , 0.65564656])]]]
[200, 4, -1, -1, 0, [[array([[ 0.35339818,  1.75049273, -1.05936554, -0.2235916 ,  2.1256457 ,
        -1.42858019],
       [ 2.10784839,  0.22696543,  1.57714502,  2.12193569,  1.30989006,
         1.70801185],
       [ 1.03257149,  1.23939512,  0.22281434,  2.05019214, -2.0917238 ,
         2.33988145],
       [-1.20469182, -1.90262587,  1.18059092, -2.20444302,  1.23293528,
        -0.67636437],
       [-1.75910795, -1.29340998,  0.09850736,  0.88191723, -0.00342946,
         0.25749299],
       [-1.29495733, -0.41417824,  0.8191273 ,  1.9292797 ,  1.29333637,
         1.58571735]]), array([[ 1.55271955,  1.60634928],
       [ 0.98609407,  0.63941759],
       [ 0.6781273 ,  0.49644422],
       [-0.91585079, -1.90409128],
       [-0.05721174,  1.50711989],
       [ 1.31043543,  0.26484013]])], [array([-2.09108559,  0.25104537, -1.47662721, -2.11692631,  0.16894104,
       -0.75295424]), array([-1.73849737,  0.16796711])]]]
[200, 16, -1, -1, 1, [[array([[-1.62537642,  0.15885217,  0.60116854,  1.76873115,  1.79639742,
        -0.75153008],
       [-1.56152229,  1.41897967, -1.8441313 ,  1.48211211, -1.55335716,
        -0.77577802],
       [-0.46171022, -2.36787084, -0.66991062, -0.09943593,  0.67339869,
         0.96173048],
       [-0.69480739,  0.91978709,  1.02321813, -1.74690637,  0.3840439 ,
         1.45832637],
       [-1.35756012, -1.53020069,  0.68906355, -0.583042  , -0.45052179,
         0.8987255 ],
       [ 0.87938512,  0.21394933, -0.23865395,  2.12396974, -2.19595612,
        -1.1205629 ]]), array([[-2.10688645,  0.87220676],
       [-2.10835132, -0.41145124],
       [ 0.39411292, -1.55350425],
       [-2.00758319,  1.47154259],
       [-1.61159042, -0.23352954],
       [-2.35378106, -0.98194577]])], [array([-2.296503  , -2.08290513, -2.3532086 , -0.63766109, -0.12621173,
        1.7158972 ]), array([-1.04112381, -1.13522123])]]]
[200, 1, -1, -1, 0, [[array([[ 0.95469191,  2.25927227,  0.67893134,  0.42964902,  1.8573608 ,
         0.36660851],
       [-2.43619466,  0.9370172 , -0.94283516,  0.34273111, -0.19914027,
        -0.42397222],
       [ 0.67798054, -0.91707954, -0.52161096, -1.30292282, -0.62233946,
         0.4823987 ],
       [-0.08345035,  1.21150703, -1.74064668,  0.05743223, -0.33376484,
        -0.89651902],
       [-1.97734218,  2.38567054, -1.15903879,  1.13196906,  0.95309452,
        -1.07944494],
       [-1.86187778, -0.89138163,  0.13696009, -1.98078006,  1.1218911 ,
         0.89911241]]), array([[ 0.01461237,  0.69579481],
       [ 1.89397673,  1.5310608 ],
       [ 0.55533418, -0.38843959],
       [-1.09227775,  0.3153488 ],
       [ 1.98546597, -1.28099934],
       [ 1.74053128, -2.11104233]])], [array([-1.75941425, -0.68500545, -1.43450816, -1.90273147,  1.34690953,
        2.14705942]), array([ 0.18478497, -1.59075014])]]]
[200, 22, -1, -1, 1, [[array([[ 1.60837837, -0.59992416,  0.10677821, -2.24222861, -1.91096489,
        -2.15317162],
       [ 0.69717816,  2.17529367, -0.9670482 ,  1.86358534, -0.37892384,
         0.85587698],
       [ 0.60391835,  0.14707381,  1.02556988, -2.15648589, -2.03105228,
        -2.1406593 ],
       [ 1.53292324, -1.64672756,  0.65123836, -1.26301209, -0.57174698,
        -1.47800084],
       [-0.6967187 ,  0.76678389, -2.24227282,  1.48717175, -1.25922537,
        -1.01812961],
       [-0.82528121,  2.1955284 , -1.58275582,  1.7413495 , -1.92357135,
         0.68441465]]), array([[ 0.06000737, -2.07003476],
       [ 0.92707744, -0.87589254],
       [-1.20730404,  2.33859856],
       [-0.57497009, -1.42471172],
       [-0.40139925, -2.02892314],
       [-1.57333072, -1.38334612]])], [array([-1.35519867, -0.26257929,  0.73411075, -1.05818748, -0.02313808,
        1.24287623]), array([0.20259367, 1.13506915])]]]
[200, 21, -1, -1, 0, [[array([[ 1.36487901,  0.6297567 , -1.45099059, -0.77673874,  1.21095071,
        -1.32504455],
       [-2.38689671,  0.26953159, -0.74459876, -1.13965734,  1.13408428,
        -0.73368265],
       [-2.32063527,  1.05802461,  1.74220199,  1.87416204, -1.54674529,
        -1.83597773],
       [-0.74943566,  0.16093643, -1.84701147,  0.30578156,  0.11635242,
         0.41062359],
       [-0.14298382,  1.62153071, -1.48697593, -1.09575045, -0.63472061,
        -0.76318031],
       [ 0.92176331,  2.28617194, -1.3708149 ,  1.69715264, -1.92087596,
         0.2289355 ]]), array([[-0.5492474 , -1.31742068],
       [-2.33205206, -1.19650227],
       [-0.49935427,  1.35185772],
       [ 0.11763545,  0.05746883],
       [ 0.85301763, -0.56197912],
       [-0.16555673, -1.75546701]])], [array([-2.23843953, -1.6194241 , -2.16806653, -0.73871307,  0.1689581 ,
       -1.62595349]), array([-0.31712584,  2.24393358])]]]
[200, 24, -1, -1, 1, [[array([[-2.15942019, -2.00844491, -2.14920931, -0.57614962, -1.88917072,
         1.08618494],
       [ 1.75225481,  1.59301351, -0.41498918,  2.18443221,  2.3643555 ,
        -1.83417065],
       [ 1.01998172, -1.97613888, -1.87361712,  1.1264426 ,  0.84653302,
        -1.62588459],
       [-1.1526676 , -1.77883519, -1.22512114, -2.38351378,  1.60907467,
         1.883567  ],
       [-1.35363199, -0.6270142 ,  0.15930194, -0.81293274, -2.35069145,
        -0.12894396],
       [ 0.821433  ,  2.20872684,  0.85081378,  1.5335571 ,  1.95793108,
        -0.33538706]]), array([[-1.72451643,  0.39367941],
       [ 1.84846085,  2.42965471],
       [ 0.29443766, -1.76166679],
       [ 0.59235524, -0.27842247],
       [ 1.34274461, -1.87841242],
       [ 1.00708236, -0.12850899]])], [array([-0.56290325, -1.36602978, -2.20317835, -0.43960877, -0.78078656,
       -2.30128503]), array([-0.23980308,  1.92792181])]]]
[200, 9, -1, -1, 0, [[array([[-1.80237637,  1.21913693, -0.05468092, -1.21390283,  1.65444028,
        -1.19272395],
       [-2.15885808, -0.67278543, -1.05421842, -1.53705546,  0.25663012,
         0.66746944],
       [ 1.80981898, -1.82120487, -2.18811942,  2.30927405, -0.36017839,
         2.10002981],
       [-1.4320364 ,  2.41896752,  2.42440991,  2.36913834,  1.03331421,
        -2.17771146],
       [-2.18217107,  2.01954528, -0.04717235, -1.07672013, -0.83344136,
         1.10841318],
       [-1.36948609, -1.220313  ,  2.37658291, -2.04610853, -1.4990874 ,
        -0.95744013]]), array([[ 1.25070156,  0.87079667],
       [-2.39322248,  1.86785519],
       [ 2.19118252, -0.80823041],
       [-0.0351722 ,  1.24840641],
       [ 1.74132841, -0.92924451],
       [ 0.51246092, -1.59530469]])], [array([ 0.76349095,  0.63444979,  0.92423551,  1.07324845, -2.23302883,
       -2.18170143]), array([-0.5558762 , -1.34440376])]]]
[200, 2, -1, -1, 1, [[array([[ 2.22916126, -0.53191231, -0.64113208,  1.09585359, -0.38777674,
        -2.14318882],
       [ 2.19781475,  0.08866866,  0.88359298, -1.7939229 , -1.29692561,
        -1.4284769 ],
       [ 1.0145176 ,  2.04276539,  0.57771521, -1.32395749, -1.07053439,
        -0.8906401 ],
       [ 2.23718042,  1.65551655,  2.38186594,  1.29006709,  0.63306507,
        -0.03286437],
       [-0.25274514,  0.30090893, -1.89199777,  2.35388295,  0.24725024,
        -1.9193661 ],
       [-1.1161367 ,  2.27345849, -1.22971568, -0.4987295 ,  1.97238393,
         1.23063487]]), array([[-0.1627263 ,  1.38399204],
       [-2.43717134,  2.42124559],
       [-1.36552461,  0.40025073],
       [-1.12794404,  2.43422921],
       [ 0.25100971,  0.01565174],
       [-1.3168645 ,  2.07377398]])], [array([ 0.10724537,  0.55374605,  1.95686764, -2.29910488, -1.64402161,
       -0.22260379]), array([ 1.25732147, -1.95460647])]]]
[34700, 5, 'birth', 10, 22, 1, [[array([[ 1.3331243 , -1.1376355 , -0.93839675, -1.19441451,  0.22876444,
        -2.03048104],
       [ 2.12169529,  2.21864997,  1.15761457,  1.55083126, -0.84553909,
         0.89274054],
       [ 0.60391835,  0.14707381,  1.02556988, -2.15648589, -2.03105228,
        -2.1406593 ],
       [ 1.53292324, -1.64672756,  0.65123836, -1.26301209,  2.29423588,
         0.52474304],
       [-1.64765313,  0.76678389, -2.24227282,  1.48717175, -1.25922537,
        -1.01812961],
       [-0.82528121,  2.1955284 , -1.58275582,  1.7413495 , -1.92357135,
         0.68441465]]), array([[ 0.06000737, -1.41421356],
       [ 0.92707744, -0.87589254],
       [-1.20730404,  1.41421356],
       [-0.57497009, -1.41421356],
       [-0.40139925, -1.41421356],
       [-1.41421356, -1.38334612]])], [array([-1.35519867, -0.26257929,  0.70278818, -2.44948974, -0.02313808,
        1.24287623]), array([0.20259367, 1.13506915])]]]
[34700, 19, 'birth', 12, 16, 0, [[array([[-0.41801367,  1.60668321, -1.49555533, -0.7519216 ,  1.75988885,
        -2.44830055],
       [ 1.44230198, -1.25838482,  2.12057029,  0.32056945,  0.68467192,
         0.70862539],
       [-1.5595914 ,  1.48853197, -0.43441477, -0.92499513,  2.44948974,
         2.17363235],
       [-0.22990409, -2.44948974,  1.12924303,  1.37050886,  2.27310199,
        -0.43318128],
       [ 1.30007876, -2.04185668, -2.20361564, -0.4758898 , -1.95210385,
        -1.4308097 ],
       [ 2.39842993,  0.21394933, -0.23865395,  2.12396974, -2.19595612,
        -1.1205629 ]]), array([[-1.41421356,  1.41421356],
       [ 0.41565482, -0.41145124],
       [ 0.39411292, -1.41421356],
       [-1.41421356,  1.41421356],
       [-1.41421356, -0.23352954],
       [-1.41421356, -0.98194577]])], [array([-2.296503  , -2.08290513, -2.3532086 ,  2.44948974, -0.12621173,
        1.7158972 ]), array([-1.04112381,  1.41421356])]]]
[69950, 15, 'birth', 9, 5, 0, [[array([[-1.80237637,  1.21913693, -0.05468092,  2.44948974,  2.39119995,
        -1.19272395],
       [-2.28975751,  0.75701101, -1.05421842, -1.53705546,  0.25663012,
         2.44948974],
       [ 1.80981898, -1.82120487,  0.26762617,  2.30927405, -0.36017839,
         2.10002981],
       [-1.4320364 ,  2.41896752,  2.42440991,  1.77478533,  2.33633414,
        -2.17771146],
       [-2.44948974,  2.01954528, -2.44948974, -1.07672013, -1.13032413,
         1.10841318],
       [-0.82528121,  2.1955284 , -1.58275582,  1.7413495 , -1.92357135,
         0.68441465]]), array([[ 0.06000737, -1.41421356],
       [ 0.92707744, -0.87589254],
       [-1.20730404,  1.41421356],
       [-0.57497009, -1.41421356],
       [-0.40139925, -1.41421356],
       [-1.41421356, -1.38334612]])], [array([-2.44948974, -0.26257929,  0.70278818, -2.44948974, -0.02313808,
        2.44948974]), array([0.20259367, 1.13506915])]]]
[155951, 18, 'birth', 23, 7, 0, [[array([[ 1.99233448,  2.44827595, -2.44948974,  0.35100044,  1.04100177,
         0.60353445],
       [-0.11852886,  0.42523235,  2.44948974,  2.35130552,  1.83272822,
         2.44622453],
       [ 0.08724956, -0.76718582, -1.1334513 , -0.24859532,  1.89881885,
         2.34348313],
       [-1.46988684,  2.14749358,  2.44948974, -1.65165909, -1.0727904 ,
        -0.80308773],
       [ 1.78715542, -0.40406493, -0.82614839, -0.94567545,  2.16081854,
         1.27030457],
       [ 1.54718858,  0.15907608, -0.07797436, -2.4402028 , -0.27673845,
        -0.13823593]]), array([[-1.41421356, -1.1802808 ],
       [-1.41421356,  1.28348585],
       [-0.50794621, -0.4286072 ],
       [-1.41421356,  1.28241224],
       [ 0.27197012,  1.06032921],
       [ 1.41421356,  0.90068759]])], [array([-0.91304424, -1.04766344, -1.98928087,  0.581009  ,  1.21774016,
        0.61203472]), array([1.15137449, 1.41421356])]]]
[174751, 20, 'birth', 17, 5, 1, [[array([[-0.58410095, -0.36899889,  0.44056703,  2.28289263, -0.13991666,
         1.61579005],
       [-0.13604536, -1.43828807,  0.93707854, -1.41272434, -2.44948974,
         1.70140025],
       [-0.38289563, -2.35569395,  2.44948974,  0.19380982,  0.23331542,
        -2.02465576],
       [ 1.79379213, -2.22550163,  1.43427621, -0.54366396,  2.44948974,
        -2.09301287],
       [-0.62574978,  1.19338434,  1.89525801, -2.14408461,  0.92384893,
         0.77437812],
       [-0.86124724,  0.91713265,  1.5623489 , -2.18187619, -0.88609467,
         2.01832383]]), array([[ 1.38114809,  1.41421356],
       [-0.58535912, -0.11613752],
       [-1.41421356, -1.07676588],
       [-1.41421356,  1.41421356],
       [-0.88032532,  1.41421356],
       [ 0.18576474, -0.40103115]])], [array([ 1.63569571, -0.26257929, -1.28772587, -2.44948974, -0.02313808,
        1.24287623]), array([0.20259367, 1.13506915])]]]
[847258, 3, 'death']
[847458, 8, 'death']
[847708, 10, 'death']
[847858, 13, 'death']
[848058, 17, 'death']
[848258, 6, 'death']
[848458, 12, 'death']
[848658, 7, 'death']
[848958, 23, 'death']
[849258, 14, 'death']
[849558, 0, 'death']
[849758, 11, 'death']
[850008, 4, 'death']
[850308, 16, 'death']
[850558, 1, 'death']
[850858, 22, 'death']
[851108, 21, 'death']
[851308, 24, 'death']
[851558, 9, 'death']
[851708, 2, 'death']
[852258, 6, 'birth', 23, 22, 1, [[array([[ 2.44948974,  2.44827595, -2.12857202,  0.35100044,  2.20424682,
         0.60353445],
       [ 0.03073358,  0.42523235, -0.3787009 ,  2.35130552,  1.83272822,
         2.44622453],
       [-0.0425446 , -0.76718582,  2.1937813 , -0.24859532,  1.89881885,
         2.01672022],
       [-1.46988684,  2.14749358, -1.55146716, -1.65165909, -1.0727904 ,
        -1.97800539],
       [ 1.78715542, -0.40406493,  0.7749439 , -2.39903708,  2.16081854,
        -1.77175961],
       [ 1.54718858,  0.15907608, -0.14723115, -2.4402028 ,  1.90502089,
        -0.13823593]]), array([[-1.41421356, -1.1802808 ],
       [-1.05823483, -0.57856531],
       [-1.41421356,  1.41421356],
       [-0.57497009, -1.41421356],
       [-0.40139925, -1.41421356],
       [-1.41421356, -1.38334612]])], [array([-2.44948974, -0.26257929,  0.73411075, -2.44948974, -0.02313808,
        1.61011031]), array([0.20259367, 1.13506915])]]]
[852258, 12, 'birth', 3, 7, 0, [[array([[ 2.44948974,  0.49346035, -0.09153848,  2.37063541,  1.41833088,
        -1.34889691],
       [ 2.00572295,  0.02279918,  2.19273857, -1.40174522, -1.81092455,
        -0.18721975],
       [-1.7139425 , -1.95695617,  1.82299667, -0.7610264 ,  1.38620279,
         0.28181419],
       [ 0.55131564,  2.01769982,  1.36677534, -1.93583804, -0.07399636,
         0.00347627],
       [ 0.67715089,  0.82493618,  1.71819246, -1.00970157, -1.1935622 ,
         0.62504971],
       [-2.40916438,  1.30752187,  1.10681553,  0.71971496, -0.35972269,
         1.15498192]]), array([[ 0.45799572,  0.19027679],
       [ 1.41421356,  1.28348585],
       [-0.50794621, -0.4286072 ],
       [-1.41421356,  1.28241224],
       [ 0.27197012,  1.06032921],
       [ 1.41421356,  0.90068759]])], [array([-0.91304424, -1.04766344, -1.98928087,  2.44948974,  1.21774016,
        0.91709109]), array([1.14072209, 1.41421356])]]]
[852258, 2, 'birth', 17, 2, 0, [[array([[ 2.22916126, -0.53191231,  1.23676256,  1.09585359,  2.44948974,
        -2.14318882],
       [ 2.19781475,  0.08866866,  0.88359298, -1.7939229 , -1.29692561,
        -1.4284769 ],
       [ 1.0145176 ,  2.04276539,  0.57771521, -1.32395749, -1.07053439,
        -0.8906401 ],
       [ 2.23718042,  1.65551655, -0.51634664,  1.29006709,  0.63306507,
        -0.03286437],
       [-0.25274514,  0.30090893, -2.44948974,  2.35388295,  0.24725024,
        -1.9193661 ],
       [ 0.54256961,  2.27345849, -1.22971568, -0.4987295 ,  2.44948974,
         0.89985659]]), array([[-0.1627263 ,  1.38399204],
       [-0.25342451,  1.41421356],
       [-1.36552461,  0.40025073],
       [-1.12794404,  1.41421356],
       [ 0.25100971,  0.01565174],
       [-1.3168645 ,  1.41421356]])], [array([ 0.10724537,  0.55374605,  1.95686764, -2.29910488, -1.64402161,
       -0.22260379]), array([ 1.25732147, -1.41421356])]]]
[852258, 10, 'birth', 12, 8, 1, [[array([[-0.41801367, -0.53116896, -2.17049949, -0.94000781,  2.35247852,
         1.00271398],
       [ 2.03714184, -0.19378165,  1.28127092, -1.50305637,  0.99215294,
         0.03651721],
       [ 1.21807049, -1.15129708,  0.47467901,  1.44363113,  0.48743855,
         0.86129353],
       [-1.21233621,  0.88585394,  0.74481085,  0.81140887,  0.72936519,
        -0.1222471 ],
       [-2.44948974,  2.44948974,  0.22277376, -1.9662841 , -0.77066079,
        -0.86075652],
       [ 0.79706036, -1.28608319,  0.39538136, -0.12338508,  1.31048167,
         1.55496854]]), array([[-0.11848897, -1.16605164],
       [-1.41421356, -1.41421356],
       [ 1.41421356,  1.41421356],
       [-1.14958773,  1.41421356],
       [-0.85114525, -1.41421356],
       [-1.41421356, -1.41421356]])], [array([ 0.40108684,  1.10933423, -0.618983  ,  0.39197845, -1.961486  ,
        2.44948974]), array([0.56674542, 0.39421025])]]]
[852258, 0, 'birth', 21, 13, 1, [[array([[ 1.36487901,  0.6297567 , -1.45099059, -0.77673874,  1.21095071,
        -1.32504455],
       [-2.44948974, -0.87538626, -0.74459876, -1.13965734,  1.13408428,
        -0.73368265],
       [-2.32063527,  1.05802461,  1.74220199, -0.34983293, -0.34044976,
        -2.25810139],
       [ 0.87042206, -1.85025655, -0.1354805 ,  0.92946325, -0.39852159,
         0.38975558],
       [-1.17988814,  1.26070192, -0.84783312, -0.48164634, -0.54536576,
         1.22258571],
       [-0.78110566,  2.12442076,  0.08821224,  0.034809  ,  0.87961149,
         0.82653683]]), array([[-1.27776153,  1.30802507],
       [ 0.24733709, -1.41421356],
       [-1.41421356,  0.83362753],
       [-0.71079876, -1.41421356],
       [-0.70140485,  0.67260742],
       [ 1.21759417,  1.41421356]])], [array([-0.19106068, -1.82943761,  1.30940037,  0.05799049,  1.761663  ,
       -2.20206032]), array([1.41421356, 0.77886102])]]]
[852258, 3, 'birth', 3, 5, 1, [[array([[ 2.44948974,  0.49346035, -0.09153848,  2.44948974,  1.41833088,
        -1.78317644],
       [ 2.44948974, -0.68737986,  1.70403197,  0.95122631, -0.57640255,
        -0.18721975],
       [-0.62611366, -1.38113497,  0.14545364, -0.28276759,  2.32502152,
        -2.1406593 ],
       [ 0.73930759, -1.64672756,  1.79414957, -1.26301209,  2.44948974,
         0.52474304],
       [-1.64765313,  0.73731507, -2.24227282,  2.44948974, -1.25922537,
        -1.01812961],
       [-0.82528121,  2.1955284 , -2.44948974,  1.7413495 , -1.92357135,
         2.44948974]]), array([[ 0.06000737, -1.41421356],
       [ 0.92707744, -0.87589254],
       [-1.24129359,  1.41421356],
       [-0.57497009, -1.41421356],
       [-0.40139925,  0.14193839],
       [-1.41421356, -1.38334612]])], [array([-1.35519867, -0.26257929,  0.70278818, -2.44948974,  2.44948974,
        1.24287623]), array([0.20259367, 1.13506915])]]]
[852258, 23, 'birth', 23, 5, 1, [[array([[ 1.99233448,  2.44827595, -2.12857202,  0.35100044,  0.38108974,
         0.60353445],
       [ 0.03073358,  0.42523235,  2.25611532,  2.35130552,  1.83272822,
         2.44622453],
       [-0.71454738, -0.76718582, -0.3539093 , -0.24859532,  1.89881885,
         2.34348313],
       [-1.46988684,  2.14749358, -1.55146716, -1.65165909, -1.0727904 ,
        -2.12081264],
       [ 1.78715542, -0.40406493, -0.82614839, -2.39903708,  2.16081854,
        -1.77175961],
       [-2.44948974,  0.15907608, -0.14723115, -2.4402028 , -1.33846442,
         2.13467188]]), array([[-1.41421356, -1.1802808 ],
       [ 0.92707744, -0.87589254],
       [-1.20730404,  1.41421356],
       [ 0.50455009, -1.41421356],
       [-0.40139925, -1.41421356],
       [-1.41421356, -1.38334612]])], [array([-1.35519867, -0.26257929, -2.44948974, -2.44948974, -0.02313808,
        1.24287623]), array([0.20259367, 1.13506915])]]]
[852258, 7, 'birth', 1, 24, 0, [[array([[ 2.44948974,  2.25927227,  0.67893134,  0.42964902,  1.8573608 ,
         0.36660851],
       [-2.43619466,  0.9370172 , -0.94283516,  0.34273111, -0.19914027,
        -0.42397222],
       [ 1.17673205, -0.91707954, -0.52161096, -2.44948974, -0.62233946,
         0.4823987 ],
       [-0.08345035,  1.21150703, -1.74064668,  0.05743223, -0.33376484,
        -0.89651902],
       [-0.70654439,  2.38567054,  0.44461454, -1.67806096, -2.35069145,
        -1.54392332],
       [ 0.821433  ,  2.20872684,  0.85081378,  1.5335571 ,  1.95793108,
        -0.33538706]]), array([[-1.41421356, -1.00792197],
       [ 1.41421356,  1.41421356],
       [ 0.29443766, -1.41421356],
       [ 0.59235524, -0.00964643],
       [ 1.34274461, -1.41421356],
       [ 1.00708236,  0.59324625]])], [array([-0.56290325, -1.36602978, -2.44948974, -0.43960877, -0.78078656,
       -2.30128503]), array([-0.23980308,  1.41421356])]]]
[852258, 16, 'birth', 1, 16, 0, [[array([[ 0.95469191,  2.25927227,  0.67893134,  0.42964902,  1.8573608 ,
         0.36660851],
       [-2.40179804,  0.9370172 , -0.94283516,  0.34273111,  2.14393642,
        -0.42397222],
       [ 2.44948974, -0.91707954, -0.05842404, -1.30292282, -0.62233946,
         2.44948974],
       [-0.08345035,  2.21468089, -1.74064668, -2.44948974, -0.33376484,
        -0.89651902],
       [-1.97734218,  2.38567054, -1.15903879,  1.13196906, -0.21705593,
         0.8987255 ],
       [ 0.87938512,  0.21394933, -0.23865395,  2.12396974, -2.19595612,
        -1.1205629 ]]), array([[-1.41421356,  0.87220676],
       [-1.41421356, -0.41145124],
       [ 0.39411292, -1.41421356],
       [-1.41421356,  1.41421356],
       [-0.64657501, -0.23352954],
       [-1.41421356, -0.98194577]])], [array([-2.296503  , -2.08290513, -2.3532086 ,  0.68139564, -0.12621173,
        1.7158972 ]), array([-1.04112381, -1.13522123])]]]
[852258, 9, 'birth', 10, 2, 0, [[array([[ 1.3331243 , -1.1376355 , -2.44948974,  1.98657041,  2.44948974,
        -2.03048104],
       [ 2.12169529,  1.65660312,  1.15761457,  1.55083126, -0.84553909,
         0.89274054],
       [ 0.36489046,  0.95451683,  2.44948974,  0.73307389,  1.14226049,
         1.21009794],
       [ 0.1036071 , -0.12823844,  0.78313291,  0.45979903, -0.63829591,
         0.00803724],
       [-0.80186848, -1.12155313, -0.20657876,  0.23054446,  2.44948974,
        -2.44948974],
       [-1.1161367 ,  1.03095539, -2.44948974, -0.4987295 ,  1.97238393,
         1.23063487]]), array([[-0.1627263 ,  1.38399204],
       [-1.41421356,  1.41421356],
       [-1.36552461,  0.40025073],
       [-1.12794404,  1.41421356],
       [ 1.41421356,  0.01565174],
       [-1.3168645 ,  1.41421356]])], [array([ 0.10724537,  0.55374605,  2.44948974, -2.29910488, -1.64402161,
       -0.22260379]), array([ 1.25732147, -1.41421356])]]]
[864108, 13, 'birth', 12, 0, 1, [[array([[ 2.44948974,  0.49346035, -0.09153848,  0.27091228,  1.41833088,
        -0.17194399],
       [ 2.00572295,  0.02279918, -1.66215483, -1.40174522, -0.84515622,
        -0.18721975],
       [ 2.44948974, -1.95695617, -1.64985422, -0.7610264 ,  1.38620279,
        -0.74963873],
       [ 0.55131564,  2.01769982,  1.36677534, -1.93583804, -0.07399636,
         0.00347627],
       [ 0.67715089,  0.82493618,  1.71819246, -1.00970157, -0.54536576,
         1.22258571],
       [-0.78110566,  2.12442076,  0.08821224,  0.23205034,  0.87961149,
         0.82653683]]), array([[ 0.01368724,  1.41421356],
       [ 0.24733709, -1.41421356],
       [-0.00157219,  0.83362753],
       [ 0.0747754 , -1.41421356],
       [-0.70140485,  0.67260742],
       [ 1.21759417,  1.08019258]])], [array([-0.19106068, -1.82943761,  1.30940037, -0.27238932,  1.761663  ,
       -2.20206032]), array([0.09048626, 0.77886102])]]]
[864108, 4, 'birth', 7, 5, 1, [[array([[ 2.44948974,  1.66660176,  0.67893134,  0.42964902,  1.8573608 ,
         0.36660851],
       [-2.43619466, -1.1551513 , -0.94283516,  0.34273111, -0.19914027,
        -0.42397222],
       [-0.4139643 , -0.91707954, -0.52161096, -2.44948974,  0.43425342,
         0.4823987 ],
       [ 1.53292324, -1.64672756,  1.844287  , -1.26301209, -0.04757002,
         0.52474304],
       [-1.64765313, -0.67646008, -2.24227282,  1.48717175, -1.25922537,
        -1.01812961],
       [-0.82528121, -0.53685742, -1.58275582,  1.7413495 , -1.92357135,
         0.68441465]]), array([[ 0.06000737, -1.41421356],
       [ 1.28584463, -1.41421356],
       [-1.20730404,  1.41421356],
       [-0.57497009, -1.41421356],
       [-0.31555163, -1.41421356],
       [-1.41421356, -1.38334612]])], [array([-1.35519867, -0.26257929,  0.70278818, -2.44948974, -0.02313808,
        1.24287623]), array([0.20259367, 1.13506915])]]]
[864108, 8, 'birth', 7, 3, 1, [[array([[ 2.44948974,  2.44948974,  0.25003696,  0.42964902,  1.8573608 ,
         0.36660851],
       [-2.43619466,  0.9370172 , -2.44948974,  0.34273111, -0.19914027,
        -0.42397222],
       [ 1.17673205, -0.91707954, -2.44948974, -2.44948974, -2.44948974,
         2.16394316],
       [-0.08345035,  1.21150703, -1.40062075,  0.05743223, -0.33376484,
        -0.89651902],
       [-0.70654439,  2.38567054,  0.44461454,  1.83750639, -2.44948974,
        -1.54392332],
       [ 0.821433  ,  2.20872684,  0.85081378,  1.5335571 ,  1.95793108,
        -0.33538706]]), array([[-1.41421356, -1.00792197],
       [ 1.41421356,  1.41421356],
       [ 0.29443766, -1.41421356],
       [ 0.59235524, -1.41421356],
       [ 1.34274461, -1.41421356],
       [ 1.00708236, -1.41421356]])], [array([-0.56290325,  0.79433922, -2.29240979, -0.27083752, -0.78078656,
        1.24287623]), array([0.20259367, 1.13506915])]]]
[864108, 14, 'birth', 7, 23, 1, [[array([[ 2.44948974,  2.44948974,  0.67893134,  2.44948974,  1.8573608 ,
         0.36660851],
       [-2.43619466,  0.9370172 ,  0.03937803,  0.34273111, -0.19914027,
        -2.44948974],
       [ 1.17673205, -0.91707954, -0.52161096, -2.44948974, -0.62233946,
         0.4823987 ],
       [-0.08345035,  1.21150703, -1.74064668,  0.05743223, -0.33376484,
        -2.44948974],
       [ 2.44948974, -0.40406493, -0.82614839, -2.39903708,  2.44948974,
        -1.60082763],
       [-2.44948974,  0.15907608, -0.14723115, -2.4402028 , -1.33846442,
         2.13467188]]), array([[-1.41421356, -1.1802808 ],
       [ 0.92707744, -0.87589254],
       [-1.20730404,  1.41421356],
       [ 0.50455009, -1.41421356],
       [-0.40139925, -1.41421356],
       [-1.41421356, -1.38334612]])], [array([-1.35519867, -0.26257929, -2.44948974, -2.44948974, -2.44948974,
        1.24287623]), array([0.20259367, 1.13506915])]]]
[877208, 5, 'death']
[877508, 19, 'death']
[904559, 15, 'death']
[967059, 18, 'death']
[976259, 20, 'death']
[1006210, 24, 'birth', 9, 10, 1, [[array([[ 1.3331243 , -1.82874995, -2.44948974,  1.98657041,  2.44948974,
         0.87671656],
       [ 2.12169529,  1.65660312,  1.15761457, -2.44742633, -0.84553909,
         0.89274054],
       [ 0.36489046,  0.95451683,  2.44948974,  0.73307389,  1.14226049,
         1.21009794],
       [ 0.1036071 , -0.12823844,  0.05296211,  2.44948974, -0.63829591,
         0.00803724],
       [-0.80186848, -1.12155313,  0.38766108,  0.23054446,  2.44948974,
        -2.44948974],
       [-1.1161367 ,  1.03095539, -2.44948974, -0.4987295 ,  1.97238393,
         1.23063487]]), array([[-0.11848897, -1.16605164],
       [-1.41421356,  1.32188185],
       [ 1.41421356,  1.41421356],
       [-1.14958773,  1.41421356],
       [-0.85114525, -1.41421356],
       [-1.41421356, -0.08579625]])], [array([ 0.40108684,  1.10933423, -1.06397705,  0.39197845, -1.961486  ,
        2.44948974]), array([0.56674542, 0.39421025])]]]
[1318563, 19, 'birth', 9, 13, 1, [[array([[ 1.3331243 , -1.1376355 , -2.44948974,  0.83463163,  2.44948974,
        -2.03048104],
       [ 2.44948974,  1.65660312,  1.15761457,  2.28817121, -0.92075335,
         0.89274054],
       [ 0.36489046,  0.95451683,  0.13171153,  0.73307389,  1.14226049,
         2.44948974],
       [ 0.1036071 , -0.12823844,  0.78313291,  0.45979903, -0.63829591,
         0.00803724],
       [-0.80186848, -0.39465288, -0.20657876,  0.23054446, -0.54536576,
         1.22258571],
       [-0.78110566,  2.12442076,  0.08821224, -2.32816188,  0.87961149,
         1.73651346]]), array([[ 0.01368724,  1.39531654],
       [ 0.24733709, -1.41421356],
       [-0.00157219,  0.83362753],
       [ 0.0747754 , -1.41421356],
       [-0.70140485,  0.93247247],
       [ 1.41421356,  1.41421356]])], [array([-0.19106068, -1.82943761,  1.30940037, -0.27238932,  1.761663  ,
        0.64656106]), array([1.3289644 , 0.77886102])]]]
[1388763, 15, 'birth', 2, 14, 1, [[array([[ 2.22916126, -0.53191231,  1.23676256,  1.09585359,  2.44948974,
        -2.14318882],
       [ 2.19781475,  0.08866866,  0.88359298, -1.7939229 , -0.97984556,
        -1.4284769 ],
       [ 2.44948974,  2.04276539,  0.57771521, -1.32395749, -1.07053439,
        -2.44948974],
       [ 2.23718042,  1.65551655, -0.51634664,  1.29006709,  0.63306507,
        -0.03286437],
       [-0.25274514,  0.30090893, -2.44948974,  2.35388295,  0.24725024,
        -2.44948974],
       [ 0.54256961,  2.27345849, -1.22971568, -0.4987295 ,  2.44948974,
         0.89985659]]), array([[-0.1627263 ,  1.38399204],
       [-0.25342451,  1.41421356],
       [-1.36552461,  0.40025073],
       [ 0.50455009, -1.41421356],
       [-0.39292748, -1.41421356],
       [-1.41421356, -1.38334612]])], [array([-1.35519867, -0.26257929, -2.44948974, -2.44948974, -2.44948974,
        1.24287623]), array([0.20259367, 1.13506915])]]]
[1422014, 6, 'death']
[1422314, 12, 'death']
[1422614, 2, 'death']
[1422914, 10, 'death']
[1423214, 0, 'death']
[1423514, 3, 'death']
[1423814, 23, 'death']
[1424114, 7, 'death']
[1424414, 16, 'death']
[1424714, 9, 'death']
[1430714, 13, 'death']
[1431014, 4, 'death']
[1431314, 8, 'death']
[1431614, 14, 'death']
[1461514, 24, 'death']
[1503815, 19, 'death']
[1504115, 15, 'death']
[1504115, 'Extinction!']
