[time, indiv, parent1, parent2, gender, brain]
[200, 12, -1, -1, 0, [[array([[ 0.06250806,  1.02716511,  0.69134434,  0.14248794,  0.82946332,
         2.24012337],
       [-0.89616336, -2.44503484, -0.91429518, -0.23109053, -1.91990453,
         1.25390355],
       [ 0.95651072,  1.03899213,  0.79058203, -2.05174947, -1.24197509,
        -0.80186961],
       [-0.81613913,  1.06190336,  1.49331509,  2.42230038,  2.33176569,
         0.55539244],
       [ 1.68329785, -0.72358083, -2.0867394 , -1.65293327,  1.2727061 ,
         1.61776463],
       [-0.29103344, -1.24756279,  1.79025793,  0.12838101, -1.85684636,
         0.69194961]]), array([[ 1.43446768,  2.41719387],
       [-1.80661335, -2.41420933],
       [-2.09534436,  0.22501665],
       [ 1.88439199,  1.83261131],
       [-1.72298589, -1.86009725],
       [ 0.65522202,  2.4093374 ]])], [array([ 0.28908179, -0.67075145, -0.68911531, -0.36686996,  0.66616282,
        0.41746401]), array([-0.26167616,  1.46737169])]]]
[200, 7, -1, -1, 1, [[array([[-0.28785027, -1.95579246, -0.38483153, -1.94444933, -2.03451205,
        -1.34500276],
       [-1.64032577,  0.10098412,  1.95171072, -0.99732033, -0.65119522,
         2.01958044],
       [ 1.83567881,  1.70360464,  0.72699177, -1.18752715,  1.18773008,
         0.79599731],
       [-0.46809805,  0.20369527, -0.27863191, -1.64088836, -1.5744479 ,
         0.359184  ],
       [-2.17923016,  1.15387721, -1.46843991,  0.90475248, -0.22730884,
         1.39495291],
       [ 2.31057736, -0.32339657,  0.99763281,  1.73181457, -0.05792823,
        -2.24605966]]), array([[-1.14419666, -1.51346032],
       [ 0.96792622,  2.21254346],
       [-1.74432124,  2.14301187],
       [-1.30725514,  0.85744856],
       [ 0.46538249,  1.59428064],
       [ 2.03379469,  1.44024801]])], [array([ 1.1344267 ,  1.54927191,  1.13508664, -2.29716064,  2.20470934,
        2.41278497]), array([-1.43796316,  2.17240785])]]]
[200, 23, -1, -1, 0, [[array([[-1.50109328, -1.7330901 ,  2.11548905,  1.12803961, -1.74051889,
        -2.44449114],
       [-2.29208947,  0.22746925, -1.15446586,  1.34656968,  2.17242777,
         1.54668444],
       [ 2.14859802, -1.93441811, -0.86116614, -1.28324678, -1.85601326,
         2.33977552],
       [-0.31529481,  1.55267384,  1.42234633,  1.27050715,  0.44648755,
        -1.23753576],
       [-2.06749292, -1.56372894, -0.21873105, -2.33083116, -0.64036321,
         1.9021974 ],
       [ 0.92063813, -1.94773006,  0.34784044,  1.47315676, -1.2309248 ,
        -0.81200977]]), array([[-0.68413504, -2.40710805],
       [ 0.75025532, -1.33345634],
       [-0.56964077,  2.08139727],
       [ 1.72455549,  0.73461837],
       [ 1.85735791,  2.19955944],
       [-2.16899025,  2.10371899]])], [array([ 1.0708421 ,  0.95799965, -0.425919  , -1.97121481, -2.33944215,
       -1.07829944]), array([ 1.24470216, -1.66064826])]]]
[200, 8, -1, -1, 1, [[array([[ 0.74553203,  0.54849252, -0.95229264,  2.01055125, -0.27390593,
        -1.96515048],
       [-1.93551841, -0.80887145, -1.39797537,  0.77890992, -0.58537478,
        -2.07010131],
       [-0.45736167, -1.81690558,  0.63603479, -1.37092238,  0.37196333,
        -2.08466009],
       [-2.3352502 ,  0.77542012, -2.35726915, -0.22660945, -1.39916795,
         0.92328958],
       [-0.14743614,  0.82427479,  2.24388598, -1.87881234, -1.37328351,
        -1.13666426],
       [ 2.13730086, -1.52946277, -2.16044105, -1.31469443, -1.12616747,
         0.07411709]]), array([[-1.94348347,  0.55503213],
       [ 1.23702459,  1.67338947],
       [ 0.05982356,  1.41173565],
       [ 1.47327641, -1.50518995],
       [-2.22506527,  1.82107669],
       [ 2.36704838,  1.34862963]])], [array([-2.05834975, -0.70043601,  1.40298485, -2.15040136,  1.12684443,
       -1.50837405]), array([ 0.40697898, -0.0929648 ])]]]
[200, 0, -1, -1, 0, [[array([[ 2.42161882,  1.70114957, -1.55103599, -0.43132648, -1.03134979,
        -1.86593972],
       [ 0.84690695,  0.78408988,  1.50091756, -0.30261801, -0.03103409,
         2.41835246],
       [ 0.02033887, -1.93176114,  0.23868954, -0.67700372, -0.53585615,
        -1.60606229],
       [-1.5387189 , -1.67974071,  1.60136121,  1.398658  , -1.0092927 ,
         1.90268304],
       [-0.31907621,  0.94800818, -2.30871512, -0.77202025, -2.38254876,
        -1.24957105],
       [ 0.30265155,  1.12836708,  2.04830295, -2.18918734,  1.48503622,
        -2.2919027 ]]), array([[-1.80133471,  1.24463179],
       [-0.31567452,  0.22268139],
       [-2.26334189,  0.48224829],
       [-0.96731708, -0.48092671],
       [ 2.09713645, -1.03251844],
       [ 1.41543171, -1.84910419]])], [array([-2.04591681,  1.62914584, -1.95414242,  0.60579742,  1.26593606,
       -1.18059052]), array([-1.1761254 , -0.35897748])]]]
[200, 6, -1, -1, 1, [[array([[ 0.67772355, -0.63199242,  2.3467357 ,  0.07043247, -1.17091222,
         2.19664833],
       [-1.73352615,  1.46135675,  0.95910178, -1.04190825,  1.23917221,
        -1.50570495],
       [-2.24622596,  0.58928052, -2.37796129,  2.03406716,  0.27752803,
         2.09987968],
       [ 0.03140937, -0.45113719, -0.87184763,  1.85756579,  1.37792442,
        -1.10259433],
       [ 0.1001618 ,  0.71319464,  0.91138762,  1.626244  , -1.50661056,
         0.62914432],
       [-2.14959445, -2.32362396, -0.87870162, -2.39350089, -2.00143007,
         1.8853241 ]]), array([[ 0.06231895,  2.20633001],
       [ 1.91020832, -0.46342246],
       [ 0.17306639, -1.90376901],
       [ 1.80313029, -0.52281801],
       [-1.90330732,  2.14007548],
       [ 0.44866799, -0.55204015]])], [array([-0.30956559,  1.36175799,  1.97647101,  2.0387347 ,  2.06746091,
        2.3742646 ]), array([-1.07918073,  1.76039811])]]]
[200, 20, -1, -1, 0, [[array([[-1.81450864,  2.21559846, -1.78387965,  0.58549009,  0.59331518,
        -1.47865594],
       [ 2.44316508,  0.87249598, -1.74666761, -0.23409704,  0.47612972,
        -0.77032033],
       [ 1.3023    ,  1.71665119,  1.45618762,  0.93963697,  1.85409357,
         0.11631151],
       [-1.52934205, -0.43807135,  1.02754973,  1.66453551, -0.38118075,
        -1.03825118],
       [ 1.77814032, -0.86979883,  1.73346007, -1.71443797, -0.69484078,
         1.49883476],
       [ 0.99904905, -1.96872775,  1.21551214,  1.49501703,  1.52197992,
         1.04733967]]), array([[ 2.2366408 , -0.40427275],
       [-0.51412568,  2.33816716],
       [ 0.10021141, -0.3576946 ],
       [ 1.80899428,  1.15431057],
       [ 0.33351043, -1.36297424],
       [-0.58910501, -0.77845209]])], [array([ 0.83126615, -1.5227005 ,  1.63730069,  0.24628094, -2.36471923,
       -2.17776232]), array([1.23326218, 2.25567847])]]]
[200, 5, -1, -1, 1, [[array([[ 0.49956666,  0.09193703, -0.36215675, -1.66385149,  1.88839582,
         1.69283061],
       [-0.0073794 ,  0.89526586,  0.30780287, -2.28392263, -2.20074814,
        -1.03941489],
       [-2.3733294 , -2.18024062, -1.5024909 , -1.43708041,  2.34758523,
         2.13517612],
       [ 2.26797836,  2.22908674, -1.05217926, -1.45262714,  1.97578948,
         1.63879062],
       [ 1.37784945, -0.04413541,  1.40660148,  2.18221149, -0.29047813,
        -1.25782466],
       [-1.51310594, -0.32405465,  1.64975129,  2.17425488, -2.19345037,
        -2.19768045]]), array([[-1.75249993,  1.35520252],
       [ 2.26362552, -0.45628998],
       [ 2.07762397,  0.01524055],
       [ 0.97560476, -0.0666638 ],
       [-1.38616386,  1.67886762],
       [ 2.38168719,  1.95729225]])], [array([-0.58905313,  0.23508255, -2.28722567,  0.92360523,  1.03772089,
       -1.94864327]), array([ 0.19056261, -0.83252956])]]]
[200, 15, -1, -1, 0, [[array([[ 0.47208746, -2.12643524,  1.05416917,  1.07624851,  2.39142144,
         0.74929801],
       [-1.86158943,  0.13362166,  2.16435019,  2.28525103, -2.04196105,
         0.41871095],
       [-0.63530425,  1.38677373, -0.83717944,  1.13023693,  1.03636666,
        -0.02066399],
       [ 0.04850703,  1.65331727, -0.72082942, -0.92796929, -0.76109255,
        -0.18715164],
       [ 1.49582437, -2.44024615,  0.10961016, -0.48569297,  1.31309355,
        -1.20308443],
       [-1.0250602 ,  0.76593068, -1.68767153,  1.8436424 ,  0.55890148,
        -1.32062802]]), array([[ 1.0317883 ,  0.66975084],
       [-1.98065504,  1.71264308],
       [ 1.94926376, -1.71622684],
       [ 0.54122799,  2.41293683],
       [-0.82721567, -1.97879712],
       [-0.64314289,  1.91111957]])], [array([-0.14086057,  2.08059079, -0.61873689,  0.99095154, -0.77302693,
        0.97696299]), array([-0.90212036, -1.48538003])]]]
[200, 10, -1, -1, 1, [[array([[ 0.69322376, -1.32094088,  2.40106351,  1.02816117, -0.04378585,
        -1.22426206],
       [ 1.56117969,  1.88440851,  0.74853943,  1.02017745,  1.1400606 ,
         1.62591059],
       [-1.3085248 ,  1.25972459,  0.09037193,  2.03174837, -0.31986008,
        -1.68999632],
       [ 0.79392119, -0.14342577, -1.1147446 , -0.84688629, -1.28911   ,
        -1.27057041],
       [ 0.59700287,  0.72392698,  0.60132674,  1.841597  ,  0.94403709,
         1.71455408],
       [-0.68671914,  1.40524116, -0.60652273,  0.32373101, -1.33117819,
        -0.2312044 ]]), array([[-2.00849396, -2.25675307],
       [-2.21745382, -1.74944482],
       [-1.65875102, -0.23589738],
       [ 2.3651175 , -1.17591864],
       [-1.13750674, -2.36789891],
       [-1.94630244,  0.39331364]])], [array([ 0.76098054,  1.86496994,  0.66854659, -0.39983566,  1.9597905 ,
        2.19598848]), array([ 0.2716746 , -0.41760761])]]]
[200, 17, -1, -1, 0, [[array([[-1.04999116, -0.38038958,  0.47575092,  1.70895207,  2.3385588 ,
        -2.04147224],
       [ 1.55268912,  0.07625461, -2.44876285,  1.17056934, -0.75938533,
         0.13228976],
       [ 0.50145084,  0.0353841 , -1.97891726,  0.3863509 ,  1.76066835,
         1.32703167],
       [ 0.60755679, -1.93332112, -1.22020253, -1.38841593, -0.74565253,
         2.09347079],
       [ 0.95325947,  0.18648661, -0.74254834, -1.48052108, -0.61988191,
         0.35227789],
       [ 0.01871107,  2.03069883, -2.26427043,  2.04067055,  0.57976704,
         0.36741116]]), array([[-1.28260005, -2.32042171],
       [-1.42439243, -0.02971594],
       [-0.68086362, -1.21215965],
       [ 1.13379515, -1.68314483],
       [ 0.84341133, -0.28760241],
       [-1.18674221,  0.92033055]])], [array([ 1.46332125,  0.49715585,  1.90122542,  1.01308834, -0.90669019,
        1.62535289]), array([0.04001096, 1.56744253])]]]
[200, 4, -1, -1, 1, [[array([[ 2.26194035,  2.03862052,  1.57813517, -2.00727892, -0.59345259,
         0.41299807],
       [-2.13185045, -2.07325332,  1.5492002 , -1.31928448, -1.66864269,
         0.44283033],
       [ 0.36643182, -1.43650703, -0.52705288, -1.87719978,  1.88714719,
         1.09558966],
       [-1.46330043,  1.86935344, -0.52425899,  0.84494359, -0.55854496,
         2.41784295],
       [ 0.41046432,  0.74614749, -0.29200871,  1.74007908, -2.2760789 ,
         2.09236154],
       [ 1.62673037,  0.8380908 , -0.61108626,  0.67727412,  0.76889742,
        -0.97074754]]), array([[ 1.33624995, -0.99616158],
       [-1.23781038, -1.53076516],
       [-2.27193122,  1.69061025],
       [ 1.06977792,  1.78604072],
       [-1.80654877, -0.72083499],
       [ 0.62636631, -0.84504792]])], [array([ 1.77567949, -0.81681776,  0.43059867,  0.77635897,  1.83853054,
        0.88330187]), array([-0.02617646, -2.01903487])]]]
[200, 16, -1, -1, 0, [[array([[ 0.97304598,  1.01509278,  1.30145441, -1.63668694, -1.48997728,
        -1.94332185],
       [-1.9220022 ,  1.16334516, -2.24729396, -2.07690711, -1.54205643,
         0.70013621],
       [ 0.56461606,  1.94378067, -0.63440533,  0.82436196, -0.29615979,
         2.3239222 ],
       [-0.66105984, -0.37846005, -1.91802229,  2.10831394, -0.67302236,
        -1.70344927],
       [-0.76731197,  1.90311269,  0.59160891,  0.07037021, -1.88288701,
         2.06561189],
       [ 1.28641395, -1.15602494,  1.28896125, -1.09260311,  2.41263415,
         2.27172837]]), array([[-1.23670104, -1.88972818],
       [-1.15104756,  1.08192083],
       [ 0.52167951,  2.37110359],
       [-0.71537114, -1.39520468],
       [ 2.06798233, -1.03927006],
       [-1.99505733, -2.41862077]])], [array([-0.31480389,  1.5065939 , -2.04686264, -0.83066321, -0.86339908,
        1.24475695]), array([0.1669289 , 1.37597249])]]]
[200, 24, -1, -1, 1, [[array([[ 2.0446557 , -1.2877937 ,  1.35231041, -1.84224214,  0.45907159,
        -1.13252625],
       [-0.61832652,  2.3876069 , -1.55149849,  2.0301925 ,  0.12990016,
        -1.21490238],
       [-1.39876905, -1.01433699, -0.1356112 ,  0.32772157, -1.87722622,
        -0.07703849],
       [ 1.84594178,  2.21288232,  0.29282049,  1.21432465,  0.46837664,
         0.60365603],
       [ 0.70107848, -0.80828551,  2.16123797, -1.15437572,  1.79931331,
        -0.2281288 ],
       [ 0.28430313, -2.41693531, -1.40949372, -1.39945515, -1.40706684,
         0.3687057 ]]), array([[ 0.10889686, -1.55931659],
       [ 0.56663789, -1.20970436],
       [ 0.85856728,  1.51063222],
       [ 1.9609587 ,  2.09472325],
       [-0.84161989,  2.16646884],
       [-0.98715633,  0.14541332]])], [array([ 0.69035687, -0.3318343 , -2.25482317, -1.98904945, -1.76699793,
        1.04882559]), array([0.8477912 , 1.08649105])]]]
[200, 22, -1, -1, 0, [[array([[ 0.87821077, -2.04111981, -1.79680834,  2.19487875,  0.92671961,
         0.13032873],
       [ 0.08393637, -0.58441551,  1.94195825,  0.47058105,  1.07875611,
         1.71816685],
       [ 0.73402025, -0.49754183,  1.98072879, -0.42784632,  0.77710292,
        -1.17969789],
       [ 0.90285907,  1.82638507, -0.80553939,  0.17970267, -1.94949288,
         0.67631349],
       [-0.23021137,  0.62094584, -0.49890444,  1.46465063, -2.35928252,
        -1.58550845],
       [ 1.75843526,  1.45741904,  1.96514457,  0.80790584,  2.43442034,
         0.09167372]]), array([[-2.35885658,  2.08510612],
       [ 0.43785714, -1.43004143],
       [ 0.61254883,  0.06590911],
       [-0.83906045, -1.41868119],
       [-2.31488115, -1.35029286],
       [ 1.34368325,  1.09076289]])], [array([ 2.25764839,  2.10797499,  1.64839586, -2.26093351, -0.52761785,
       -1.68832788]), array([ 1.58081424, -0.18439012])]]]
[200, 18, -1, -1, 1, [[array([[-2.21079408e+00,  4.51723974e-01,  4.21864643e-01,
         1.30435789e+00, -1.43518913e+00, -1.44341182e+00],
       [ 2.32883979e+00,  1.88727654e-01,  1.24620479e+00,
        -1.69828583e+00,  9.68477143e-01,  9.44734578e-01],
       [-2.19560806e+00,  2.04958027e+00, -1.54496770e-03,
         1.18581168e+00, -2.76534193e-02,  2.38702417e+00],
       [ 2.29503199e-01,  2.25892291e-01,  1.73022697e-01,
        -5.70662296e-01,  1.33515042e+00,  1.24687004e+00],
       [-2.17264839e+00, -9.17605792e-01, -1.91302135e+00,
         1.47411535e+00,  9.41689174e-01, -7.96737602e-01],
       [ 2.06399826e+00,  2.24403778e+00,  1.90844254e+00,
        -1.23485712e+00, -6.26321804e-01,  2.07710849e+00]]), array([[-0.54332672, -0.17483318],
       [ 1.50445245,  2.13505426],
       [-1.3737934 ,  1.96472673],
       [-1.63216781,  0.3301103 ],
       [-1.16141143,  0.71223821],
       [-1.38888707, -1.5542215 ]])], [array([ 0.08693043,  0.47203053, -1.00306875,  1.03855727, -0.39158101,
        1.90196388]), array([0.68483475, 1.1465429 ])]]]
[200, 1, -1, -1, 0, [[array([[ 2.39518004, -1.16525691,  2.14555046,  2.30388588,  1.95512095,
         2.12330395],
       [-0.1375844 , -1.29810971,  2.07769305, -1.42125429,  2.39951262,
         0.55860142],
       [-0.3032661 , -0.78889912,  0.47162235,  2.22539417, -1.92269926,
         0.95987301],
       [-2.09842459,  0.76773507,  2.28986892, -1.94111345, -0.87372444,
         0.50558757],
       [-1.70683859, -1.61239463,  0.14632788,  0.32295042, -0.03645876,
        -1.59244589],
       [ 0.79631157, -2.3986386 , -0.70785071,  0.48519076,  0.7022539 ,
        -0.8916173 ]]), array([[-0.90292249, -0.73510319],
       [-0.44167156, -1.07910273],
       [-0.87871291,  1.00864717],
       [ 1.80076814,  0.34855091],
       [ 0.28375984,  1.33899518],
       [ 2.2496532 , -1.20274764]])], [array([-0.31192744,  0.97571427,  0.78636022, -0.97782912,  1.47653754,
        1.77472195]), array([ 0.02667925, -2.28805649])]]]
[200, 9, -1, -1, 1, [[array([[-0.62757185, -1.88229107, -0.65277967, -2.27606555, -2.16461052,
         1.95711651],
       [ 1.17125362, -2.34870058, -1.54088155, -1.31289391,  1.46751974,
        -0.97730817],
       [-2.19494355, -0.9029152 , -0.54415424,  0.49366129, -2.08412542,
         1.9776482 ],
       [ 0.9502607 , -0.50577579, -0.55908132, -2.07739325,  2.15497649,
        -0.77630079],
       [-0.94288825, -0.8830987 ,  0.28837984,  0.04189223,  2.41013717,
        -2.38074153],
       [ 1.33047115, -1.63551834,  0.92480307,  1.21265731, -0.52030138,
         0.923195  ]]), array([[ 2.42160845e+00, -1.76761157e+00],
       [ 1.66601226e+00, -7.86023798e-01],
       [-1.09576407e+00, -2.00866508e-02],
       [-2.12234770e+00, -2.02138969e+00],
       [ 7.50328922e-01,  4.61674666e-04],
       [-1.09100940e+00, -1.76897593e+00]])], [array([-0.81694147,  2.23783147, -0.04851163, -2.08363722,  0.00563683,
       -2.05616374]), array([0.45994409, 1.74150831])]]]
[200, 11, -1, -1, 0, [[array([[-0.02305556, -0.46649261,  1.30302485, -1.63311249, -2.39964953,
        -1.13683296],
       [-1.6411494 ,  0.05815805, -0.80031904, -1.69161614,  0.71801164,
         1.02660561],
       [-0.07262484, -0.17578978, -0.50632986,  1.49823675, -1.47241593,
         2.10937081],
       [ 1.06663274,  1.25440924, -2.21428357,  1.9645493 ,  1.85815419,
        -1.76395009],
       [-2.10679786,  1.09530772,  1.44657083, -0.6384902 ,  2.1604266 ,
         0.502869  ],
       [ 1.55606653,  0.07609851,  0.64898229, -0.86200903,  1.85938239,
         1.93314708]]), array([[ 0.85002708,  1.91066935],
       [ 1.21155007,  1.34567056],
       [ 0.18441103,  0.5734256 ],
       [-1.20237249,  1.26493969],
       [ 1.40931875,  0.58928576],
       [-0.29580491,  1.77081299]])], [array([-0.01025291,  1.37651496,  1.61409085,  0.38610059, -0.07069265,
        2.09159906]), array([-0.10470053, -1.4217607 ])]]]
[200, 19, -1, -1, 1, [[array([[ 0.30074444, -1.31943629, -0.21245206, -2.13206158,  2.31108111,
         2.44387467],
       [-1.73165223, -0.96738162,  1.118136  , -1.17453536, -2.36451275,
         1.94254572],
       [ 0.14773918,  0.43190047,  2.29090514,  1.99191551,  1.05646614,
         1.12921661],
       [ 0.32299758,  0.59848236,  0.98383287, -2.19880998,  2.23534198,
        -0.48974094],
       [-1.18035149,  1.32794158,  1.97357712, -0.51880867, -1.61469996,
         1.56404244],
       [ 0.45766296,  0.69973222,  1.01132441,  2.41314709, -0.60547244,
         0.75797519]]), array([[-1.55800454,  0.47380061],
       [ 0.92191465, -0.50897762],
       [-0.57555935,  1.66811693],
       [-2.33079843, -2.18283279],
       [-1.59698808,  0.99519263],
       [ 0.77738047,  1.26442225]])], [array([-1.28328799, -0.16017864, -1.65343737, -0.98821122, -0.54878853,
       -1.59081585]), array([-1.75920143, -0.96645461])]]]
[233002, 21, 'birth', 16, 10, 0, [[array([[ 0.97304598, -1.32094088,  2.40106351,  1.02816117, -0.04378585,
        -1.22426206],
       [ 2.25198041,  1.82614724,  0.74853943, -0.12999439,  1.1400606 ,
         1.62591059],
       [-1.3085248 ,  1.25972459,  0.09037193,  0.13004793, -0.31986008,
        -1.68999632],
       [ 0.79392119, -0.14342577, -1.1147446 , -2.44948974,  2.44948974,
        -1.27057041],
       [ 0.59700287,  2.44948974,  1.58514201,  1.841597  ,  0.94403709,
         1.71455408],
       [-0.68671914,  1.40524116, -0.60652273,  0.32373101, -1.33117819,
        -0.2312044 ]]), array([[-1.41421356, -1.07420914],
       [-1.41421356, -1.41421356],
       [-1.41421356, -0.23589738],
       [ 1.41421356, -1.17591864],
       [-1.13750674, -1.41421356],
       [-1.41421356,  1.41421356]])], [array([ 0.76098054,  1.86496994,  0.66854659, -0.39983566,  1.9597905 ,
        2.19598848]), array([ 1.41421356, -0.41760761])]]]
[233002, 14, 'birth', 1, 8, 1, [[array([[ 2.39518004, -1.16525691,  2.14555046,  2.30388588,  1.95512095,
         2.12330395],
       [-0.1375844 , -1.29810971,  2.07769305, -1.42125429,  2.39951262,
         0.21237817],
       [-0.3032661 , -0.78889912,  0.47162235,  2.22539417, -1.92269926,
        -2.08466009],
       [-2.3352502 ,  0.77542012, -2.35726915, -0.22660945, -1.39916795,
         0.92328958],
       [-0.80827158,  0.82427479,  2.24388598, -2.44948974, -2.44948974,
        -1.13666426],
       [ 1.78711421, -1.52946277, -2.16044105, -1.31469443, -1.12616747,
         0.07411709]]), array([[-1.41421356,  0.55503213],
       [-0.56918038,  1.41421356],
       [ 0.05982356,  1.41173565],
       [ 1.41421356, -1.41421356],
       [-1.41421356,  1.41421356],
       [ 1.41421356,  1.34862963]])], [array([-2.44948974, -0.70043601,  1.40298485, -2.15040136,  1.12684443,
        2.44948974]), array([ 0.40697898, -0.0929648 ])]]]
[284952, 3, 'birth', 16, 5, 0, [[array([[ 1.32337248,  1.01509278,  1.30145441, -1.63668694, -0.58196483,
        -2.44948974],
       [-1.9220022 ,  1.16334516, -2.24729396, -2.07690711, -1.54205643,
         0.70013621],
       [ 0.56461606,  1.94378067, -0.63440533, -2.44948974,  2.34758523,
         2.13517612],
       [ 2.26797836,  2.22908674, -1.05217926, -1.45262714,  1.97578948,
         1.63879062],
       [ 1.37784945, -0.04413541,  1.40660148,  2.18221149, -0.29047813,
        -1.58295142],
       [-2.03435257, -0.32405465,  1.64975129,  2.17425488, -2.19345037,
        -2.19768045]]), array([[-1.41421356,  1.41421356],
       [ 1.41421356, -0.45628998],
       [ 0.38540317,  0.01524055],
       [ 0.97560476, -0.0666638 ],
       [-1.38616386,  1.41421356],
       [ 1.41421356,  1.41421356]])], [array([-0.58905313, -1.06056161, -2.28722567,  0.92360523,  1.03772089,
       -1.94864327]), array([0.19056261, 0.82831477])]]]
[371003, 13, 'birth', 23, 5, 0, [[array([[-1.50109328, -1.7330901 ,  2.11548905,  1.12803961, -1.74051889,
        -0.60198767],
       [-2.29208947,  0.22746925, -1.15446586,  1.34656968,  2.17242777,
         2.44948974],
       [ 2.14859802, -1.93441811, -0.28267793, -1.28324678,  2.44948974,
         2.33977552],
       [-0.31529481,  1.55267384,  1.42234633,  1.27050715,  0.44648755,
        -1.23753576],
       [-2.06749292, -1.56372894, -0.17256456, -2.33083116, -0.64036321,
         2.2512002 ],
       [ 2.44948974, -1.94773006,  1.64975129,  2.17425488, -2.44948974,
        -2.19768045]]), array([[-1.41421356,  1.41421356],
       [ 1.41421356, -0.33538436],
       [ 1.41421356,  0.4483802 ],
       [ 0.97560476, -0.0666638 ],
       [-1.38616386,  1.41421356],
       [ 1.41421356,  1.41421356]])], [array([-0.58905313,  0.23508255, -2.28722567,  1.370314  ,  1.03772089,
       -1.94864327]), array([ 0.19056261, -0.83252956])]]]
[371003, 2, 'birth', 1, 5, 0, [[array([[ 2.39518004, -2.44948974,  2.14555046,  2.30388588,  1.95512095,
         2.12330395],
       [-0.1375844 , -1.29810971,  2.07769305, -1.42125429,  2.39951262,
         0.55860142],
       [-0.3032661 , -0.78889912,  0.47162235,  0.85881881,  2.34758523,
         2.13517612],
       [ 2.26797836,  2.44948974, -1.05217926, -1.19775298,  1.97578948,
         1.58742135],
       [ 1.37784945, -0.04413541,  2.44948974,  2.18221149, -0.29047813,
        -1.25782466],
       [-1.51310594, -0.32405465,  2.12211357,  2.17425488, -2.44948974,
        -2.19768045]]), array([[ 0.1472762 ,  1.35520252],
       [ 1.06158892, -0.45628998],
       [ 1.41421356,  0.01524055],
       [ 1.41421356, -0.0666638 ],
       [-1.38616386,  1.41421356],
       [ 1.41421356,  1.41421356]])], [array([-0.58905313,  1.0425009 , -2.28722567,  0.92360523,  1.03772089,
       -1.94864327]), array([ 0.64227914, -0.83252956])]]]
[832358, 12, 'death']
[832608, 7, 'death']
[832758, 23, 'death']
[833008, 8, 'death']
[833258, 0, 'death']
[833508, 6, 'death']
[833708, 20, 'death']
[833958, 5, 'death']
[834208, 15, 'death']
[834408, 10, 'death']
[834558, 17, 'death']
[834808, 4, 'death']
[834958, 16, 'death']
[835108, 24, 'death']
[835258, 22, 'death']
[835408, 18, 'death']
[835558, 1, 'death']
[835708, 9, 'death']
[835908, 11, 'death']
[836108, 19, 'death']
[836458, 11, 'birth', 17, 5, 0, [[array([[-1.38236066, -0.38038958,  1.3597132 ,  1.70895207,  2.3385588 ,
        -2.04147224],
       [ 2.28644162,  0.07625461, -2.44948974,  1.17056934, -0.75938533,
         0.13228976],
       [ 2.44948974,  0.0353841 , -1.97891726,  2.21402725,  2.44948974,
         2.30574315],
       [ 0.60755679,  2.22908674, -1.05217926, -2.44948974,  1.97578948,
         1.63879062],
       [ 1.37784945, -0.04413541,  1.40660148, -0.46879912, -0.29047813,
        -1.25782466],
       [-1.51310594, -0.32405465,  2.44948974,  2.17425488, -2.19345037,
        -2.44948974]]), array([[-1.41421356,  1.35520252],
       [ 1.41421356, -0.45628998],
       [ 1.41421356,  0.01524055],
       [ 0.97560476, -1.41421356],
       [-1.38616386,  1.41421356],
       [ 1.41421356,  1.41421356]])], [array([-2.44948974,  0.23508255, -2.28722567,  0.92360523,  1.03772089,
       -1.94864327]), array([-0.99030217, -0.83252956])]]]
[836458, 5, 'birth', 23, 9, 1, [[array([[-1.50109328, -1.7330901 ,  2.11548905,  1.12803961, -1.74051889,
        -2.44449114],
       [-2.29208947,  0.22746925, -1.15446586,  1.34656968,  2.17242777,
         1.54668444],
       [ 2.14859802,  1.21868965, -0.86116614, -1.28324678, -2.44948974,
         2.33977552],
       [-0.31529481,  1.55267384,  1.42234633,  1.27050715, -2.44948974,
        -1.23753576],
       [-2.06749292, -1.56372894, -0.21873105, -2.33083116, -0.64036321,
         1.9021974 ],
       [ 0.92063813, -1.94773006,  0.34784044,  1.42128318, -1.2309248 ,
        -0.81200977]]), array([[-6.84135036e-01, -1.41421356e+00],
       [ 1.41421356e+00, -7.86023798e-01],
       [-1.09576407e+00, -2.00866508e-02],
       [-1.41421356e+00, -1.41421356e+00],
       [ 7.50328922e-01,  4.61674666e-04],
       [-1.09100940e+00, -2.33074843e-01]])], [array([-0.81694147,  2.23783147, -0.04851163, -2.08363722,  0.00563683,
       -2.05616374]), array([0.45994409, 1.41421356])]]]
[836458, 23, 'birth', 2, 19, 1, [[array([[ 2.39518004, -2.44948974,  2.14555046,  2.30388588,  1.95512095,
         2.12330395],
       [-0.1375844 , -2.44948974,  2.07769305, -1.42125429,  2.39951262,
        -2.40929698],
       [ 0.12996247, -2.41426147,  2.44948974,  0.85881881,  2.34758523,
         1.12921661],
       [ 0.32299758, -0.9873899 ,  0.98383287, -2.19880998,  2.23534198,
         1.46058152],
       [-1.18035149,  1.32794158,  1.97357712, -0.51880867, -1.61469996,
         1.56404244],
       [ 0.45766296,  0.69973222,  1.01132441,  2.44948974, -0.60547244,
         0.75797519]]), array([[-1.41421356,  0.47380061],
       [ 0.92191465, -0.50897762],
       [-0.57555935,  1.41421356],
       [-1.41421356, -1.41421356],
       [-1.41421356,  0.99519263],
       [ 1.41421356,  1.26442225]])], [array([-0.61850316, -0.16017864, -1.65343737, -2.44948974, -0.54878853,
       -1.59081585]), array([-1.41421356, -0.96645461])]]]
[836458, 0, 'birth', 12, 4, 1, [[array([[ 0.06250806,  2.44948974,  0.69134434,  0.50842219,  0.82946332,
         2.24012337],
       [-0.89616336, -2.44948974, -0.91429518, -0.23109053, -1.91990453,
        -2.43119137],
       [ 0.95651072,  1.03899213,  0.79058203, -2.44948974, -1.24197509,
        -2.44948974],
       [ 2.12083805, -1.41952258,  1.49331509,  2.42230038,  2.33176569,
         0.55539244],
       [ 1.68329785, -0.72358083, -2.0867394 , -1.65293327,  1.2727061 ,
         1.61776463],
       [-0.29103344,  1.81906808,  1.79025793,  0.12838101,  2.44948974,
         0.69194961]]), array([[ 1.41421356, -0.99616158],
       [-1.23781038, -1.41421356],
       [-1.41421356,  0.19375086],
       [ 1.06977792,  1.41421356],
       [-1.41421356, -0.72083499],
       [ 0.62636631, -0.84504792]])], [array([ 1.77567949, -0.81681776, -1.10641303,  0.77635897, -1.48146559,
        0.88330187]), array([-0.02617646, -1.41421356])]]]
[836458, 22, 'birth', 21, 4, 1, [[array([[ 0.97304598, -1.52969194,  2.40106351,  1.02816117, -0.04378585,
        -2.44948974],
       [ 0.65863643,  1.82614724,  0.74853943, -0.38169804,  1.1400606 ,
         1.62591059],
       [ 0.03928344,  1.25972459,  0.09037193,  2.44948974, -2.44948974,
        -1.68999632],
       [-2.05755069, -0.14342577, -1.1147446 , -2.44948974, -0.55854496,
         2.41784295],
       [ 0.41046432,  0.74614749, -0.29200871,  1.74007908, -2.2760789 ,
         2.30493979],
       [ 1.62673037,  0.8380908 , -0.61108626,  0.67727412, -2.44948974,
        -0.97074754]]), array([[ 1.33624995, -0.99616158],
       [-1.23781038, -1.41421356],
       [-1.41421356,  1.41421356],
       [ 1.06977792,  1.41421356],
       [-1.41421356, -0.72083499],
       [ 1.03760485, -0.84504792]])], [array([ 1.77567949, -0.81681776,  1.18403821,  0.77635897, -0.26363997,
        0.88330187]), array([-0.02617646, -1.41421356])]]]
[836458, 10, 'birth', 22, 8, 1, [[array([[ 0.87821077, -0.50665217, -1.79680834,  2.19487875,  0.92671961,
        -0.21799868],
       [ 0.08393637, -0.58441551,  1.94195825,  0.47058105,  1.07875611,
         1.71816685],
       [-0.45736167, -2.44948974,  0.63603479, -1.37092238,  0.37196333,
        -2.44948974],
       [-2.3352502 ,  0.77542012, -2.35726915, -0.22660945, -1.39916795,
         0.92328958],
       [-0.14743614,  0.82427479,  2.24388598, -1.87881234, -1.37328351,
         1.33793311],
       [ 2.44948974, -1.52946277,  0.99035881, -1.96934181, -1.12616747,
         0.07411709]]), array([[-1.41421356,  0.55503213],
       [ 1.14555315,  1.41421356],
       [ 0.05982356,  1.41173565],
       [ 1.41421356, -1.41421356],
       [-1.41421356,  1.41421356],
       [ 1.41421356,  1.34862963]])], [array([-2.05834975, -0.70043601, -0.415611  , -2.15040136,  1.12684443,
       -1.50837405]), array([ 0.40697898, -0.0929648 ])]]]
[949759, 4, 'birth', 13, 23, 0, [[array([[-1.50109328, -1.7330901 ,  2.11548905,  1.12803961, -1.74051889,
         1.17711619],
       [-2.29208947,  0.22746925, -1.15446586,  1.34656968,  2.17242777,
         2.44948974],
       [ 2.14859802, -1.93441811, -0.28267793, -0.66620702,  2.44948974,
         1.29116375],
       [-0.31529481,  2.42062552,  1.42234633, -2.19880998,  2.23534198,
         1.46058152],
       [-1.18035149,  1.32794158,  1.97357712, -0.51880867, -1.61469996,
         1.56404244],
       [ 0.45766296,  0.69973222,  1.01132441,  2.44948974, -0.60547244,
         0.75797519]]), array([[-1.41421356,  0.47380061],
       [ 0.92191465, -0.50897762],
       [-0.57555935,  1.41421356],
       [-1.41421356, -1.41421356],
       [-1.41421356,  0.99519263],
       [ 1.41421356, -0.11479687]])], [array([-0.61850316,  2.44948974, -1.65343737, -2.44948974, -0.54878853,
       -1.59081585]), array([-1.41421356, -0.96645461])]]]
[958009, 21, 'death']
[958259, 14, 'death']
[978309, 3, 'death']
[1010360, 13, 'death']
[1010660, 2, 'death']
[1108061, 3, 'birth', 11, 0, 1, [[array([[-1.38236066, -0.38038958,  1.3597132 ,  1.70895207,  2.44948974,
         1.78477197],
       [ 2.28644162,  0.07625461, -2.44948974,  1.17056934, -0.75938533,
         0.13228976],
       [ 2.44948974,  0.0353841 , -2.44948974, -2.44948974,  2.44948974,
         2.30574315],
       [ 0.60755679,  2.22908674, -1.05217926, -2.44948974,  1.97578948,
         2.44948974],
       [ 1.68329785, -0.72358083, -2.0867394 , -1.65293327,  1.2727061 ,
         1.61776463],
       [-2.44948974,  1.81906808,  1.79025793,  0.12838101, -1.34435841,
         0.69194961]]), array([[ 1.41421356, -0.99616158],
       [-1.23781038, -1.41421356],
       [-1.41421356,  0.19375086],
       [ 1.06977792,  1.41421356],
       [-1.41421356, -0.72083499],
       [ 0.62636631, -0.84504792]])], [array([ 1.77567949, -0.81681776, -1.10641303, -2.44948974, -1.48146559,
        0.18862917]), array([-0.02617646, -1.41421356])]]]
[1156711, 11, 'death']
[1157011, 5, 'death']
[1157261, 23, 'death']
[1157561, 0, 'death']
[1157861, 22, 'death']
[1158161, 10, 'death']
[1181761, 4, 'death']
[1182111, 3, 'death']
[1182111, 'Extinction!']
