[time, indiv, parent1, parent2, gender, brain]
[200, 8, -1, -1, 0, [[array([[-0.83005939,  0.84202047, -0.83233577, -0.48686207, -1.14438831,
        -2.24648415],
       [ 0.70701122,  1.15784247, -2.0029173 ,  0.62873574,  0.43722486,
         2.12235542],
       [ 2.20869372,  0.70005751, -2.02738633,  0.6344533 ,  0.2234298 ,
         0.73382199],
       [ 0.44172859, -1.78696192,  1.37041299, -1.07625102, -1.01641941,
         1.68587967],
       [-2.08203763,  0.09863384,  1.02901801, -0.15347614,  1.9020037 ,
        -0.0944359 ],
       [ 1.08947008, -0.75403204, -1.94728224, -2.15473287, -1.00910214,
         2.43926316]]), array([[ 1.59771341,  2.4409632 ],
       [-1.95611903, -2.3595436 ],
       [-1.78902542,  0.27060654],
       [-2.22607002,  1.05327464],
       [-0.87011904, -2.32748543],
       [-2.35498315, -1.28294303]])], [array([-1.5264896 , -0.11731212,  1.02797914, -1.48512574,  1.80077121,
        0.67324847]), array([-0.09351097, -0.84389767])]]]
[200, 7, -1, -1, 1, [[array([[ 2.25245688,  2.11241756,  1.82403888, -0.82271257, -0.68187445,
        -0.22385018],
       [ 1.25192494, -0.64045751, -0.67272244, -0.86421135,  1.5891826 ,
        -0.88199538],
       [-0.19612953, -1.22466515,  1.20126016,  1.86797943,  1.17274641,
         0.92936935],
       [-1.17437551,  1.16423543,  1.99123303, -2.22258919,  0.92906396,
         0.29733447],
       [ 0.79185948,  0.13804599,  0.54865686, -0.17239238,  2.26228654,
        -0.55989849],
       [ 0.81178927,  2.30984824, -0.82143317,  1.21525388, -2.03834174,
        -2.40446914]]), array([[-1.20709536, -0.44140249],
       [ 0.43419791, -1.05045689],
       [-0.48742125,  1.89877119],
       [-1.40053417, -0.04474684],
       [-0.36318629,  1.39072983],
       [-0.22343286,  0.16873393]])], [array([-0.31922613,  0.78082709,  1.2521731 ,  0.89770397, -2.10970631,
       -1.97696836]), array([2.40018324, 1.56406523])]]]
[200, 17, -1, -1, 0, [[array([[ 2.04095309, -0.89038002, -0.1319751 , -1.00128005, -0.85872514,
         0.48485126],
       [ 1.65063452,  1.6774626 ,  0.02034735, -1.27570189, -2.24595803,
         1.86063477],
       [-1.93618081,  1.88845037, -0.38232941, -0.59021147,  1.56682646,
        -0.29661549],
       [-1.74133467,  0.01362716,  2.40368125, -1.29831609, -0.51600984,
         0.89098849],
       [ 1.89487005,  0.20576568, -1.81041668, -1.70325695,  1.36754786,
        -0.36905967],
       [-1.83888155,  0.99468208,  1.0017791 , -1.66928853, -1.28782306,
        -1.84040823]]), array([[-1.21111105,  2.04285422],
       [ 0.92611587,  1.58656464],
       [-0.75865543, -0.07827374],
       [ 1.4838993 , -1.48033226],
       [ 1.29064083,  2.23783356],
       [-0.77933828,  1.85589571]])], [array([ 2.27904369, -1.54804233,  1.06984156, -1.46422138, -2.11894458,
        0.18431154]), array([ 1.1515739 , -1.05080668])]]]
[200, 23, -1, -1, 1, [[array([[-0.45155316,  2.19362341,  0.01438668, -1.89289956,  0.85976511,
        -1.67548381],
       [-2.04254001,  1.83221546,  0.2988918 , -1.72800196, -0.68436978,
         0.30562513],
       [-0.68857797,  1.34923849,  1.25174496, -0.75711727,  0.8173651 ,
         2.17126322],
       [-1.33478013,  1.87350736, -0.09208671,  1.33000676, -1.40484256,
        -2.26549474],
       [-2.42993463, -2.28460484, -0.83615584,  0.32814232,  0.95210946,
         0.72934309],
       [ 2.19984327,  0.74853202, -1.65977879, -1.83900358,  1.64410144,
         1.87336632]]), array([[ 0.69831804,  2.3967698 ],
       [-0.2576347 ,  1.69403961],
       [ 1.46510286, -1.06330423],
       [-0.11450006,  1.08165894],
       [ 0.36861471, -1.1516688 ],
       [ 1.50866355, -1.5964158 ]])], [array([-0.07103553,  1.96492407, -0.30525148,  0.63620702,  0.31799726,
        1.44069804]), array([ 0.94763893, -0.87515913])]]]
[200, 10, -1, -1, 0, [[array([[-2.13878975e+00, -2.04452767e+00,  1.46772146e+00,
         2.02816740e+00,  1.68209721e+00,  4.01571571e-01],
       [-2.06737686e+00, -8.23741470e-01,  5.37150130e-01,
         9.28298272e-04, -5.88216875e-01,  1.84362706e+00],
       [-1.25484344e+00, -8.65337579e-01,  6.32802932e-01,
        -1.10042181e+00,  1.25922126e+00,  9.81431139e-01],
       [-1.86883372e+00, -8.22259565e-01,  2.01305944e+00,
         8.02238995e-01,  1.57323233e+00, -1.63866964e+00],
       [ 2.30982048e+00,  2.95408741e-01,  1.68616142e+00,
         2.74832318e-01, -1.51286869e+00, -2.42379410e+00],
       [ 2.13551221e+00,  1.77571850e+00,  1.47376471e+00,
         2.21104675e+00,  1.97234054e-02, -2.06117924e-01]]), array([[-0.67491982, -1.72611384],
       [-0.17179798,  2.24037002],
       [ 0.07145412, -1.34236474],
       [-0.80719579,  0.7046052 ],
       [-0.2584873 ,  2.09909879],
       [ 1.7180137 ,  1.80262464]])], [array([-0.97421308,  1.44284513,  0.45032728,  0.32213668, -2.27847337,
       -1.20582884]), array([0.63998022, 0.5018814 ])]]]
[200, 24, -1, -1, 1, [[array([[-1.04751589,  1.49385113, -0.70755618, -0.7437656 ,  1.15440405,
         0.71783059],
       [-0.83084041, -2.26288696,  0.25914303,  0.73658716, -2.35566914,
        -2.05580593],
       [-0.36536328,  1.15061742, -0.74666008,  0.90361167,  2.3664742 ,
        -2.03630342],
       [ 0.39539722,  1.62884701, -1.18571627,  2.123533  , -0.32641987,
        -1.3636662 ],
       [-2.38568106, -0.2866806 ,  1.04524571,  2.09523247,  0.07506495,
         0.60077187],
       [-0.7673469 ,  2.31145376, -2.2072907 ,  0.85946895,  1.6885    ,
         1.17674938]]), array([[ 1.69076282, -1.43238706],
       [-0.35574661, -0.72439566],
       [ 0.33895468, -0.1191127 ],
       [-1.7334357 ,  2.03998171],
       [-1.97662442, -0.93913123],
       [-0.64426938,  1.8735161 ]])], [array([-0.39139377, -0.68467728, -0.45513894, -2.17537292,  2.19729933,
        0.66327584]), array([ 1.71002003, -1.16158151])]]]
[200, 5, -1, -1, 0, [[array([[-0.95145029,  1.97619479,  1.73085517,  0.86804096,  0.76352776,
         0.80101424],
       [-2.40706381, -1.63011324, -1.11909547, -2.08518167,  2.41979744,
        -1.77990236],
       [ 0.60637045,  2.04703175,  2.17590007,  2.35206851, -1.50762617,
         2.09909949],
       [-1.91582484,  0.49544479, -1.18913068, -1.28223935, -0.8891049 ,
         0.39596578],
       [-0.47126759, -0.67688647,  0.56799466,  1.36997708, -0.22244554,
        -1.1610749 ],
       [ 0.49253103,  1.96863459, -1.85773558,  0.9557521 ,  2.13833877,
        -1.68698315]]), array([[-1.15869225, -0.61645153],
       [ 0.39372134, -1.04484471],
       [-2.20695596, -0.51229457],
       [-0.79915063,  0.23361175],
       [ 1.68422931,  2.08525328],
       [ 0.07201699,  1.09991397]])], [array([ 1.35484863,  0.13562866,  1.7830143 , -2.41965304, -0.06953063,
        1.83608288]), array([1.60145327, 0.04535096])]]]
[200, 20, -1, -1, 1, [[array([[-1.79216185, -0.19558338,  0.34511882,  1.77956664,  1.57560501,
         0.60449424],
       [ 1.56773736, -0.45769794, -1.22046402,  1.79079887, -1.49656583,
        -0.54857045],
       [-0.74464036, -0.66231677, -1.00787722,  1.27640633, -2.34319552,
         1.2811744 ],
       [-0.66836856, -0.02439719, -1.88796962, -1.58443172, -2.29210359,
        -0.40583259],
       [-0.1049225 , -2.09846901, -0.05349805, -0.90548319, -0.74948749,
         1.45453821],
       [-0.40625548,  2.20705665,  2.30406364,  2.10545329,  0.76564088,
        -0.45120808]]), array([[ 0.507237  , -0.71886582],
       [-1.37956475, -1.60027035],
       [ 0.34414759, -2.40810341],
       [-1.2956429 , -1.22594522],
       [ 0.1578777 ,  1.85605639],
       [ 0.38677654,  0.16798711]])], [array([ 1.09508381, -0.70344342, -1.06857051,  1.45226972,  2.0977119 ,
        0.26277715]), array([-2.03886926, -2.38622262])]]]
[200, 21, -1, -1, 0, [[array([[ 1.91739881,  0.62721914,  0.2806843 ,  1.30558404, -2.27414427,
        -0.10708282],
       [-1.06044436,  0.52043726, -0.15762966, -0.16369985,  1.55982339,
        -2.03201333],
       [ 0.44204227, -2.33238384,  1.31600057, -2.23666698,  1.75604081,
        -2.11702814],
       [ 0.57916068,  1.33027835,  2.05641938, -0.85099779,  0.69312083,
        -0.83651703],
       [ 1.09022425,  1.98950143, -0.63948738,  2.0853863 , -1.60264745,
         0.49396851],
       [-1.68033182, -0.12153045,  1.62241736,  2.34391314,  1.55262949,
         1.89059812]]), array([[ 0.49575422,  1.86525715],
       [-0.55636345, -2.00308823],
       [ 1.63269731,  0.37568208],
       [ 1.13923308, -0.349849  ],
       [ 1.45506391, -0.62739542],
       [-1.58522484,  0.59991679]])], [array([ 0.55146785, -0.54830167, -1.14524087,  1.15043096,  2.37826197,
        1.41410537]), array([ 0.57146873, -1.85180755])]]]
[200, 15, -1, -1, 1, [[array([[ 1.14696322,  0.33558161,  1.3451126 , -0.49054547,  1.42887138,
         1.10475567],
       [ 2.12131232, -1.56818162,  0.12221525,  0.71808724,  2.38401827,
         0.51503627],
       [-0.48133838,  1.39985224, -2.27279844, -0.35337177, -1.18663321,
         1.61135483],
       [ 1.34605296,  2.13572235,  1.43394634,  1.87658245, -0.26545403,
         1.03820547],
       [-1.82132971,  0.34744684,  1.92039931, -0.98786291,  2.28096594,
         0.83389524],
       [ 1.88333222,  2.4130263 , -0.62301078, -0.32199866,  0.42532176,
         0.15200576]]), array([[-0.72447153,  0.94284858],
       [ 0.16019309,  0.31728977],
       [-2.130852  ,  0.71639304],
       [ 1.65093124, -0.52585525],
       [-1.15451639,  1.52739585],
       [ 1.61146005,  2.10961052]])], [array([-0.74702304,  1.73909121,  1.39871769, -0.27555517,  0.81407986,
       -2.35330473]), array([-0.4463472 , -2.09184317])]]]
[200, 19, -1, -1, 0, [[array([[-1.60915017, -1.00814638,  1.86371427, -1.70499952, -0.87633756,
        -0.09367851],
       [ 1.90853336,  0.71444582,  0.14477784,  0.22594525,  1.72737016,
        -1.91592812],
       [-0.11942239, -0.29194586,  2.40921859,  0.97998954,  2.37993442,
         1.50627141],
       [ 0.26006055, -0.92326811, -1.17644185,  0.94938554, -0.59899341,
         1.59891133],
       [-2.14083341, -2.23511007,  0.99156989,  1.3008477 ,  1.53468014,
        -2.05001975],
       [ 1.54283743,  1.47221809,  0.08503018, -0.33295608,  1.92644617,
         2.31312699]]), array([[-0.48181304,  1.58667501],
       [-1.03975537, -1.88659759],
       [-1.7173431 , -0.96882026],
       [-1.14651534,  0.67972399],
       [ 0.72123566, -2.1220008 ],
       [ 0.70513591,  2.42978215]])], [array([-1.11020717,  2.2675668 ,  1.89056823, -2.33322016, -0.18071074,
        0.52792501]), array([ 0.46865629, -1.4534973 ])]]]
[200, 0, -1, -1, 1, [[array([[-0.8357447 , -0.25963933,  2.29286976,  0.71770232,  0.97113368,
         1.32967929],
       [-2.17648034,  0.17463491,  1.45765618,  0.12289126,  2.2857848 ,
         2.03414985],
       [ 0.95233503, -2.38055724,  2.12573555, -0.23584224, -0.52997959,
        -1.23199513],
       [-2.29465199,  1.54766696,  0.65582177, -1.02713372,  1.7257559 ,
         2.29820138],
       [-1.0937997 ,  1.34043195,  1.41797805,  1.43389398, -0.85906755,
        -0.04397956],
       [ 0.95549862,  1.99720994, -1.49329333, -0.9643846 , -1.96180323,
        -1.13543883]]), array([[ 2.26312076,  2.17964155],
       [ 0.03052732,  1.89608563],
       [-0.61706966, -1.04864058],
       [ 1.34993813,  2.00241833],
       [ 0.12327834, -0.93496306],
       [-2.15689143,  0.86547487]])], [array([ 0.37266591,  1.65718659, -1.99657698,  1.78361704,  0.84127027,
       -2.11749901]), array([1.91201771, 0.1497116 ])]]]
[200, 11, -1, -1, 0, [[array([[-0.91203123, -2.37025355, -1.04728753,  1.92695615,  2.35449849,
         1.02492134],
       [ 0.54398056,  1.41521737,  1.47326314,  0.56160115,  1.26583886,
        -2.20569859],
       [ 1.86607783,  1.20730102, -0.73373231, -1.00428702, -1.09564134,
        -2.30993397],
       [ 0.01250215, -0.18889185, -0.33640971, -0.26926506,  1.9538406 ,
        -0.46411636],
       [ 2.15465329,  2.25711994,  1.41959512,  1.65414819,  1.54652142,
        -1.93196667],
       [ 2.23512401,  0.84901261, -1.69796397,  1.62468414,  1.98164785,
         0.18471172]]), array([[-0.34647976, -2.27008359],
       [ 2.26419909,  0.3433321 ],
       [-0.9288908 ,  1.73068778],
       [-1.94177833, -0.44697574],
       [ 0.16783071, -1.25943374],
       [ 1.219884  ,  0.85112541]])], [array([ 0.67105662, -1.91484974,  1.12720153,  0.30203892, -1.16990806,
       -0.74519842]), array([-1.30413762,  0.20226681])]]]
[200, 14, -1, -1, 1, [[array([[-1.68789133,  1.68260382,  1.43375532,  0.75268066,  0.20285898,
        -0.20386484],
       [ 0.6337196 ,  0.36636656,  0.92433022,  0.37295296,  0.83813363,
        -0.06811721],
       [-1.92875522, -2.2568819 ,  0.33135421,  1.86247758,  0.83886501,
         1.72691084],
       [ 0.27507688,  1.7154395 ,  2.10024007, -0.06270043,  1.10139107,
         2.17124926],
       [ 1.56626763,  0.48864007,  1.22551511, -0.82474933,  2.08195819,
        -1.83703012],
       [ 0.84197571,  1.47732512,  2.08066818,  1.23098256,  2.07227883,
         1.87795729]]), array([[-1.05754171, -0.92694256],
       [ 2.03274408,  2.22550049],
       [ 2.39541684, -1.91515117],
       [ 1.18022204,  0.62985894],
       [ 0.78810596,  0.72158881],
       [ 0.78204427, -1.83719462]])], [array([-1.25556387,  1.9104084 , -0.05392799,  1.17336578,  0.91833751,
       -1.21708804]), array([-1.77437805,  0.6650529 ])]]]
[200, 22, -1, -1, 0, [[array([[-0.82159379,  0.04850837, -0.7516637 , -0.49833511, -0.33344221,
        -0.0836362 ],
       [ 1.43040242,  0.99553503,  0.28489368,  2.12188981, -2.42884659,
         0.46541372],
       [ 0.26524595,  0.77097219,  0.3415299 , -0.62417395,  0.82979752,
        -2.30651718],
       [-0.25414521,  2.18723048,  1.17684812, -0.03650735,  1.98947881,
        -1.88965275],
       [ 1.75509238, -0.02715411, -2.13673329,  0.1846152 , -1.78189093,
         0.8937812 ],
       [ 0.2014838 , -0.21813227,  0.53585708,  2.34282327,  1.86019652,
         1.01708617]]), array([[-1.51206876,  1.06837471],
       [ 1.15133954, -0.07506801],
       [ 1.3204918 ,  0.91018226],
       [-1.00310553,  1.83026386],
       [ 2.34524517, -0.89139631],
       [ 1.21004648, -1.64760804]])], [array([-2.13711707, -0.67237359, -1.91257972,  0.80238268,  2.20738371,
        1.00736481]), array([-2.20173738,  2.06292848])]]]
[200, 1, -1, -1, 1, [[array([[-0.91233309,  0.71503407,  1.98989632,  0.31489365, -1.69007108,
        -0.58830607],
       [ 2.40594482, -1.44738036, -1.12955338,  1.91733111,  1.63699456,
        -0.28767262],
       [ 1.38447038, -1.2481418 ,  1.54697453,  1.81079671, -1.67201394,
         1.28826398],
       [ 1.77099791, -1.44833111, -1.34214865,  0.19211101,  2.37880504,
         0.11042581],
       [-0.84763008,  0.44376758, -0.97464058,  1.46540278, -0.66441232,
         1.24231585],
       [ 1.81512684, -2.26054172,  1.03182115,  0.63734108, -0.16481152,
        -0.05054593]]), array([[-0.80336351,  0.503465  ],
       [-1.45615473,  1.63471297],
       [ 1.04280492, -1.11493628],
       [ 0.2645997 ,  2.10763273],
       [-1.76173647,  1.19400005],
       [-1.77929314,  2.29290334]])], [array([ 0.4802696 , -1.02604702, -2.32599564, -1.37568893, -0.26729866,
       -0.39820674]), array([1.61783076, 1.03587046])]]]
[200, 12, -1, -1, 0, [[array([[ 2.04305433,  1.54647849,  2.13877075, -1.67195604,  2.05132227,
        -1.87614264],
       [-1.43161856, -0.6834367 ,  1.09766373, -1.66884234,  0.60951836,
        -1.8937487 ],
       [-1.71515189, -1.97411307, -2.26580138, -0.87541545,  0.26808984,
        -2.41216384],
       [ 0.75954851,  1.00010543,  1.45209499,  2.368145  ,  0.73320186,
        -0.44801804],
       [-2.02551693, -2.26903159,  0.95618007,  1.84119471,  2.09691054,
        -1.70929469],
       [-2.15361034,  0.80207374, -0.29397617, -2.13651749,  0.12882153,
         0.78173664]]), array([[-0.80288307,  0.37357667],
       [ 1.81681289, -1.7567094 ],
       [ 1.01916006,  1.59755246],
       [-0.03856124, -1.0901113 ],
       [-0.84309225,  1.30664025],
       [-2.33059032,  0.69806879]])], [array([ 0.86275315, -0.55083689, -0.31983405, -0.18964385,  2.30818549,
        0.43939617]), array([1.48029914, 0.33735462])]]]
[200, 13, -1, -1, 1, [[array([[ 1.68320223, -0.86161967,  2.03272258, -0.29728556, -0.2204292 ,
        -0.46280318],
       [ 0.25406724,  0.68477773, -0.92845303, -1.26968985, -1.03994493,
        -2.44242159],
       [ 1.8780086 ,  2.3476313 ,  0.19218092,  1.7785628 ,  1.47782807,
        -1.30247385],
       [ 1.32765079,  1.19021215,  0.35309205, -1.56589756, -1.13582164,
         1.19430861],
       [ 0.58704374, -1.75106696, -0.38887552, -0.75981334,  2.21069214,
        -1.22439444],
       [-1.48742607,  1.11662569, -1.5210072 ,  2.27973602,  0.95713221,
         2.38505979]]), array([[-2.38023581,  0.62627213],
       [-1.49793639,  0.36856649],
       [-2.12790559,  0.23984451],
       [-2.19753743,  1.80606395],
       [ 1.14153678,  0.15328323],
       [ 0.32624253, -0.23728626]])], [array([ 0.61188061, -2.22330839, -0.68690678, -1.28835117,  0.48928743,
        2.04836476]), array([0.72202651, 1.90217634])]]]
[200, 3, -1, -1, 0, [[array([[-0.23121674, -1.06991057, -2.21991672,  2.08573551, -0.67495539,
         0.46622097],
       [-0.97772795,  0.07866599, -0.09354997,  1.54308577,  2.25440379,
         2.24979023],
       [-0.2492052 , -2.08398875,  0.76273935,  0.0939509 , -0.6734447 ,
        -1.64447203],
       [ 1.50691141,  0.74752336, -0.90962711, -0.28230757,  1.19790554,
        -0.71154465],
       [-0.02712387,  1.02099381,  0.80800971,  0.76163568,  1.74145497,
        -1.63528626],
       [ 0.92376044,  1.58323115, -0.53479297,  0.92185345, -2.27617295,
         2.08391389]]), array([[ 2.31813216, -0.6244073 ],
       [ 0.28519014,  0.09831975],
       [-0.26298608,  1.66521229],
       [ 1.63360467,  1.47565109],
       [-2.00754629, -2.00294922],
       [ 0.86289336,  0.86685173]])], [array([-1.36870503, -1.97964884, -0.55641895,  0.91997405, -2.13193545,
        1.02600874]), array([-0.08303829,  1.94310822])]]]
[200, 16, -1, -1, 1, [[array([[ 0.35478848,  2.33937074,  0.01563531, -2.32672658, -0.74133985,
         2.21491756],
       [ 1.95579785, -2.13404219, -1.40461665,  1.3823806 ,  0.11461578,
         1.47869371],
       [-2.15112874, -2.1697396 ,  0.09525768, -0.4541196 , -0.23442215,
         2.30885241],
       [ 0.62540347, -1.79665947, -0.62143964,  1.82359074, -0.76442026,
        -2.21611474],
       [ 1.90563904, -0.47438582, -0.13709774,  1.95240814, -0.08604446,
        -2.16413702],
       [ 1.09966678,  0.95050682, -0.79959974,  2.00839546, -0.9050883 ,
         0.39114773]]), array([[-0.69914219,  1.01152073],
       [ 1.94680984,  0.88637852],
       [-1.30645994, -0.36226487],
       [ 1.09572405, -2.0907682 ],
       [-0.63211626,  1.30601557],
       [ 0.36958936, -0.77524152]])], [array([ 1.56812049, -0.11364123, -2.01598031, -1.38397114,  2.44301522,
        1.02177965]), array([-1.44233988, -1.8522018 ])]]]
[50000, 18, 'birth', 8, 24, 0, [[array([[-0.83005939,  1.73375894, -0.83233577, -0.48686207, -1.14438831,
        -2.24648415],
       [-0.83084041, -2.26288696,  0.34809589,  0.73658716, -2.35566914,
        -2.05580593],
       [-0.36536328,  1.15061742, -0.74666008,  1.8273095 ,  2.3664742 ,
        -2.03630342],
       [ 0.39539722,  1.62884701, -1.18571627,  2.44948974, -0.32641987,
        -1.3636662 ],
       [-2.38568106, -0.2866806 ,  1.04524571,  2.09523247,  0.07506495,
         0.60077187],
       [-0.7673469 ,  2.31145376, -2.2072907 ,  0.85946895,  1.54233401,
         1.17674938]]), array([[ 1.41421356, -1.41421356],
       [-1.38310469, -1.41421356],
       [ 0.33895468, -0.1191127 ],
       [-1.41421356,  1.41421356],
       [-0.70772842, -0.93913123],
       [-1.41421356,  0.98996858]])], [array([-0.39139377, -0.68467728, -0.45513894, -2.17537292,  2.19729933,
        0.66327584]), array([ 0.01912811, -1.16158151])]]]
[98400, 6, 'birth', 22, 16, 0, [[array([[-0.82159379,  0.04850837, -0.7516637 , -0.49833511, -0.33344221,
        -0.0836362 ],
       [ 1.43040242,  0.99553503,  0.28489368,  2.12188981, -1.5591187 ,
         0.46541372],
       [ 0.26524595, -2.07942384,  0.3415299 , -0.62417395, -1.11601727,
        -2.30651718],
       [-0.25414521,  2.18723048,  1.17684812, -0.03650735,  1.98947881,
        -1.88965275],
       [ 1.75509238, -0.02715411, -2.13673329,  0.1846152 , -1.78189093,
         0.8937812 ],
       [ 0.2014838 ,  1.72354804,  0.53585708,  2.34282327,  1.86019652,
         0.39114773]]), array([[-0.43814817,  1.01152073],
       [ 1.41421356,  0.88637852],
       [-1.41421356, -0.36226487],
       [ 1.30273779, -1.41421356],
       [ 0.06724324,  1.30601557],
       [ 0.36958936, -1.41421356]])], [array([ 1.56812049e+00, -1.13641227e-01, -2.01598031e+00,  1.17940244e-03,
        2.44301522e+00,  1.02177965e+00]), array([-1.41421356, -1.41421356])]]]
[98400, 9, 'birth', 12, 23, 0, [[array([[ 2.04305433,  2.44948974,  0.01438668, -1.89289956,  2.44948974,
        -1.67548381],
       [-2.04254001,  1.83221546, -2.13409706, -1.72800196, -0.68436978,
         0.30562513],
       [-0.68857797, -1.08304413,  1.25174496, -0.75711727, -2.09285811,
         2.17126322],
       [-1.33478013,  1.87350736,  0.73259497,  1.33000676, -1.40484256,
        -2.26549474],
       [ 0.31660558, -2.28460484, -0.83615584,  2.44948974,  0.95210946,
        -1.13522752],
       [ 2.19984327,  0.74853202, -1.65977879, -1.83900358,  1.64410144,
         2.41729406]]), array([[ 0.69831804,  1.41421356],
       [-0.2576347 ,  0.72825971],
       [ 1.41421356, -1.06330423],
       [-0.11450006,  1.08165894],
       [ 0.36861471, -1.1516688 ],
       [ 1.41421356, -1.41421356]])], [array([-0.07103553,  1.96492407, -0.30525148,  0.63620702, -2.44948974,
        1.44069804]), array([-1.41421356, -1.16316735])]]]
[116951, 2, 'birth', 12, 7, 1, [[array([[ 2.04305433,  1.54647849,  2.44948974, -2.44948974,  2.05132227,
        -1.87614264],
       [-1.43161856, -0.6834367 ,  2.44948974, -1.66884234,  0.60951836,
        -1.8937487 ],
       [-1.71515189, -1.97411307, -2.44948974, -0.87541545,  0.26808984,
        -2.41216384],
       [ 0.75954851,  1.00010543,  1.45209499,  2.44948974, -1.65150816,
        -0.44801804],
       [-2.02551693, -2.26903159,  0.95618007,  1.84119471,  2.09691054,
        -1.70929469],
       [-2.15361034,  0.80207374, -2.44948974, -2.13651749,  0.12882153,
         0.78173664]]), array([[-0.80288307, -0.28162364],
       [ 1.41421356, -1.41421356],
       [-1.09369408,  1.41421356],
       [-0.40312019, -1.0901113 ],
       [-0.36318629,  1.39072983],
       [-0.22343286,  0.16873393]])], [array([-0.31922613,  0.78082709,  1.2521731 ,  0.89770397, -2.10970631,
       -2.44948974]), array([1.41421356, 1.41421356])]]]
[136151, 4, 'birth', 19, 24, 0, [[array([[-1.60915017,  2.44948974,  2.44948974, -2.44948974,  2.44948974,
        -0.09367851],
       [ 1.90853336,  0.71444582,  0.14477784,  1.90571352,  1.72737016,
        -1.91592812],
       [-0.11942239, -0.29194586,  2.40921859,  0.97998954,  2.44948974,
         1.50627141],
       [ 0.26006055, -0.92326811, -1.17644185,  0.94938554,  0.33201841,
         1.59891133],
       [-2.14083341, -2.23511007,  0.99156989,  1.3008477 ,  1.53468014,
        -2.05001975],
       [ 1.54283743,  1.14654121,  1.04021129, -0.042739  ,  1.6885    ,
         1.17674938]]), array([[ 1.41421356, -1.41421356],
       [ 0.91550755, -0.72439566],
       [-0.14064442, -0.1191127 ],
       [-1.41421356,  1.41421356],
       [-1.41421356, -0.48082004],
       [-0.64426938,  1.41421356]])], [array([-0.39139377, -0.68467728,  0.32934611, -2.17537292,  2.19729933,
        0.66327584]), array([ 1.41421356, -1.16158151])]]]
[909609, 8, 'death']
[909859, 7, 'death']
[910109, 17, 'death']
[910409, 23, 'death']
[910709, 10, 'death']
[911009, 24, 'death']
[911309, 5, 'death']
[911609, 20, 'death']
[911909, 21, 'death']
[912209, 15, 'death']
[912509, 19, 'death']
[912759, 0, 'death']
[913059, 11, 'death']
[913359, 14, 'death']
[913659, 22, 'death']
[913959, 1, 'death']
[914259, 12, 'death']
[914559, 13, 'death']
[914859, 3, 'death']
[915159, 16, 'death']
[915759, 22, 'birth', 6, 16, 0, [[array([[-0.82159379,  1.18543448, -0.7516637 , -0.49833511, -0.33344221,
        -0.0836362 ],
       [ 2.44948974, -2.13404219, -1.40461665,  1.3823806 ,  0.11461578,
         1.47869371],
       [-2.15112874, -2.1697396 ,  0.09525768, -0.4541196 , -0.23442215,
         2.30885241],
       [ 2.2833192 , -1.79665947, -0.62143964,  1.82359074, -0.76442026,
        -2.21611474],
       [ 1.90563904, -2.44948974, -0.13709774,  1.95240814, -0.08604446,
        -2.16413702],
       [ 2.12252984,  0.95050682, -1.08146212,  2.44948974, -0.9050883 ,
         0.39114773]]), array([[-0.69914219,  1.01152073],
       [ 1.41421356,  0.88637852],
       [-1.41421356, -0.36226487],
       [ 1.09572405, -1.41421356],
       [-0.63211626,  1.30601557],
       [ 1.41421356, -0.77524152]])], [array([ 1.56812049, -0.11364123, -2.01598031, -1.38397114,  2.44301522,
        1.02177965]), array([-1.41421356, -1.41421356])]]]
[915759, 21, 'birth', 8, 7, 1, [[array([[-0.83005939,  0.84202047, -0.83233577, -0.48686207, -1.14438831,
        -2.24648415],
       [ 0.70701122,  1.15784247, -2.0029173 ,  0.62873574, -0.35454092,
         2.12235542],
       [ 2.20869372,  0.70005751, -2.02738633,  0.6344533 ,  0.2234298 ,
         0.73382199],
       [ 0.44172859, -1.78696192,  1.37041299, -1.07625102, -1.01641941,
         1.68587967],
       [-2.08203763,  0.09863384,  1.02901801, -0.15347614,  1.9020037 ,
        -0.0944359 ],
       [ 1.08947008,  2.30984824, -2.14350805,  1.21525388, -2.03834174,
        -2.40446914]]), array([[-1.20709536, -0.44140249],
       [ 0.43419791, -1.05045689],
       [-0.48742125,  1.41421356],
       [-1.40053417, -0.04474684],
       [-0.05601142,  1.39072983],
       [-0.22343286,  0.16873393]])], [array([-0.31922613,  0.78082709,  1.2521731 ,  0.89770397, -2.10970631,
       -1.97696836]), array([1.41421356, 1.41421356])]]]
[915759, 16, 'birth', 11, 0, 0, [[array([[-0.91203123, -2.37025355, -2.44948974,  2.44948974,  2.35449849,
         1.02492134],
       [-2.44948974,  1.41521737,  1.47326314,  0.56160115,  1.26583886,
         0.70157423],
       [ 1.78275229,  1.20730102, -0.73373231, -1.00428702, -1.09564134,
        -2.30993397],
       [-0.58274692, -0.18889185, -0.33640971, -0.26926506,  1.9538406 ,
        -0.46411636],
       [ 1.20696989,  2.25711994,  1.41959512,  1.65414819,  1.54652142,
        -1.93196667],
       [ 2.23512401,  0.84901261,  2.07990921,  1.62468414,  1.98164785,
         0.18471172]]), array([[ 1.41421356,  1.41421356],
       [ 0.03052732,  1.41421356],
       [-0.61706966, -1.04864058],
       [ 1.34993813,  1.41421356],
       [ 0.12327834, -0.93496306],
       [-1.13498181,  0.86547487]])], [array([ 0.37266591,  1.65718659, -1.99657698,  1.78361704,  0.84127027,
        2.05232425]), array([1.41421356, 0.68258123])]]]
[915759, 8, 'birth', 4, 0, 1, [[array([[-1.60915017,  2.44948974,  2.44948974, -2.44948974,  2.44948974,
        -0.09367851],
       [ 1.90853336,  0.2196732 ,  0.14477784,  1.90571352,  1.24971948,
        -1.91592812],
       [-0.0203367 ,  0.42940425,  2.40921859,  0.97998954, -0.56101542,
        -1.23199513],
       [-2.44948974,  1.54766696, -0.48747955, -1.02713372, -2.33482444,
         2.29820138],
       [-1.0937997 ,  0.34271632, -2.44948974,  1.43389398, -0.85906755,
        -0.04397956],
       [ 0.95549862,  1.99720994, -2.44948974, -0.9643846 ,  0.17782594,
        -1.13543883]]), array([[ 1.41421356,  1.41421356],
       [ 0.03052732,  1.41421356],
       [-1.09740386, -1.04864058],
       [ 1.34993813,  1.41421356],
       [ 0.12327834, -0.93496306],
       [-1.41421356,  0.86547487]])], [array([ 0.37266591,  1.65718659, -1.99657698,  1.78361704,  0.84127027,
       -2.11749901]), array([1.41421356, 0.16634735])]]]
[915759, 14, 'birth', 12, 20, 0, [[array([[ 2.04305433,  1.54647849,  2.13877075, -1.67195604,  0.28907351,
         1.39370137],
       [-1.43161856, -0.6834367 ,  2.44948974, -1.66884234,  0.60951836,
        -2.44948974],
       [-1.71515189, -1.97411307, -2.26580138, -0.87541545,  1.56801638,
        -2.41216384],
       [ 1.54393135, -0.02439719, -1.88796962, -1.58443172, -2.29210359,
        -0.40583259],
       [-0.1049225 , -2.09846901, -0.05349805, -0.90548319, -0.74948749,
         1.45453821],
       [-0.40625548,  2.20705665,  2.44948974,  2.10545329,  0.76564088,
        -0.45120808]]), array([[ 0.507237  , -0.71886582],
       [-0.78699337, -1.41421356],
       [ 0.34414759, -1.41421356],
       [-1.2956429 , -1.22594522],
       [ 0.1578777 ,  1.41421356],
       [ 0.38677654,  0.16798711]])], [array([ 1.09508381, -0.70344342, -1.06857051,  1.45226972, -0.52090915,
        0.26277715]), array([-1.41421356, -1.31587728])]]]
[937609, 18, 'death']
[957559, 6, 'death']
[957859, 9, 'death']
[963259, 2, 'death']
[967159, 4, 'death']
[1111411, 22, 'death']
[1111561, 21, 'death']
[1111711, 16, 'death']
[1111861, 8, 'death']
[1112011, 14, 'death']
[1112161, 'Extinction!']
