[time, indiv, parent1, parent2, gender, brain]
[200, 16, -1, -1, 0, [[array([[ 0.74236074, -1.82172111, -0.2039376 ,  1.2086841 ,  1.44226113,
        -0.38166182],
       [-1.1853881 , -0.66713877,  2.27586293,  2.36701086, -2.03831018,
         1.24678435],
       [ 1.78578532,  0.75473997,  0.9562407 ,  2.1531823 , -0.73251425,
        -1.74348691],
       [-2.22769806, -1.10307867, -1.80120236, -1.14839774,  1.5712679 ,
        -0.46098787],
       [-1.18654178, -2.2708915 ,  2.08560632,  2.30826834,  0.98317878,
        -0.86381191],
       [ 1.39331199,  2.12493819,  1.6866656 ,  1.40724606,  1.95835893,
         1.36172727]]), array([[-0.95649333, -1.3811315 ],
       [-2.2746864 ,  1.2423696 ],
       [-0.47754147,  0.24685191],
       [-0.28626612, -1.03855516],
       [-1.55479082,  1.21705073],
       [-2.25883095, -1.68472686]])], [array([-2.3122726 ,  1.52789998, -1.360594  , -1.0275292 , -0.98921376,
        1.51417353]), array([ 1.98947112, -0.93411899])]]]
[200, 8, -1, -1, 1, [[array([[ 0.47496757, -0.68424818,  2.21524111,  2.02701013,  0.19677165,
         2.37133667],
       [ 0.51882436, -1.60621574, -0.34256481,  2.24976513, -1.86385575,
         1.95242278],
       [ 1.01837937, -0.31310111, -2.17289582,  0.97429037, -2.33485052,
         2.15763373],
       [-1.59214173,  1.63856349, -0.08289785, -2.32057962,  0.74211778,
        -1.92382656],
       [ 1.1160597 ,  1.68165607, -1.57809048, -0.50014467, -0.92890656,
        -1.39166407],
       [-1.27945971, -0.20846183, -0.99948099,  0.85138902,  0.85473542,
         1.07777311]]), array([[-0.68781623,  0.56262758],
       [ 0.93423885, -0.02373447],
       [ 2.2748661 , -0.13906215],
       [-1.29247906, -0.37115811],
       [ 1.27859763,  0.71256999],
       [ 2.28857921, -2.23317815]])], [array([-1.76863387,  0.6669448 , -1.7021057 ,  1.57789984,  0.13829583,
       -2.40046024]), array([-1.82898225, -0.79685059])]]]
[200, 14, -1, -1, 0, [[array([[ 1.08708091,  0.95383795, -2.21445155,  0.25394753,  2.25328643,
        -1.48466674],
       [-0.14297583, -1.3498945 , -1.96856524, -0.88482433, -1.85619805,
        -2.19700552],
       [-1.10956271,  1.06819852,  1.49492667, -0.4919966 ,  1.87905633,
        -1.08315768],
       [-0.02915422, -1.7170043 ,  1.4818041 , -1.80609344, -1.14816514,
        -1.7580916 ],
       [-1.01422562,  1.57389239,  1.24035716, -2.42659724, -0.22656016,
        -2.15769252],
       [ 2.21099129, -2.07239314, -1.13588307, -1.96987196,  0.83041812,
         0.81915996]]), array([[-0.42173078,  1.04778094],
       [-2.02995614,  0.93965429],
       [-0.44692212, -1.70545361],
       [-1.2123144 ,  0.46932969],
       [ 1.15830303,  2.277544  ],
       [ 1.11784638,  1.13911917]])], [array([ 1.82924287,  1.96815415,  2.37733768, -0.47873016, -0.53094629,
       -0.29563173]), array([-1.74183172, -0.51702198])]]]
[200, 4, -1, -1, 1, [[array([[ 0.84525297,  0.220785  ,  2.05608607, -0.00295704, -0.65105899,
        -1.92005537],
       [ 0.33310763,  0.12340277,  1.26196333,  0.82348978, -2.16297053,
         0.95370421],
       [-1.89524077,  2.42055238,  0.72819427,  0.50525492, -1.54519546,
        -1.45095562],
       [ 0.92752854,  1.04032309,  2.30079501, -1.05123196, -0.77116039,
        -0.96982071],
       [-0.05170956, -1.75803467,  0.65821275,  0.18072735,  2.36927487,
        -1.99551718],
       [ 1.36803469,  2.08321324, -1.77562282, -0.23268152, -1.82198036,
         0.37802257]]), array([[-1.45966964,  0.46864773],
       [ 0.25960598, -1.79975932],
       [ 0.9280374 , -1.67803287],
       [ 1.71171676, -1.37875494],
       [-0.07285393, -1.5590083 ],
       [ 0.48361359,  0.68505578]])], [array([ 1.82287879,  1.42813584, -0.29337224,  0.32684105, -1.32150788,
       -1.33069218]), array([1.35315504, 1.65880061])]]]
[200, 9, -1, -1, 0, [[array([[ 0.83149394, -1.64096995,  0.42358848,  2.09199053,  1.87492552,
         0.15296442],
       [ 0.87204009, -2.37249621, -0.34547149,  0.88743848, -2.15224363,
        -1.83493884],
       [-2.0610672 ,  0.98067505,  1.47282149,  2.38577241, -0.21849449,
        -0.16718302],
       [-1.04424479,  1.18943172,  0.11999996, -2.32645407, -0.47534135,
         0.14072122],
       [-2.34979469,  0.76642326,  0.92186961, -1.98082107, -0.36294124,
        -1.87891381],
       [ 1.98228782,  0.50232152, -0.83674494,  0.62327648, -0.21260242,
        -1.25978684]]), array([[ 1.39862364,  0.54675556],
       [-0.98165092, -1.82331265],
       [ 0.24840457,  0.50822917],
       [ 1.49270685, -1.10408247],
       [ 1.32582593, -0.17574602],
       [-0.95757065,  0.43146955]])], [array([-2.37097163, -1.26470561, -0.15527462,  0.05062321, -0.909557  ,
       -1.0352309 ]), array([ 0.95813901, -0.37354779])]]]
[200, 20, -1, -1, 1, [[array([[-0.40983331,  2.38989911,  1.9494335 ,  1.04835527, -2.05662227,
         0.71115438],
       [-0.67847166, -1.17243574, -1.50792199, -1.44904543, -1.28478053,
        -1.25321481],
       [-1.71306093,  1.78953259, -0.59299999,  0.87311829,  0.8059652 ,
        -1.7355492 ],
       [-2.22876285,  0.37116705, -1.24721311,  1.47935869, -1.5961562 ,
        -0.55244939],
       [-1.56496492, -1.25379214, -0.80747671,  0.79137199,  1.24227716,
        -2.24643917],
       [-1.29134747, -1.2995781 ,  1.47677936,  2.21287306, -1.50275789,
        -0.3957666 ]]), array([[-1.32096487e+00, -1.63578039e+00],
       [-1.57110251e+00, -1.38202511e+00],
       [ 2.38483189e-02,  2.37677664e-03],
       [-1.04216138e+00,  2.37813232e+00],
       [ 1.14722453e-01, -7.10374823e-01],
       [-1.65708803e+00,  1.95460897e+00]])], [array([ 1.14611965, -1.23327691, -0.31278552,  0.50963383,  1.80128686,
        0.80099608]), array([-1.14897153,  0.2712076 ])]]]
[200, 3, -1, -1, 0, [[array([[-1.66424822, -0.41930071,  2.32633413,  2.32887163, -1.29381437,
        -0.1929573 ],
       [ 0.12237636, -1.34874916,  1.22683323, -0.36105997,  1.11739676,
         0.81739269],
       [ 1.22493986,  2.02511236, -1.94532587,  2.31986616,  0.18812137,
        -2.001794  ],
       [-1.21405631,  1.86519513, -1.94978129, -2.23351962,  1.57964845,
        -1.39368452],
       [-1.07118288,  0.01855327,  1.91301017, -0.23569876,  0.30439102,
        -0.99265272],
       [-0.43700688, -0.38929489, -2.44023539, -0.08358464,  1.10747611,
        -0.02499096]]), array([[ 1.85383093,  1.87166027],
       [-0.7227874 , -2.2085077 ],
       [ 0.24959224, -1.93533206],
       [-0.14812689,  0.95578184],
       [ 0.58716328, -1.57641812],
       [-2.26224617,  1.86695144]])], [array([1.24859415, 0.60833062, 1.2026605 , 0.16216887, 1.40840947,
       0.52149177]), array([-1.76814078, -1.57303178])]]]
[200, 1, -1, -1, 1, [[array([[-1.92691346,  1.78726069, -1.7017939 , -1.77137964, -0.19846539,
         0.12258124],
       [-1.42844811,  0.55401259,  1.60925056,  1.88425932, -1.28562518,
        -2.21670539],
       [-1.01289762, -0.94218972, -1.16007736, -0.22186358, -1.66973403,
         0.43887344],
       [ 1.19087608, -1.98691003,  0.08943898,  1.15053637, -0.42512256,
        -1.47192263],
       [-0.2923691 , -2.08403782,  0.99536017,  0.69014005,  1.7894504 ,
         1.68099091],
       [ 1.08046685, -1.88292946, -2.10365481, -0.80200952,  0.35423151,
         1.41013689]]), array([[-2.22611937,  0.17080139],
       [-0.79437627, -1.08148021],
       [ 1.90149339,  1.21097109],
       [ 2.17639277,  1.16342121],
       [-2.26435756,  0.70769513],
       [-0.16200135, -0.90267134]])], [array([ 2.07631829,  1.03833573, -0.85289508, -0.51542119,  0.34776171,
       -0.7369116 ]), array([-2.39003248, -1.63178587])]]]
[200, 0, -1, -1, 0, [[array([[ 1.88955211, -2.14124157, -0.26441367, -1.28193357, -0.31632214,
        -0.28333428],
       [-1.77822905, -1.11813453, -0.14891067,  0.44448314, -0.45325739,
         0.59000869],
       [ 1.94046582, -2.05865022, -1.6297741 , -1.27005395, -0.65486059,
        -1.81567217],
       [ 0.30014944,  1.0873891 ,  0.98919317, -0.50295149,  2.16727651,
         0.51736785],
       [ 2.25397021, -1.87814061,  2.07970311, -2.11935649, -1.27898859,
        -2.23344181],
       [ 1.02342548,  1.4471645 , -1.11727587, -1.93029443, -1.51740458,
        -0.36053658]]), array([[-1.67524493, -1.17630295],
       [ 1.85101067, -1.56822989],
       [-1.40187268,  1.96473903],
       [-0.88839932, -0.34438671],
       [-1.18853018, -0.57641365],
       [ 0.21388845, -0.01439356]])], [array([-2.16006905,  0.22173416, -0.44833741,  0.85165242,  1.96196944,
       -1.03723582]), array([ 0.23068955, -0.376384  ])]]]
[200, 21, -1, -1, 1, [[array([[ 1.75691146e+00, -5.79000886e-01,  1.85136348e-01,
         1.58047261e+00, -3.51674812e-01,  1.65868640e+00],
       [-2.33765401e+00,  1.40590590e+00, -1.34003422e+00,
        -1.33273552e+00,  2.53553596e-01, -2.00029262e+00],
       [-1.36334527e+00, -1.93623620e+00,  1.81132563e+00,
         1.87434392e+00,  4.99674134e-01, -6.35042747e-01],
       [ 1.46467819e+00,  1.45146528e+00, -1.95247048e+00,
        -1.09447967e-01,  2.17308685e-03,  1.17784393e+00],
       [ 1.89168328e+00, -7.39797551e-01,  9.85613691e-02,
        -2.34248535e+00,  2.32138921e+00, -1.38323271e-01],
       [ 2.30927117e-01, -1.43689852e+00,  2.09569698e+00,
        -1.31910984e+00, -2.38909272e+00, -1.34756956e-01]]), array([[ 1.96632978,  1.98529509],
       [-1.73031002, -1.25456965],
       [-0.71397847,  0.32059011],
       [ 0.96414386,  1.90765471],
       [-0.12554144,  0.64670302],
       [ 1.50507677,  0.25622519]])], [array([ 2.35434011, -0.1615107 , -1.40144939, -2.34209387, -0.82389251,
       -1.41606991]), array([ 1.40245766, -1.39292844])]]]
[200, 5, -1, -1, 0, [[array([[ 0.62189607,  2.22655515, -1.3026623 , -1.93291709,  1.42556143,
        -0.39490026],
       [ 1.28622311,  2.08138363,  1.75313706, -2.05582675, -1.60955132,
        -2.12531534],
       [ 1.64951757, -1.44462754,  1.23777634,  1.51833671,  0.75175608,
        -1.00442584],
       [ 1.51424654,  1.12446492, -1.70908712,  1.91043665, -0.77523866,
        -1.13089558],
       [-1.15110685, -1.13949289,  1.05973429,  2.09270839,  2.39417855,
         1.5911017 ],
       [-1.15802166, -2.05997042, -0.14215714, -2.1938958 , -1.35205333,
         1.85046364]]), array([[-1.89612594e-01, -1.64419069e+00],
       [-2.33312179e+00, -1.67874713e+00],
       [-2.11570153e-02, -1.89087796e+00],
       [-2.30627828e-02, -1.82838735e+00],
       [ 6.77309210e-01, -1.15883746e-03],
       [-4.94293561e-01, -8.74067196e-01]])], [array([-2.4291759 ,  1.56918602,  0.48881053,  0.42336782,  1.5044572 ,
        0.2307943 ]), array([-1.91606269,  1.70888912])]]]
[200, 19, -1, -1, 1, [[array([[-0.09106592, -1.92214657, -1.83619929,  0.22989847,  0.36951875,
         0.74550172],
       [ 1.000651  ,  2.2912245 ,  1.87906904,  1.17398348, -0.87095065,
        -2.27670076],
       [-0.20988338, -1.39670476,  1.86082933, -2.11521532,  0.72963244,
         0.39076891],
       [-1.31092424, -0.37665936,  1.61923177,  1.35351951, -0.72295807,
        -2.04410717],
       [-0.93924257,  2.08350516, -2.3351494 ,  1.36409612,  2.42806824,
        -2.28037153],
       [-2.23054773, -2.0365247 ,  1.97099651, -2.19106185,  0.584243  ,
         1.75722563]]), array([[ 0.45388285,  1.02677434],
       [-1.26047988, -0.00905157],
       [ 0.26407433,  0.35993023],
       [-0.07549643, -0.59335358],
       [ 2.19400606, -1.43311012],
       [-2.34190539, -2.04211311]])], [array([-1.07082197, -1.33436796,  0.75504229, -1.70096111,  1.5831844 ,
        0.37098805]), array([-0.12928361,  2.26365765])]]]
[200, 2, -1, -1, 0, [[array([[-0.22193063,  1.20450197,  2.35608424, -1.34354872, -0.73175953,
        -2.08895337],
       [-1.81373237, -0.7515579 , -1.5784254 , -0.15469533, -0.00794273,
         1.54786709],
       [-0.16181491, -2.2296645 ,  2.12960149,  1.04494742, -2.1763498 ,
         2.12777373],
       [ 1.05595535, -1.21670353, -1.97684982, -2.25811922, -1.34331698,
         1.17954232],
       [ 1.36380688, -1.45222704,  2.44552047, -0.75488314, -1.4058976 ,
        -2.14663858],
       [-0.30954522, -0.48267277,  1.23157164,  1.92413425,  2.07690034,
        -0.9393947 ]]), array([[-0.89408785,  0.37338953],
       [ 0.04128288, -0.67007158],
       [-1.13264777, -0.6513257 ],
       [ 2.03766502, -1.38072756],
       [-2.08075359, -0.69444471],
       [-2.16522956,  1.58330542]])], [array([ 2.13465459,  0.50848272, -1.33686851, -0.95964221,  1.41873951,
        1.32996235]), array([-1.32471511, -1.76555339])]]]
[200, 17, -1, -1, 1, [[array([[-0.1739203 ,  1.57462821,  2.10153605, -1.60247768,  2.09878559,
        -1.91856257],
       [-1.05239618,  0.83098641, -2.30606775,  1.28646788, -1.49429962,
         0.35571633],
       [-0.83304444, -1.14617123,  0.73287169,  1.70625757,  2.12095073,
        -0.72691415],
       [ 0.70226484, -0.95509488, -1.09848233,  1.15088278, -1.47873325,
        -0.22997303],
       [ 1.31781111, -0.79164488,  0.71856822, -1.86014976,  2.27716306,
         1.98116962],
       [ 1.26827845, -0.10959498,  0.65027577, -2.09507038,  0.95725181,
        -1.85712345]]), array([[-1.93303774,  0.50826145],
       [ 0.16451282, -1.66071876],
       [ 0.02298133, -1.57225646],
       [ 2.32532332, -2.42911474],
       [ 1.37304014, -0.93087472],
       [-1.26002956,  1.24077214]])], [array([ 1.49094288, -0.44191521,  0.37973977, -1.78883857,  1.51001384,
       -1.02378227]), array([-0.96231911, -1.5375442 ])]]]
[200, 11, -1, -1, 0, [[array([[ 1.38829281,  0.9674793 , -1.88270772,  0.23343106, -0.18396185,
         0.43861022],
       [ 1.35561444, -1.77337185, -0.57615192,  0.7106086 , -1.8591309 ,
         1.52592596],
       [-0.51286121,  1.2293585 , -0.48357381, -2.16952844,  1.52167268,
        -1.48297535],
       [-2.162106  , -0.27266788,  2.02834154, -0.20951959, -1.85543483,
        -1.75963995],
       [-1.96207806, -0.97158348, -2.38822617, -2.30989025,  1.43850622,
         2.01887525],
       [-1.9171719 , -1.71583544,  0.88583809,  0.29624233,  1.68476052,
         0.78001369]]), array([[ 0.0673737 , -1.94244193],
       [ 1.2950172 ,  1.3016607 ],
       [-1.4624871 ,  1.72842917],
       [-1.97232715, -0.96032691],
       [-0.6025957 , -2.19003665],
       [ 0.37427329, -1.30575916]])], [array([ 1.74893632, -0.37146162,  0.21666087, -2.11325326,  1.62460276,
        0.70061684]), array([ 1.67212366, -1.90228179])]]]
[200, 18, -1, -1, 1, [[array([[ 1.00163292,  1.26452066, -0.22301487, -1.04766429,  2.06810964,
         0.80015508],
       [ 0.50570662,  0.92696041,  1.90492578, -1.11682143,  1.13363431,
        -1.33261946],
       [ 1.45135212, -0.76164982,  1.75149948,  0.5270231 , -0.76655148,
         1.83543317],
       [ 0.02164944,  0.81731649,  1.31500357,  2.03982342, -1.41150626,
        -0.30574839],
       [ 1.63950962, -0.66127592,  0.49289214,  1.2228139 , -2.19577291,
         2.06643427],
       [-0.06241306, -2.06994019,  2.16848857, -0.81621082,  1.35099591,
         0.90546009]]), array([[ 1.63568021, -2.08962838],
       [-0.71087053, -0.01185088],
       [ 0.00450402,  0.0272038 ],
       [ 1.59393622,  0.16571989],
       [-2.083424  , -1.3001525 ],
       [ 2.08340195,  0.16449405]])], [array([ 2.11312462, -1.97496029, -0.55476121,  1.90064934,  1.63257725,
        0.50265619]), array([0.68162868, 1.71602351])]]]
[200, 24, -1, -1, 0, [[array([[ 2.42386486, -1.22037907,  1.49908724, -2.43155417, -0.99861532,
        -1.78473087],
       [-2.31287835,  0.82175875,  0.86248414,  1.92620569,  0.2785215 ,
         1.80879788],
       [-0.34186156, -1.17622801, -2.01147218, -2.13000655, -1.84426218,
        -1.71722011],
       [-0.54192472,  1.69275028,  1.91484505, -1.4146203 , -2.35419897,
         0.51481567],
       [-0.77483167, -1.77748506,  1.82084748,  0.19683248,  2.0511511 ,
         1.45413643],
       [-1.54128583,  0.58242626, -1.51925311,  1.0386758 , -1.9952641 ,
         0.63809875]]), array([[-0.74014582,  1.77639513],
       [-1.23006121,  1.98141662],
       [ 1.10113265, -1.90104006],
       [ 0.18769428,  1.45355188],
       [ 2.41452851, -1.84429138],
       [ 0.47595002,  0.38100639]])], [array([ 0.21228489, -0.72485276, -0.74981926, -0.4595953 , -0.32068864,
        2.12378554]), array([-1.28876964, -1.72875688])]]]
[200, 13, -1, -1, 1, [[array([[-0.1034153 ,  1.74340612, -0.28102206, -0.91374919,  1.38343415,
         0.69915387],
       [ 0.5317599 , -1.44224242, -1.2577225 ,  1.39205167, -0.15776671,
        -0.21185979],
       [-2.33652721, -0.09667276, -1.92372236, -0.27615237,  0.32868747,
         0.71972062],
       [ 0.62955213, -1.68202982, -2.03316915, -1.50475304, -2.12990061,
         0.50807678],
       [-1.66639729,  1.16984406,  1.0314382 , -0.92463997,  1.34209951,
        -0.78159985],
       [ 0.11248723,  1.09833165, -1.79772573,  0.73325345,  0.38118165,
         2.01499047]]), array([[ 1.04865986,  2.12662636],
       [-2.00962667, -2.196191  ],
       [ 0.55168549, -1.41012066],
       [ 2.31157289, -0.18404212],
       [-0.668624  ,  0.50501122],
       [-0.45833425,  1.93015952]])], [array([-0.50908929, -1.29982261,  1.2218915 ,  2.05112599, -0.68470628,
       -2.12965118]), array([-1.87017478, -1.578024  ])]]]
[200, 12, -1, -1, 0, [[array([[ 0.04707823, -0.03743717, -0.84750486,  0.48196617, -1.2636114 ,
         2.2362853 ],
       [ 1.03977815, -0.96926641, -2.20614773,  0.72535281, -0.97665557,
         0.54174569],
       [ 0.14945047,  1.64517609,  0.89871698,  2.05996746,  2.24381387,
        -0.0600875 ],
       [ 0.35120591, -0.85461023,  2.15351202,  0.15377246, -0.40805977,
         1.6846618 ],
       [ 0.69414073, -1.10905973,  0.27157841,  1.19046351,  2.32996191,
         1.61944721],
       [ 1.86016865,  1.76421323, -1.95911947, -0.86359429,  1.24655777,
        -1.3006774 ]]), array([[ 1.89218928, -2.26306681],
       [ 0.95915815, -0.98356468],
       [ 0.19793609, -1.05549758],
       [-0.48472413,  1.45314233],
       [ 0.2750845 ,  1.4380593 ],
       [-0.38618503,  0.97039897]])], [array([-0.63265679,  0.10171438, -0.62699849, -1.6984675 , -1.82333653,
        1.26736099]), array([-0.40831537, -0.70481645])]]]
[200, 7, -1, -1, 1, [[array([[-2.03460903, -0.07773287,  0.82872883, -0.4208227 ,  1.15394973,
        -0.8066654 ],
       [-2.30035228,  2.10856772, -0.33333264, -1.90664981,  2.30591768,
         2.22671322],
       [-1.47467678, -2.35218339, -1.77150629,  2.01688313, -1.87811814,
        -0.96715415],
       [-0.99682931, -0.92165566, -2.05297598,  0.00950818,  1.68724764,
         1.40254439],
       [ 2.21188948,  0.12410769, -0.15034961, -0.04725583,  1.75596359,
         1.41783277],
       [ 2.10068823, -0.41390184, -0.12294436, -0.0378956 ,  1.79465899,
        -1.14772947]]), array([[ 1.79497664, -2.26075944],
       [-0.47068061, -2.0270372 ],
       [-0.34537842,  2.44007822],
       [ 0.74705398,  1.68867995],
       [ 0.93632193, -1.56615576],
       [-0.99538479,  0.36763129]])], [array([0.27637874, 0.06944126, 1.02524172, 1.95880149, 2.44163609,
       0.99625374]), array([ 1.03598823, -1.33963627])]]]
[22350, 23, 'birth', 9, 13, 0, [[array([[ 0.83149394, -1.64096995,  0.42358848,  2.09199053,  1.87492552,
         0.15296442],
       [ 0.87204009, -0.23801691, -0.34547149,  0.88743848, -2.15224363,
        -1.83493884],
       [-2.0610672 , -0.08149422,  1.47282149,  2.38577241,  2.44948974,
        -0.16718302],
       [-1.04424479,  1.18943172,  1.08730122, -2.32645407, -0.47534135,
         0.14072122],
       [-2.44948974,  0.76642326,  0.92186961, -1.98082107, -0.36294124,
        -1.87891381],
       [ 1.98228782,  0.50232152, -0.83674494, -1.3702147 , -0.21260242,
        -1.25978684]]), array([[-1.41421356,  1.41421356],
       [-0.98165092, -1.41421356],
       [ 0.24840457,  0.50822917],
       [ 1.41421356, -1.41421356],
       [ 0.62000861, -0.17574602],
       [-1.41421356,  1.41421356]])], [array([-0.50908929, -1.29982261,  1.2218915 ,  2.05112599,  1.65791621,
       -2.12965118]), array([-1.41421356,  0.95002338])]]]
[53100, 6, 'birth', 9, 21, 0, [[array([[ 0.83149394, -1.64096995,  0.42358848,  2.09199053,  1.87492552,
         2.44948974],
       [ 0.87204009, -2.37249621, -0.34547149,  0.88743848, -2.15224363,
        -2.21606526],
       [-2.0610672 ,  1.60984196,  1.47282149,  2.38577241, -0.21849449,
        -0.16718302],
       [-2.44948974,  1.18943172, -1.93888386, -2.32645407, -0.47534135,
         0.14072122],
       [-2.34979469,  0.76642326,  0.92186961, -1.98082107, -0.36294124,
        -1.87891381],
       [ 1.0312105 ,  0.50232152, -0.83674494,  0.62327648, -0.77557159,
        -1.29443382]]), array([[ 1.39862364,  0.54675556],
       [ 0.02342829, -1.41421356],
       [ 0.24840457,  0.50822917],
       [ 1.41421356, -1.10408247],
       [ 1.20096103,  0.64670302],
       [ 1.41421356,  0.25622519]])], [array([ 2.35434011, -0.1615107 , -0.32982154, -2.34209387, -0.82389251,
       -1.50742473]), array([-1.27082361, -1.39292844])]]]
[74700, 15, 'birth', 24, 18, 1, [[array([[ 2.01248795, -1.22037907,  1.49908724, -2.43155417, -0.99861532,
        -2.02127356],
       [-2.31287835,  0.82175875,  0.86248414,  1.92620569,  0.2785215 ,
         1.80879788],
       [-0.34186156, -1.17622801, -0.22603868, -2.13000655, -2.44948974,
        -1.71722011],
       [-0.54192472,  1.69275028,  1.91484505, -1.4146203 , -2.35419897,
         0.51481567],
       [-0.77483167, -0.66127592,  2.44948974,  1.2228139 , -2.19577291,
         2.06643427],
       [-0.06241306, -2.06994019,  2.16848857, -0.81621082,  1.35099591,
         0.90546009]]), array([[ 1.41421356, -1.41421356],
       [-0.71087053, -0.01185088],
       [ 0.00450402,  0.20670718],
       [ 1.41421356,  0.16571989],
       [-1.41421356, -1.3001525 ],
       [ 1.41421356,  0.16449405]])], [array([ 2.11312462, -1.97496029, -0.55476121,  1.90064934,  1.63257725,
       -1.24099943]), array([-1.10740854,  0.63307491])]]]
[142951, 10, 'birth', 12, 21, 1, [[array([[ 0.04707823, -0.03743717, -0.84750486,  0.48196617, -1.2636114 ,
         2.2362853 ],
       [ 1.03977815,  1.76174372, -2.20614773,  0.72535281, -0.97665557,
         0.54174569],
       [ 0.14945047,  1.64517609,  0.89871698,  2.05996746,  2.24381387,
        -0.0600875 ],
       [ 0.35120591, -0.85461023,  2.15351202, -2.44948974, -0.40805977,
         0.28991039],
       [ 1.11038605, -1.10905973,  0.27157841, -0.537233  ,  2.32996191,
         1.61944721],
       [ 2.44948974,  1.76421323, -1.95911947, -0.86359429, -2.38909272,
        -0.13475696]]), array([[ 1.41421356,  1.41421356],
       [-1.41421356, -1.25456965],
       [-0.71397847,  0.32059011],
       [ 0.96414386,  1.41421356],
       [-0.12554144,  0.64670302],
       [ 1.41421356,  0.25622519]])], [array([ 2.35434011, -0.1615107 , -1.40144939, -2.44948974, -0.82389251,
       -1.41606991]), array([ 1.40245766, -1.39292844])]]]
[265602, 22, 'birth', 23, 18, 0, [[array([[ 0.83149394, -1.64096995,  0.42358848,  2.09199053,  2.44948974,
         0.15296442],
       [ 0.87204009, -0.23801691, -0.34547149,  0.88743848, -2.15224363,
        -1.33261946],
       [ 1.45135212, -0.76164982,  1.75149948,  0.5270231 , -0.76655148,
         1.83543317],
       [ 0.02164944,  0.81731649,  1.31500357,  2.03982342, -1.41150626,
        -0.30574839],
       [ 1.63950962, -0.66127592,  0.49289214,  1.2228139 , -2.19577291,
         2.06643427],
       [-0.06241306, -2.06994019,  2.16848857,  1.7147263 ,  1.35099591,
         2.44948974]]), array([[ 1.41421356, -1.41421356],
       [-1.41421356, -0.01185088],
       [ 0.00450402,  0.0272038 ],
       [ 1.41421356, -0.34459462],
       [-1.41421356, -1.20429657],
       [ 1.41421356,  0.16449405]])], [array([ 2.11312462,  1.06842859, -0.55476121,  1.90064934,  1.63257725,
        0.50265619]), array([0.68162868, 1.41421356])]]]
[588905, 16, 'death']
[589055, 8, 'death']
[589205, 14, 'death']
[589355, 4, 'death']
[589505, 9, 'death']
[589705, 20, 'death']
[589855, 3, 'death']
[590005, 1, 'death']
[590155, 0, 'death']
[590305, 21, 'death']
[590455, 5, 'death']
[590605, 19, 'death']
[590755, 2, 'death']
[590905, 17, 'death']
[591055, 11, 'death']
[591205, 18, 'death']
[591355, 24, 'death']
[591505, 13, 'death']
[591655, 12, 'death']
[591805, 7, 'death']
[592155, 14, 'birth', 24, 21, 0, [[array([[ 1.82832684, -1.22037907,  1.49908724, -2.43155417, -0.99861532,
        -1.78473087],
       [-2.31287835,  0.82175875,  0.86248414,  1.38437983,  0.2785215 ,
         1.80879788],
       [-0.34186156,  1.561756  , -2.01147218, -2.44948974, -0.09989349,
        -2.16938468],
       [-1.09544624,  1.69275028,  1.91484505, -1.4146203 ,  2.44948974,
         1.27608496],
       [-2.1321986 ,  1.24729793,  1.92739732,  0.19683248,  2.32138921,
        -2.44948974],
       [ 0.23092712, -1.43689852,  2.09569698, -2.44948974, -2.38909272,
        -0.13475696]]), array([[ 1.41421356,  1.41421356],
       [-1.41421356, -1.25456965],
       [-0.71397847,  0.32059011],
       [ 0.96414386,  1.41421356],
       [-0.49925794,  0.64670302],
       [ 1.41421356,  0.25622519]])], [array([ 2.35434011, -0.1615107 , -1.40144939, -2.34209387, -0.82389251,
       -2.13542174]), array([ 1.40245766, -1.22038355])]]]
[592155, 4, 'birth', 11, 21, 0, [[array([[ 1.38829281e+00,  2.44948974e+00, -1.88270772e+00,
         2.33431062e-01, -1.83961849e-01,  4.38610218e-01],
       [ 1.35561444e+00, -1.77337185e+00, -5.76151923e-01,
         7.10608602e-01,  2.44948974e+00,  1.52592596e+00],
       [-5.12861211e-01,  1.22935850e+00, -4.83573807e-01,
        -2.16952844e+00,  1.52167268e+00, -1.48297535e+00],
       [-2.16210600e+00,  2.44948974e+00,  2.39233473e+00,
        -2.09519594e-01,  2.17308685e-03,  1.17784393e+00],
       [ 1.89168328e+00, -7.39797551e-01, -1.47238736e+00,
        -2.34248535e+00,  2.32138921e+00, -1.38323271e-01],
       [ 2.30927117e-01, -1.43689852e+00,  2.09569698e+00,
        -1.31910984e+00, -2.38909272e+00, -1.34756956e-01]]), array([[ 1.41421356,  1.41421356],
       [-1.41421356, -1.25456965],
       [-0.71397847,  0.8140713 ],
       [ 1.0759018 ,  1.41421356],
       [-0.12554144,  1.41421356],
       [ 1.41421356,  0.25622519]])], [array([ 2.35434011, -2.09708634, -1.40144939, -2.34209387, -0.82389251,
       -1.41606991]), array([ 1.40245766, -1.39292844])]]]
[592155, 18, 'birth', 24, 4, 0, [[array([[ 2.42386486, -1.22037907,  1.49908724, -2.43155417, -0.8301904 ,
        -1.78473087],
       [-2.44948974,  0.82175875,  0.86248414,  1.92620569,  0.2785215 ,
         1.80879788],
       [-0.17289653, -1.17622801, -2.44948974, -2.13000655, -1.84426218,
        -1.71722011],
       [-0.54192472,  1.69275028, -1.1014916 , -1.4146203 , -2.35419897,
         2.44948974],
       [-0.77483167, -2.44948974,  1.82084748,  0.19683248,  2.0511511 ,
         1.45413643],
       [-1.54128583, -0.17329722, -1.51925311,  1.0386758 , -1.9952641 ,
         0.63809875]]), array([[-0.74014582,  1.41421356],
       [-1.23006121,  1.41421356],
       [ 1.41421356, -1.41421356],
       [ 0.18769428,  1.41421356],
       [-0.07285393, -1.41421356],
       [ 0.48361359,  0.68505578]])], [array([ 1.82287879,  1.42813584, -1.85896393,  0.68100443, -1.32150788,
       -1.33069218]), array([1.35315504, 1.41421356])]]]
[592155, 1, 'birth', 24, 15, 0, [[array([[ 2.42386486e+00, -1.22037907e+00,  1.49908724e+00,
        -2.43155417e+00, -9.98615322e-01, -1.78473087e+00],
       [ 2.44948974e+00,  8.21758750e-01,  8.62484138e-01,
         1.92620569e+00,  2.78521496e-01,  1.80879788e+00],
       [-2.00182152e-03, -1.17622801e+00, -2.01147218e+00,
        -2.13000655e+00, -1.84426218e+00, -1.71722011e+00],
       [-5.41924716e-01,  1.69275028e+00,  1.91484505e+00,
        -2.44948974e+00, -2.44948974e+00,  5.14815669e-01],
       [-7.74831673e-01, -1.77748506e+00,  2.44948974e+00,
         1.96832484e-01,  2.05115110e+00, -1.75780446e+00],
       [-1.54128583e+00,  5.82426265e-01, -1.51925311e+00,
         1.03867580e+00,  2.10976300e+00,  6.38098745e-01]]), array([[ 0.53325339,  1.41421356],
       [-0.71087053, -0.01185088],
       [ 0.00450402,  0.20670718],
       [ 1.41421356,  0.16571989],
       [-1.41421356, -1.3001525 ],
       [ 1.41421356,  0.16449405]])], [array([ 2.11312462, -2.44948974, -0.55476121,  1.90064934,  1.63257725,
       -1.24099943]), array([-0.5609697 ,  0.63307491])]]]
[592155, 5, 'birth', 23, 19, 0, [[array([[ 0.83149394, -1.64096995, -1.2955663 ,  2.09199053,  1.87492552,
         0.15296442],
       [ 0.87204009, -0.23801691, -0.34547149,  0.88743848, -2.15224363,
        -1.83493884],
       [-2.0610672 ,  1.59310366,  1.47282149,  1.01011031,  2.44948974,
        -0.16718302],
       [-1.04424479,  1.18943172,  1.08730122, -2.32645407, -0.47534135,
         1.451252  ],
       [-2.44948974,  0.76642326,  2.44948974, -1.98082107,  0.82025668,
        -1.87891381],
       [ 2.44948974,  0.50232152, -0.83674494, -1.3702147 , -0.21260242,
        -2.44948974]]), array([[-1.41421356,  1.41421356],
       [-1.26047988,  1.41421356],
       [ 0.26407433,  0.35993023],
       [ 0.87165116, -0.59335358],
       [ 1.41421356, -1.41421356],
       [-1.41421356, -1.41421356]])], [array([-1.07082197, -1.33436796,  0.75504229, -1.70096111,  1.5831844 ,
        0.37098805]), array([-0.12928361,  1.41421356])]]]
[592155, 24, 'birth', 6, 13, 0, [[array([[ 0.83149394, -1.64096995,  0.42358848,  2.09199053,  1.87492552,
         2.44948974],
       [ 0.87204009, -2.37249621, -0.34547149,  0.88743848, -2.15224363,
        -2.21606526],
       [-2.0610672 ,  1.60984196,  1.19443386,  2.38577241, -0.21849449,
        -0.16718302],
       [-2.40349327,  1.18943172, -1.93888386, -2.32645407, -0.47534135,
         0.14072122],
       [-2.34979469,  0.76642326,  0.92186961, -1.98082107,  0.35571371,
        -1.87891381],
       [ 0.11248723,  1.81532919, -1.52828552,  0.73325345,  0.38118165,
         2.44948974]]), array([[ 0.99053048, -0.91192606],
       [-1.41421356, -1.41421356],
       [ 0.55168549, -1.41012066],
       [ 1.41421356, -0.18404212],
       [-0.668624  ,  0.50501122],
       [-0.45833425,  1.41421356]])], [array([-0.50908929, -1.29982261,  1.2218915 ,  2.05112599,  0.12333002,
       -2.44948974]), array([ 0.1422629 , -1.41421356])]]]
[592155, 17, 'birth', 11, 1, 1, [[array([[ 1.38829281,  1.72334924, -0.92503714,  0.23343106, -0.18396185,
         0.43861022],
       [ 1.35561444, -1.77337185, -0.57615192,  0.7106086 , -1.8591309 ,
         1.52592596],
       [ 2.44948974,  1.2293585 , -0.48357381, -2.16952844,  1.52167268,
        -1.48297535],
       [-2.162106  , -0.27266788,  2.02834154,  2.13779033, -1.85543483,
        -1.75963995],
       [ 0.41396955, -0.97158348, -2.44948974, -2.30989025,  1.43850622,
         2.01887525],
       [-1.9171719 , -1.1227097 ,  2.30410959,  0.29624233,  0.09690662,
         0.78001369]]), array([[ 0.0673737 , -1.41421356],
       [ 1.2950172 ,  1.3016607 ],
       [-1.41421356,  1.41421356],
       [ 1.41421356, -0.69678566],
       [-1.17483454,  0.70769513],
       [-0.16441763, -0.90267134]])], [array([ 2.07631829,  1.03833573, -0.85289508, -0.51542119,  0.34776171,
       -0.7369116 ]), array([-1.41421356, -1.41421356])]]]
[604856, 23, 'death']
[611306, 16, 'birth', 6, 17, 0, [[array([[-2.44948974, -1.64096995,  0.42358848,  2.09199053, -1.0163479 ,
        -0.86369664],
       [ 1.35561444, -1.77337185, -0.57615192,  0.7106086 , -1.8591309 ,
         2.44948974],
       [ 2.44948974,  0.28324447, -0.48357381, -2.44948974,  1.52167268,
        -2.44948974],
       [-2.162106  , -0.27266788,  2.02834154,  2.13779033, -1.85543483,
        -1.75963995],
       [ 0.41396955, -0.97158348, -2.44948974, -2.30989025,  1.43850622,
         2.01887525],
       [-1.9171719 , -1.1227097 ,  2.44948974,  2.44948974,  0.09690662,
         0.78001369]]), array([[ 1.41421356, -1.41421356],
       [ 1.41421356,  1.3016607 ],
       [-1.41421356,  1.41421356],
       [ 1.41421356, -0.69678566],
       [-1.17483454,  0.70769513],
       [-0.16441763, -1.23427007]])], [array([ 2.07631829,  1.03833573,  2.44948974, -0.51542119,  0.34776171,
       -0.7369116 ]), array([-1.3043574 , -1.41421356])]]]
[622556, 6, 'death']
[633506, 15, 'death']
[662506, 10, 'death']
[688906, 11, 'birth', 14, 17, 1, [[array([[ 1.82832684, -1.22037907,  1.49908724, -2.43155417,  2.44948974,
        -1.78473087],
       [-2.31287835,  0.82175875,  1.43964007,  1.38437983,  0.2785215 ,
         1.80879788],
       [-0.34186156,  1.561756  , -2.01147218, -2.44948974, -0.09989349,
        -2.16938468],
       [-1.09544624,  1.69275028,  1.91484505, -1.4146203 , -1.07024014,
         1.27608496],
       [ 2.44948974,  1.24729793, -2.44948974, -2.30989025,  1.68433946,
         2.01887525],
       [-1.9171719 , -1.1227097 ,  2.30410959, -1.29394911,  0.09690662,
        -0.5434695 ]]), array([[ 0.0673737 , -1.41421356],
       [ 1.2950172 ,  1.3016607 ],
       [-1.41421356,  1.41421356],
       [ 0.52492586, -0.69678566],
       [-1.17483454,  0.70769513],
       [-0.16441763, -0.90267134]])], [array([ 2.07631829,  1.34049848, -0.85289508, -0.51542119,  0.34776171,
       -2.20332832]), array([-1.41421356, -1.41421356])]]]
[698307, 21, 'birth', 24, 11, 1, [[array([[ 0.83149394, -0.94012346,  0.42358848,  2.09199053,  1.87492552,
         2.44948974],
       [ 0.87204009, -0.6288204 , -0.34547149,  0.88743848, -2.15224363,
        -2.21606526],
       [-2.0610672 ,  1.60984196,  1.19443386,  2.44948974,  2.44948974,
        -0.16718302],
       [-2.40349327,  1.18943172, -1.93888386, -2.32645407, -0.80078236,
         0.14072122],
       [-2.34979469,  0.76642326, -2.44948974, -2.30989025,  1.68433946,
         2.01887525],
       [-1.9171719 , -1.1227097 ,  0.49875986,  0.55923831, -2.44948974,
        -2.44948974]]), array([[ 0.0673737 , -1.41421356],
       [ 1.2950172 ,  1.3016607 ],
       [-1.41421356,  0.79062297],
       [ 0.52492586, -0.69678566],
       [-1.17483454,  0.70769513],
       [-0.16441763, -0.90267134]])], [array([ 2.07631829,  1.34049848, -1.23896106, -0.51542119,  0.34776171,
       -2.20332832]), array([-1.41421356, -1.41421356])]]]
[708107, 22, 'death']
[837858, 14, 'death']
[838008, 4, 'death']
[838158, 18, 'death']
[838308, 1, 'death']
[838458, 5, 'death']
[838608, 24, 'death']
[838758, 17, 'death']
[843358, 16, 'death']
[861108, 11, 'death']
[861308, 21, 'death']
[861308, 'Extinction!']
