[time, indiv, parent1, parent2, gender, brain]
[200, 6, -1, -1, 0, [[array([[-1.22980155,  1.58749333, -2.42183704,  1.96469339,  0.87402636,
         0.65823069],
       [-0.18329419,  1.93367213,  1.13269337, -1.48736505, -1.33529388,
         1.3922428 ],
       [ 1.30036333, -0.81817625, -0.67246742,  0.95686245, -0.67797428,
        -1.18544661],
       [ 1.94270269,  0.62768284, -2.25831593,  1.52876279,  0.933638  ,
        -0.91888809],
       [-1.17117044, -1.35240838,  1.67576076,  2.21439303, -0.18846667,
        -1.00699524],
       [ 0.52804281,  0.69683317,  1.56514577, -0.47081688,  0.29346726,
        -2.106597  ]]), array([[-1.85816548,  1.66716503],
       [-1.19058802, -2.37987978],
       [-1.26402377, -1.74416755],
       [ 0.89061757,  0.60787815],
       [ 0.44930494, -0.79770456],
       [-2.18015854, -2.24113178]])], [array([-2.40840015, -0.5209654 , -0.94337484, -1.74654838, -1.30395007,
       -2.27531751]), array([0.00943207, 1.28650673])]]]
[200, 4, -1, -1, 1, [[array([[-2.21369863, -0.56254977,  1.9429642 , -1.32962087,  1.73198795,
        -1.1230795 ],
       [ 1.34641899, -1.02681753,  1.56737935,  0.16093399,  2.12001909,
        -2.40116075],
       [ 1.44700936, -1.71987498, -0.56717931, -2.22834781,  0.42179855,
        -1.68960903],
       [-1.26195295, -0.3619662 ,  1.17314717, -1.08031696,  1.98545409,
         0.31550481],
       [-1.95338069, -0.31777047, -0.85700105,  0.45915733, -1.21078077,
         1.44452741],
       [-0.03613412,  0.35262941, -0.86458344, -1.34761913, -2.31446833,
        -0.47438536]]), array([[ 1.25024797, -1.9128826 ],
       [ 0.21956856,  0.27538422],
       [-0.67087065,  0.54230344],
       [-0.69910751, -1.31664574],
       [ 1.04001695,  2.07096748],
       [-1.41318312,  0.79650405]])], [array([ 0.94478954,  1.21451945,  2.226994  ,  2.40571528,  0.04906399,
       -2.01157541]), array([ 1.44467001, -0.09656499])]]]
[200, 18, -1, -1, 0, [[array([[-1.56946103,  2.03180765, -2.11877871,  0.0664602 , -1.15638045,
        -1.29250012],
       [-1.268663  ,  1.3342516 , -2.13452064,  1.75311886,  1.28973906,
         0.74434435],
       [ 1.56837934,  0.03356675, -2.27432274,  2.32201467, -1.12875888,
         1.68372078],
       [-0.83250952, -0.76803386,  0.48913059, -2.39540025,  1.13542103,
        -0.99440944],
       [ 0.59213981,  1.93390897, -1.3023667 , -2.2400625 , -1.27881699,
        -1.53308622],
       [ 1.95011862, -2.21012571,  0.35937415, -1.91743026, -0.22921432,
        -2.26647513]]), array([[-0.72562226, -1.60826608],
       [ 1.72634867,  1.03701724],
       [ 1.52492405, -0.0122493 ],
       [ 1.79061791, -2.19217947],
       [-1.64433219, -2.2288593 ],
       [-2.35425665, -0.08073562]])], [array([-0.36743447, -2.26878292,  0.76627655,  0.6955208 ,  2.43999914,
       -0.63339972]), array([-0.13904244, -1.73249437])]]]
[200, 12, -1, -1, 1, [[array([[ 0.01978772,  2.30263477, -1.68357015,  0.28156808, -2.08146075,
         1.71822595],
       [-0.95899484,  1.96813631,  1.04820156, -0.86412969,  0.70990683,
        -2.06177503],
       [ 2.28290322,  1.57102849,  1.31898226,  2.4363974 ,  1.40626566,
        -1.27704603],
       [ 2.28127013,  0.61969443,  1.96787113,  0.08183344,  2.0763306 ,
        -0.36733122],
       [ 0.77677866, -2.02369924, -1.81103196,  0.73503267,  1.11412121,
        -0.37176242],
       [-1.54409051, -1.38018972,  1.37006374, -0.39733873,  0.31125851,
        -1.0116128 ]]), array([[ 1.15928214, -1.89543557],
       [-1.93712967,  0.5468128 ],
       [ 2.19281217,  0.22310515],
       [ 1.78492134, -0.69075722],
       [-0.29848993,  2.30000998],
       [ 1.1231948 ,  0.98570293]])], [array([-0.34177351, -0.0347844 , -0.65392179, -1.42875843, -2.14605567,
        0.47581043]), array([0.83793785, 1.97567699])]]]
[200, 3, -1, -1, 0, [[array([[-1.56129755,  1.56211269,  1.19414577, -0.32809872, -0.22289473,
        -1.60929918],
       [-0.55500357,  1.41496928, -1.42217899, -2.3846382 ,  1.06973603,
         0.46713929],
       [-1.34016917, -1.75716011,  2.33433397, -1.43581037,  2.24754063,
        -1.25009301],
       [ 1.56523836,  1.88109808,  1.57522304,  1.78123243, -0.82979853,
         0.97024062],
       [-1.94403597,  1.13464408,  0.61795856,  1.99252858,  1.38521078,
         0.02990877],
       [ 1.59341605, -2.31567316, -0.55993723, -2.35586069,  0.44145321,
        -0.77956411]]), array([[ 0.43814965,  1.46008758],
       [ 0.25176383, -0.6461974 ],
       [ 2.26221556, -2.24915192],
       [-0.49015825,  0.57711556],
       [-1.3113286 , -1.71657084],
       [-1.91593684,  0.04672057]])], [array([ 1.36855092, -1.0538961 , -0.86657019,  0.43754889,  1.73741433,
       -0.55119111]), array([-1.41627052, -1.55617499])]]]
[200, 14, -1, -1, 1, [[array([[-2.30240804, -0.11645567, -0.99151965, -1.70688895, -1.63253238,
         1.18716499],
       [-1.74650427,  0.45751178,  2.09685709,  0.42567807, -0.50335958,
         0.75898389],
       [-2.29688108,  1.78075694,  1.62591643,  0.69724422, -1.90615157,
        -0.70614149],
       [-1.61965384,  2.34623279,  0.95280337, -2.36966729,  2.38465834,
         1.33546265],
       [-1.11062786,  2.0222661 ,  0.08858655,  1.26049908, -2.39536931,
         0.43641038],
       [-1.70387123,  2.3954108 ,  0.19809124, -0.53037999,  1.99463075,
        -0.9049979 ]]), array([[ 0.4461209 ,  0.64426279],
       [ 0.84643736,  0.61308081],
       [ 2.12693475,  2.20787056],
       [-1.49881997, -1.542098  ],
       [ 0.65487233, -0.45118686],
       [-2.03561233, -0.45466129]])], [array([-1.58452217, -0.43061923, -0.70325785, -0.02114068, -0.86855347,
       -1.8683493 ]), array([-1.33438188, -2.35995454])]]]
[200, 2, -1, -1, 0, [[array([[ 1.90262423, -0.043731  ,  2.23421527, -1.97552037, -1.0003143 ,
         1.00545661],
       [ 0.48688322,  1.19419083,  2.27513717,  2.25885405, -1.66116609,
         1.05039787],
       [ 0.27094485,  0.50828274,  1.9806605 ,  0.90996795, -0.56487462,
        -0.28941486],
       [ 1.67223007, -0.53935135, -2.03073972, -0.53303377,  1.191945  ,
         1.11642397],
       [ 0.96040996, -1.35473915, -1.88424357, -1.13593228, -2.26679066,
         1.8668432 ],
       [ 1.00177127,  0.29164181, -0.44649238, -0.59559934, -0.30486103,
        -1.29214379]]), array([[ 1.45786679,  1.2710773 ],
       [-2.23015155,  0.13615849],
       [ 1.48348285,  0.86644416],
       [-0.98275719,  0.16727246],
       [-1.35442241,  2.37664758],
       [ 0.51273633,  1.64598537]])], [array([ 2.23460924,  1.16635812,  0.67363747, -0.80422751,  0.75710145,
       -1.30320591]), array([ 2.11175016, -0.79198633])]]]
[200, 15, -1, -1, 1, [[array([[-1.50228968, -1.79563348, -1.41980908,  1.46656577, -2.26998639,
        -1.44713383],
       [ 0.22867011, -1.81880132,  0.30109413, -0.49884231, -1.66231687,
        -2.29139992],
       [ 1.88513044,  0.93801302,  1.84144017,  2.20580002,  1.8163998 ,
         1.20039992],
       [-0.47299507,  0.07530497,  0.9333223 , -2.37754884,  1.98790783,
         1.20364621],
       [ 0.94014151, -1.95610731, -2.25665269, -0.86392868, -1.98849209,
        -2.06482911],
       [ 1.77653603,  1.45914088,  0.57343729, -1.73814962,  0.45699214,
         0.12987739]]), array([[-0.32171387,  0.301301  ],
       [-2.34702084,  1.58180725],
       [-0.15779409, -1.26820558],
       [ 1.95996071, -1.20090074],
       [ 1.98861923,  0.72498212],
       [ 0.47908553,  0.98178995]])], [array([ 0.20836876, -0.187688  , -0.13746612, -1.29647388,  1.18325212,
       -0.40663942]), array([-0.06531576, -0.43753031])]]]
[200, 23, -1, -1, 0, [[array([[ 1.68694987, -1.77450261,  1.40893763, -0.49498757,  2.09601742,
         0.58893033],
       [ 2.16797563, -1.5677641 , -1.7305633 ,  1.8784563 , -0.45827677,
        -2.24658755],
       [-1.60437428,  0.80357734, -1.90452103, -1.9547429 ,  0.77729287,
         1.66560599],
       [-0.94989594, -0.23032366, -1.55106292,  1.29042822,  1.79008917,
        -0.16677724],
       [-0.28225223, -1.79780325,  1.68746461,  0.41725158,  1.92724973,
        -0.79556738],
       [-1.81049539, -1.89588841,  0.25156348,  2.37099942,  0.60485177,
        -1.96106613]]), array([[-1.51409462,  0.70912107],
       [-0.90020434, -0.50266813],
       [-1.3484031 ,  2.11268468],
       [ 0.95827804, -1.97226315],
       [-2.04867512, -1.47073591],
       [-2.4298379 , -0.39593065]])], [array([ 0.25200228,  1.02369   ,  1.66242223, -0.03928002, -2.3628288 ,
       -2.3555016 ]), array([2.06429495, 2.19920496])]]]
[200, 1, -1, -1, 1, [[array([[-1.6025133 , -1.38713195,  0.66621278, -0.98371387, -2.12862897,
        -0.99502586],
       [ 0.63617605,  1.03312471, -0.23207247, -0.77074543,  0.6338426 ,
         0.46349843],
       [-2.29829381, -1.50223534, -0.39966172,  2.30353771, -2.33629984,
        -2.28553308],
       [ 1.72268728, -1.2934038 , -1.8174756 ,  0.17131427, -0.75480856,
        -2.05793083],
       [ 1.95533249, -0.69963138, -0.94415529, -0.11468976, -1.00546838,
        -2.18192947],
       [-0.858511  , -0.72564049,  0.52962332, -0.61035826,  1.0395368 ,
         1.57500523]]), array([[-2.12919663, -2.27437937],
       [ 1.24635563,  2.22444557],
       [ 0.89079134, -1.54879386],
       [-1.64447049, -0.29662027],
       [ 2.23387653,  1.72948462],
       [ 1.54308586, -1.84444185]])], [array([-1.73452752, -2.11519043, -0.9319051 , -0.65648723,  1.15205856,
       -0.97394087]), array([-2.32425567, -1.99024868])]]]
[200, 22, -1, -1, 0, [[array([[-0.44289189, -1.91656248,  0.30849947, -1.24211119,  2.24631254,
         0.53777048],
       [ 2.21903052,  2.44319189, -0.52835672,  0.90192173,  1.73030284,
        -1.41572858],
       [-0.91220364, -1.24816693,  2.27443462,  1.06047493, -0.89064688,
        -0.41773303],
       [ 0.9815036 , -1.59005267, -2.33109136, -0.40265904,  1.60695595,
         2.01669071],
       [ 1.64720456, -0.17935866,  0.55140202,  0.32208916, -1.97224427,
         2.25550447],
       [ 0.79651505, -0.65874322, -0.92955762, -1.51078083, -2.04209967,
        -2.19906853]]), array([[ 0.60732875,  0.35709583],
       [ 1.41026646, -0.68329758],
       [-2.39549581, -0.44421182],
       [ 1.81680758,  2.18076513],
       [-1.59762328, -0.26125239],
       [-0.71229455, -0.64728787]])], [array([ 2.4369095 , -2.30541595, -0.83352298,  1.20608131,  1.18747083,
       -1.84341847]), array([-1.4586191 , -0.21403513])]]]
[200, 17, -1, -1, 1, [[array([[ 0.74065747,  1.09145557,  1.37023892, -2.38760697, -0.27835989,
         1.72632743],
       [-0.64540202,  1.22724308, -0.1644708 , -1.62928593, -0.21235858,
        -2.15004372],
       [ 2.03818449,  0.92165989,  1.36850007,  2.39560844, -1.44337408,
         0.63639028],
       [-0.7304065 , -2.11803645, -1.27044891, -0.97373746, -0.9466012 ,
         1.88814449],
       [ 1.0224422 , -2.17644846, -1.6581562 ,  2.42449623,  1.22090896,
        -1.74636103],
       [ 0.33433635, -1.19517291,  1.80054387,  0.32358697,  0.76298508,
        -2.20731618]]), array([[-1.451648  ,  2.37435246],
       [ 1.58040724, -2.36810702],
       [-1.06806942, -0.50587731],
       [ 0.26928307,  0.99337659],
       [-0.27741822,  0.77145905],
       [ 1.50763403,  1.06645652]])], [array([-2.04393284,  0.138904  ,  0.25107631, -0.75965803, -0.82884967,
       -0.60903193]), array([-2.07244503, -1.58472445])]]]
[200, 5, -1, -1, 0, [[array([[-1.04589931, -1.17120521, -1.17339962,  2.24212266,  1.57996682,
        -0.98011829],
       [ 0.51660607, -1.52666714, -2.20145018,  2.03122545, -2.29990231,
         0.03338985],
       [ 1.84259455,  1.44790959, -1.10744203,  1.99563774,  1.68235887,
        -0.54106587],
       [ 1.11619745,  2.09067189, -0.13290029, -0.55062938, -0.87572243,
         0.56401731],
       [-1.82117479,  0.26708813, -0.87420536,  1.12441918, -1.99735114,
        -0.92872768],
       [ 2.41012871,  1.63267161, -1.78564097, -1.94990313,  0.03489055,
        -1.09080254]]), array([[ 1.95824667, -1.58053643],
       [ 1.61134913, -1.16857742],
       [-2.05300365, -2.38824646],
       [ 0.56334299,  2.24826633],
       [-1.75662516,  0.77602738],
       [ 1.72699289, -1.7344847 ]])], [array([-0.91805644,  2.42760498, -0.28210722,  0.6651164 ,  2.0833663 ,
       -1.91370154]), array([1.36075378, 1.29305664])]]]
[200, 13, -1, -1, 1, [[array([[-1.81429758, -0.86446802, -1.50084479,  1.03536232,  1.93060427,
         1.88894904],
       [ 0.58202565, -1.42628693, -2.13272418, -0.62155949, -0.34140326,
         1.87905157],
       [ 1.71740802,  2.02039015,  2.20129409, -1.47250498,  0.589319  ,
         0.94838346],
       [ 2.19826701, -0.79095214,  2.00920746, -0.80141571, -0.47487275,
         1.47322121],
       [ 1.89734522,  0.6255578 ,  0.84551573, -1.06802473,  0.31817586,
         1.17104709],
       [ 1.53263246,  0.13875511, -1.62624582, -1.27248299,  1.89770693,
        -0.15153558]]), array([[ 2.42949508, -1.395985  ],
       [-0.83002133, -0.71264553],
       [-1.84878263,  1.64520597],
       [-1.32412419, -0.03783309],
       [-1.60872335, -2.17967498],
       [ 1.87854429,  1.25523418]])], [array([ 1.31596041, -1.70200164,  2.33860818, -1.77241273,  1.14847365,
       -0.05644843]), array([0.09803858, 0.39862281])]]]
[200, 9, -1, -1, 0, [[array([[-2.01168522, -1.04691656,  0.99081567,  1.8675309 , -0.26446504,
         2.19941346],
       [ 0.98030319,  0.49227523,  1.88145346, -1.55320975, -1.8332978 ,
         1.95695272],
       [ 0.0519726 , -0.15650087,  0.56483662, -0.53269907,  1.40654993,
        -1.30447496],
       [-0.83930236,  1.12336325, -0.73897874, -2.25845592, -1.82950126,
         2.42771102],
       [-2.35473152, -2.16288151,  2.28033196,  0.96659675,  2.32449967,
         1.26440116],
       [ 1.42713189, -1.54456795, -0.95602458, -1.39748907,  0.76441667,
         1.56542631]]), array([[-2.10141252,  2.3037632 ],
       [-0.91648701,  0.52282064],
       [-2.1589577 ,  1.36632582],
       [-2.34979621, -0.94762836],
       [-1.19378408, -0.98084881],
       [-0.64244702, -0.50117494]])], [array([-0.5053678 ,  1.09393293, -0.32678619,  1.03780956, -1.94659045,
       -0.83395881]), array([-2.39638576, -1.81513181])]]]
[200, 24, -1, -1, 1, [[array([[-2.10020429, -1.34675959, -1.41268341,  1.55194694,  0.89256306,
        -1.47712838],
       [-2.17483466, -1.96957818, -1.70943666,  0.11012531,  2.12230712,
         1.1487358 ],
       [-0.47877627,  0.40177691,  1.8819566 ,  0.781721  , -1.65628078,
         1.72519845],
       [ 1.28360388, -0.1912592 ,  1.64748415,  0.32507055, -0.94103563,
        -1.8206699 ],
       [ 1.76401507, -0.92794484,  1.23188401,  1.42244714, -0.68613089,
         0.86570256],
       [ 1.51187875,  0.49789035,  0.47496265,  1.73602945, -2.12275712,
         0.51863499]]), array([[ 1.02391021, -1.36534792],
       [ 2.37623641,  2.37632572],
       [ 1.43231162, -1.77771753],
       [-1.09445562,  2.41658291],
       [ 1.97787825, -1.87581899],
       [-0.38074068, -1.71294326]])], [array([-1.56478663, -2.34850975, -1.58580812, -1.37995083, -1.99324317,
        1.67279012]), array([ 1.46973221, -2.29394931])]]]
[200, 11, -1, -1, 0, [[array([[ 0.86512459, -1.86748551, -1.25888846,  2.02354269,  0.25367583,
         0.56461421],
       [-1.25576207,  1.32078716, -1.4782575 ,  1.8926805 ,  0.27155507,
        -2.35677319],
       [ 0.39302631, -1.1118428 ,  0.77278946, -1.53746967, -0.9924635 ,
         2.20268394],
       [ 1.75941995,  2.27838358,  1.86543563,  0.28587596, -0.4083534 ,
        -2.05542008],
       [ 1.80689638,  1.66740706,  0.64775211,  2.18981374,  1.84471226,
         1.1262997 ],
       [-0.52866412,  1.04809763,  1.31005044,  1.53873724, -0.19224829,
        -0.78754041]]), array([[ 2.41490609, -1.86600764],
       [-1.40819423, -2.28169701],
       [ 1.76243357,  2.20630696],
       [ 1.46842798,  1.85754064],
       [ 2.32477274,  1.66870889],
       [-2.42541364, -1.00287788]])], [array([-0.90348893, -0.63585909,  0.57589244, -1.50962181,  2.05757197,
       -2.16057943]), array([-1.32418272, -2.12207091])]]]
[200, 10, -1, -1, 1, [[array([[-2.16937364, -0.74335588, -2.23966122,  0.88579997, -0.70037053,
        -1.4344463 ],
       [ 0.87147694, -1.4741198 ,  0.52146374, -1.39647743,  1.85101991,
        -0.92892374],
       [-0.19562445, -0.35817956, -1.22386387,  1.53486647, -1.37050004,
        -2.38988812],
       [-1.73693401,  2.34751998,  1.48737015, -0.23620703,  0.98674877,
        -0.61063208],
       [-1.6081669 ,  1.66816096, -1.83514561, -0.73205168,  0.8244373 ,
        -1.49148802],
       [-2.04139739,  2.03364492, -0.52718289,  1.18663937,  1.86206584,
         0.58664291]]), array([[ 1.80087459,  0.6526141 ],
       [-2.09542152, -0.56236941],
       [ 2.24262107,  1.21337734],
       [ 0.63019985,  0.68588997],
       [ 0.37500273, -0.27612677],
       [ 1.52011518,  2.20308256]])], [array([-1.84368634,  1.33249812, -2.05348533,  0.89510329,  1.24530248,
       -0.0320838 ]), array([-1.90691188,  2.36322309])]]]
[200, 21, -1, -1, 0, [[array([[ 0.5260224 ,  0.43387575,  1.52689635,  0.21396236, -0.21252173,
        -1.11320673],
       [ 0.05623839, -1.62332149, -1.43094815,  0.12026086,  1.2052809 ,
         0.56731943],
       [-2.43515156, -1.40754508, -2.28172861, -2.12741111, -1.89267121,
        -1.53663979],
       [-1.9046974 , -1.10643755, -0.2617354 , -1.85570609,  1.21824684,
         2.42375652],
       [ 0.06414897,  1.54694543,  0.22206416,  0.58115436, -0.19751189,
        -2.03594362],
       [ 0.09473643, -1.61643217,  1.51438082,  1.73177301, -2.36169862,
        -2.20535056]]), array([[-0.33654137, -1.12474906],
       [ 1.03830222, -0.88292223],
       [-1.53193411, -1.33430051],
       [ 2.19367166,  0.72595824],
       [-0.06335335,  1.371876  ],
       [-0.23853736, -0.30374699]])], [array([-0.14547843,  1.44390374,  1.48948762,  1.20728576,  0.79073405,
       -1.57590776]), array([ 0.41483509, -0.52980455])]]]
[200, 19, -1, -1, 1, [[array([[ 1.70612246, -2.05990254, -1.60246338, -1.18410481, -1.04920649,
        -1.86508567],
       [ 0.69963298,  1.41445739, -2.04365523,  1.80300203, -1.90644441,
        -0.06579785],
       [ 0.19134493, -1.05556397, -0.42593504, -1.2491192 ,  0.45214158,
         2.01400623],
       [-1.66547827,  2.43784221,  1.47032344, -1.4598368 , -0.08157985,
        -0.2192073 ],
       [-0.77321853, -1.62673404,  1.77674453, -0.04830583, -1.33430918,
        -1.85998454],
       [ 0.03570545, -1.2803905 , -0.1476816 , -1.96125548, -1.36287976,
         0.64753871]]), array([[ 2.36264017, -1.63141216],
       [-1.24172691, -0.43622394],
       [-0.87516506,  1.56638879],
       [-1.64965745, -0.79947501],
       [ 0.76987198,  2.16026367],
       [ 0.59973115,  2.05898096]])], [array([ 1.54929839,  0.8861965 , -2.02417047,  0.77216373, -0.4511265 ,
        1.77596906]), array([-0.80243755,  1.70331197])]]]
[98400, 8, 'birth', 21, 17, 1, [[array([[ 0.23687737,  0.43387575,  2.44948974,  0.21396236, -0.21252173,
        -1.11320673],
       [ 0.05623839, -1.62332149, -2.44948974, -2.44948974,  1.2052809 ,
         0.40937127],
       [-2.43515156, -1.40754508, -2.28172861, -2.12741111, -1.89267121,
        -1.53663979],
       [-1.78190656, -1.10643755, -0.2617354 , -1.85570609,  1.21824684,
         2.42375652],
       [-2.44948974,  1.65489053,  0.22206416,  0.58115436, -0.19751189,
        -2.37306657],
       [ 0.33433635, -1.78587892,  1.80054387,  0.32358697,  0.76298508,
        -2.20731618]]), array([[-1.41421356,  1.41421356],
       [ 1.41421356, -1.41421356],
       [-1.06806942, -0.50587731],
       [ 0.26928307,  0.99337659],
       [-0.27741822,  0.77145905],
       [ 1.41421356,  1.06645652]])], [array([-1.79861059, -1.88822231,  0.25107631, -0.75965803,  1.89088759,
       -0.60903193]), array([-1.41421356, -1.41421356])]]]
[147401, 20, 'birth', 11, 10, 0, [[array([[-1.46141748, -1.86748551, -2.44948974,  2.44948974, -2.15863484,
         0.56461421],
       [-2.17290644,  1.32078716, -1.4782575 ,  1.8926805 ,  0.27155507,
        -2.35677319],
       [ 2.44948974, -1.1118428 , -2.31555802, -1.53746967, -0.9924635 ,
         2.20268394],
       [ 1.75941995,  2.27838358,  1.86543563,  0.28587596,  0.47085611,
        -0.84579499],
       [ 1.80689638, -0.65283238,  0.64775211,  2.18981374,  1.84471226,
         1.1262997 ],
       [-0.52866412,  1.04809763,  0.74822502,  1.18663937,  1.86206584,
         2.44948974]]), array([[ 1.10782271,  0.6526141 ],
       [-1.41421356, -0.56236941],
       [ 1.41421356,  1.21337734],
       [ 1.41421356,  0.68588997],
       [ 0.37500273, -0.27612677],
       [ 1.41421356,  1.41421356]])], [array([-1.84368634,  1.33249812, -2.05348533,  0.89510329,  1.24530248,
       -0.0320838 ]), array([-1.41421356,  1.41421356])]]]
[263952, 7, 'birth', 11, 4, 0, [[array([[ 0.86512459, -1.86748551, -1.25888846,  2.02354269,  2.44948974,
         0.56461421],
       [-1.25576207, -1.97295511, -1.4782575 ,  1.8926805 ,  0.21630112,
         0.37159837],
       [ 0.39302631, -1.1118428 ,  0.77278946, -1.53746967, -0.9924635 ,
         2.20268394],
       [-1.26195295, -1.74378806,  0.90638872, -1.08031696,  1.98545409,
         0.31550481],
       [-1.95338069, -0.31777047, -0.85700105,  0.45915733, -1.21078077,
        -2.18131181],
       [-0.03613412,  0.35262941,  2.10200989, -1.34761913, -2.31446833,
        -0.47438536]]), array([[ 1.25024797, -1.41421356],
       [ 0.21956856,  0.27538422],
       [-0.67087065,  0.54230344],
       [-0.69910751, -1.31664574],
       [ 1.04001695,  1.41421356],
       [-1.41318312, -0.09084589]])], [array([ 0.94478954,  1.21451945,  2.44948974,  2.40571528,  0.04906399,
       -2.01157541]), array([ 1.41421356, -0.09656499])]]]
[311003, 16, 'birth', 7, 10, 1, [[array([[ 0.86512459, -1.86748551, -2.08430131,  2.02354269,  2.44948974,
         0.56461421],
       [-1.25576207, -1.97295511, -1.4782575 ,  1.8926805 ,  0.21630112,
         0.37159837],
       [ 0.96774579, -1.1118428 ,  1.81849948, -1.53746967, -0.9924635 ,
         2.20268394],
       [-1.26195295, -1.74378806,  0.90638872, -1.08031696,  1.65831639,
         0.31550481],
       [-1.95338069, -0.31777047, -0.85700105, -0.61311961, -1.21078077,
        -2.18131181],
       [-0.03613412,  2.44948974,  2.10200989,  0.22992482,  1.86206584,
         0.58664291]]), array([[ 1.41421356,  0.6526141 ],
       [-1.41421356,  0.85407229],
       [ 1.41421356,  1.21337734],
       [-1.32571626,  0.68588997],
       [ 0.37500273, -0.27612677],
       [ 1.41421356,  1.41421356]])], [array([-1.84368634,  1.33249812, -2.05348533, -2.44948974,  1.24530248,
       -0.0320838 ]), array([-1.41421356,  1.41421356])]]]
[349103, 0, 'birth', 23, 8, 0, [[array([[ 1.68694987, -2.44948974,  1.40893763, -0.49498757,  2.09601742,
         0.58893033],
       [ 2.16797563,  0.85678554, -1.7305633 ,  1.8784563 , -0.45827677,
        -2.24658755],
       [-2.44948974,  0.80357734, -1.66859497, -1.9547429 ,  0.77729287,
         1.66560599],
       [-0.94989594, -1.86487126, -1.55106292,  1.29042822,  2.44948974,
        -0.16677724],
       [-0.28225223, -2.44948974,  1.86169977,  0.41725158,  1.92724973,
        -0.79556738],
       [-1.81049539, -1.89588841,  0.25156348,  2.37099942,  0.60485177,
        -1.96106613]]), array([[-1.41421356,  0.70912107],
       [-1.41421356, -0.50266813],
       [-1.41421356,  1.41421356],
       [ 0.95827804,  0.99337659],
       [-0.27741822,  1.22963542],
       [ 1.41421356,  1.06645652]])], [array([-2.44948974, -1.88822231,  0.25107631, -0.75965803,  2.44948974,
       -0.60903193]), array([-1.41421356, -1.41421356])]]]
[888808, 6, 'death']
[889108, 4, 'death']
[889408, 18, 'death']
[889708, 12, 'death']
[890008, 3, 'death']
[890308, 14, 'death']
[890608, 2, 'death']
[890908, 15, 'death']
[891208, 23, 'death']
[891508, 1, 'death']
[891808, 22, 'death']
[892108, 17, 'death']
[892458, 5, 'death']
[892758, 13, 'death']
[893058, 9, 'death']
[893358, 24, 'death']
[893659, 11, 'death']
[893958, 10, 'death']
[894258, 21, 'death']
[894558, 19, 'death']
[895308, 10, 'birth', 9, 17, 1, [[array([[-2.44948974, -1.04691656,  0.99081567,  1.8675309 , -0.26446504,
         2.19941346],
       [ 0.98030319,  0.0807313 ,  1.88145346, -1.55320975, -2.44948974,
         1.95695272],
       [ 0.0519726 ,  2.44948974,  1.36850007,  2.39560844,  2.44948974,
         0.63639028],
       [-0.7304065 , -2.44948974, -1.27044891, -0.97373746, -0.9466012 ,
         1.88814449],
       [ 2.44948974, -2.17644846, -1.6581562 ,  2.44948974,  1.22090896,
        -1.74636103],
       [ 0.33433635, -1.19517291,  2.44948974,  0.32358697,  0.76298508,
        -2.20731618]]), array([[-1.41421356,  1.41421356],
       [ 1.41421356, -1.41421356],
       [-1.06806942, -0.50587731],
       [ 0.26928307,  1.34313942],
       [-0.68658321,  0.77145905],
       [ 1.41421356, -0.96517004]])], [array([-2.04393284,  0.138904  ,  0.25107631, -2.44948974, -0.82884967,
        2.07069533]), array([-1.41421356, -1.41421356])]]]
[895308, 4, 'birth', 0, 8, 0, [[array([[ 1.68694987, -2.44948974,  1.40893763,  0.21396236, -2.44948974,
         0.89817197],
       [-0.78960273, -1.62332149, -2.44948974, -2.44948974,  2.44948974,
         0.40937127],
       [-2.43515156, -1.40754508, -2.28172861, -2.44948974, -1.89267121,
        -1.53663979],
       [-1.78190656, -1.29748183, -0.2617354 , -2.44948974,  1.21824684,
         2.42375652],
       [-2.44948974,  1.65489053,  2.44948974,  0.58115436,  1.92322324,
        -2.37306657],
       [ 2.44948974, -1.78587892,  1.80054387,  0.32358697,  0.76298508,
        -2.20731618]]), array([[-1.41421356,  1.41421356],
       [ 1.41421356, -1.41421356],
       [-1.06806942,  1.0185912 ],
       [ 0.26928307,  0.99337659],
       [ 1.41421356,  0.77145905],
       [ 1.41421356,  1.06645652]])], [array([-1.79861059, -1.88822231,  0.25107631, -1.42674462, -0.95879103,
       -0.60903193]), array([-1.41421356,  0.61414493])]]]
[895308, 6, 'birth', 9, 4, 1, [[array([[-5.70698571e-01, -2.44948974e+00,  1.94296420e+00,
        -1.32962087e+00,  1.73198795e+00, -1.12307950e+00],
       [ 1.34641899e+00, -1.02681753e+00,  1.56737935e+00,
         1.60933987e-01,  6.83750250e-01, -2.40116075e+00],
       [ 2.44948974e+00, -2.16287887e+00, -5.67179308e-01,
        -9.37991469e-01,  2.44948974e+00, -1.68960903e+00],
       [-1.26195295e+00, -3.61966204e-01,  2.43957005e+00,
        -1.08031696e+00,  1.98545409e+00,  3.15504812e-01],
       [-2.44948974e+00,  2.06963529e+00, -8.57001052e-01,
         4.59157329e-01,  1.14852336e-04,  1.44452741e+00],
       [-3.61341173e-02,  3.52629413e-01, -8.64583437e-01,
        -1.34761913e+00, -2.31446833e+00, -4.74385358e-01]]), array([[ 1.25024797, -1.41421356],
       [-1.41421356,  0.27538422],
       [-0.67087065,  0.54230344],
       [ 1.13352463, -1.31664574],
       [ 1.04001695,  1.41421356],
       [-1.41318312,  0.79650405]])], [array([ 0.94478954,  0.73993904,  2.226994  ,  2.40571528,  0.04906399,
       -2.01157541]), array([ 1.41421356, -0.25854591])]]]
[895308, 23, 'birth', 20, 16, 1, [[array([[-1.46141748, -2.44948974, -2.44948974,  2.44948974, -2.15863484,
         0.56461421],
       [-2.17290644,  1.32078716, -1.4782575 ,  1.8926805 ,  0.27155507,
        -2.35677319],
       [ 2.18760962, -1.1118428 , -2.31555802, -2.44948974, -0.9924635 ,
         0.73056275],
       [ 1.75941995,  2.27838358,  1.74963952,  0.28587596,  0.47085611,
        -0.84579499],
       [ 1.80689638, -0.65283238,  0.64775211,  2.18981374,  1.84471226,
         1.1262997 ],
       [-0.88951574,  1.04809763, -0.13043693, -2.11883941,  1.86206584,
         2.44948974]]), array([[ 1.10782271,  1.41421356],
       [-1.41421356, -0.56236941],
       [ 1.41421356,  0.77979928],
       [ 1.41421356,  0.68588997],
       [ 0.37500273,  0.53229231],
       [ 0.92277175,  1.41421356]])], [array([-1.84368634,  1.33249812, -0.98812171, -0.93753845,  2.44948974,
       -0.0320838 ]), array([-1.41421356, -1.10816293])]]]
[938459, 8, 'death']
[958209, 20, 'death']
[990759, 7, 'death']
[1006310, 16, 'death']
[1015110, 0, 'death']
[1110861, 10, 'death']
[1111011, 4, 'death']
[1111161, 6, 'death']
[1111311, 23, 'death']
[1111461, 'Extinction!']
