[time, indiv, gender, coords]
[16250, 'popsize', 20, 'queuesize', 0]
[18350, 12, 0, [11.243398666381836, -8.795855522155762]]
[18350, 23, 0, [5.856571674346924, -4.033040523529053]]
[18350, 0, 0, [11.265854835510254, -1.2461894750595093]]
[18350, 20, 0, [8.715776443481445, -6.310689926147461]]
[18350, 15, 0, [9.076809883117676, -1.0031408071517944]]
[18350, 17, 0, [4.0633649826049805, -8.572604179382324]]
[18350, 16, 0, [8.693131446838379, -8.781051635742188]]
[18350, 22, 0, [3.70013427734375, -6.272275447845459]]
[18350, 1, 0, [10.46654224395752, -11.194381713867188]]
[18350, 11, 0, [6.9845967292785645, -1.1854432821273804]]
[18350, 7, 1, [2.741896152496338, -1.148594617843628]]
[18350, 8, 1, [12.219938278198242, -6.139467716217041]]
[18350, 6, 1, [1.2040766477584839, -8.702773094177246]]
[18350, 5, 1, [8.711936950683594, -11.303510665893555]]
[18350, 10, 1, [2.1432137489318848, -6.1876349449157715]]
[18350, 4, 1, [12.111207962036133, -3.6602163314819336]]
[18350, 24, 1, [7.0845794677734375, -6.183372974395752]]
[18350, 18, 1, [4.415430068969727, -3.95230770111084]]
[18350, 9, 1, [5.485701560974121, -11.20754337310791]]
[18350, 19, 1, [8.02768611907959, -3.6908137798309326]]
[32550, 'popsize', 20, 'queuesize', 0]
[34650, 12, 0, [11.597148895263672, -9.055038452148438]]
[34650, 23, 0, [4.691068649291992, -4.744416236877441]]
[34650, 0, 0, [11.212992668151855, -1.2836401462554932]]
[34650, 20, 0, [8.740238189697266, -6.245840549468994]]
[34650, 15, 0, [9.315016746520996, -0.7572147250175476]]
[34650, 17, 0, [4.718360900878906, -8.18919849395752]]
[34650, 16, 0, [8.834946632385254, -8.678104400634766]]
[34650, 22, 0, [3.719052314758301, -6.314764499664307]]
[34650, 1, 0, [9.169123649597168, -10.762419700622559]]
[34650, 11, 0, [8.059771537780762, -0.8586336374282837]]
[34650, 7, 1, [1.4632142782211304, -0.6685124635696411]]
[34650, 8, 1, [12.394302368164062, -5.9258832931518555]]
[34650, 6, 1, [1.2419053316116333, -8.690313339233398]]
[34650, 5, 1, [8.052329063415527, -10.528621673583984]]
[34650, 10, 1, [3.423072576522827, -5.8008904457092285]]
[34650, 4, 1, [12.394482612609863, -3.4683144092559814]]
[34650, 24, 1, [8.211885452270508, -5.911040306091309]]
[34650, 18, 1, [4.3300089836120605, -3.5614452362060547]]
[34650, 9, 1, [4.3438401222229, -10.859991073608398]]
[34650, 19, 1, [7.3392863273620605, -3.418692111968994]]
[48550, 'popsize', 20, 'queuesize', 0]
[50650, 12, 0, [12.375158309936523, -9.26101303100586]]
[50650, 23, 0, [4.341102600097656, -4.883730888366699]]
[50650, 0, 0, [11.269774436950684, -1.296971321105957]]
[50650, 20, 0, [8.706958770751953, -6.3012495040893555]]
[50650, 15, 0, [9.353541374206543, -0.7883467078208923]]
[50650, 17, 0, [4.972923755645752, -7.959244251251221]]
[50650, 16, 0, [8.494430541992188, -8.837873458862305]]
[50650, 22, 0, [3.7118306159973145, -6.2527289390563965]]
[50650, 1, 0, [8.063647270202637, -10.005570411682129]]
[50650, 11, 0, [8.116373062133789, -0.7230187058448792]]
[50650, 7, 1, [0.6804710030555725, -0.12415121495723724]]
[50650, 8, 1, [12.393998146057129, -5.708922863006592]]
[50650, 6, 1, [1.2306462526321411, -8.749458312988281]]
[50650, 5, 1, [7.447144985198975, -10.120171546936035]]
[50650, 10, 1, [3.7090859413146973, -5.6194987297058105]]
[50650, 4, 1, [12.394009590148926, -3.249518871307373]]
[50650, 24, 1, [7.3252034187316895, -6.244268417358398]]
[50650, 18, 1, [4.069879055023193, -3.7260661125183105]]
[50650, 9, 1, [4.853452205657959, -11.437494277954102]]
[50650, 19, 1, [6.982802867889404, -2.8813631534576416]]
[64100, 'popsize', 20, 'queuesize', 0]
[66150, 12, 0, [12.375162124633789, -9.260939598083496]]
[66150, 23, 0, [4.4782891273498535, -4.850449085235596]]
[66150, 0, 0, [11.24811840057373, -1.2404837608337402]]
[66150, 20, 0, [8.766353607177734, -6.264875411987305]]
[66150, 15, 0, [9.297263145446777, -0.8165674805641174]]
[66150, 17, 0, [5.029724597930908, -7.934907913208008]]
[66150, 16, 0, [8.508488655090332, -8.510215759277344]]
[66150, 22, 0, [3.701002597808838, -6.31416130065918]]
[66150, 1, 0, [7.2443647384643555, -9.000136375427246]]
[66150, 11, 0, [8.298005104064941, -0.12461069226264954]]
[66150, 7, 1, [0.6665377616882324, -0.12413987517356873]]
[66150, 8, 1, [12.389134407043457, -5.76509952545166]]
[66150, 6, 1, [1.1819654703140259, -8.715596199035645]]
[66150, 5, 1, [6.647874355316162, -9.7964448928833]]
[66150, 10, 1, [3.7720861434936523, -5.6248040199279785]]
[66150, 4, 1, [12.393967628479004, -3.0399250984191895]]
[66150, 24, 1, [6.163463115692139, -6.801093101501465]]
[66150, 18, 1, [3.750309467315674, -3.5654850006103516]]
[66150, 9, 1, [5.43890905380249, -12.375859260559082]]
[66150, 19, 1, [7.420747756958008, -3.4254679679870605]]
[79850, 'popsize', 20, 'queuesize', 0]
[81800, 12, 0, [12.375163078308105, -9.260668754577637]]
[81800, 23, 0, [4.599303245544434, -4.822938442230225]]
[81800, 0, 0, [11.253334045410156, -1.3121695518493652]]
[81800, 20, 0, [8.673386573791504, -6.2922258377075195]]
[81800, 15, 0, [9.327313423156738, -0.7676852345466614]]
[81800, 17, 0, [4.979452133178711, -7.988958358764648]]
[81800, 16, 0, [8.2402925491333, -7.28565788269043]]
[81800, 22, 0, [3.7377097606658936, -6.258418083190918]]
[81800, 1, 0, [6.76241397857666, -7.785882949829102]]
[81800, 11, 0, [8.314528465270996, -0.2392057478427887]]
[81800, 7, 1, [0.6517733335494995, -0.12416785955429077]]
[81800, 8, 1, [12.37839412689209, -5.761575222015381]]
[81800, 6, 1, [1.199426293373108, -8.696292877197266]]
[81800, 5, 1, [6.587520122528076, -9.83044147491455]]
[81800, 10, 1, [3.7190115451812744, -5.637162685394287]]
[81800, 4, 1, [12.381829261779785, -3.2346596717834473]]
[81800, 24, 1, [5.922520637512207, -6.82943868637085]]
[81800, 18, 1, [3.147923469543457, -2.398669719696045]]
[81800, 9, 1, [5.453684329986572, -12.375831604003906]]
[81800, 19, 1, [8.037715911865234, -4.580983638763428]]
[94850, 'popsize', 20, 'queuesize', 0]
[96950, 12, 0, [12.375157356262207, -9.26054859161377]]
[96950, 23, 0, [4.7204976081848145, -4.797140598297119]]
[96950, 0, 0, [11.307188987731934, -1.294740080833435]]
[96950, 20, 0, [9.4066801071167, -5.691349506378174]]
[96950, 15, 0, [9.340107917785645, -0.7757412791252136]]
[96950, 17, 0, [4.9801812171936035, -7.923649787902832]]
[96950, 16, 0, [7.740494251251221, -6.54805326461792]]
[96950, 22, 0, [3.699730634689331, -6.246354579925537]]
[96950, 1, 0, [6.674697399139404, -6.521457195281982]]
[96950, 11, 0, [8.4827880859375, -0.837740421295166]]
[96950, 7, 1, [0.6372047066688538, -0.12414547801017761]]
[96950, 8, 1, [12.384764671325684, -5.677746772766113]]
[96950, 6, 1, [1.2186840772628784, -8.687459945678711]]
[96950, 5, 1, [6.648807525634766, -9.840066909790039]]
[96950, 10, 1, [4.249366283416748, -6.365355014801025]]
[96950, 4, 1, [12.392121315002441, -3.7980849742889404]]
[96950, 24, 1, [6.769516944885254, -5.921667575836182]]
[96950, 18, 1, [2.9320836067199707, -2.5617072582244873]]
[96950, 9, 1, [5.4674577713012695, -12.375837326049805]]
[96950, 19, 1, [8.298747062683105, -5.820544719696045]]
[109901, 'popsize', 20, 'queuesize', 0]
[111801, 12, 0, [12.375158309936523, -9.260283470153809]]
[111801, 23, 0, [5.0279717445373535, -4.707056522369385]]
[111801, 0, 0, [11.278987884521484, -1.34137761592865]]
[111801, 20, 0, [9.67194652557373, -5.444087028503418]]
[111801, 15, 0, [9.286632537841797, -0.7570380568504333]]
[111801, 17, 0, [5.270915985107422, -7.9094953536987305]]
[111801, 16, 0, [7.938827991485596, -6.016214847564697]]
[111801, 22, 0, [3.6979947090148926, -6.298056602478027]]
[111801, 1, 0, [6.900500297546387, -5.296733856201172]]
[111801, 11, 0, [7.524292469024658, -0.1085561141371727]]
[111801, 7, 1, [0.6234517097473145, -0.12417186796665192]]
[111801, 8, 1, [12.311946868896484, -5.6785969734191895]]
[111801, 6, 1, [1.2317860126495361, -8.704331398010254]]
[111801, 5, 1, [6.165553092956543, -10.03158950805664]]
[111801, 10, 1, [4.468848705291748, -6.575381278991699]]
[111801, 4, 1, [12.392078399658203, -3.96018648147583]]
[111801, 24, 1, [7.264695167541504, -4.805031776428223]]
[111801, 18, 1, [2.893819570541382, -2.6698145866394043]]
[111801, 9, 1, [5.481467247009277, -12.375847816467285]]
[111801, 19, 1, [8.2476167678833, -7.067659854888916]]
[125651, 'popsize', 20, 'queuesize', 0]
[127701, 12, 0, [12.375160217285156, -9.260050773620605]]
[127701, 23, 0, [4.828022480010986, -4.793673038482666]]
[127701, 0, 0, [11.304117202758789, -1.2983839511871338]]
[127701, 20, 0, [9.221441268920898, -5.461493492126465]]
[127701, 15, 0, [9.283650398254395, -0.7363284826278687]]
[127701, 17, 0, [5.704710006713867, -7.915563106536865]]
[127701, 16, 0, [7.3479132652282715, -6.200618267059326]]
[127701, 22, 0, [3.745435953140259, -6.241232395172119]]
[127701, 1, 0, [7.487536430358887, -4.09658670425415]]
[127701, 11, 0, [6.891806602478027, -0.09519962966442108]]
[127701, 7, 1, [0.6096304655075073, -0.12414827197790146]]
[127701, 8, 1, [12.378605842590332, -5.6213274002075195]]
[127701, 6, 1, [1.2054994106292725, -8.745710372924805]]
[127701, 5, 1, [6.158988952636719, -10.090360641479492]]
[127701, 10, 1, [4.513904094696045, -6.625018119812012]]
[127701, 4, 1, [12.39201545715332, -4.135070323944092]]
[127701, 24, 1, [7.385333061218262, -3.503981590270996]]
[127701, 18, 1, [2.41515851020813, -3.0886964797973633]]
[127701, 9, 1, [5.497983932495117, -12.375940322875977]]
[127701, 19, 1, [7.863495826721191, -8.344588279724121]]
[141501, 'popsize', 20, 'queuesize', 0]
[143551, 12, 0, [12.375162124633789, -9.26012897491455]]
[143551, 23, 0, [4.608161926269531, -4.880331039428711]]
[143551, 0, 0, [11.297370910644531, -1.353977084159851]]
[143551, 20, 0, [9.20309829711914, -5.396750450134277]]
[143551, 15, 0, [9.320738792419434, -0.7597275376319885]]
[143551, 17, 0, [5.678218364715576, -7.85482931137085]]
[143551, 16, 0, [7.404903888702393, -6.177707195281982]]
[143551, 22, 0, [3.7070555686950684, -6.2413763999938965]]
[143551, 1, 0, [8.381723403930664, -3.1092841625213623]]
[143551, 11, 0, [6.291831016540527, -0.0952141284942627]]
[143551, 7, 1, [0.5945486426353455, -0.12415038794279099]]
[143551, 8, 1, [12.379794120788574, -5.533116817474365]]
[143551, 6, 1, [1.1854177713394165, -8.695767402648926]]
[143551, 5, 1, [5.303572177886963, -9.620889663696289]]
[143551, 10, 1, [5.152722358703613, -5.9335174560546875]]
[143551, 4, 1, [12.392114639282227, -4.308384895324707]]
[143551, 24, 1, [7.2535624504089355, -2.3742165565490723]]
[143551, 18, 1, [2.0205812454223633, -3.9094884395599365]]
[143551, 9, 1, [5.518220901489258, -12.376235008239746]]
[143551, 19, 1, [7.1252875328063965, -9.451251029968262]]
[152901, 'popsize', 20, 'queuesize', 0]
[153951, 12, 0, [12.375161170959473, -9.260038375854492]]
[153951, 23, 0, [4.9765448570251465, -4.76593017578125]]
[153951, 0, 0, [11.294617652893066, -1.3174773454666138]]
[153951, 20, 0, [9.237471580505371, -5.420255184173584]]
[153951, 15, 0, [9.304548263549805, -0.7773878574371338]]
[153951, 17, 0, [5.672320365905762, -7.905142784118652]]
[153951, 16, 0, [7.105459213256836, -5.892271995544434]]
[153951, 22, 0, [3.761012315750122, -6.238760948181152]]
[153951, 1, 0, [9.113203048706055, -2.609072685241699]]
[153951, 11, 0, [6.006444454193115, -0.13513149321079254]]
[153951, 7, 1, [0.5841889381408691, -0.12414416670799255]]
[153951, 8, 1, [12.13563346862793, -4.881852626800537]]
[153951, 6, 1, [1.2225499153137207, -8.742874145507812]]
[153951, 5, 1, [4.978487491607666, -9.507932662963867]]
[153951, 10, 1, [5.523401260375977, -5.395226001739502]]
[153951, 4, 1, [12.392021179199219, -4.427636623382568]]
[153951, 24, 1, [7.615490913391113, -2.833449363708496]]
[153951, 18, 1, [2.7307000160217285, -3.69046950340271]]
[153951, 9, 1, [5.529086589813232, -12.376358032226562]]
[153951, 19, 1, [6.488463401794434, -10.0637788772583]]
[166251, 'popsize', 20, 'queuesize', 0]
[168351, 12, 0, [12.375164985656738, -9.259980201721191]]
[168351, 23, 0, [5.120199203491211, -4.7226080894470215]]
[168351, 0, 0, [11.361953735351562, -1.3483295440673828]]
[168351, 20, 0, [9.47952651977539, -5.713411808013916]]
[168351, 15, 0, [9.268251419067383, -0.8129670023918152]]
[168351, 17, 0, [5.6654534339904785, -7.8750176429748535]]
[168351, 16, 0, [6.442475318908691, -5.259698867797852]]
[168351, 22, 0, [3.7193593978881836, -6.223000526428223]]
[168351, 1, 0, [10.221168518066406, -2.1773173809051514]]
[168351, 11, 0, [5.777815818786621, -0.14003609120845795]]
[168351, 7, 1, [0.5716663002967834, -0.12413392961025238]]
[168351, 8, 1, [11.564840316772461, -3.9144787788391113]]
[168351, 6, 1, [1.2047444581985474, -8.746441841125488]]
[168351, 5, 1, [4.981418132781982, -9.530588150024414]]
[168351, 10, 1, [5.5034637451171875, -5.410966873168945]]
[168351, 4, 1, [12.392026901245117, -4.577887058258057]]
[168351, 24, 1, [8.332281112670898, -3.736022710800171]]
[168351, 18, 1, [3.303724527359009, -3.820690870285034]]
[168351, 9, 1, [5.54179573059082, -12.376344680786133]]
[168351, 19, 1, [6.0956315994262695, -10.36901569366455]]
[182551, 'popsize', 20, 'queuesize', 0]
[184651, 12, 0, [12.375161170959473, -9.259922981262207]]
[184651, 23, 0, [5.275482177734375, -4.675949573516846]]
[184651, 0, 0, [11.341410636901855, -1.3706146478652954]]
[184651, 20, 0, [9.715290069580078, -5.96608304977417]]
[184651, 15, 0, [9.239323616027832, -0.8190733790397644]]
[184651, 17, 0, [5.719139575958252, -7.895244598388672]]
[184651, 16, 0, [6.504400253295898, -5.285377502441406]]
[184651, 22, 0, [3.7401020526885986, -6.2869648933410645]]
[184651, 1, 0, [10.817131042480469, -2.069025754928589]]
[184651, 11, 0, [5.760735511779785, -0.12402930110692978]]
[184651, 7, 1, [0.5561774373054504, -0.12416385114192963]]
[184651, 8, 1, [10.598034858703613, -2.9950313568115234]]
[184651, 6, 1, [1.1963646411895752, -8.688470840454102]]
[184651, 5, 1, [5.025695323944092, -9.478251457214355]]
[184651, 10, 1, [5.5224080085754395, -5.346175670623779]]
[184651, 4, 1, [12.392051696777344, -4.755593776702881]]
[184651, 24, 1, [9.439046859741211, -4.50043249130249]]
[184651, 18, 1, [2.4411959648132324, -2.7610108852386475]]
[184651, 9, 1, [5.555272579193115, -12.376358985900879]]
[184651, 19, 1, [6.750674247741699, -10.102124214172363]]
[198802, 'popsize', 20, 'queuesize', 0]
[200902, 12, 0, [12.37515640258789, -9.259568214416504]]
[200902, 23, 0, [4.492722988128662, -4.981332302093506]]
[200902, 0, 0, [11.386818885803223, -1.3286012411117554]]
[200902, 20, 0, [9.714356422424316, -6.024559020996094]]
[200902, 15, 0, [9.237590789794922, -0.8251771926879883]]
[200902, 17, 0, [5.665836811065674, -7.862975120544434]]
[200902, 16, 0, [6.225240230560303, -5.161455154418945]]
[200902, 22, 0, [3.711906909942627, -6.238508701324463]]
[200902, 1, 0, [10.051860809326172, -2.3359615802764893]]
[200902, 11, 0, [5.7418212890625, -0.12393306195735931]]
[200902, 7, 1, [0.5395658016204834, -0.12414077669382095]]
[200902, 8, 1, [9.383949279785156, -2.411722183227539]]
[200902, 6, 1, [1.24136221408844, -8.707100868225098]]
[200902, 5, 1, [4.997935771942139, -9.5380220413208]]
[200902, 10, 1, [5.495598316192627, -5.405753135681152]]
[200902, 4, 1, [12.392040252685547, -4.9334611892700195]]
[200902, 24, 1, [9.762086868286133, -4.434213161468506]]
[200902, 18, 1, [1.9444297552108765, -1.4934782981872559]]
[200902, 9, 1, [5.569708347320557, -12.376358032226562]]
[200902, 19, 1, [7.361225128173828, -9.900591850280762]]
[215002, 'popsize', 20, 'queuesize', 0]
[217102, 12, 0, [12.376659393310547, -9.27768611907959]]
[217102, 23, 0, [5.21267557144165, -4.714104652404785]]
[217102, 0, 0, [11.375143051147461, -1.3764759302139282]]
[217102, 20, 0, [9.698942184448242, -5.966545581817627]]
[217102, 15, 0, [9.277972221374512, -0.7671616077423096]]
[217102, 17, 0, [5.948502540588379, -7.939491271972656]]
[217102, 16, 0, [5.516804218292236, -4.9619035720825195]]
[217102, 22, 0, [3.6939971446990967, -6.261979579925537]]
[217102, 1, 0, [8.702851295471191, -2.466191530227661]]
[217102, 11, 0, [5.723217964172363, -0.12364690750837326]]
[217102, 7, 1, [0.5251672267913818, -0.12414578348398209]]
[217102, 8, 1, [8.067028999328613, -2.191664934158325]]
[217102, 6, 1, [1.1998506784439087, -8.735127449035645]]
[217102, 5, 1, [4.581044673919678, -9.44202995300293]]
[217102, 10, 1, [5.529376029968262, -5.35172700881958]]
[217102, 4, 1, [12.392041206359863, -5.1109113693237305]]
[217102, 24, 1, [9.208131790161133, -3.206164598464966]]
[217102, 18, 1, [1.675754427909851, -1.6029152870178223]]
[217102, 9, 1, [5.584618091583252, -12.37635326385498]]
[217102, 19, 1, [6.641269683837891, -9.811580657958984]]
[230902, 'popsize', 20, 'queuesize', 0]
[232852, 12, 0, [12.376662254333496, -9.288330078125]]
[232852, 23, 0, [5.264298439025879, -4.927891731262207]]
[232852, 0, 0, [11.411208152770996, -1.3322044610977173]]
[232852, 20, 0, [9.709860801696777, -6.024314880371094]]
[232852, 15, 0, [9.244063377380371, -0.8140829205513]]
[232852, 17, 0, [6.188487529754639, -7.864720344543457]]
[232852, 16, 0, [5.432298183441162, -5.0454559326171875]]
[232852, 22, 0, [3.701409101486206, -6.299586772918701]]
[232852, 1, 0, [7.4246673583984375, -2.2093422412872314]]
[232852, 11, 0, [5.707911491394043, -0.12364676594734192]]
[232852, 7, 1, [0.5098366141319275, -0.12415344268083572]]
[232852, 8, 1, [7.256500244140625, -2.3018946647644043]]
[232852, 6, 1, [1.2127406597137451, -8.672286987304688]]
[232852, 5, 1, [4.254016876220703, -9.380372047424316]]
[232852, 10, 1, [5.576669692993164, -5.304726600646973]]
[232852, 4, 1, [12.39212417602539, -5.285557746887207]]
[232852, 24, 1, [8.34483528137207, -2.2299230098724365]]
[232852, 18, 1, [1.5606807470321655, -1.7495485544204712]]
[232852, 9, 1, [5.598913192749023, -12.376357078552246]]
[232852, 19, 1, [5.409260272979736, -9.324075698852539]]
[248202, 'popsize', 22, 'queuesize', 0]
[250552, 12, 0, [12.376660346984863, -9.297780990600586]]
[250552, 23, 0, [5.0466628074646, -5.257533073425293]]
[250552, 0, 0, [11.377632141113281, -1.3861757516860962]]
[250552, 20, 0, [9.677297592163086, -5.983136177062988]]
[250552, 15, 0, [9.22177505493164, -0.7789319157600403]]
[250552, 17, 0, [6.12424373626709, -7.473571300506592]]
[250552, 16, 0, [4.889297008514404, -5.375614643096924]]
[250552, 22, 0, [3.683765411376953, -6.247358798980713]]
[250552, 1, 0, [6.346808433532715, -1.8250948190689087]]
[250552, 11, 0, [5.690393924713135, -0.1236499771475792]]
[250552, 21, 0, [7.049439430236816, -8.672629356384277]]
[250552, 7, 1, [0.492987722158432, -0.12416835874319077]]
[250552, 8, 1, [6.370171070098877, -1.3789750337600708]]
[250552, 6, 1, [1.2322607040405273, -8.702229499816895]]
[250552, 5, 1, [4.556466579437256, -9.057188987731934]]
[250552, 10, 1, [5.529551982879639, -5.292258262634277]]
[250552, 4, 1, [12.39205551147461, -5.47396993637085]]
[250552, 24, 1, [7.112543106079102, -1.4923372268676758]]
[250552, 18, 1, [1.9734222888946533, -1.5461560487747192]]
[250552, 9, 1, [5.615396976470947, -12.376352310180664]]
[250552, 19, 1, [4.272335052490234, -8.404528617858887]]
[250552, 14, 1, [0.45687204599380493, -3.683987855911255]]
[265902, 'popsize', 22, 'queuesize', 0]
[268152, 12, 0, [12.376663208007812, -9.305914878845215]]
[268152, 23, 0, [4.966569423675537, -6.153768062591553]]
[268152, 0, 0, [11.433749198913574, -1.349597692489624]]
[268152, 20, 0, [9.970782279968262, -6.367874622344971]]
[268152, 15, 0, [9.226985931396484, -0.7472686767578125]]
[268152, 17, 0, [6.150259017944336, -7.503994941711426]]
[268152, 16, 0, [5.2230377197265625, -6.3842082023620605]]
[268152, 22, 0, [3.727456569671631, -6.227404594421387]]
[268152, 1, 0, [7.390838623046875, -1.9213073253631592]]
[268152, 11, 0, [5.6739630699157715, -0.12366126477718353]]
[268152, 21, 0, [8.388701438903809, -8.145297050476074]]
[268152, 7, 1, [0.47587263584136963, -0.12414669990539551]]
[268152, 8, 1, [5.615720272064209, -0.8644201159477234]]
[268152, 6, 1, [1.213486671447754, -8.64057731628418]]
[268152, 5, 1, [5.208307266235352, -7.746802806854248]]
[268152, 10, 1, [5.575100898742676, -5.308218479156494]]
[268152, 4, 1, [12.360520362854004, -5.579188823699951]]
[268152, 24, 1, [5.680211544036865, -1.2037353515625]]
[268152, 18, 1, [3.288978338241577, -0.8622428774833679]]
[268152, 9, 1, [5.631558418273926, -12.376352310180664]]
[268152, 19, 1, [3.4403181076049805, -7.19038724899292]]
[268152, 14, 1, [0.12333401292562485, -3.6113100051879883]]
[283302, 'popsize', 22, 'queuesize', 0]
[284902, 12, 0, [12.376664161682129, -9.315717697143555]]
[284902, 23, 0, [4.957274913787842, -6.571681976318359]]
[284902, 0, 0, [11.414446830749512, -1.4184845685958862]]
[284902, 20, 0, [10.13755989074707, -6.664141654968262]]
[284902, 15, 0, [9.196089744567871, -0.7529545426368713]]
[284902, 17, 0, [6.190985679626465, -7.46707010269165]]
[284902, 16, 0, [5.190555572509766, -7.34765100479126]]
[284902, 22, 0, [3.716916561126709, -6.279293537139893]]
[284902, 1, 0, [7.943286895751953, -2.398942232131958]]
[284902, 11, 0, [5.656933784484863, -0.12365801632404327]]
[284902, 21, 0, [8.936995506286621, -7.847895622253418]]
[284902, 7, 1, [0.45979103446006775, -0.12415577471256256]]
[284902, 8, 1, [6.2375922203063965, -1.1241235733032227]]
[284902, 6, 1, [1.1906101703643799, -8.696702003479004]]
[284902, 5, 1, [5.345130443572998, -7.2745184898376465]]
[284902, 10, 1, [5.53469705581665, -5.28012752532959]]
[284902, 4, 1, [12.32606029510498, -5.56662130355835]]
[284902, 24, 1, [4.2753801345825195, -1.3708384037017822]]
[284902, 18, 1, [4.688039779663086, -0.629857063293457]]
[284902, 9, 1, [5.648276329040527, -12.376344680786133]]
[284902, 19, 1, [3.027782678604126, -5.8348469734191895]]
[284902, 14, 1, [0.12333701550960541, -3.6058526039123535]]
[294902, 'popsize', 23, 'queuesize', 0]
[296953, 12, 0, [12.376666069030762, -9.321667671203613]]
[296953, 23, 0, [4.966224193572998, -6.400767803192139]]
[296953, 0, 0, [11.442180633544922, -1.3969215154647827]]
[296953, 20, 0, [10.180784225463867, -6.66886043548584]]
[296953, 15, 0, [9.226224899291992, -0.7366638779640198]]
[296953, 17, 0, [6.1566853523254395, -7.447551250457764]]
[296953, 16, 0, [5.353817462921143, -7.298673152923584]]
[296953, 22, 0, [3.675250768661499, -6.237095355987549]]
[296953, 1, 0, [8.082111358642578, -3.372366189956665]]
[296953, 11, 0, [5.646097183227539, -0.12364669144153595]]
[296953, 21, 0, [9.360466957092285, -8.318421363830566]]
[296953, 3, 0, [1.6469708681106567, -1.0028507709503174]]
[296953, 7, 1, [0.44867637753486633, -0.12414457648992538]]
[296953, 8, 1, [6.163254737854004, -1.1521764993667603]]
[296953, 6, 1, [1.2358354330062866, -8.675987243652344]]
[296953, 5, 1, [5.226307392120361, -7.148013591766357]]
[296953, 10, 1, [5.518086910247803, -5.319459915161133]]
[296953, 4, 1, [12.34093189239502, -5.558544635772705]]
[296953, 24, 1, [3.3765528202056885, -1.7186996936798096]]
[296953, 18, 1, [5.662724018096924, -0.7009543776512146]]
[296953, 9, 1, [5.659372329711914, -12.376354217529297]]
[296953, 19, 1, [2.9777700901031494, -4.840745449066162]]
[296953, 14, 1, [0.12333384901285172, -3.601733922958374]]
[313303, 'popsize', 23, 'queuesize', 0]
[315703, 12, 0, [12.376662254333496, -9.331598281860352]]
[315703, 23, 0, [4.8473358154296875, -7.395903587341309]]
[315703, 0, 0, [11.457496643066406, -1.3843244314193726]]
[315703, 20, 0, [9.694230079650879, -5.955587863922119]]
[315703, 15, 0, [9.563996315002441, -1.0912021398544312]]
[315703, 17, 0, [6.136233806610107, -7.446615219116211]]
[315703, 16, 0, [5.068795680999756, -6.927554607391357]]
[315703, 22, 0, [3.6924571990966797, -6.228702068328857]]
[315703, 1, 0, [7.895785808563232, -4.930954456329346]]
[315703, 11, 0, [5.627407550811768, -0.12363620847463608]]
[315703, 21, 0, [10.595268249511719, -9.26020336151123]]
[315703, 3, 0, [2.300438165664673, -0.11760355532169342]]
[315703, 7, 1, [0.43112316727638245, -0.12414571642875671]]
[315703, 8, 1, [6.606807708740234, -1.5493031740188599]]
[315703, 6, 1, [1.2370693683624268, -8.635881423950195]]
[315703, 5, 1, [5.058286190032959, -7.168716907501221]]
[315703, 10, 1, [5.49724817276001, -5.951715469360352]]
[315703, 4, 1, [12.325971603393555, -5.550981521606445]]
[315703, 24, 1, [2.0591514110565186, -2.4390528202056885]]
[315703, 18, 1, [7.128732681274414, -1.197723388671875]]
[315703, 9, 1, [5.6750617027282715, -12.37635612487793]]
[315703, 19, 1, [3.27555775642395, -3.2923808097839355]]
[315703, 14, 1, [0.12333788722753525, -3.5940754413604736]]
[331803, 'popsize', 23, 'queuesize', 0]
[334203, 12, 0, [12.376659393310547, -9.34283447265625]]
[334203, 23, 0, [4.970759868621826, -6.499698638916016]]
[334203, 0, 0, [11.398445129394531, -1.4013751745224]]
[334203, 20, 0, [9.195592880249023, -7.2168097496032715]]
[334203, 15, 0, [9.806689262390137, -1.3244521617889404]]
[334203, 17, 0, [6.1223554611206055, -7.464700698852539]]
[334203, 16, 0, [6.100053310394287, -6.747494697570801]]
[334203, 22, 0, [3.7422683238983154, -6.258640289306641]]
[334203, 1, 0, [7.272215843200684, -6.354633808135986]]
[334203, 11, 0, [5.610437870025635, -0.123646080493927]]
[334203, 21, 0, [12.047916412353516, -9.732091903686523]]
[334203, 3, 0, [2.349196434020996, -0.11377214640378952]]
[334203, 7, 1, [0.412396103143692, -0.12414804846048355]]
[334203, 8, 1, [7.8982110023498535, -2.324916362762451]]
[334203, 6, 1, [1.204891324043274, -8.624679565429688]]
[334203, 5, 1, [4.44138765335083, -6.917686462402344]]
[334203, 10, 1, [5.480602264404297, -5.927425384521484]]
[334203, 4, 1, [12.389293670654297, -5.979678630828857]]
[334203, 24, 1, [0.6329964995384216, -2.944315195083618]]
[334203, 18, 1, [7.394307613372803, -1.3418687582015991]]
[334203, 9, 1, [5.691699981689453, -12.37635326385498]]
[334203, 19, 1, [4.054814338684082, -1.9618635177612305]]
[334203, 14, 1, [0.12333089113235474, -3.586543321609497]]
[350403, 'popsize', 23, 'queuesize', 0]
[352803, 12, 0, [12.376663208007812, -9.352531433105469]]
[352803, 23, 0, [4.983426570892334, -6.1413798332214355]]
[352803, 0, 0, [11.454059600830078, -1.4148789644241333]]
[352803, 20, 0, [8.328534126281738, -8.496609687805176]]
[352803, 15, 0, [9.95333480834961, -1.9394810199737549]]
[352803, 17, 0, [6.124815464019775, -7.477758884429932]]
[352803, 16, 0, [6.773472785949707, -7.084641456604004]]
[352803, 22, 0, [3.751218318939209, -6.289994716644287]]
[352803, 1, 0, [6.214136123657227, -7.035603046417236]]
[352803, 11, 0, [5.592304229736328, -0.12365783005952835]]
[352803, 21, 0, [12.376792907714844, -9.826835632324219]]
[352803, 3, 0, [2.39227032661438, -0.17747610807418823]]
[352803, 7, 1, [0.3943803012371063, -0.12415359169244766]]
[352803, 8, 1, [8.233406066894531, -3.0030529499053955]]
[352803, 6, 1, [1.195300817489624, -8.637994766235352]]
[352803, 5, 1, [5.060441493988037, -6.64795446395874]]
[352803, 10, 1, [5.456300258636475, -5.922730922698975]]
[352803, 4, 1, [12.238337516784668, -5.782172203063965]]
[352803, 24, 1, [0.10608931630849838, -3.3938848972320557]]
[352803, 18, 1, [7.823753833770752, -1.835261344909668]]
[352803, 9, 1, [5.708843231201172, -12.37635612487793]]
[352803, 19, 1, [5.252546787261963, -0.9762848019599915]]
[352803, 14, 1, [0.12333641946315765, -3.5764551162719727]]
[368603, 'popsize', 23, 'queuesize', 0]
[370903, 12, 0, [12.37666130065918, -9.36101245880127]]
[370903, 23, 0, [5.020037651062012, -6.590374946594238]]
[370903, 0, 0, [11.404945373535156, -1.454621434211731]]
[370903, 20, 0, [8.386795043945312, -9.138086318969727]]
[370903, 15, 0, [9.935853004455566, -1.9682103395462036]]
[370903, 17, 0, [6.15138053894043, -7.501410484313965]]
[370903, 16, 0, [6.744722843170166, -7.073144435882568]]
[370903, 22, 0, [3.7068099975585938, -6.285395622253418]]
[370903, 1, 0, [5.224053382873535, -6.555761814117432]]
[370903, 11, 0, [5.575823783874512, -0.1236596331000328]]
[370903, 21, 0, [12.37681770324707, -9.837878227233887]]
[370903, 3, 0, [2.8497304916381836, -0.17920397222042084]]
[370903, 7, 1, [0.37553659081459045, -0.1241489127278328]]
[370903, 8, 1, [8.529090881347656, -3.8978075981140137]]
[370903, 6, 1, [1.196737289428711, -8.664826393127441]]
[370903, 5, 1, [5.137200355529785, -6.74061393737793]]
[370903, 10, 1, [4.851217746734619, -5.811356544494629]]
[370903, 4, 1, [11.589900016784668, -4.427137851715088]]
[370903, 24, 1, [0.1060568317770958, -3.4362781047821045]]
[370903, 18, 1, [9.341063499450684, -1.8437228202819824]]
[370903, 9, 1, [5.725510120391846, -12.37635612487793]]
[370903, 19, 1, [5.890949726104736, -0.8881045579910278]]
[370903, 14, 1, [0.12332919985055923, -3.620299816131592]]
[387903, 'popsize', 25, 'queuesize', 0]
[390453, 12, 0, [12.376664161682129, -9.370862007141113]]
[390453, 23, 0, [5.113691806793213, -6.228882312774658]]
[390453, 0, 0, [11.437889099121094, -1.4273213148117065]]
[390453, 20, 0, [9.108508110046387, -10.57025146484375]]
[390453, 15, 0, [10.104341506958008, -2.1699085235595703]]
[390453, 17, 0, [6.14367151260376, -7.495246410369873]]
[390453, 16, 0, [6.740659713745117, -7.081429958343506]]
[390453, 22, 0, [3.71122670173645, -6.288984775543213]]
[390453, 1, 0, [5.258545398712158, -6.171370506286621]]
[390453, 11, 0, [5.557672023773193, -0.12364483624696732]]
[390453, 21, 0, [12.376842498779297, -9.846835136413574]]
[390453, 3, 0, [3.060875415802002, -0.7534838318824768]]
[390453, 13, 0, [3.692615509033203, -11.21532917022705]]
[390453, 2, 0, [2.075399875640869, -11.140008926391602]]
[390453, 7, 1, [0.3567061424255371, -0.12414392083883286]]
[390453, 8, 1, [8.499565124511719, -3.8770816326141357]]
[390453, 6, 1, [1.2178550958633423, -8.684356689453125]]
[390453, 5, 1, [5.136251926422119, -6.747145652770996]]
[390453, 10, 1, [4.850417137145996, -5.799692630767822]]
[390453, 4, 1, [11.322535514831543, -4.044148921966553]]
[390453, 24, 1, [0.10610542446374893, -3.488664150238037]]
[390453, 18, 1, [9.966118812561035, -1.872619867324829]]
[390453, 9, 1, [5.744673252105713, -12.376358032226562]]
[390453, 19, 1, [6.267768383026123, -2.4520697593688965]]
[390453, 14, 1, [0.12332775443792343, -3.6726677417755127]]
[407254, 'popsize', 25, 'queuesize', 0]
[409854, 12, 0, [12.376668930053711, -9.381916046142578]]
[409854, 23, 0, [3.7643866539001465, -6.380400657653809]]
[409854, 0, 0, [11.422687530517578, -1.4782259464263916]]
[409854, 20, 0, [9.230916976928711, -12.175455093383789]]
[409854, 15, 0, [10.55137825012207, -2.3141825199127197]]
[409854, 17, 0, [6.143815040588379, -7.495055198669434]]
[409854, 16, 0, [6.738677978515625, -7.080711364746094]]
[409854, 22, 0, [3.594478130340576, -6.300920486450195]]
[409854, 1, 0, [4.34662389755249, -5.006330966949463]]
[409854, 11, 0, [5.538286209106445, -0.12364327907562256]]
[409854, 21, 0, [12.376835823059082, -9.858870506286621]]
[409854, 3, 0, [3.5103747844696045, -0.6575184464454651]]
[409854, 13, 0, [4.542062282562256, -10.799249649047852]]
[409854, 2, 0, [3.5098602771759033, -10.461098670959473]]
[409854, 7, 1, [0.33883315324783325, -0.12414918839931488]]
[409854, 8, 1, [8.548176765441895, -3.8606631755828857]]
[409854, 6, 1, [1.2481287717819214, -8.674140930175781]]
[409854, 5, 1, [5.12667989730835, -6.742221832275391]]
[409854, 10, 1, [5.3494672775268555, -5.663330078125]]
[409854, 4, 1, [11.284683227539062, -4.523097515106201]]
[409854, 24, 1, [0.10610099136829376, -3.5393121242523193]]
[409854, 18, 1, [10.112554550170898, -2.4589877128601074]]
[409854, 9, 1, [5.762900352478027, -12.376358032226562]]
[409854, 19, 1, [6.172515392303467, -4.068378448486328]]
[409854, 14, 1, [0.1233363077044487, -3.7234692573547363]]
[424554, 'popsize', 25, 'queuesize', 0]
[425854, 12, 0, [12.376667022705078, -9.39197826385498]]
[425854, 23, 0, [3.502206563949585, -6.269438743591309]]
[425854, 0, 0, [11.484321594238281, -1.4961094856262207]]
[425854, 20, 0, [9.193962097167969, -12.376666069030762]]
[425854, 15, 0, [10.854385375976562, -2.4132909774780273]]
[425854, 17, 0, [6.198598861694336, -7.464738368988037]]
[425854, 16, 0, [6.767030715942383, -7.023149013519287]]
[425854, 22, 0, [3.571173667907715, -6.414700031280518]]
[425854, 1, 0, [3.951524257659912, -3.712097406387329]]
[425854, 11, 0, [5.522992134094238, -0.12364646047353745]]
[425854, 21, 0, [12.376851081848145, -9.869912147521973]]
[425854, 3, 0, [3.9792017936706543, -0.3134755492210388]]
[425854, 13, 0, [5.508670330047607, -9.916909217834473]]
[425854, 2, 0, [4.467504978179932, -9.538187980651855]]
[425854, 7, 1, [0.32284796237945557, -0.12415117025375366]]
[425854, 8, 1, [8.121381759643555, -3.6393673419952393]]
[425854, 6, 1, [1.2102820873260498, -8.623047828674316]]
[425854, 5, 1, [5.128226280212402, -6.80112886428833]]
[425854, 10, 1, [4.808225154876709, -5.380756855010986]]
[425854, 4, 1, [11.364953994750977, -5.897644519805908]]
[425854, 24, 1, [0.10612017661333084, -3.582442045211792]]
[425854, 18, 1, [10.35794734954834, -3.8110408782958984]]
[425854, 9, 1, [5.779000759124756, -12.376355171203613]]
[425854, 19, 1, [5.737520694732666, -5.351772308349609]]
[425854, 14, 1, [0.12332794815301895, -3.7655317783355713]]
[438354, 'popsize', 25, 'queuesize', 0]
[440954, 12, 0, [12.376664161682129, -9.40080451965332]]
[440954, 23, 0, [3.9908313751220703, -6.655023574829102]]
[440954, 0, 0, [11.488497734069824, -1.4529792070388794]]
[440954, 20, 0, [9.185866355895996, -12.376668930053711]]
[440954, 15, 0, [10.901823997497559, -2.445812225341797]]
[440954, 17, 0, [6.174861431121826, -7.5039873123168945]]
[440954, 16, 0, [6.729702949523926, -7.055930137634277]]
[440954, 22, 0, [3.8439037799835205, -6.770134925842285]]
[440954, 1, 0, [3.9584765434265137, -2.4816887378692627]]
[440954, 11, 0, [5.5098748207092285, -0.12346776574850082]]
[440954, 21, 0, [12.376852035522461, -9.876975059509277]]
[440954, 3, 0, [4.5084004402160645, -0.12723003327846527]]
[440954, 13, 0, [6.029341697692871, -9.095314979553223]]
[440954, 2, 0, [5.082915782928467, -8.459906578063965]]
[440954, 7, 1, [0.3088967502117157, -0.12415759265422821]]
[440954, 8, 1, [7.9294209480285645, -3.6369521617889404]]
[440954, 6, 1, [1.2175599336624146, -8.624238014221191]]
[440954, 5, 1, [5.136296272277832, -6.7615647315979]]
[440954, 10, 1, [4.325161457061768, -5.56074333190918]]
[440954, 4, 1, [11.740132331848145, -7.028426170349121]]
[440954, 24, 1, [0.10611922293901443, -3.6212708950042725]]
[440954, 18, 1, [10.231473922729492, -4.406485557556152]]
[440954, 9, 1, [5.793603420257568, -12.37635326385498]]
[440954, 19, 1, [5.088552474975586, -6.409305095672607]]
[440954, 14, 1, [0.1233334019780159, -3.8052995204925537]]
[458704, 'popsize', 25, 'queuesize', 0]
[461304, 12, 0, [12.376660346984863, -9.412761688232422]]
[461304, 23, 0, [3.7323648929595947, -6.694093704223633]]
[461304, 0, 0, [11.458678245544434, -1.449925422668457]]
[461304, 20, 0, [9.175140380859375, -12.376669883728027]]
[461304, 15, 0, [10.853119850158691, -2.4511444568634033]]
[461304, 17, 0, [6.142158508300781, -7.4928388595581055]]
[461304, 16, 0, [6.751152992248535, -7.084929943084717]]
[461304, 22, 0, [3.844115734100342, -6.842531204223633]]
[461304, 1, 0, [4.469265460968018, -0.8580913543701172]]
[461304, 11, 0, [5.489018440246582, -0.1236644759774208]]
[461304, 21, 0, [12.376849174499512, -9.892782211303711]]
[461304, 3, 0, [3.7743465900421143, -0.8086804151535034]]
[461304, 13, 0, [6.003357410430908, -9.106667518615723]]
[461304, 2, 0, [5.164761543273926, -8.250069618225098]]
[461304, 7, 1, [0.287395715713501, -0.12414946407079697]]
[461304, 8, 1, [7.97334623336792, -3.612190008163452]]
[461304, 6, 1, [1.2119090557098389, -8.630074501037598]]
[461304, 5, 1, [5.119115352630615, -6.741041660308838]]
[461304, 10, 1, [2.983116626739502, -6.549569606781006]]
[461304, 4, 1, [12.392112731933594, -8.081381797790527]]
[461304, 24, 1, [0.10608335584402084, -3.675027847290039]]
[461304, 18, 1, [9.459725379943848, -4.523752689361572]]
[461304, 9, 1, [5.8126630783081055, -12.376358985900879]]
[461304, 19, 1, [3.869633913040161, -7.5902276039123535]]
[461304, 14, 1, [0.12334979325532913, -3.859358787536621]]
[478854, 'popsize', 25, 'queuesize', 0]
[481404, 12, 0, [12.376660346984863, -9.426191329956055]]
[481404, 23, 0, [4.283807754516602, -6.9905314445495605]]
[481404, 0, 0, [11.486196517944336, -1.440416932106018]]
[481404, 20, 0, [9.163039207458496, -12.376668930053711]]
[481404, 15, 0, [10.88904094696045, -2.4167897701263428]]
[481404, 17, 0, [5.7795867919921875, -7.144432544708252]]
[481404, 16, 0, [6.35456657409668, -7.065145015716553]]
[481404, 22, 0, [4.038112640380859, -6.796127796173096]]
[481404, 1, 0, [5.013444900512695, -0.6157670617103577]]
[481404, 11, 0, [5.4693427085876465, -0.12364435195922852]]
[481404, 21, 0, [12.376839637756348, -9.909914016723633]]
[481404, 3, 0, [3.588658571243286, -1.4076658487319946]]
[481404, 13, 0, [6.245600700378418, -9.044374465942383]]
[481404, 2, 0, [5.115006923675537, -8.409407615661621]]
[481404, 7, 1, [0.26682519912719727, -0.12414567917585373]]
[481404, 8, 1, [7.001582622528076, -2.624217987060547]]
[481404, 6, 1, [1.20758855342865, -8.624600410461426]]
[481404, 5, 1, [5.089949131011963, -6.747329235076904]]
[481404, 10, 1, [2.342832088470459, -7.49285364151001]]
[481404, 4, 1, [12.39211654663086, -8.301600456237793]]
[481404, 24, 1, [0.10609854757785797, -3.727809429168701]]
[481404, 18, 1, [10.126264572143555, -4.942981719970703]]
[481404, 9, 1, [5.832279682159424, -12.376354217529297]]
[481404, 19, 1, [2.3490397930145264, -8.280881881713867]]
[481404, 14, 1, [0.1233377456665039, -3.9116246700286865]]
[498905, 'popsize', 25, 'queuesize', 0]
[501505, 12, 0, [12.376662254333496, -9.437339782714844]]
[501505, 23, 0, [5.806760787963867, -7.676571369171143]]
[501505, 0, 0, [11.506868362426758, -1.4338409900665283]]
[501505, 20, 0, [9.153544425964355, -12.376667022705078]]
[501505, 15, 0, [10.848479270935059, -2.4305551052093506]]
[501505, 17, 0, [5.249344348907471, -6.882411003112793]]
[501505, 16, 0, [5.222831726074219, -7.062210559844971]]
[501505, 22, 0, [4.070616722106934, -6.801306247711182]]
[501505, 1, 0, [5.7411322593688965, -2.1258797645568848]]
[501505, 11, 0, [5.450472831726074, -0.12364748120307922]]
[501505, 21, 0, [12.376816749572754, -9.925707817077637]]
[501505, 3, 0, [4.951502323150635, -1.4949928522109985]]
[501505, 13, 0, [6.893605709075928, -8.856720924377441]]
[501505, 2, 0, [5.1385498046875, -8.309405326843262]]
[501505, 7, 1, [0.24749131500720978, -0.12416218966245651]]
[501505, 8, 1, [6.121627330780029, -2.083092212677002]]
[501505, 6, 1, [1.1610080003738403, -8.682195663452148]]
[501505, 5, 1, [5.063223838806152, -6.806330680847168]]
[501505, 10, 1, [2.3227932453155518, -7.490026473999023]]
[501505, 4, 1, [12.392049789428711, -8.518752098083496]]
[501505, 24, 1, [0.10613567382097244, -3.781378984451294]]
[501505, 18, 1, [10.11009693145752, -4.2520575523376465]]
[501505, 9, 1, [5.849956512451172, -12.376352310180664]]
[501505, 19, 1, [1.068475604057312, -8.433730125427246]]
[501505, 14, 1, [0.12335572391748428, -3.9654855728149414]]
[517905, 'popsize', 25, 'queuesize', 1]
[520505, 12, 0, [12.376667022705078, -9.446029663085938]]
[520505, 23, 0, [6.9090681076049805, -8.727651596069336]]
[520505, 0, 0, [11.5197114944458, -1.4775432348251343]]
[520505, 20, 0, [9.142250061035156, -12.376668930053711]]
[520505, 15, 0, [10.896909713745117, -2.4039251804351807]]
[520505, 17, 0, [5.129428386688232, -6.832767486572266]]
[520505, 16, 0, [4.887264728546143, -6.874494552612305]]
[520505, 22, 0, [4.06916618347168, -6.803458213806152]]
[520505, 1, 0, [5.885430335998535, -3.7092044353485107]]
[520505, 11, 0, [5.431395530700684, -0.12364815920591354]]
[520505, 21, 0, [12.376832962036133, -9.943140029907227]]
[520505, 3, 0, [5.194163799285889, -2.08556866645813]]
[520505, 13, 0, [6.876485824584961, -8.999069213867188]]
[520505, 2, 0, [5.123231410980225, -8.4391450881958]]
[520505, 7, 1, [0.22816942632198334, -0.12414167821407318]]
[520505, 8, 1, [6.117376804351807, -3.367171287536621]]
[520505, 6, 1, [0.8810591101646423, -8.684530258178711]]
[520505, 5, 1, [4.7566914558410645, -6.894958019256592]]
[520505, 10, 1, [3.1343038082122803, -8.282928466796875]]
[520505, 4, 1, [12.392105102539062, -8.726919174194336]]
[520505, 24, 1, [0.10612684488296509, -3.8318991661071777]]
[520505, 18, 1, [10.577112197875977, -3.926679849624634]]
[520505, 9, 1, [5.867751598358154, -12.376360893249512]]
[520505, 19, 1, [0.998630940914154, -8.822550773620605]]
[520505, 14, 1, [0.12333548069000244, -4.016343593597412]]
[537055, 'popsize', 25, 'queuesize', 1]
[539555, 12, 0, [12.376662254333496, -9.460272789001465]]
[539555, 23, 0, [6.985497951507568, -10.196001052856445]]
[539555, 0, 0, [11.52261734008789, -1.4256393909454346]]
[539555, 20, 0, [9.131796836853027, -12.376668930053711]]
[539555, 15, 0, [10.88262939453125, -2.4440553188323975]]
[539555, 17, 0, [5.270151138305664, -6.915839195251465]]
[539555, 16, 0, [5.336832046508789, -6.73054838180542]]
[539555, 22, 0, [4.068542003631592, -6.816572189331055]]
[539555, 1, 0, [5.489070892333984, -5.257692813873291]]
[539555, 11, 0, [5.410272121429443, -0.12363997101783752]]
[539555, 21, 0, [12.376808166503906, -9.956741333007812]]
[539555, 3, 0, [5.625434875488281, -1.9965890645980835]]
[539555, 13, 0, [6.027133941650391, -9.399908065795898]]
[539555, 2, 0, [5.1484694480896, -8.381270408630371]]
[539555, 7, 1, [0.20891234278678894, -0.12415505200624466]]
[539555, 8, 1, [6.584991455078125, -4.868980884552002]]
[539555, 6, 1, [0.8987108469009399, -8.710336685180664]]
[539555, 5, 1, [4.567616939544678, -7.003987789154053]]
[539555, 10, 1, [4.079344272613525, -8.796156883239746]]
[539555, 4, 1, [12.39205265045166, -8.937480926513672]]
[539555, 24, 1, [0.10610632598400116, -3.883314609527588]]
[539555, 18, 1, [10.170069694519043, -3.7086005210876465]]
[539555, 9, 1, [5.885664939880371, -12.376357078552246]]
[539555, 19, 1, [0.4026772379875183, -9.110856056213379]]
[539555, 14, 1, [0.12333992123603821, -4.06778621673584]]
[556705, 'popsize', 25, 'queuesize', 1]
[558905, 12, 0, [12.376668930053711, -9.474006652832031]]
[558905, 23, 0, [6.465755462646484, -11.735650062561035]]
[558905, 0, 0, [11.543974876403809, -1.4749499559402466]]
[558905, 20, 0, [9.119853019714355, -12.376667976379395]]
[558905, 15, 0, [10.91568660736084, -2.449995994567871]]
[558905, 17, 0, [5.755488395690918, -6.76371955871582]]
[558905, 16, 0, [5.95794677734375, -6.7284393310546875]]
[558905, 22, 0, [4.037665843963623, -6.806031227111816]]
[558905, 1, 0, [4.569154739379883, -6.609987258911133]]
[558905, 11, 0, [5.388644695281982, -0.12365902960300446]]
[558905, 21, 0, [12.376822471618652, -9.967955589294434]]
[558905, 3, 0, [5.39574670791626, -1.8767322301864624]]
[558905, 13, 0, [4.915721416473389, -10.200684547424316]]
[558905, 2, 0, [5.1369428634643555, -8.532862663269043]]
[558905, 7, 1, [0.18986095488071442, -0.12414002418518066]]
[558905, 8, 1, [7.598987579345703, -6.115515232086182]]
[558905, 6, 1, [0.8924401998519897, -8.69558334350586]]
[558905, 5, 1, [4.567872524261475, -7.006340503692627]]
[558905, 10, 1, [4.077217102050781, -8.793344497680664]]
[558905, 4, 1, [12.347050666809082, -9.150705337524414]]
[558905, 24, 1, [0.10611172765493393, -3.9353177547454834]]
[558905, 18, 1, [9.262404441833496, -2.7325613498687744]]
[558905, 9, 1, [5.903411388397217, -12.376352310180664]]
[558905, 19, 1, [0.41082242131233215, -9.109380722045898]]
[558905, 14, 1, [0.12334058433771133, -4.11916446685791]]
[569355, 'popsize', 25, 'queuesize', 1]
[571305, 12, 0, [12.376667022705078, -9.479509353637695]]
[571305, 23, 0, [6.067443370819092, -12.36388111114502]]
[571305, 0, 0, [11.55555534362793, -1.4832711219787598]]
[571305, 20, 0, [9.11491584777832, -12.376669883728027]]
[571305, 15, 0, [10.868596076965332, -2.414360284805298]]
[571305, 17, 0, [5.7739105224609375, -6.751355171203613]]
[571305, 16, 0, [5.9746809005737305, -7.211444854736328]]
[571305, 22, 0, [4.033916473388672, -6.790712833404541]]
[571305, 1, 0, [3.781310796737671, -7.289302825927734]]
[571305, 11, 0, [5.376895904541016, -0.12364710867404938]]
[571305, 21, 0, [12.376821517944336, -9.978710174560547]]
[571305, 3, 0, [4.434261322021484, -1.6958098411560059]]
[571305, 13, 0, [4.336421489715576, -10.295637130737305]]
[571305, 2, 0, [4.7585978507995605, -9.497438430786133]]
[571305, 7, 1, [0.17794562876224518, -0.1241391971707344]]
[571305, 8, 1, [8.475425720214844, -6.668777942657471]]
[571305, 6, 1, [0.8972383737564087, -8.701380729675293]]
[571305, 5, 1, [4.562560558319092, -6.997201919555664]]
[571305, 10, 1, [4.068411827087402, -8.779192924499512]]
[571305, 4, 1, [12.377711296081543, -8.877882957458496]]
[571305, 24, 1, [0.10610277950763702, -3.9680473804473877]]
[571305, 18, 1, [9.173120498657227, -3.0616605281829834]]
[571305, 9, 1, [5.8830342292785645, -12.375947952270508]]
[571305, 19, 1, [0.9925758838653564, -9.296728134155273]]
[571305, 14, 1, [0.12336235493421555, -4.151726722717285]]
[586805, 'popsize', 25, 'queuesize', 2]
[588905, 12, 0, [12.376816749572754, -9.488680839538574]]
[588905, 23, 0, [6.116110801696777, -12.290006637573242]]
[588905, 0, 0, [11.582910537719727, -1.4503536224365234]]
[588905, 20, 0, [9.107240676879883, -12.376667022705078]]
[588905, 15, 0, [10.833431243896484, -2.366462230682373]]
[588905, 17, 0, [5.732037544250488, -6.710937023162842]]
[588905, 16, 0, [4.973004341125488, -8.048928260803223]]
[588905, 22, 0, [4.060086250305176, -6.762274742126465]]
[588905, 1, 0, [2.459228992462158, -7.920044422149658]]
[588905, 11, 0, [5.359781265258789, -0.12365009635686874]]
[588905, 21, 0, [12.375051498413086, -9.949938774108887]]
[588905, 3, 0, [3.457589626312256, -2.600107431411743]]
[588905, 13, 0, [3.7569429874420166, -10.445563316345215]]
[588905, 2, 0, [4.080752849578857, -10.464376449584961]]
[588905, 7, 1, [0.15995629131793976, -0.12414782494306564]]
[588905, 8, 1, [8.654132843017578, -6.775686264038086]]
[588905, 6, 1, [0.9248068332672119, -8.647265434265137]]
[588905, 5, 1, [4.588720798492432, -6.955493927001953]]
[588905, 10, 1, [3.1567256450653076, -8.186736106872559]]
[588905, 4, 1, [12.379384994506836, -8.942139625549316]]
[588905, 24, 1, [0.10609836876392365, -4.014040946960449]]
[588905, 18, 1, [8.805402755737305, -4.4706878662109375]]
[588905, 9, 1, [5.869936466217041, -12.376666069030762]]
[588905, 19, 1, [2.308652400970459, -9.939087867736816]]
[588905, 14, 1, [0.12334110587835312, -4.197940349578857]]
[603056, 'popsize', 25, 'queuesize', 2]
[604806, 12, 0, [12.376667022705078, -9.499174118041992]]
[604806, 23, 0, [6.12161922454834, -12.316126823425293]]
[604806, 0, 0, [11.519895553588867, -1.459317684173584]]
[604806, 20, 0, [9.09610652923584, -12.376669883728027]]
[604806, 15, 0, [10.879582405090332, -2.3992888927459717]]
[604806, 17, 0, [5.734652042388916, -6.773134231567383]]
[604806, 16, 0, [5.13180685043335, -8.248883247375488]]
[604806, 22, 0, [4.070672988891602, -6.826034069061279]]
[604806, 1, 0, [1.3520526885986328, -8.091484069824219]]
[604806, 11, 0, [5.346866607666016, -0.12367203086614609]]
[604806, 21, 0, [12.374831199645996, -9.898945808410645]]
[604806, 3, 0, [2.956202983856201, -3.8119144439697266]]
[604806, 13, 0, [3.7377681732177734, -10.501862525939941]]
[604806, 2, 0, [4.243720054626465, -10.293252944946289]]
[604806, 7, 1, [0.1446334421634674, -0.12415283918380737]]
[604806, 8, 1, [8.817975997924805, -6.262627601623535]]
[604806, 6, 1, [0.8922567963600159, -8.696412086486816]]
[604806, 5, 1, [4.611770153045654, -7.019206523895264]]
[604806, 10, 1, [3.088592052459717, -8.229482650756836]]
[604806, 4, 1, [12.379362106323242, -8.998212814331055]]
[604806, 24, 1, [0.10609935969114304, -4.056795597076416]]
[604806, 18, 1, [8.106719970703125, -5.633706092834473]]
[604806, 9, 1, [5.861257553100586, -12.376667022705078]]
[604806, 19, 1, [3.318164110183716, -10.809426307678223]]
[604806, 14, 1, [0.12334952503442764, -4.23977518081665]]
[617806, 'popsize', 25, 'queuesize', 2]
[620006, 12, 0, [12.37666130065918, -9.508543014526367]]
[620006, 23, 0, [6.104846000671387, -12.376657485961914]]
[620006, 0, 0, [11.621296882629395, -1.467049479484558]]
[620006, 20, 0, [9.090417861938477, -12.376667022705078]]
[620006, 15, 0, [10.7943696975708, -1.9068208932876587]]
[620006, 17, 0, [5.705329895019531, -6.728299617767334]]
[620006, 16, 0, [5.18632698059082, -7.3901686668396]]
[620006, 22, 0, [4.079733848571777, -6.773082733154297]]
[620006, 1, 0, [1.2016419172286987, -7.2692389488220215]]
[620006, 11, 0, [5.329685688018799, -0.12365195155143738]]
[620006, 21, 0, [12.374625205993652, -9.840517044067383]]
[620006, 3, 0, [2.819995164871216, -5.057792663574219]]
[620006, 13, 0, [3.7295281887054443, -10.447339057922363]]
[620006, 2, 0, [4.078219890594482, -10.518625259399414]]
[620006, 7, 1, [0.1313197761774063, -0.12414772063493729]]
[620006, 8, 1, [8.820032119750977, -6.069364070892334]]
[620006, 6, 1, [0.8725809454917908, -8.662599563598633]]
[620006, 5, 1, [4.6255998611450195, -6.967195987701416]]
[620006, 10, 1, [3.301506996154785, -8.454773902893066]]
[620006, 4, 1, [12.380216598510742, -9.034165382385254]]
[620006, 24, 1, [0.10610641539096832, -4.095387935638428]]
[620006, 18, 1, [7.196284770965576, -6.500580787658691]]
[620006, 9, 1, [5.851718425750732, -12.37665843963623]]
[620006, 19, 1, [3.954923152923584, -11.650247573852539]]
[620006, 14, 1, [0.12334027141332626, -4.2791666984558105]]
[634206, 'popsize', 25, 'queuesize', 2]
[636206, 12, 0, [12.376664161682129, -9.518786430358887]]
[636206, 23, 0, [6.119101524353027, -12.331220626831055]]
[636206, 0, 0, [11.55246353149414, -1.4615676403045654]]
[636206, 20, 0, [9.08203125, -12.376666069030762]]
[636206, 15, 0, [10.731451034545898, -1.6148873567581177]]
[636206, 17, 0, [5.350111484527588, -6.8750810623168945]]
[636206, 16, 0, [5.207368850708008, -7.276156425476074]]
[636206, 22, 0, [4.054079055786133, -6.828735828399658]]
[636206, 1, 0, [1.241198182106018, -5.9002532958984375]]
[636206, 11, 0, [5.3129191398620605, -0.12364675104618073]]
[636206, 21, 0, [12.394363403320312, -9.70162582397461]]
[636206, 3, 0, [3.3137431144714355, -5.985918998718262]]
[636206, 13, 0, [3.897958755493164, -10.353225708007812]]
[636206, 2, 0, [4.11281156539917, -10.482053756713867]]
[636206, 7, 1, [0.12852706015110016, -0.12364374101161957]]
[636206, 8, 1, [8.490370750427246, -6.636557579040527]]
[636206, 6, 1, [0.9406907558441162, -8.643040657043457]]
[636206, 5, 1, [4.572314739227295, -7.606785297393799]]
[636206, 10, 1, [3.35369873046875, -8.413204193115234]]
[636206, 4, 1, [12.38563346862793, -9.093259811401367]]
[636206, 24, 1, [0.1060585305094719, -4.139113903045654]]
[636206, 18, 1, [5.984652519226074, -7.161596298217773]]
[636206, 9, 1, [5.84384822845459, -12.376666069030762]]
[636206, 19, 1, [3.9891247749328613, -11.440526962280273]]
[636206, 14, 1, [0.12333084642887115, -4.32231330871582]]
[648156, 'popsize', 25, 'queuesize', 2]
[649606, 12, 0, [12.37667465209961, -9.490900993347168]]
[649606, 23, 0, [6.102302074432373, -12.376572608947754]]
[649606, 0, 0, [11.636758804321289, -1.4805907011032104]]
[649606, 20, 0, [9.07674503326416, -12.376663208007812]]
[649606, 15, 0, [10.753070831298828, -1.6433056592941284]]
[649606, 17, 0, [4.867934703826904, -6.983748912811279]]
[649606, 16, 0, [4.9838080406188965, -7.084548473358154]]
[649606, 22, 0, [4.07592248916626, -6.82472562789917]]
[649606, 1, 0, [1.316746711730957, -5.300626277923584]]
[649606, 11, 0, [5.300107955932617, -0.12367255240678787]]
[649606, 21, 0, [12.393852233886719, -9.669977188110352]]
[649606, 3, 0, [4.398012638092041, -6.133371353149414]]
[649606, 13, 0, [4.6681694984436035, -9.906256675720215]]
[649606, 2, 0, [4.2892889976501465, -10.417351722717285]]
[649606, 7, 1, [0.12853439152240753, -0.1236422136425972]]
[649606, 8, 1, [7.6669392585754395, -7.40956449508667]]
[649606, 6, 1, [0.9526593089103699, -8.651633262634277]]
[649606, 5, 1, [4.57343864440918, -7.633766174316406]]
[649606, 10, 1, [3.3618814945220947, -8.433773040771484]]
[649606, 4, 1, [12.39040470123291, -9.161584854125977]]
[649606, 24, 1, [0.10613425076007843, -4.175997734069824]]
[649606, 18, 1, [4.888702869415283, -7.473212242126465]]
[649606, 9, 1, [5.8358683586120605, -12.376667976379395]]
[649606, 19, 1, [4.295087814331055, -10.607080459594727]]
[649606, 14, 1, [0.12335017323493958, -4.358968734741211]]
[661006, 'popsize', 25, 'queuesize', 3]
[662706, 12, 0, [12.376675605773926, -9.456008911132812]]
[662706, 23, 0, [6.228753566741943, -11.564665794372559]]
[662706, 0, 0, [11.632359504699707, -1.481614112854004]]
[662706, 20, 0, [9.071110725402832, -12.376666069030762]]
[662706, 15, 0, [10.756143569946289, -1.6614350080490112]]
[662706, 17, 0, [4.693389415740967, -6.946495056152344]]
[662706, 16, 0, [4.746534824371338, -6.354902267456055]]
[662706, 22, 0, [4.084022045135498, -6.821280479431152]]
[662706, 1, 0, [1.1534812450408936, -4.238840579986572]]
[662706, 11, 0, [5.287501335144043, -0.12366791069507599]]
[662706, 21, 0, [12.393558502197266, -9.635984420776367]]
[662706, 3, 0, [4.848344326019287, -6.10500955581665]]
[662706, 13, 0, [4.671939849853516, -9.914839744567871]]
[662706, 2, 0, [4.256511688232422, -10.430391311645508]]
[662706, 7, 1, [0.12852706015110016, -0.12364549934864044]]
[662706, 8, 1, [7.293819427490234, -7.905309677124023]]
[662706, 6, 1, [0.9520877003669739, -8.654926300048828]]
[662706, 5, 1, [4.575570106506348, -7.7061381340026855]]
[662706, 10, 1, [3.016974687576294, -8.16135311126709]]
[662706, 4, 1, [12.39219856262207, -9.301871299743652]]
[662706, 24, 1, [0.10609022527933121, -4.209885597229004]]
[662706, 18, 1, [3.878002405166626, -7.566420078277588]]
[662706, 9, 1, [5.828969478607178, -12.376667022705078]]
[662706, 19, 1, [4.326030254364014, -10.607272148132324]]
[662706, 14, 1, [0.12333013862371445, -4.393485069274902]]
[676256, 'popsize', 25, 'queuesize', 4]
[678606, 12, 0, [12.36012077331543, -9.477222442626953]]
[678606, 23, 0, [6.1196184158325195, -12.376203536987305]]
[678606, 0, 0, [11.58549690246582, -1.5280828475952148]]
[678606, 20, 0, [9.059908866882324, -12.376667976379395]]
[678606, 15, 0, [10.686503410339355, -1.6429706811904907]]
[678606, 17, 0, [3.6371753215789795, -7.670287609100342]]
[678606, 16, 0, [4.362901210784912, -5.464229106903076]]
[678606, 22, 0, [4.039669036865234, -6.775555610656738]]
[678606, 1, 0, [1.2540583610534668, -3.810218334197998]]
[678606, 11, 0, [5.272344589233398, -0.12364953756332397]]
[678606, 21, 0, [12.403359413146973, -9.632528305053711]]
[678606, 3, 0, [4.105498790740967, -5.408668041229248]]
[678606, 13, 0, [4.627821922302246, -9.883625984191895]]
[678606, 2, 0, [4.225042343139648, -10.456827163696289]]
[678606, 7, 1, [0.12852750718593597, -0.12364250421524048]]
[678606, 8, 1, [7.304955959320068, -7.961574077606201]]
[678606, 6, 1, [0.9006056189537048, -8.676827430725098]]
[678606, 5, 1, [4.630889415740967, -7.711341857910156]]
[678606, 10, 1, [2.957742929458618, -8.141229629516602]]
[678606, 4, 1, [12.391526222229004, -9.345616340637207]]
[678606, 24, 1, [0.10614390671253204, -4.251517295837402]]
[678606, 18, 1, [3.1082684993743896, -7.578649997711182]]
[678606, 9, 1, [5.819787502288818, -12.376667976379395]]
[678606, 19, 1, [4.360387325286865, -10.590188026428223]]
[678606, 14, 1, [0.12334030866622925, -4.435854911804199]]
[693756, 'popsize', 25, 'queuesize', 5]
[695407, 12, 0, [12.360694885253906, -9.488656997680664]]
[695407, 23, 0, [6.155269145965576, -12.28173828125]]
[695407, 0, 0, [11.626980781555176, -1.4897956848144531]]
[695407, 20, 0, [9.050544738769531, -12.376666069030762]]
[695407, 15, 0, [10.535359382629395, -1.465099811553955]]
[695407, 17, 0, [3.922395706176758, -7.861554145812988]]
[695407, 16, 0, [3.679518461227417, -6.288753986358643]]
[695407, 22, 0, [4.0919389724731445, -6.795318126678467]]
[695407, 1, 0, [1.2367056608200073, -3.7891685962677]]
[695407, 11, 0, [5.25649881362915, -0.12364277988672256]]
[695407, 21, 0, [12.40488052368164, -9.644174575805664]]
[695407, 3, 0, [3.862370014190674, -6.483193874359131]]
[695407, 13, 0, [4.660735130310059, -9.930278778076172]]
[695407, 2, 0, [4.204743385314941, -10.494467735290527]]
[695407, 7, 1, [0.1285228133201599, -0.12364581972360611]]
[695407, 8, 1, [6.909504413604736, -6.825918674468994]]
[695407, 6, 1, [0.9545754194259644, -8.635735511779785]]
[695407, 5, 1, [4.583868026733398, -7.71498441696167]]
[695407, 10, 1, [3.036546468734741, -7.746249675750732]]
[695407, 4, 1, [12.391622543334961, -9.357071876525879]]
[695407, 24, 1, [0.10613097995519638, -4.297544002532959]]
[695407, 18, 1, [3.2167716026306152, -7.681267738342285]]
[695407, 9, 1, [5.807554721832275, -12.376663208007812]]
[695407, 19, 1, [4.384250640869141, -10.557829856872559]]
[695407, 14, 1, [0.12332813441753387, -4.480998992919922]]
[705857, 'popsize', 25, 'queuesize', 5]
[707307, 12, 0, [12.360702514648438, -9.496092796325684]]
[707307, 23, 0, [6.272521495819092, -11.656618118286133]]
[707307, 0, 0, [11.613974571228027, -1.4662264585494995]]
[707307, 20, 0, [9.042438507080078, -12.376665115356445]]
[707307, 15, 0, [10.547493934631348, -1.491965889930725]]
[707307, 17, 0, [3.933335542678833, -7.827970027923584]]
[707307, 16, 0, [3.617377996444702, -7.282196521759033]]
[707307, 22, 0, [4.1993536949157715, -6.872779846191406]]
[707307, 1, 0, [1.1787941455841064, -3.8469529151916504]]
[707307, 11, 0, [5.246591091156006, -0.12364933639764786]]
[707307, 21, 0, [12.404870986938477, -9.651432991027832]]
[707307, 3, 0, [4.071578025817871, -6.996419906616211]]
[707307, 13, 0, [4.687178134918213, -9.916512489318848]]
[707307, 2, 0, [4.201075077056885, -10.524312973022461]]
[707307, 7, 1, [0.12853054702281952, -0.12364255636930466]]
[707307, 8, 1, [6.604280948638916, -6.344033718109131]]
[707307, 6, 1, [0.9246951937675476, -8.602925300598145]]
[707307, 5, 1, [4.57240629196167, -7.690670490264893]]
[707307, 10, 1, [2.989574909210205, -7.712305545806885]]
[707307, 4, 1, [12.39167308807373, -9.36438274383545]]
[707307, 24, 1, [0.10604728758335114, -4.328446388244629]]
[707307, 18, 1, [3.169893264770508, -7.646930694580078]]
[707307, 9, 1, [5.802034854888916, -12.376670837402344]]
[707307, 19, 1, [4.391334056854248, -10.529860496520996]]
[707307, 14, 1, [0.12313196808099747, -4.511771202087402]]
[722107, 'popsize', 25, 'queuesize', 5]
[724607, 12, 0, [12.36069393157959, -9.506348609924316]]
[724607, 23, 0, [6.298801422119141, -11.500858306884766]]
[724607, 0, 0, [11.562895774841309, -1.493549108505249]]
[724607, 20, 0, [9.036253929138184, -12.376667976379395]]
[724607, 15, 0, [10.499818801879883, -1.5488989353179932]]
[724607, 17, 0, [3.864748239517212, -7.801211357116699]]
[724607, 16, 0, [3.728801727294922, -8.01321029663086]]
[724607, 22, 0, [4.239012718200684, -6.859647750854492]]
[724607, 1, 0, [1.4838546514511108, -3.6787259578704834]]
[724607, 11, 0, [5.229179382324219, -0.12365828454494476]]
[724607, 21, 0, [12.404891967773438, -9.662352561950684]]
[724607, 3, 0, [3.8557045459747314, -6.87089204788208]]
[724607, 13, 0, [4.665687084197998, -9.870767593383789]]
[724607, 2, 0, [4.208901405334473, -10.566155433654785]]
[724607, 7, 1, [0.1285063922405243, -0.12364590167999268]]
[724607, 8, 1, [6.565264701843262, -6.323951721191406]]
[724607, 6, 1, [0.9691218733787537, -8.60673713684082]]
[724607, 5, 1, [4.616584777832031, -7.654985427856445]]
[724607, 10, 1, [2.7077300548553467, -7.595421314239502]]
[724607, 4, 1, [12.391651153564453, -9.37508773803711]]
[724607, 24, 1, [0.1061067283153534, -4.37415885925293]]
[724607, 18, 1, [3.002645969390869, -7.866400241851807]]
[724607, 9, 1, [5.7903618812561035, -12.376666069030762]]
[724607, 19, 1, [4.38252067565918, -10.487654685974121]]
[724607, 14, 1, [0.12334313243627548, -4.558082580566406]]
[740607, 'popsize', 25, 'queuesize', 5]
[742957, 12, 0, [12.36090087890625, -9.517964363098145]]
[742957, 23, 0, [6.305762767791748, -11.331094741821289]]
[742957, 0, 0, [11.630755424499512, -1.4991759061813354]]
[742957, 20, 0, [9.029112815856934, -12.37666130065918]]
[742957, 15, 0, [10.484621047973633, -1.5302667617797852]]
[742957, 17, 0, [3.8582558631896973, -7.835280418395996]]
[742957, 16, 0, [3.5174033641815186, -8.222604751586914]]
[742957, 22, 0, [4.217829704284668, -6.875255107879639]]
[742957, 1, 0, [2.2196052074432373, -3.2294623851776123]]
[742957, 11, 0, [5.212362766265869, -0.12369842827320099]]
[742957, 21, 0, [12.404874801635742, -9.673728942871094]]
[742957, 3, 0, [3.175095796585083, -6.722405433654785]]
[742957, 13, 0, [5.296745777130127, -9.977806091308594]]
[742957, 2, 0, [4.235046863555908, -10.601217269897461]]
[742957, 7, 1, [0.12851428985595703, -0.12364216893911362]]
[742957, 8, 1, [6.620353698730469, -6.2923126220703125]]
[742957, 6, 1, [0.932654857635498, -8.573537826538086]]
[742957, 5, 1, [4.622763633728027, -7.672613143920898]]
[742957, 10, 1, [2.9895994663238525, -7.731881141662598]]
[742957, 4, 1, [12.39160442352295, -9.386499404907227]]
[742957, 24, 1, [0.10614998638629913, -4.4229631423950195]]
[742957, 18, 1, [3.029463052749634, -7.928592681884766]]
[742957, 9, 1, [5.781770706176758, -12.376669883728027]]
[742957, 19, 1, [4.3531622886657715, -10.451798439025879]]
[742957, 14, 1, [0.12333191931247711, -4.6071953773498535]]
[758457, 'popsize', 25, 'queuesize', 5]
[760907, 12, 0, [12.360696792602539, -9.529464721679688]]
[760907, 23, 0, [6.319266319274902, -11.171666145324707]]
[760907, 0, 0, [11.586010932922363, -1.5412921905517578]]
[760907, 20, 0, [9.018125534057617, -12.376660346984863]]
[760907, 15, 0, [10.501734733581543, -1.4937891960144043]]
[760907, 17, 0, [4.025034427642822, -8.199798583984375]]
[760907, 16, 0, [3.873565435409546, -7.699455738067627]]
[760907, 22, 0, [4.185172080993652, -6.861016273498535]]
[760907, 1, 0, [3.5086488723754883, -2.455564022064209]]
[760907, 11, 0, [5.19500732421875, -0.12364885210990906]]
[760907, 21, 0, [12.404884338378906, -9.685332298278809]]
[760907, 3, 0, [2.968996286392212, -7.761063098907471]]
[760907, 13, 0, [5.321357250213623, -9.963563919067383]]
[760907, 2, 0, [4.269128799438477, -10.623019218444824]]
[760907, 7, 1, [0.1285158395767212, -0.12364380061626434]]
[760907, 8, 1, [5.473701000213623, -5.856636047363281]]
[760907, 6, 1, [0.9181941151618958, -8.631754875183105]]
[760907, 5, 1, [4.608491897583008, -7.703426361083984]]
[760907, 10, 1, [3.3036141395568848, -8.043183326721191]]
[760907, 4, 1, [12.391647338867188, -9.398000717163086]]
[760907, 24, 1, [0.1061631515622139, -4.470426082611084]]
[760907, 18, 1, [2.0785250663757324, -6.832787990570068]]
[760907, 9, 1, [5.7725982666015625, -12.376667022705078]]
[760907, 19, 1, [4.309357166290283, -10.436864852905273]]
[760907, 14, 1, [0.12334724515676498, -4.654790878295898]]
[776957, 'popsize', 25, 'queuesize', 5]
[779407, 12, 0, [12.36070442199707, -9.54076862335205]]
[779407, 23, 0, [6.224127769470215, -12.155845642089844]]
[779407, 0, 0, [11.633434295654297, -1.512002944946289]]
[779407, 20, 0, [9.009594917297363, -12.376663208007812]]
[779407, 15, 0, [10.181011199951172, -1.98429536819458]]
[779407, 17, 0, [4.173386573791504, -8.700234413146973]]
[779407, 16, 0, [3.280895948410034, -7.140440940856934]]
[779407, 22, 0, [4.217255115509033, -6.797664165496826]]
[779407, 1, 0, [5.013365268707275, -2.130739212036133]]
[779407, 11, 0, [5.177679061889648, -0.12365492433309555]]
[779407, 21, 0, [12.404866218566895, -9.696770668029785]]
[779407, 3, 0, [4.1306610107421875, -8.568033218383789]]
[779407, 13, 0, [5.325479030609131, -9.935295104980469]]
[779407, 2, 0, [4.31299352645874, -10.620205879211426]]
[779407, 7, 1, [0.1285085380077362, -0.1236467957496643]]
[779407, 8, 1, [4.845331192016602, -6.27378511428833]]
[779407, 6, 1, [0.9645804166793823, -8.614023208618164]]
[779407, 5, 1, [4.586288928985596, -7.710859298706055]]
[779407, 10, 1, [4.070441722869873, -9.35872745513916]]
[779407, 4, 1, [12.391657829284668, -9.409421920776367]]
[779407, 24, 1, [0.10605740547180176, -4.519221305847168]]
[779407, 18, 1, [1.6320008039474487, -6.035449028015137]]
[779407, 9, 1, [5.763350486755371, -12.376667022705078]]
[779407, 19, 1, [4.264179706573486, -10.436039924621582]]
[779407, 14, 1, [0.12333028018474579, -4.703145503997803]]
[795257, 'popsize', 25, 'queuesize', 5]
[797808, 12, 0, [12.36070728302002, -9.551987648010254]]
[797808, 23, 0, [6.308208465576172, -11.215693473815918]]
[797808, 0, 0, [11.61911678314209, -1.563746452331543]]
[797808, 20, 0, [8.998162269592285, -12.376665115356445]]
[797808, 15, 0, [10.120638847351074, -1.9948499202728271]]
[797808, 17, 0, [4.163074970245361, -8.749737739562988]]
[797808, 16, 0, [2.8782339096069336, -7.036643981933594]]
[797808, 22, 0, [4.238978385925293, -6.838104248046875]]
[797808, 1, 0, [5.515029430389404, -2.182875394821167]]
[797808, 11, 0, [5.159344673156738, -0.12364201992750168]]
[797808, 21, 0, [12.404881477355957, -9.707937240600586]]
[797808, 3, 0, [5.627367973327637, -8.479592323303223]]
[797808, 13, 0, [5.074917793273926, -10.017979621887207]]
[797808, 2, 0, [4.352553367614746, -10.591689109802246]]
[797808, 7, 1, [0.12852312624454498, -0.12364427745342255]]
[797808, 8, 1, [4.386875152587891, -7.09445333480835]]
[797808, 6, 1, [0.9406641721725464, -8.573949813842773]]
[797808, 5, 1, [4.5651021003723145, -7.693175315856934]]
[797808, 10, 1, [4.572626113891602, -9.506895065307617]]
[797808, 4, 1, [12.391639709472656, -9.420710563659668]]
[797808, 24, 1, [0.1060698926448822, -4.567653179168701]]
[797808, 18, 1, [1.754188895225525, -5.860714435577393]]
[797808, 9, 1, [5.755209445953369, -12.376668930053711]]
[797808, 19, 1, [4.222647190093994, -10.452400207519531]]
[797808, 14, 1, [0.1233268454670906, -4.752038955688477]]
[813308, 'popsize', 25, 'queuesize', 6]
[815758, 12, 0, [12.360681533813477, -9.563301086425781]]
[815758, 23, 0, [6.309770584106445, -11.0287446975708]]
[815758, 0, 0, [11.670065879821777, -1.520418405532837]]
[815758, 20, 0, [8.987100601196289, -12.376659393310547]]
[815758, 15, 0, [10.37382984161377, -1.4580662250518799]]
[815758, 17, 0, [4.181763172149658, -8.769011497497559]]
[815758, 16, 0, [2.980367660522461, -7.261862754821777]]
[815758, 22, 0, [4.089676856994629, -6.826286792755127]]
[815758, 1, 0, [5.4033660888671875, -2.491698741912842]]
[815758, 11, 0, [5.1393280029296875, -0.12364406138658524]]
[815758, 21, 0, [12.404884338378906, -9.719120025634766]]
[815758, 3, 0, [6.1567301750183105, -8.367478370666504]]
[815758, 13, 0, [4.551755428314209, -10.252816200256348]]
[815758, 2, 0, [4.375728130340576, -10.550982475280762]]
[815758, 7, 1, [0.12850916385650635, -0.1236429363489151]]
[815758, 8, 1, [4.207307815551758, -6.52970027923584]]
[815758, 6, 1, [0.9039724469184875, -8.60787296295166]]
[815758, 5, 1, [4.558267116546631, -7.657259941101074]]
[815758, 10, 1, [4.742979526519775, -9.385390281677246]]
[815758, 4, 1, [12.391597747802734, -9.43193244934082]]
[815758, 24, 1, [0.10614358633756638, -4.61591911315918]]
[815758, 18, 1, [1.8713527917861938, -6.82873010635376]]
[815758, 9, 1, [5.747258186340332, -12.376667976379395]]
[815758, 19, 1, [4.1954345703125, -10.489326477050781]]
[815758, 14, 1, [0.12332771718502045, -4.800492763519287]]
[832058, 'popsize', 25, 'queuesize', 6]
[836408, 21, 0, [12.40493392944336, -9.723917961120605]]
[836408, 3, 0, [6.684107780456543, -8.745489120483398]]
[836408, 13, 0, [4.540152072906494, -10.30048656463623]]
[836408, 2, 0, [4.372021198272705, -10.498322486877441]]
[836408, 14, 1, [0.12332579493522644, -4.8537092208862305]]
[841258, 'popsize', 11, 'queuesize', 0]
[841858, 21, 0, [12.40491008758545, -9.713714599609375]]
[841858, 3, 0, [6.872247695922852, -8.977910995483398]]
[841858, 13, 0, [4.535580635070801, -10.126850128173828]]
[841858, 2, 0, [4.421268939971924, -10.517430305480957]]
[841858, 11, 0, [5.197798252105713, -0.3871802091598511]]
[841858, 14, 1, [0.12334053963422775, -4.851991176605225]]
[841858, 5, 1, [4.80985164642334, -7.611696720123291]]
[841858, 23, 1, [6.297638893127441, -10.908873558044434]]
[841858, 0, 1, [11.660783767700195, -1.5722991228103638]]
[841858, 22, 1, [4.119046688079834, -6.838101863861084]]
[841858, 10, 1, [4.9896745681762695, -9.150533676147461]]
[846608, 'popsize', 11, 'queuesize', 0]
[847558, 21, 0, [12.404895782470703, -9.700464248657227]]
[847558, 3, 0, [7.175800800323486, -9.289361953735352]]
[847558, 13, 0, [4.6956562995910645, -10.089795112609863]]
[847558, 2, 0, [4.528369426727295, -10.550851821899414]]
[847558, 11, 0, [5.365910053253174, -0.7902293801307678]]
[847558, 14, 1, [0.12333617359399796, -4.850614547729492]]
[847558, 5, 1, [5.273125171661377, -7.5286359786987305]]
[847558, 23, 1, [6.291650295257568, -10.88022518157959]]
[847558, 0, 1, [11.738408088684082, -1.7358680963516235]]
[847558, 22, 1, [4.228312969207764, -6.85347843170166]]
[847558, 10, 1, [4.926765441894531, -9.397293090820312]]
[855158, 'popsize', 11, 'queuesize', 0]
[856358, 21, 0, [12.404879570007324, -9.681461334228516]]
[856358, 3, 0, [7.738119125366211, -9.714224815368652]]
[856358, 13, 0, [5.389800071716309, -10.209696769714355]]
[856358, 2, 0, [5.231664180755615, -10.636357307434082]]
[856358, 11, 0, [5.727560520172119, -1.4001870155334473]]
[856358, 14, 1, [0.12334192544221878, -4.848452568054199]]
[856358, 5, 1, [5.988345146179199, -7.50113582611084]]
[856358, 23, 1, [6.250234127044678, -10.928544044494629]]
[856358, 0, 1, [11.849266052246094, -1.8150931596755981]]
[856358, 22, 1, [4.347915172576904, -6.834196090698242]]
[856358, 10, 1, [5.0145440101623535, -9.25699520111084]]
[864158, 'popsize', 11, 'queuesize', 0]
[865308, 21, 0, [12.404882431030273, -9.661675453186035]]
[865308, 3, 0, [7.644011974334717, -9.790430068969727]]
[865308, 13, 0, [6.136275291442871, -10.200322151184082]]
[865308, 2, 0, [5.961061954498291, -10.587740898132324]]
[865308, 11, 0, [6.206653118133545, -1.9416046142578125]]
[865308, 14, 1, [0.12333671003580093, -4.8461594581604]]
[865308, 5, 1, [6.728490352630615, -7.589787483215332]]
[865308, 23, 1, [6.245222568511963, -10.919672966003418]]
[865308, 0, 1, [12.07315444946289, -1.9552483558654785]]
[865308, 22, 1, [4.2794575691223145, -6.911975383758545]]
[865308, 10, 1, [4.717972755432129, -9.58382511138916]]
[872808, 'popsize', 11, 'queuesize', 0]
[874008, 21, 0, [12.404961585998535, -9.642759323120117]]
[874008, 3, 0, [7.142444133758545, -10.123006820678711]]
[874008, 13, 0, [6.049554824829102, -10.215385437011719]]
[874008, 2, 0, [6.653141498565674, -10.400535583496094]]
[874008, 11, 0, [6.7695746421813965, -2.39009165763855]]
[874008, 14, 1, [0.12333720922470093, -4.8442182540893555]]
[874008, 5, 1, [7.430011749267578, -7.765926361083984]]
[874008, 23, 1, [6.231595039367676, -10.90859317779541]]
[874008, 0, 1, [12.087183952331543, -1.9570502042770386]]
[874008, 22, 1, [4.582897186279297, -6.620996952056885]]
[874008, 10, 1, [4.299556732177734, -10.155914306640625]]
[881658, 'popsize', 11, 'queuesize', 0]
[882808, 21, 0, [12.405019760131836, -9.61397933959961]]
[882808, 3, 0, [7.004647254943848, -10.792301177978516]]
[882808, 13, 0, [6.150356292724609, -10.218955039978027]]
[882808, 2, 0, [6.35308313369751, -10.499354362487793]]
[882808, 11, 0, [7.393224716186523, -2.7750535011291504]]
[882808, 14, 1, [0.12333768606185913, -4.840662002563477]]
[882808, 5, 1, [8.11543083190918, -8.015463829040527]]
[882808, 23, 1, [6.207775115966797, -10.958247184753418]]
[882808, 0, 1, [12.079147338867188, -1.9648267030715942]]
[882808, 22, 1, [4.655447483062744, -6.953055381774902]]
[882808, 10, 1, [4.202284812927246, -10.346717834472656]]
[890508, 'popsize', 11, 'queuesize', 0]
[891658, 21, 0, [12.404199600219727, -9.580751419067383]]
[891658, 3, 0, [6.98618745803833, -11.534330368041992]]
[891658, 13, 0, [6.329662799835205, -10.135515213012695]]
[891658, 2, 0, [5.623410224914551, -10.641451835632324]]
[891658, 11, 0, [8.06884765625, -3.0760979652404785]]
[891658, 14, 1, [0.12333624064922333, -4.838106155395508]]
[891658, 5, 1, [8.367451667785645, -8.062019348144531]]
[891658, 23, 1, [6.194586277008057, -10.950451850891113]]
[891658, 0, 1, [12.079415321350098, -1.9823492765426636]]
[891658, 22, 1, [4.54195499420166, -6.888149261474609]]
[891658, 10, 1, [4.214720726013184, -10.24781608581543]]
[899209, 'popsize', 11, 'queuesize', 0]
[900259, 21, 0, [12.401583671569824, -9.547046661376953]]
[900259, 3, 0, [7.082592010498047, -12.24863052368164]]
[900259, 13, 0, [6.310823440551758, -10.183775901794434]]
[900259, 2, 0, [5.263045310974121, -10.672748565673828]]
[900259, 11, 0, [8.757448196411133, -3.262993574142456]]
[900259, 14, 1, [0.1233341246843338, -4.836174488067627]]
[900259, 5, 1, [8.299352645874023, -8.12210464477539]]
[900259, 23, 1, [6.179945468902588, -10.929322242736816]]
[900259, 0, 1, [12.083051681518555, -1.9978302717208862]]
[900259, 22, 1, [4.038547515869141, -6.49224853515625]]
[900259, 10, 1, [4.017293453216553, -9.938862800598145]]
[907609, 'popsize', 11, 'queuesize', 0]
[908359, 21, 0, [12.399806022644043, -9.520071983337402]]
[908359, 3, 0, [7.130733966827393, -12.377918243408203]]
[908359, 13, 0, [6.270975112915039, -10.148820877075195]]
[908359, 2, 0, [5.622096538543701, -10.657514572143555]]
[908359, 11, 0, [9.432836532592773, -3.3503079414367676]]
[908359, 14, 1, [0.12334275245666504, -4.834129333496094]]
[908359, 5, 1, [7.950617790222168, -8.015564918518066]]
[908359, 23, 1, [6.189759731292725, -10.97399616241455]]
[908359, 0, 1, [12.120378494262695, -2.036801338195801]]
[908359, 22, 1, [3.692605972290039, -6.3966546058654785]]
[908359, 10, 1, [3.927856683731079, -10.321514129638672]]
[914759, 'popsize', 11, 'queuesize', 0]
[915709, 21, 0, [12.398110389709473, -9.496031761169434]]
[915709, 3, 0, [7.231679916381836, -12.0719633102417]]
[915709, 13, 0, [6.2191033363342285, -10.325197219848633]]
[915709, 2, 0, [5.013282775878906, -10.695939064025879]]
[915709, 11, 0, [10.037251472473145, -3.363969326019287]]
[915709, 14, 1, [0.12334000319242477, -4.832348346710205]]
[915709, 5, 1, [7.705352306365967, -8.000889778137207]]
[915709, 23, 1, [6.173555850982666, -10.992435455322266]]
[915709, 0, 1, [12.326189994812012, -2.068094253540039]]
[915709, 22, 1, [3.776742458343506, -6.3141655921936035]]
[915709, 10, 1, [3.8267593383789062, -10.913050651550293]]
[923209, 'popsize', 11, 'queuesize', 0]
[924409, 21, 0, [12.395845413208008, -9.457188606262207]]
[924409, 3, 0, [6.901402473449707, -11.73208236694336]]
[924409, 13, 0, [6.184880256652832, -10.496018409729004]]
[924409, 2, 0, [4.676754951477051, -10.688644409179688]]
[924409, 11, 0, [10.733757972717285, -3.2786197662353516]]
[924409, 14, 1, [0.12333434075117111, -4.830138683319092]]
[924409, 5, 1, [7.708944797515869, -7.980995178222656]]
[924409, 23, 1, [6.194854259490967, -10.943985939025879]]
[924409, 0, 1, [12.385557174682617, -2.0195345878601074]]
[924409, 22, 1, [3.9431822299957275, -6.327889919281006]]
[924409, 10, 1, [3.8087527751922607, -11.6251859664917]]
[931609, 'popsize', 11, 'queuesize', 0]
[932709, 21, 0, [12.392752647399902, -9.414944648742676]]
[932709, 3, 0, [6.351229190826416, -11.874507904052734]]
[932709, 13, 0, [6.322868824005127, -10.653429985046387]]
[932709, 2, 0, [5.338233470916748, -10.695480346679688]]
[932709, 11, 0, [11.395591735839844, -3.085104465484619]]
[932709, 14, 1, [0.12333686649799347, -4.827687740325928]]
[932709, 5, 1, [7.65230655670166, -7.878209590911865]]
[932709, 23, 1, [6.146946430206299, -10.931760787963867]]
[932709, 0, 1, [12.394253730773926, -1.8966633081436157]]
[932709, 22, 1, [4.191032409667969, -6.959087371826172]]
[932709, 10, 1, [3.9200751781463623, -12.288202285766602]]
[940009, 'popsize', 11, 'queuesize', 0]
[941209, 21, 0, [12.38991928100586, -9.36556625366211]]
[941209, 3, 0, [6.154588222503662, -12.165973663330078]]
[941209, 13, 0, [6.487239837646484, -10.888894081115723]]
[941209, 2, 0, [6.022531509399414, -10.596765518188477]]
[941209, 11, 0, [12.033086776733398, -2.788408041000366]]
[941209, 14, 1, [0.12333551049232483, -4.825466156005859]]
[941209, 5, 1, [7.605622291564941, -7.177515029907227]]
[941209, 23, 1, [6.1508469581604, -10.936806678771973]]
[941209, 0, 1, [12.39392375946045, -1.7824008464813232]]
[941209, 22, 1, [4.439324855804443, -7.613088130950928]]
[941209, 10, 1, [4.103200912475586, -12.405622482299805]]
[948509, 'popsize', 11, 'queuesize', 0]
[949659, 21, 0, [12.379667282104492, -9.31486701965332]]
[949659, 3, 0, [5.730459690093994, -12.155791282653809]]
[949659, 13, 0, [6.310614109039307, -10.911643028259277]]
[949659, 2, 0, [6.1238555908203125, -10.579062461853027]]
[949659, 11, 0, [12.386621475219727, -2.528038501739502]]
[949659, 14, 1, [0.12333996593952179, -4.822636127471924]]
[949659, 5, 1, [7.645164966583252, -6.46836519241333]]
[949659, 23, 1, [6.096218109130859, -10.982046127319336]]
[949659, 0, 1, [12.3673734664917, -1.7200947999954224]]
[949659, 22, 1, [4.55891752243042, -7.897650718688965]]
[949659, 10, 1, [4.286999225616455, -12.392046928405762]]
[957709, 'popsize', 12, 'queuesize', 0]
[959359, 3, 0, [5.684959888458252, -12.2900390625]]
[959359, 13, 0, [6.144002914428711, -10.69443416595459]]
[959359, 2, 0, [6.177774906158447, -10.541585922241211]]
[959359, 11, 0, [12.394166946411133, -2.386981725692749]]
[959359, 4, 0, [11.957114219665527, -9.092841148376465]]
[959359, 5, 1, [7.795719623565674, -5.680100917816162]]
[959359, 23, 1, [6.147995471954346, -11.061199188232422]]
[959359, 0, 1, [12.404833793640137, -1.4644134044647217]]
[959359, 22, 1, [4.6074604988098145, -8.00832748413086]]
[959359, 10, 1, [4.356310844421387, -12.228123664855957]]
[966109, 'popsize', 10, 'queuesize', 0]
[967159, 3, 0, [5.800185203552246, -12.301553726196289]]
[967159, 13, 0, [6.115102767944336, -10.64629077911377]]
[967159, 2, 0, [6.097762584686279, -10.115817070007324]]
[967159, 11, 0, [12.393963813781738, -2.2805118560791016]]
[967159, 4, 0, [11.812567710876465, -8.946004867553711]]
[967159, 5, 1, [8.00475788116455, -5.0625691413879395]]
[967159, 23, 1, [6.086608409881592, -11.073046684265137]]
[967159, 0, 1, [12.404644966125488, -1.169305443763733]]
[967159, 22, 1, [4.614185810089111, -7.8556294441223145]]
[967159, 10, 1, [4.418324947357178, -12.349967002868652]]
[973359, 'popsize', 10, 'queuesize', 0]
[973959, 3, 0, [5.928665637969971, -12.30553150177002]]
[973959, 13, 0, [5.931586742401123, -10.708558082580566]]
[973959, 2, 0, [5.948311805725098, -9.532973289489746]]
[973959, 11, 0, [12.39394760131836, -2.1845033168792725]]
[973959, 4, 0, [11.819570541381836, -8.956781387329102]]
[973959, 5, 1, [8.259294509887695, -4.540560722351074]]
[973959, 23, 1, [6.082000732421875, -11.088775634765625]]
[973959, 0, 1, [12.404821395874023, -0.9056492447853088]]
[973959, 22, 1, [4.553969860076904, -7.837149143218994]]
[973959, 10, 1, [4.328144550323486, -12.240157127380371]]
[978159, 'popsize', 10, 'queuesize', 0]
[978809, 13, 0, [5.919198036193848, -10.729496002197266]]
[978809, 2, 0, [5.940680503845215, -9.501975059509277]]
[978809, 11, 0, [12.39401626586914, -2.118565559387207]]
[978809, 4, 0, [11.847900390625, -8.922735214233398]]
[978809, 5, 1, [8.244112014770508, -4.393454074859619]]
[978809, 23, 1, [6.110706329345703, -11.051374435424805]]
[978809, 0, 1, [12.404720306396484, -0.7224432229995728]]
[978809, 22, 1, [4.581670761108398, -7.697680950164795]]
[978809, 10, 1, [4.305613994598389, -12.141822814941406]]
[982609, 'popsize', 9, 'queuesize', 0]
[983109, 13, 0, [6.002742767333984, -10.84285831451416]]
[983109, 2, 0, [5.889925956726074, -9.209226608276367]]
[983109, 11, 0, [12.394010543823242, -2.060499668121338]]
[983109, 4, 0, [11.790754318237305, -8.90675163269043]]
[983109, 5, 1, [7.893844127655029, -4.301984786987305]]
[983109, 23, 1, [6.122556686401367, -11.06895923614502]]
[983109, 0, 1, [12.404867172241211, -0.5580730438232422]]
[983109, 22, 1, [4.64824914932251, -7.621979236602783]]
[983109, 10, 1, [4.243002891540527, -12.11825180053711]]
[988309, 'popsize', 9, 'queuesize', 0]
[989309, 13, 0, [6.026675701141357, -10.838032722473145]]
[989309, 2, 0, [5.872867107391357, -9.10733413696289]]
[989309, 11, 0, [12.393974304199219, -1.9813570976257324]]
[989309, 4, 0, [11.777812957763672, -8.920063018798828]]
[989309, 5, 1, [7.426271438598633, -4.137664318084717]]
[989309, 23, 1, [6.090863227844238, -11.11448860168457]]
[989309, 0, 1, [12.404717445373535, -0.3274534344673157]]
[989309, 22, 1, [4.611541271209717, -7.48178243637085]]
[989309, 10, 1, [4.200108051300049, -12.050636291503906]]
[995410, 'popsize', 9, 'queuesize', 0]
[996410, 13, 0, [5.6032233238220215, -11.073493957519531]]
[996410, 2, 0, [5.594494342803955, -8.87990951538086]]
[996410, 11, 0, [12.393983840942383, -1.8851606845855713]]
[996410, 4, 0, [11.780866622924805, -8.906096458435059]]
[996410, 5, 1, [6.883377552032471, -3.8968303203582764]]
[996410, 23, 1, [6.077566146850586, -11.072958946228027]]
[996410, 0, 1, [12.404888153076172, -0.1184987723827362]]
[996410, 22, 1, [4.5265326499938965, -7.326529502868652]]
[996410, 10, 1, [4.05821418762207, -12.056783676147461]]
[1002810, 'popsize', 9, 'queuesize', 0]
[1003810, 13, 0, [5.627285480499268, -10.898385047912598]]
[1003810, 2, 0, [5.854347229003906, -8.909770965576172]]
[1003810, 11, 0, [12.393938064575195, -1.7851698398590088]]
[1003810, 4, 0, [11.799728393554688, -8.891111373901367]]
[1003810, 5, 1, [6.355910778045654, -3.582308053970337]]
[1003810, 23, 1, [6.0910210609436035, -11.08668041229248]]
[1003810, 0, 1, [12.404889106750488, -0.11850263923406601]]
[1003810, 22, 1, [4.672935962677002, -7.361840724945068]]
[1003810, 10, 1, [4.040834426879883, -11.894253730773926]]
[1010060, 'popsize', 9, 'queuesize', 0]
[1011410, 11, 0, [12.39400577545166, -1.6813048124313354]]
[1011410, 4, 0, [11.827651023864746, -8.895026206970215]]
[1011410, 5, 1, [5.85498046875, -3.1890058517456055]]
[1011410, 23, 1, [6.039339542388916, -11.136868476867676]]
[1011410, 0, 1, [12.404888153076172, -0.11850672215223312]]
[1011410, 22, 1, [4.70647668838501, -7.38409423828125]]
[1011410, 10, 1, [3.9371767044067383, -11.86213207244873]]
[1016510, 'popsize', 7, 'queuesize', 0]
[1017310, 11, 0, [12.393932342529297, -1.6027311086654663]]
[1017310, 4, 0, [11.810227394104004, -8.886567115783691]]
[1017310, 5, 1, [5.505857944488525, -2.8471362590789795]]
[1017310, 23, 1, [6.0645318031311035, -11.151763916015625]]
[1017310, 0, 1, [12.404890060424805, -0.11850989609956741]]
[1017310, 22, 1, [4.859306335449219, -7.347327709197998]]
[1017310, 10, 1, [3.6420130729675293, -12.024169921875]]
[1022310, 'popsize', 7, 'queuesize', 0]
[1023110, 11, 0, [12.39430046081543, -1.5220942497253418]]
[1023110, 4, 0, [11.78369140625, -8.893871307373047]]
[1023110, 5, 1, [5.192134857177734, -2.4761695861816406]]
[1023110, 23, 1, [6.073911190032959, -11.09522533416748]]
[1023110, 0, 1, [12.404885292053223, -0.11850985139608383]]
[1023110, 22, 1, [4.914969444274902, -7.578381538391113]]
[1023110, 10, 1, [3.350740671157837, -12.28921890258789]]
[1027960, 'popsize', 7, 'queuesize', 0]
[1028710, 11, 0, [12.393919944763184, -1.445939064025879]]
[1028710, 4, 0, [11.739873886108398, -8.915184020996094]]
[1028710, 5, 1, [4.924033164978027, -2.0950818061828613]]
[1028710, 23, 1, [6.038722991943359, -11.123591423034668]]
[1028710, 0, 1, [12.404889106750488, -0.11851418763399124]]
[1028710, 22, 1, [4.779010772705078, -7.619405746459961]]
[1028710, 10, 1, [3.4017863273620605, -12.155431747436523]]
[1033460, 'popsize', 7, 'queuesize', 0]
[1034210, 11, 0, [12.393952369689941, -1.3707635402679443]]
[1034210, 4, 0, [11.537042617797852, -9.006229400634766]]
[1034210, 5, 1, [4.686275959014893, -1.6931703090667725]]
[1034210, 23, 1, [6.07909631729126, -11.12026309967041]]
[1034210, 0, 1, [12.40489387512207, -0.11852049827575684]]
[1034210, 22, 1, [4.8919806480407715, -7.365396022796631]]
[1034210, 10, 1, [3.0841784477233887, -12.190075874328613]]
[1039010, 'popsize', 7, 'queuesize', 0]
[1039760, 11, 0, [12.39399528503418, -1.2954801321029663]]
[1039760, 4, 0, [11.533156394958496, -8.9584321975708]]
[1039760, 5, 1, [4.47304630279541, -1.2784866094589233]]
[1039760, 23, 1, [6.094736576080322, -11.14388370513916]]
[1039760, 0, 1, [12.404890060424805, -0.11852261424064636]]
[1039760, 22, 1, [5.014560699462891, -7.419708728790283]]
[1039760, 10, 1, [2.6547932624816895, -12.341829299926758]]
[1044410, 'popsize', 7, 'queuesize', 0]
[1045210, 11, 0, [12.393989562988281, -1.222852349281311]]
[1045210, 4, 0, [11.345657348632812, -8.836995124816895]]
[1045210, 5, 1, [4.30082368850708, -0.8646533489227295]]
[1045210, 23, 1, [6.045597076416016, -11.174811363220215]]
[1045210, 0, 1, [12.404894828796387, -0.11852812021970749]]
[1045210, 22, 1, [5.096533298492432, -7.396335124969482]]
[1045210, 10, 1, [2.442680835723877, -12.385461807250977]]
[1049960, 'popsize', 7, 'queuesize', 0]
[1050610, 11, 0, [12.393950462341309, -1.1476372480392456]]
[1050610, 4, 0, [11.535269737243652, -8.831839561462402]]
[1050610, 5, 1, [4.166391849517822, -0.4246179759502411]]
[1050610, 23, 1, [6.065279483795166, -11.122797012329102]]
[1050610, 0, 1, [12.404891014099121, -0.11852947622537613]]
[1050610, 22, 1, [5.148980617523193, -7.527608871459961]]
[1050610, 10, 1, [2.2947986125946045, -12.300483703613281]]
[1055360, 'popsize', 7, 'queuesize', 0]
[1056110, 11, 0, [12.393982887268066, -1.0744478702545166]]
[1056110, 4, 0, [11.508810997009277, -8.813422203063965]]
[1056110, 5, 1, [4.100666522979736, -0.1242699921131134]]
[1056110, 23, 1, [6.0165276527404785, -11.14019775390625]]
[1056110, 0, 1, [12.404889106750488, -0.11853397637605667]]
[1056110, 22, 1, [5.0289411544799805, -7.452718257904053]]
[1056110, 10, 1, [2.17215633392334, -12.26537036895752]]
[1060710, 'popsize', 7, 'queuesize', 0]
[1061410, 11, 0, [12.393928527832031, -1.003034234046936]]
[1061410, 4, 0, [11.460302352905273, -8.732295989990234]]
[1061410, 5, 1, [4.094681262969971, -0.1241484209895134]]
[1061410, 23, 1, [6.0508809089660645, -11.14458179473877]]
[1061410, 0, 1, [12.404891014099121, -0.11853723973035812]]
[1061410, 22, 1, [5.204632759094238, -7.462881088256836]]
[1061410, 10, 1, [1.882378339767456, -12.166060447692871]]
[1066110, 'popsize', 7, 'queuesize', 0]
[1066910, 11, 0, [12.393978118896484, -0.9291645884513855]]
[1066910, 4, 0, [11.466976165771484, -8.700748443603516]]
[1066910, 5, 1, [4.088779926300049, -0.12416412681341171]]
[1066910, 23, 1, [6.017094612121582, -11.180865287780762]]
[1066910, 0, 1, [12.404894828796387, -0.11854209750890732]]
[1066910, 22, 1, [5.353442668914795, -7.64750337600708]]
[1066910, 10, 1, [1.5403813123703003, -12.30993938446045]]
[1071210, 'popsize', 7, 'queuesize', 0]
[1071960, 11, 0, [12.393935203552246, -0.8603425621986389]]
[1071960, 4, 0, [11.355464935302734, -8.654333114624023]]
[1071960, 5, 1, [4.083972930908203, -0.12413758039474487]]
[1071960, 23, 1, [6.070614337921143, -11.204248428344727]]
[1071960, 0, 1, [12.404897689819336, -0.11854707449674606]]
[1071960, 22, 1, [5.486851692199707, -7.568248271942139]]
[1071960, 10, 1, [1.5762128829956055, -12.192878723144531]]
[1076210, 'popsize', 7, 'queuesize', 0]
[1076910, 11, 0, [12.39399242401123, -0.7932016253471375]]
[1076910, 4, 0, [11.376765251159668, -8.688556671142578]]
[1076910, 5, 1, [4.078968048095703, -0.12415581941604614]]
[1076910, 23, 1, [6.071109294891357, -11.16978931427002]]
[1076910, 0, 1, [12.404901504516602, -0.11855355650186539]]
[1076910, 22, 1, [5.596743106842041, -7.631344318389893]]
[1076910, 10, 1, [1.2883872985839844, -12.208352088928223]]
[1081310, 'popsize', 7, 'queuesize', 0]
[1081960, 11, 0, [12.393987655639648, -0.7234004735946655]]
[1081960, 4, 0, [11.413727760314941, -8.666191101074219]]
[1081960, 5, 1, [4.074254035949707, -0.12414947152137756]]
[1081960, 23, 1, [6.048785209655762, -11.185097694396973]]
[1081960, 0, 1, [12.404895782470703, -0.11855186522006989]]
[1081960, 22, 1, [5.678933143615723, -7.6270294189453125]]
[1081960, 10, 1, [0.9214717745780945, -12.299259185791016]]
[1086260, 'popsize', 7, 'queuesize', 0]
[1087010, 11, 0, [12.393988609313965, -0.6563724279403687]]
[1087010, 4, 0, [11.397576332092285, -8.627678871154785]]
[1087010, 5, 1, [4.069436550140381, -0.12414943426847458]]
[1087010, 23, 1, [6.027137756347656, -11.1484956741333]]
[1087010, 0, 1, [12.404899597167969, -0.11855746060609818]]
[1087010, 22, 1, [5.7385687828063965, -7.736683368682861]]
[1087010, 10, 1, [0.9242978096008301, -12.390113830566406]]
[1091561, 'popsize', 7, 'queuesize', 0]
[1092311, 11, 0, [12.393973350524902, -0.5850478410720825]]
[1092311, 4, 0, [11.361044883728027, -8.634519577026367]]
[1092311, 5, 1, [4.064234256744385, -0.1241469755768776]]
[1092311, 23, 1, [6.010440349578857, -11.18514633178711]]
[1092311, 0, 1, [12.404902458190918, -0.11856301873922348]]
[1092311, 22, 1, [5.863039016723633, -7.767789840698242]]
[1092311, 10, 1, [1.0818110704421997, -12.400797843933105]]
[1096761, 'popsize', 7, 'queuesize', 0]
[1097511, 11, 0, [12.3942289352417, -0.5131415724754333]]
[1097511, 4, 0, [11.362709045410156, -8.671600341796875]]
[1097511, 5, 1, [4.059071063995361, -0.12414197623729706]]
[1097511, 23, 1, [5.979527473449707, -11.192972183227539]]
[1097511, 0, 1, [12.404898643493652, -0.11856696754693985]]
[1097511, 22, 1, [6.2806715965271, -7.892027378082275]]
[1097511, 10, 1, [1.1793029308319092, -12.397111892700195]]
[1102011, 'popsize', 7, 'queuesize', 0]
[1102811, 11, 0, [12.393990516662598, -0.44127023220062256]]
[1102811, 4, 0, [11.375765800476074, -8.63284683227539]]
[1102811, 5, 1, [4.053635597229004, -0.12415620684623718]]
[1102811, 23, 1, [5.993623733520508, -11.149462699890137]]
[1102811, 0, 1, [12.404899597167969, -0.11857051402330399]]
[1102811, 22, 1, [6.628665447235107, -7.968696117401123]]
[1102811, 10, 1, [1.3138374090194702, -12.379162788391113]]
[1107211, 'popsize', 7, 'queuesize', 0]
[1107911, 11, 0, [12.393921852111816, -0.3713419437408447]]
[1107911, 4, 0, [11.195588111877441, -8.45600414276123]]
[1107911, 5, 1, [4.048752784729004, -0.12414511293172836]]
[1107911, 23, 1, [5.969014644622803, -11.159980773925781]]
[1107911, 0, 1, [12.404897689819336, -0.11857470870018005]]
[1107911, 22, 1, [6.890500545501709, -7.945770263671875]]
[1107911, 10, 1, [1.369143009185791, -12.247801780700684]]
[1111961, 'popsize', 8, 'queuesize', 0]
[1112411, 11, 0, [12.394007682800293, -0.30732443928718567]]
[1112411, 4, 0, [11.227849006652832, -8.447687149047852]]
[1112411, 5, 1, [4.044498920440674, -0.12414640188217163]]
[1112411, 23, 1, [5.955993175506592, -11.146482467651367]]
[1112411, 0, 1, [12.40489387512207, -0.11857631057500839]]
[1112411, 22, 1, [7.235185623168945, -8.109598159790039]]
[1112411, 10, 1, [1.259844422340393, -12.203595161437988]]
[1112411, 3, 1, [6.166092395782471, -12.236303329467773]]
[1115711, 'popsize', 8, 'queuesize', 0]
[1116161, 11, 0, [12.386455535888672, -0.27945610880851746]]
[1116161, 4, 0, [11.100465774536133, -8.322230339050293]]
[1116161, 5, 1, [4.041027545928955, -0.12416160851716995]]
[1116161, 23, 1, [5.899070739746094, -11.126717567443848]]
[1116161, 0, 1, [12.404906272888184, -0.11856985092163086]]
[1116161, 22, 1, [7.351589679718018, -8.162636756896973]]
[1116161, 10, 1, [1.113551139831543, -12.123106956481934]]
[1116161, 3, 1, [6.290655136108398, -12.23347282409668]]
[1119461, 'popsize', 8, 'queuesize', 0]
[1119911, 11, 0, [12.388408660888672, -0.2802049517631531]]
[1119911, 4, 0, [11.120832443237305, -8.302932739257812]]
[1119911, 5, 1, [4.037528038024902, -0.12414554506540298]]
[1119911, 23, 1, [5.954812526702881, -11.146950721740723]]
[1119911, 0, 1, [12.404932975769043, -0.11857642978429794]]
[1119911, 22, 1, [7.3939337730407715, -8.116461753845215]]
[1119911, 10, 1, [1.0796306133270264, -12.049530982971191]]
[1119911, 3, 1, [6.3687944412231445, -12.231947898864746]]
[1123911, 'popsize', 8, 'queuesize', 0]
[1124761, 11, 0, [12.390689849853516, -0.2804245352745056]]
[1124761, 4, 0, [10.805328369140625, -8.382476806640625]]
[1124761, 5, 1, [4.033254146575928, -0.12412281334400177]]
[1124761, 23, 1, [5.959788799285889, -11.0834379196167]]
[1124761, 0, 1, [12.404993057250977, -0.11859089881181717]]
[1124761, 22, 1, [7.561336994171143, -8.082756042480469]]
[1124761, 10, 1, [1.0144648551940918, -12.006195068359375]]
[1124761, 3, 1, [6.671836853027344, -12.265789031982422]]
[1130261, 'popsize', 8, 'queuesize', 0]
[1131161, 11, 0, [12.3925199508667, -0.28008538484573364]]
[1131161, 4, 0, [10.8280668258667, -8.340243339538574]]
[1131161, 5, 1, [4.02638578414917, -0.12417368590831757]]
[1131161, 23, 1, [5.961277008056641, -11.112598419189453]]
[1131161, 0, 1, [12.404993057250977, -0.11856892704963684]]
[1131161, 22, 1, [7.740508556365967, -8.112116813659668]]
[1131161, 10, 1, [0.6602733135223389, -12.136716842651367]]
[1131161, 3, 1, [6.437098503112793, -12.220964431762695]]
[1136961, 'popsize', 8, 'queuesize', 0]
[1137811, 11, 0, [12.394000053405762, -0.27925652265548706]]
[1137811, 4, 0, [10.827752113342285, -8.3358736038208]]
[1137811, 5, 1, [4.020005702972412, -0.12415870279073715]]
[1137811, 23, 1, [5.908303737640381, -11.106574058532715]]
[1137811, 0, 1, [12.404973983764648, -0.11853841692209244]]
[1137811, 22, 1, [7.805958271026611, -7.979956150054932]]
[1137811, 10, 1, [0.22859467566013336, -12.393442153930664]]
[1137811, 3, 1, [6.37023401260376, -12.24661922454834]]
[1143411, 'popsize', 8, 'queuesize', 0]
[1144311, 11, 0, [12.396005630493164, -0.27898579835891724]]
[1144311, 4, 0, [10.828336715698242, -8.325129508972168]]
[1144311, 5, 1, [4.013054370880127, -0.12414171546697617]]
[1144311, 23, 1, [5.9598283767700195, -11.080998420715332]]
[1144311, 0, 1, [12.404982566833496, -0.118532195687294]]
[1144311, 22, 1, [7.77791166305542, -7.878266334533691]]
[1144311, 10, 1, [0.1631411761045456, -12.392033576965332]]
[1144311, 3, 1, [6.350149631500244, -12.193085670471191]]
[1150011, 'popsize', 8, 'queuesize', 0]
[1150861, 11, 0, [12.397990226745605, -0.2787376940250397]]
[1150861, 4, 0, [10.827943801879883, -8.320904731750488]]
[1150861, 5, 1, [4.00702428817749, -0.12414363026618958]]
[1150861, 23, 1, [5.964744567871094, -11.082326889038086]]
[1150861, 0, 1, [12.40498161315918, -0.1185244768857956]]
[1150861, 22, 1, [7.928215026855469, -7.89830207824707]]
[1150861, 10, 1, [0.10913540422916412, -12.39201831817627]]
[1150861, 3, 1, [6.352470874786377, -12.220413208007812]]
[1156411, 'popsize', 8, 'queuesize', 0]
[1158461, 4, 0, [10.82893180847168, -8.35004997253418]]
[1158461, 3, 1, [6.337032318115234, -12.239566802978516]]
[1159861, 'popsize', 2, 'queuesize', 0]
[1160161, 4, 0, [10.79160213470459, -8.371541976928711]]
[1160161, 3, 1, [6.35090970993042, -12.23802375793457]]
[1161611, 'popsize', 2, 'queuesize', 0]
[1161861, 4, 0, [10.76988410949707, -8.330348014831543]]
[1161861, 3, 1, [6.35451602935791, -12.209379196166992]]
[1163311, 'popsize', 2, 'queuesize', 0]
[1163611, 4, 0, [10.8109130859375, -8.310444831848145]]
[1163611, 3, 1, [6.397681713104248, -12.190672874450684]]
[1165111, 'popsize', 2, 'queuesize', 0]
[1165361, 4, 0, [10.750875473022461, -8.349260330200195]]
[1165361, 3, 1, [6.410484790802002, -12.236804962158203]]
[1166861, 'popsize', 2, 'queuesize', 0]
[1167161, 4, 0, [10.696626663208008, -8.372303009033203]]
[1167161, 3, 1, [6.365609169006348, -12.243501663208008]]
[1168661, 'popsize', 2, 'queuesize', 0]
[1168961, 4, 0, [10.658929824829102, -8.381892204284668]]
[1168961, 3, 1, [6.365340232849121, -12.192953109741211]]
[1170461, 'popsize', 2, 'queuesize', 0]
[1170761, 4, 0, [10.643976211547852, -8.337517738342285]]
[1170761, 3, 1, [6.415298938751221, -12.200927734375]]
[1172111, 'popsize', 2, 'queuesize', 0]
[1172361, 4, 0, [10.687859535217285, -8.329499244689941]]
[1172361, 3, 1, [6.400938987731934, -12.2449369430542]]
[1173561, 'popsize', 2, 'queuesize', 0]
[1173761, 4, 0, [10.693493843078613, -8.35189437866211]]
[1173761, 3, 1, [6.362397193908691, -12.233969688415527]]
[1175161, 'popsize', 2, 'queuesize', 0]
[1175461, 4, 0, [10.654376983642578, -8.351770401000977]]
[1175461, 3, 1, [6.368136405944824, -12.187993049621582]]
[1176711, 'popsize', 2, 'queuesize', 0]
[1176911, 4, 0, [10.618185043334961, -8.349238395690918]]
[1176911, 3, 1, [6.41209077835083, -12.193510055541992]]
[1178411, 'popsize', 2, 'queuesize', 0]
[1178711, 4, 0, [10.614316940307617, -8.302972793579102]]
[1178711, 3, 1, [6.404232978820801, -12.242730140686035]]
[1180011, 'popsize', 2, 'queuesize', 0]
[1180261, 4, 0, [10.655230522155762, -8.297378540039062]]
[1180261, 3, 1, [6.359280109405518, -12.230753898620605]]
[1181561, 'popsize', 2, 'queuesize', 0]
[1181911, 3, 1, [6.370554447174072, -12.1860990524292]]
