[time, indiv, gender, coords]
[15900, 'popsize', 20, 'queuesize', 0]
[18000, 8, 0, [10.248822212219238, -6.142033576965332]]
[18000, 17, 0, [4.381347179412842, -8.303160667419434]]
[18000, 10, 0, [1.2570405006408691, -5.984269618988037]]
[18000, 5, 0, [7.826982021331787, -11.162535667419434]]
[18000, 21, 0, [5.709025859832764, -8.76688289642334]]
[18000, 19, 0, [8.454784393310547, -4.013761520385742]]
[18000, 11, 0, [7.103898525238037, -1.1631580591201782]]
[18000, 22, 0, [3.680302381515503, -6.240851402282715]]
[18000, 12, 0, [10.451144218444824, -8.685410499572754]]
[18000, 3, 0, [0.499219685792923, -1.1899058818817139]]
[18000, 7, 1, [4.287228107452393, -1.190218448638916]]
[18000, 23, 1, [6.224254131317139, -3.8033809661865234]]
[18000, 24, 1, [7.163445949554443, -6.141870975494385]]
[18000, 20, 1, [8.703030586242676, -6.3032546043396]]
[18000, 15, 1, [9.078230857849121, -1.4428151845932007]]
[18000, 0, 1, [12.117703437805176, -1.1702948808670044]]
[18000, 14, 1, [0.39922019839286804, -3.676691770553589]]
[18000, 1, 1, [11.220291137695312, -11.246496200561523]]
[18000, 13, 1, [3.713005542755127, -11.2559175491333]]
[18000, 16, 1, [8.015314102172852, -8.694429397583008]]
[31950, 'popsize', 20, 'queuesize', 0]
[34000, 8, 0, [8.976601600646973, -5.684640407562256]]
[34000, 17, 0, [4.451003074645996, -8.096879005432129]]
[34000, 10, 0, [0.7704625129699707, -4.724374771118164]]
[34000, 5, 0, [8.19332504272461, -11.114194869995117]]
[34000, 21, 0, [6.063973903656006, -8.696456909179688]]
[34000, 19, 0, [7.294107437133789, -4.633715629577637]]
[34000, 11, 0, [8.35923957824707, -0.7269945740699768]]
[34000, 22, 0, [3.7372493743896484, -6.220779895782471]]
[34000, 12, 0, [9.182120323181152, -8.25390338897705]]
[34000, 3, 0, [0.12333117425441742, -1.1114808320999146]]
[34000, 7, 1, [4.501237869262695, -1.1981143951416016]]
[34000, 23, 1, [6.231404781341553, -3.742896795272827]]
[34000, 24, 1, [8.395187377929688, -5.634461402893066]]
[34000, 20, 1, [8.743321418762207, -6.246020317077637]]
[34000, 15, 1, [9.394621849060059, -1.6011977195739746]]
[34000, 0, 1, [12.224105834960938, -1.178742527961731]]
[34000, 14, 1, [0.12333319336175919, -3.614258050918579]]
[34000, 1, 1, [11.229137420654297, -11.184147834777832]]
[34000, 13, 1, [3.728508234024048, -11.245244026184082]]
[34000, 16, 1, [6.724856376647949, -8.310017585754395]]
[47850, 'popsize', 20, 'queuesize', 0]
[49850, 8, 0, [8.874411582946777, -5.517568588256836]]
[49850, 17, 0, [4.497077465057373, -8.614363670349121]]
[49850, 10, 0, [0.6745403409004211, -3.395676374435425]]
[49850, 5, 0, [7.9095377922058105, -11.156513214111328]]
[49850, 21, 0, [7.388401985168457, -8.798127174377441]]
[49850, 19, 0, [7.12405252456665, -4.690491676330566]]
[49850, 11, 0, [9.338327407836914, -0.10931714624166489]]
[49850, 22, 0, [3.6793129444122314, -6.252917289733887]]
[49850, 12, 0, [8.097917556762695, -7.497246742248535]]
[49850, 3, 0, [0.12333127856254578, -1.1037112474441528]]
[49850, 7, 1, [4.7790374755859375, -1.4176968336105347]]
[49850, 23, 1, [6.278128147125244, -3.7456796169281006]]
[49850, 24, 1, [9.030250549316406, -5.548779010772705]]
[49850, 20, 1, [8.705546379089355, -6.297876834869385]]
[49850, 15, 1, [8.586766242980957, -1.1280791759490967]]
[49850, 0, 1, [12.291970252990723, -1.1010637283325195]]
[49850, 14, 1, [0.12333398312330246, -3.6080355644226074]]
[49850, 1, 1, [11.266999244689941, -11.183136940002441]]
[49850, 13, 1, [3.723222017288208, -11.25869083404541]]
[49850, 16, 1, [5.601424217224121, -7.603407382965088]]
[64150, 'popsize', 21, 'queuesize', 0]
[66250, 8, 0, [8.93606948852539, -5.623467922210693]]
[66250, 17, 0, [4.556888103485107, -8.843859672546387]]
[66250, 10, 0, [0.5934022068977356, -2.7153072357177734]]
[66250, 5, 0, [8.803763389587402, -10.910964965820312]]
[66250, 21, 0, [8.669870376586914, -9.247115135192871]]
[66250, 19, 0, [7.662182331085205, -4.792412757873535]]
[66250, 11, 0, [9.517180442810059, -0.10788042098283768]]
[66250, 22, 0, [3.721693515777588, -6.251633167266846]]
[66250, 12, 0, [7.250194549560547, -6.430942535400391]]
[66250, 3, 0, [0.12333083152770996, -1.0941723585128784]]
[66250, 18, 0, [4.46335506439209, -3.680312395095825]]
[66250, 7, 1, [5.511167526245117, -2.4467904567718506]]
[66250, 23, 1, [6.325479507446289, -3.79471492767334]]
[66250, 24, 1, [8.855037689208984, -5.761106967926025]]
[66250, 20, 1, [8.733450889587402, -6.2426557540893555]]
[66250, 15, 1, [7.884165287017822, -0.8475889563560486]]
[66250, 0, 1, [12.355546951293945, -0.8579919934272766]]
[66250, 14, 1, [0.1233348548412323, -3.59741473197937]]
[66250, 1, 1, [11.262414932250977, -11.211138725280762]]
[66250, 13, 1, [3.6928317546844482, -11.212359428405762]]
[66250, 16, 1, [4.682974338531494, -6.5934553146362305]]
[80100, 'popsize', 21, 'queuesize', 0]
[82150, 8, 0, [8.885520935058594, -5.568370819091797]]
[82150, 17, 0, [4.155399799346924, -8.583507537841797]]
[82150, 10, 0, [0.44196617603302, -2.65490984916687]]
[82150, 5, 0, [8.479456901550293, -10.667489051818848]]
[82150, 21, 0, [9.759054183959961, -9.988733291625977]]
[82150, 19, 0, [7.871020793914795, -4.824694633483887]]
[82150, 11, 0, [9.69185733795166, -0.1079857274889946]]
[82150, 22, 0, [3.7430214881896973, -6.240623950958252]]
[82150, 12, 0, [6.714557647705078, -5.215028285980225]]
[82150, 3, 0, [0.12333197891712189, -1.0832644701004028]]
[82150, 18, 0, [5.14358377456665, -3.4689924716949463]]
[82150, 7, 1, [5.060269355773926, -1.7937045097351074]]
[82150, 23, 1, [6.275445938110352, -3.756169557571411]]
[82150, 24, 1, [8.95645523071289, -5.425624847412109]]
[82150, 20, 1, [8.706125259399414, -6.297981262207031]]
[82150, 15, 1, [7.17915678024292, -0.7753933668136597]]
[82150, 0, 1, [12.39494514465332, -0.5801935791969299]]
[82150, 14, 1, [0.12333313375711441, -3.592264175415039]]
[82150, 1, 1, [11.256965637207031, -11.215916633605957]]
[82150, 13, 1, [3.700596570968628, -11.188426971435547]]
[82150, 16, 1, [4.157812118530273, -5.532698631286621]]
[96100, 'popsize', 21, 'queuesize', 0]
[98300, 8, 0, [8.957048416137695, -5.6428937911987305]]
[98300, 17, 0, [3.5407934188842773, -8.428165435791016]]
[98300, 10, 0, [0.3205159306526184, -2.692837953567505]]
[98300, 5, 0, [9.158182144165039, -10.281014442443848]]
[98300, 21, 0, [10.075039863586426, -10.187923431396484]]
[98300, 19, 0, [8.523916244506836, -4.985293865203857]]
[98300, 11, 0, [9.868850708007812, -0.10797709971666336]]
[98300, 22, 0, [3.680706262588501, -6.2397050857543945]]
[98300, 12, 0, [6.490748882293701, -3.893278121948242]]
[98300, 3, 0, [0.12333562970161438, -1.0767862796783447]]
[98300, 18, 0, [5.825690269470215, -3.183126449584961]]
[98300, 7, 1, [5.622646331787109, -2.3480401039123535]]
[98300, 23, 1, [6.335384845733643, -3.7889046669006348]]
[98300, 24, 1, [8.956114768981934, -5.804244041442871]]
[98300, 20, 1, [8.724099159240723, -6.231605529785156]]
[98300, 15, 1, [6.832904815673828, -0.7725866436958313]]
[98300, 0, 1, [12.226075172424316, -0.5938575863838196]]
[98300, 14, 1, [0.12333205342292786, -3.585585832595825]]
[98300, 1, 1, [11.243012428283691, -11.220170974731445]]
[98300, 13, 1, [3.703319787979126, -11.237922668457031]]
[98300, 16, 1, [3.951775074005127, -6.281182289123535]]
[114401, 'popsize', 23, 'queuesize', 0]
[116801, 8, 0, [8.639138221740723, -5.61287784576416]]
[116801, 17, 0, [3.334731101989746, -8.504875183105469]]
[116801, 10, 0, [0.2887873947620392, -2.4653236865997314]]
[116801, 5, 0, [9.023804664611816, -10.12607192993164]]
[116801, 21, 0, [9.651629447937012, -10.281328201293945]]
[116801, 19, 0, [8.42724609375, -4.886030673980713]]
[116801, 11, 0, [10.069955825805664, -0.10798213630914688]]
[116801, 22, 0, [3.695446729660034, -6.264746189117432]]
[116801, 12, 0, [6.8104472160339355, -2.8766896724700928]]
[116801, 3, 0, [0.12333247810602188, -1.0706958770751953]]
[116801, 18, 0, [6.338204383850098, -2.9948902130126953]]
[116801, 6, 0, [0.5338860750198364, -8.98626708984375]]
[116801, 9, 0, [6.185210704803467, -11.279657363891602]]
[116801, 7, 1, [6.894424915313721, -2.926769733428955]]
[116801, 23, 1, [6.32716703414917, -3.80354642868042]]
[116801, 24, 1, [8.478543281555176, -5.5481486320495605]]
[116801, 20, 1, [8.749085426330566, -6.246953964233398]]
[116801, 15, 1, [6.853998184204102, -0.7793298363685608]]
[116801, 0, 1, [11.79763412475586, -1.0567967891693115]]
[116801, 14, 1, [0.12333349883556366, -3.5760257244110107]]
[116801, 1, 1, [11.205437660217285, -11.15149211883545]]
[116801, 13, 1, [3.6517481803894043, -11.237761497497559]]
[116801, 16, 1, [3.282365560531616, -7.65470552444458]]
[133651, 'popsize', 24, 'queuesize', 0]
[136051, 8, 0, [8.58475112915039, -5.534372329711914]]
[136051, 17, 0, [3.329867362976074, -8.506844520568848]]
[136051, 10, 0, [0.4932824373245239, -2.824920892715454]]
[136051, 5, 0, [8.79758071899414, -10.237752914428711]]
[136051, 21, 0, [9.15898323059082, -9.87840461730957]]
[136051, 19, 0, [8.766242027282715, -5.430021286010742]]
[136051, 11, 0, [10.280573844909668, -0.10788258910179138]]
[136051, 22, 0, [3.6939079761505127, -6.256363868713379]]
[136051, 12, 0, [7.091701507568359, -3.1454555988311768]]
[136051, 3, 0, [0.12333641201257706, -1.05941641330719]]
[136051, 18, 0, [6.351273536682129, -2.983682155609131]]
[136051, 6, 0, [0.1399514228105545, -9.58610725402832]]
[136051, 9, 0, [6.203326225280762, -11.251211166381836]]
[136051, 7, 1, [7.022082328796387, -3.21616792678833]]
[136051, 23, 1, [6.330783843994141, -3.802886962890625]]
[136051, 24, 1, [8.727235794067383, -5.605780601501465]]
[136051, 20, 1, [8.744335174560547, -6.2374420166015625]]
[136051, 15, 1, [7.98687219619751, -0.6403930187225342]]
[136051, 0, 1, [12.39409065246582, -0.2973189949989319]]
[136051, 14, 1, [0.12333715707063675, -3.563870668411255]]
[136051, 1, 1, [11.217098236083984, -11.200469017028809]]
[136051, 13, 1, [3.657285690307617, -11.239947319030762]]
[136051, 16, 1, [2.147191286087036, -8.774101257324219]]
[136051, 2, 1, [1.2441643476486206, -11.233282089233398]]
[150451, 'popsize', 25, 'queuesize', 0]
[151801, 8, 0, [8.516489028930664, -5.6094584465026855]]
[151801, 17, 0, [3.3760311603546143, -8.46544075012207]]
[151801, 10, 0, [0.8414888978004456, -2.8395705223083496]]
[151801, 5, 0, [8.815335273742676, -10.126729965209961]]
[151801, 21, 0, [9.0556001663208, -8.506362915039062]]
[151801, 19, 0, [8.955525398254395, -5.3957648277282715]]
[151801, 11, 0, [10.457843780517578, -0.10790446400642395]]
[151801, 22, 0, [3.3426098823547363, -6.656502723693848]]
[151801, 12, 0, [6.3786940574646, -3.7358760833740234]]
[151801, 3, 0, [0.12333201617002487, -1.0503305196762085]]
[151801, 18, 0, [5.778647422790527, -3.393402338027954]]
[151801, 6, 0, [0.12364993244409561, -9.597066879272461]]
[151801, 9, 0, [6.223280429840088, -11.306255340576172]]
[151801, 4, 0, [11.835786819458008, -3.7059953212738037]]
[151801, 7, 1, [6.596353530883789, -3.5528886318206787]]
[151801, 23, 1, [6.278813362121582, -3.885133981704712]]
[151801, 24, 1, [8.356889724731445, -5.6063551902771]]
[151801, 20, 1, [8.98261547088623, -6.058065891265869]]
[151801, 15, 1, [8.338704109191895, -0.5639923214912415]]
[151801, 0, 1, [12.393921852111816, -0.11101729422807693]]
[151801, 14, 1, [0.12333086878061295, -3.5552520751953125]]
[151801, 1, 1, [11.22710132598877, -11.14004135131836]]
[151801, 13, 1, [3.7163984775543213, -11.221388816833496]]
[151801, 16, 1, [0.9573821425437927, -9.365113258361816]]
[151801, 2, 1, [1.1754041910171509, -11.246932029724121]]
[165901, 'popsize', 25, 'queuesize', 0]
[168451, 8, 0, [8.628081321716309, -5.554956912994385]]
[168451, 17, 0, [3.336142063140869, -8.519803047180176]]
[168451, 10, 0, [1.2669082880020142, -2.8969414234161377]]
[168451, 5, 0, [8.941415786743164, -10.382046699523926]]
[168451, 21, 0, [9.274855613708496, -7.198976039886475]]
[168451, 19, 0, [8.89981460571289, -5.5028462409973145]]
[168451, 11, 0, [10.631803512573242, -0.10788679122924805]]
[168451, 22, 0, [3.3675456047058105, -6.705113887786865]]
[168451, 12, 0, [5.2178144454956055, -4.227534294128418]]
[168451, 3, 0, [0.12333483248949051, -1.0413262844085693]]
[168451, 18, 0, [5.022037029266357, -4.1371684074401855]]
[168451, 6, 0, [0.12362838536500931, -9.625293731689453]]
[168451, 9, 0, [6.187758922576904, -11.25098705291748]]
[168451, 4, 0, [12.393943786621094, -3.4684810638427734]]
[168451, 7, 1, [6.386585712432861, -2.8615570068359375]]
[168451, 23, 1, [6.281857490539551, -3.954096555709839]]
[168451, 24, 1, [8.770783424377441, -5.624323844909668]]
[168451, 20, 1, [9.1666898727417, -5.953702449798584]]
[168451, 15, 1, [8.328597068786621, -0.4986473321914673]]
[168451, 0, 1, [12.390504837036133, -0.11378052830696106]]
[168451, 14, 1, [0.1233326643705368, -3.547210454940796]]
[168451, 1, 1, [11.248625755310059, -11.17809772491455]]
[168451, 13, 1, [3.6770739555358887, -11.822113990783691]]
[168451, 16, 1, [0.28122013807296753, -9.519235610961914]]
[168451, 2, 1, [1.211640477180481, -11.192667007446289]]
[186301, 'popsize', 25, 'queuesize', 1]
[188901, 8, 0, [8.506298065185547, -5.542356491088867]]
[188901, 17, 0, [3.2677319049835205, -8.807840347290039]]
[188901, 10, 0, [1.5554312467575073, -3.3400275707244873]]
[188901, 5, 0, [8.527751922607422, -10.251912117004395]]
[188901, 21, 0, [9.991397857666016, -5.642916679382324]]
[188901, 19, 0, [8.895034790039062, -5.675642967224121]]
[188901, 11, 0, [10.855618476867676, -0.1079372689127922]]
[188901, 22, 0, [3.3309943675994873, -6.70037841796875]]
[188901, 12, 0, [3.5621297359466553, -4.207966327667236]]
[188901, 3, 0, [0.12333184480667114, -1.0313358306884766]]
[188901, 18, 0, [4.370057106018066, -3.2495064735412598]]
[188901, 6, 0, [0.12366005033254623, -9.702055931091309]]
[188901, 9, 0, [6.180605888366699, -11.279790878295898]]
[188901, 4, 0, [12.393976211547852, -3.185961961746216]]
[188901, 7, 1, [5.461893081665039, -1.5371475219726562]]
[188901, 23, 1, [6.275114059448242, -3.945366621017456]]
[188901, 24, 1, [8.539886474609375, -5.385632514953613]]
[188901, 20, 1, [9.137967109680176, -5.919788360595703]]
[188901, 15, 1, [7.7683305740356445, -0.5082457065582275]]
[188901, 0, 1, [12.405269622802734, -0.11970607936382294]]
[188901, 14, 1, [0.12333356589078903, -3.5344247817993164]]
[188901, 1, 1, [11.240909576416016, -11.14942455291748]]
[188901, 13, 1, [3.6738898754119873, -11.85747241973877]]
[188901, 16, 1, [0.2131403237581253, -9.552831649780273]]
[188901, 2, 1, [1.1763797998428345, -11.196325302124023]]
[206502, 'popsize', 25, 'queuesize', 1]
[208902, 8, 0, [8.504020690917969, -5.6262946128845215]]
[208902, 17, 0, [3.376732110977173, -8.85952377319336]]
[208902, 10, 0, [1.214524507522583, -3.670258045196533]]
[208902, 5, 0, [8.840420722961426, -10.052906036376953]]
[208902, 21, 0, [10.204146385192871, -5.343259334564209]]
[208902, 19, 0, [7.771800994873047, -6.100972652435303]]
[208902, 11, 0, [11.075817108154297, -0.10790405422449112]]
[208902, 22, 0, [3.824519395828247, -6.57443904876709]]
[208902, 12, 0, [2.0086803436279297, -3.5740320682525635]]
[208902, 3, 0, [0.12333052605390549, -1.020137906074524]]
[208902, 18, 0, [4.0733232498168945, -2.569138526916504]]
[208902, 6, 0, [0.12363417446613312, -9.796760559082031]]
[208902, 9, 0, [6.206817150115967, -11.290672302246094]]
[208902, 4, 0, [12.39398193359375, -2.9148826599121094]]
[208902, 7, 1, [6.375429630279541, -2.098647117614746]]
[208902, 23, 1, [6.249501705169678, -3.922858715057373]]
[208902, 24, 1, [8.352035522460938, -5.674183368682861]]
[208902, 20, 1, [9.108184814453125, -5.929837226867676]]
[208902, 15, 1, [7.652052402496338, -0.9354286193847656]]
[208902, 0, 1, [12.40528678894043, -0.11971822381019592]]
[208902, 14, 1, [0.12333076447248459, -3.527686595916748]]
[208902, 1, 1, [11.201848030090332, -11.12216567993164]]
[208902, 13, 1, [3.718017101287842, -11.823869705200195]]
[208902, 16, 1, [0.15287944674491882, -9.640117645263672]]
[208902, 2, 1, [1.2100908756256104, -11.232792854309082]]
[225902, 'popsize', 25, 'queuesize', 1]
[228402, 8, 0, [8.511446952819824, -5.587084770202637]]
[228402, 17, 0, [3.386086940765381, -8.86798095703125]]
[228402, 10, 0, [1.167429804801941, -3.1200506687164307]]
[228402, 5, 0, [8.314427375793457, -10.715129852294922]]
[228402, 21, 0, [9.027861595153809, -5.383444309234619]]
[228402, 19, 0, [7.478522300720215, -6.087226390838623]]
[228402, 11, 0, [11.289320945739746, -0.10790502279996872]]
[228402, 22, 0, [3.8953464031219482, -6.206159591674805]]
[228402, 12, 0, [0.8285685181617737, -2.465350389480591]]
[228402, 3, 0, [0.12333491444587708, -1.0061793327331543]]
[228402, 18, 0, [4.794930458068848, -1.3371679782867432]]
[228402, 6, 0, [0.12360415607690811, -9.871025085449219]]
[228402, 9, 0, [6.190107345581055, -11.269218444824219]]
[228402, 4, 0, [12.394031524658203, -2.651506185531616]]
[228402, 7, 1, [7.514923572540283, -3.2519690990448]]
[228402, 23, 1, [6.2448015213012695, -3.924158811569214]]
[228402, 24, 1, [8.638509750366211, -5.683562278747559]]
[228402, 20, 1, [9.101259231567383, -5.9366044998168945]]
[228402, 15, 1, [8.883706092834473, -1.9815692901611328]]
[228402, 0, 1, [12.405320167541504, -0.11973726004362106]]
[228402, 14, 1, [0.12329160422086716, -3.515929698944092]]
[228402, 1, 1, [11.197603225708008, -11.16850471496582]]
[228402, 13, 1, [3.6644973754882812, -11.86037826538086]]
[228402, 16, 1, [0.14309683442115784, -9.71484088897705]]
[228402, 2, 1, [1.1639775037765503, -11.13646125793457]]
[245402, 'popsize', 25, 'queuesize', 1]
[247902, 8, 0, [8.364686012268066, -5.616420269012451]]
[247902, 17, 0, [3.3905189037323, -8.870219230651855]]
[247902, 10, 0, [1.4417411088943481, -3.2033090591430664]]
[247902, 5, 0, [8.188575744628906, -10.42123794555664]]
[247902, 21, 0, [7.936748027801514, -5.2363691329956055]]
[247902, 19, 0, [8.665502548217773, -7.075777053833008]]
[247902, 11, 0, [11.499823570251465, -0.10796907544136047]]
[247902, 22, 0, [3.881143808364868, -6.2134690284729]]
[247902, 12, 0, [0.1607433408498764, -1.1441842317581177]]
[247902, 3, 0, [0.12334250658750534, -0.9860456585884094]]
[247902, 18, 0, [5.290612697601318, -1.6944979429244995]]
[247902, 6, 0, [0.12360646575689316, -9.939299583435059]]
[247902, 9, 0, [6.233026504516602, -11.251463890075684]]
[247902, 4, 0, [12.39392375946045, -2.386005401611328]]
[247902, 7, 1, [8.226888656616211, -4.7160420417785645]]
[247902, 23, 1, [6.229208946228027, -3.925410032272339]]
[247902, 24, 1, [8.383768081665039, -5.457383632659912]]
[247902, 20, 1, [9.102082252502441, -5.938681602478027]]
[247902, 15, 1, [9.235915184020996, -2.1605300903320312]]
[247902, 0, 1, [12.405312538146973, -0.1197361871600151]]
[247902, 14, 1, [0.12333039939403534, -3.5069656372070312]]
[247902, 1, 1, [11.250499725341797, -11.16068172454834]]
[247902, 13, 1, [3.6384942531585693, -11.816596984863281]]
[247902, 16, 1, [0.14306458830833435, -9.782915115356445]]
[247902, 2, 1, [1.0523982048034668, -11.192976951599121]]
[263952, 'popsize', 25, 'queuesize', 1]
[266552, 8, 0, [8.36721134185791, -5.728515148162842]]
[266552, 17, 0, [3.3734002113342285, -8.851740837097168]]
[266552, 10, 0, [2.1691720485687256, -3.0536932945251465]]
[266552, 5, 0, [8.157916069030762, -10.42906665802002]]
[266552, 21, 0, [7.49692440032959, -5.027777194976807]]
[266552, 19, 0, [9.125143051147461, -7.2387566566467285]]
[266552, 11, 0, [11.704721450805664, -0.10789661854505539]]
[266552, 22, 0, [3.8961331844329834, -6.2199554443359375]]
[266552, 12, 0, [0.1521298587322235, -1.0571531057357788]]
[266552, 3, 0, [0.12337444722652435, -0.899908721446991]]
[266552, 18, 0, [5.959135055541992, -2.11405086517334]]
[266552, 6, 0, [0.12360195815563202, -10.004993438720703]]
[266552, 9, 0, [6.419625282287598, -11.222524642944336]]
[266552, 4, 0, [12.393959045410156, -2.132112503051758]]
[266552, 7, 1, [8.43723201751709, -5.550122261047363]]
[266552, 23, 1, [6.244177341461182, -3.919978380203247]]
[266552, 24, 1, [8.29296588897705, -5.872705936431885]]
[266552, 20, 1, [9.366705894470215, -5.3251142501831055]]
[266552, 15, 1, [9.765049934387207, -2.5098018646240234]]
[266552, 0, 1, [12.405298233032227, -0.11973152309656143]]
[266552, 14, 1, [0.12333204597234726, -3.497727155685425]]
[266552, 1, 1, [11.201292991638184, -11.100264549255371]]
[266552, 13, 1, [3.6736624240875244, -11.824151992797852]]
[266552, 16, 1, [0.14315900206565857, -9.848609924316406]]
[266552, 2, 1, [1.0142370462417603, -11.375171661376953]]
[283552, 'popsize', 25, 'queuesize', 2]
[285102, 8, 0, [8.31891918182373, -5.719822406768799]]
[285102, 17, 0, [3.093158721923828, -9.033734321594238]]
[285102, 10, 0, [3.5867528915405273, -2.2720329761505127]]
[285102, 5, 0, [8.196242332458496, -10.40623664855957]]
[285102, 21, 0, [7.13898229598999, -5.235994338989258]]
[285102, 19, 0, [8.79671859741211, -7.773292064666748]]
[285102, 11, 0, [11.913894653320312, -0.10794156789779663]]
[285102, 22, 0, [3.896634101867676, -6.225342273712158]]
[285102, 12, 0, [0.15005925297737122, -0.9712231159210205]]
[285102, 3, 0, [0.12331507354974747, -0.8144921660423279]]
[285102, 18, 0, [7.19230318069458, -1.818583607673645]]
[285102, 6, 0, [0.12360923737287521, -10.069618225097656]]
[285102, 9, 0, [7.150586128234863, -11.080032348632812]]
[285102, 4, 0, [12.394004821777344, -1.879010558128357]]
[285102, 7, 1, [8.500622749328613, -5.485532283782959]]
[285102, 23, 1, [6.2316060066223145, -3.9238052368164062]]
[285102, 24, 1, [8.475468635559082, -5.695709705352783]]
[285102, 20, 1, [9.358659744262695, -5.32300329208374]]
[285102, 15, 1, [10.20649528503418, -2.6346185207366943]]
[285102, 0, 1, [12.405318260192871, -0.11974161118268967]]
[285102, 14, 1, [0.12333261966705322, -3.4905805587768555]]
[285102, 1, 1, [11.237239837646484, -11.150157928466797]]
[285102, 13, 1, [3.6397762298583984, -11.823244094848633]]
[285102, 16, 1, [0.14308801293373108, -9.913599014282227]]
[285102, 2, 1, [0.9801732897758484, -11.40225887298584]]
[296402, 'popsize', 25, 'queuesize', 2]
[298853, 8, 0, [8.429813385009766, -5.781589984893799]]
[298853, 17, 0, [3.071620464324951, -9.107929229736328]]
[298853, 10, 0, [4.623523712158203, -1.9975577592849731]]
[298853, 5, 0, [7.936466693878174, -10.408308982849121]]
[298853, 21, 0, [7.149026393890381, -5.491102695465088]]
[298853, 19, 0, [8.022889137268066, -7.97641134262085]]
[298853, 11, 0, [12.058539390563965, -0.10798712819814682]]
[298853, 22, 0, [3.998833417892456, -5.806396961212158]]
[298853, 12, 0, [0.1369100958108902, -0.9024686217308044]]
[298853, 3, 0, [0.12329535186290741, -0.74577796459198]]
[298853, 18, 0, [7.637414932250977, -1.710059404373169]]
[298853, 6, 0, [0.12359990924596786, -10.11656665802002]]
[298853, 9, 0, [7.129453182220459, -11.072025299072266]]
[298853, 4, 0, [12.393964767456055, -1.6929583549499512]]
[298853, 7, 1, [8.540841102600098, -5.239032745361328]]
[298853, 23, 1, [6.2270684242248535, -3.9259674549102783]]
[298853, 24, 1, [8.36418342590332, -5.92777681350708]]
[298853, 20, 1, [9.353982925415039, -5.311437606811523]]
[298853, 15, 1, [10.388062477111816, -2.700878143310547]]
[298853, 0, 1, [12.405318260192871, -0.11974126100540161]]
[298853, 14, 1, [0.12333033978939056, -3.486313581466675]]
[298853, 1, 1, [11.2653226852417, -11.125166893005371]]
[298853, 13, 1, [3.6056149005889893, -11.828340530395508]]
[298853, 16, 1, [0.1429126262664795, -9.96022891998291]]
[298853, 2, 1, [0.961869478225708, -11.410239219665527]]
[316153, 'popsize', 25, 'queuesize', 2]
[318653, 8, 0, [8.02258586883545, -5.605286121368408]]
[318653, 17, 0, [3.048877477645874, -9.109033584594727]]
[318653, 10, 0, [4.960625648498535, -2.2941534519195557]]
[318653, 5, 0, [7.676315784454346, -9.920942306518555]]
[318653, 21, 0, [8.046841621398926, -6.315921783447266]]
[318653, 19, 0, [6.48108434677124, -8.073759078979492]]
[318653, 11, 0, [12.249482154846191, -0.11323755979537964]]
[318653, 22, 0, [3.9927470684051514, -5.793210506439209]]
[318653, 12, 0, [0.13693414628505707, -0.8329303860664368]]
[318653, 3, 0, [0.12329674512147903, -0.6762456297874451]]
[318653, 18, 0, [6.808007717132568, -1.3564269542694092]]
[318653, 6, 0, [0.12359470874071121, -10.184136390686035]]
[318653, 9, 0, [7.8196120262146, -10.881705284118652]]
[318653, 4, 0, [12.393956184387207, -1.4213058948516846]]
[318653, 7, 1, [8.093080520629883, -5.77429723739624]]
[318653, 23, 1, [6.22017240524292, -3.9398293495178223]]
[318653, 24, 1, [7.9533891677856445, -5.8261590003967285]]
[318653, 20, 1, [9.326127052307129, -5.311176300048828]]
[318653, 15, 1, [10.381451606750488, -2.724562168121338]]
[318653, 0, 1, [12.40417194366455, -0.12271147221326828]]
[318653, 14, 1, [0.12333119660615921, -3.475705146789551]]
[318653, 1, 1, [11.22408676147461, -11.095413208007812]]
[318653, 13, 1, [3.5581986904144287, -11.803502082824707]]
[318653, 16, 1, [0.14307387173175812, -10.027804374694824]]
[318653, 2, 1, [0.9647630453109741, -11.342741012573242]]
[335553, 'popsize', 25, 'queuesize', 3]
[338103, 8, 0, [7.731508255004883, -5.48643159866333]]
[338103, 17, 0, [3.04056715965271, -9.115924835205078]]
[338103, 10, 0, [6.074892997741699, -2.3900651931762695]]
[338103, 5, 0, [7.674642562866211, -9.923510551452637]]
[338103, 21, 0, [8.84970760345459, -7.716731548309326]]
[338103, 19, 0, [4.939018726348877, -8.000712394714355]]
[338103, 11, 0, [12.247621536254883, -0.11592622101306915]]
[338103, 22, 0, [3.9829556941986084, -5.786914348602295]]
[338103, 12, 0, [0.1368269920349121, -0.7636473774909973]]
[338103, 3, 0, [0.12328585982322693, -0.6069130897521973]]
[338103, 18, 0, [7.019479751586914, -1.0976179838180542]]
[338103, 6, 0, [0.12360204011201859, -10.250909805297852]]
[338103, 9, 0, [7.816211223602295, -10.888431549072266]]
[338103, 4, 0, [12.39395809173584, -1.15767240524292]]
[338103, 7, 1, [7.971658706665039, -5.822173595428467]]
[338103, 23, 1, [6.21825647354126, -3.942173957824707]]
[338103, 24, 1, [8.22135066986084, -6.254256725311279]]
[338103, 20, 1, [9.320450782775879, -5.3160271644592285]]
[338103, 15, 1, [9.540002822875977, -1.8769351243972778]]
[338103, 0, 1, [12.40560245513916, -0.11928467452526093]]
[338103, 14, 1, [0.12333820015192032, -3.46504807472229]]
[338103, 1, 1, [11.19577407836914, -11.13096809387207]]
[338103, 13, 1, [3.553234815597534, -11.784801483154297]]
[338103, 16, 1, [0.14310550689697266, -10.09472370147705]]
[338103, 2, 1, [0.9399906992912292, -11.398839950561523]]
[355153, 'popsize', 25, 'queuesize', 3]
[357753, 8, 0, [8.335000038146973, -5.193126201629639]]
[357753, 17, 0, [3.5560860633850098, -8.921494483947754]]
[357753, 10, 0, [6.902462005615234, -2.323441743850708]]
[357753, 5, 0, [7.680397987365723, -9.932626724243164]]
[357753, 21, 0, [9.084251403808594, -8.818061828613281]]
[357753, 19, 0, [5.624574184417725, -8.343981742858887]]
[357753, 11, 0, [12.1592378616333, -0.14133088290691376]]
[357753, 22, 0, [3.987812042236328, -5.776670455932617]]
[357753, 12, 0, [0.13662122189998627, -0.6911347508430481]]
[357753, 3, 0, [0.12329824268817902, -0.5342439413070679]]
[357753, 18, 0, [7.619655132293701, -1.2769464254379272]]
[357753, 6, 0, [0.12362109124660492, -10.320183753967285]]
[357753, 9, 0, [7.801355361938477, -10.893730163574219]]
[357753, 4, 0, [12.395520210266113, -0.9130286574363708]]
[357753, 7, 1, [8.026863098144531, -5.837810516357422]]
[357753, 23, 1, [6.219371318817139, -3.9441463947296143]]
[357753, 24, 1, [9.44062614440918, -7.313311576843262]]
[357753, 20, 1, [9.303001403808594, -5.32956075668335]]
[357753, 15, 1, [8.588224411010742, -1.3132776021957397]]
[357753, 0, 1, [12.384864807128906, -0.10191284865140915]]
[357753, 14, 1, [0.12333263456821442, -3.4567370414733887]]
[357753, 1, 1, [11.22896957397461, -11.123387336730957]]
[357753, 13, 1, [3.5699105262756348, -11.793009757995605]]
[357753, 16, 1, [0.1430646777153015, -10.163752555847168]]
[357753, 2, 1, [0.8899785876274109, -11.343687057495117]]
[374653, 'popsize', 25, 'queuesize', 3]
[377203, 8, 0, [8.509225845336914, -5.713164806365967]]
[377203, 17, 0, [3.544243097305298, -8.922845840454102]]
[377203, 10, 0, [6.554842948913574, -2.761157512664795]]
[377203, 5, 0, [7.533184051513672, -9.840957641601562]]
[377203, 21, 0, [9.040810585021973, -7.639847755432129]]
[377203, 19, 0, [6.937410354614258, -9.313521385192871]]
[377203, 11, 0, [12.226237297058105, -0.11733586341142654]]
[377203, 22, 0, [3.9950108528137207, -5.771457672119141]]
[377203, 12, 0, [0.13661319017410278, -0.6205711960792542]]
[377203, 3, 0, [0.12328024208545685, -0.4636080265045166]]
[377203, 18, 0, [7.594223499298096, -1.2497447729110718]]
[377203, 6, 0, [0.1236090213060379, -10.387494087219238]]
[377203, 9, 0, [7.777784824371338, -10.87551212310791]]
[377203, 4, 0, [12.397055625915527, -0.6260925531387329]]
[377203, 7, 1, [8.053662300109863, -5.935667991638184]]
[377203, 23, 1, [6.227502346038818, -3.950584650039673]]
[377203, 24, 1, [10.954367637634277, -7.8695878982543945]]
[377203, 20, 1, [9.304184913635254, -5.338551998138428]]
[377203, 15, 1, [8.585469245910645, -1.3188620805740356]]
[377203, 0, 1, [12.381051063537598, -0.09544280171394348]]
[377203, 14, 1, [0.12333036959171295, -3.4466171264648438]]
[377203, 1, 1, [11.213875770568848, -11.070443153381348]]
[377203, 13, 1, [3.9098927974700928, -11.646645545959473]]
[377203, 16, 1, [0.1429917812347412, -10.231228828430176]]
[377203, 2, 1, [0.8754157423973083, -11.342778205871582]]
[394003, 'popsize', 25, 'queuesize', 3]
[396553, 8, 0, [7.943490982055664, -7.223764419555664]]
[396553, 17, 0, [4.131558418273926, -8.958105087280273]]
[396553, 10, 0, [7.0474019050598145, -2.8304951190948486]]
[396553, 5, 0, [7.235147476196289, -9.775465965270996]]
[396553, 21, 0, [8.603118896484375, -7.231751918792725]]
[396553, 19, 0, [7.121427536010742, -9.434720039367676]]
[396553, 11, 0, [12.225896835327148, -0.11019272357225418]]
[396553, 22, 0, [3.9858992099761963, -5.770448684692383]]
[396553, 12, 0, [0.13663573563098907, -0.5503733158111572]]
[396553, 3, 0, [0.12328801304101944, -0.3935264050960541]]
[396553, 18, 0, [7.6751389503479, -0.9789583086967468]]
[396553, 6, 0, [0.12360762059688568, -10.455272674560547]]
[396553, 9, 0, [7.770644187927246, -10.85842514038086]]
[396553, 4, 0, [12.397926330566406, -0.3411257565021515]]
[396553, 7, 1, [8.035002708435059, -5.640276908874512]]
[396553, 23, 1, [6.222128868103027, -3.9570045471191406]]
[396553, 24, 1, [12.377021789550781, -7.845464706420898]]
[396553, 20, 1, [9.299345970153809, -5.345836162567139]]
[396553, 15, 1, [8.578765869140625, -1.3171093463897705]]
[396553, 0, 1, [12.38104248046875, -0.09540555626153946]]
[396553, 14, 1, [0.12329703569412231, -3.4384236335754395]]
[396553, 1, 1, [11.149405479431152, -11.089826583862305]]
[396553, 13, 1, [4.690522193908691, -11.417956352233887]]
[396553, 16, 1, [0.14309364557266235, -10.298992156982422]]
[396553, 2, 1, [0.8670671582221985, -11.346116065979004]]
[413304, 'popsize', 25, 'queuesize', 4]
[415854, 8, 0, [6.938048362731934, -8.47838020324707]]
[415854, 17, 0, [4.133087635040283, -8.962162017822266]]
[415854, 10, 0, [7.3306565284729, -3.308858871459961]]
[415854, 5, 0, [7.395501613616943, -9.25420093536377]]
[415854, 21, 0, [7.0614333152771, -7.094006538391113]]
[415854, 19, 0, [7.306443691253662, -8.757192611694336]]
[415854, 11, 0, [12.225972175598145, -0.10839466750621796]]
[415854, 22, 0, [4.003083229064941, -5.807385444641113]]
[415854, 12, 0, [0.13662150502204895, -0.47992685437202454]]
[415854, 3, 0, [0.1232982948422432, -0.32315346598625183]]
[415854, 18, 0, [7.733234882354736, -0.17193840444087982]]
[415854, 6, 0, [0.12359833717346191, -10.523391723632812]]
[415854, 9, 0, [7.768256187438965, -10.862347602844238]]
[415854, 4, 0, [12.386890411376953, -0.25233331322669983]]
[415854, 7, 1, [8.32862377166748, -6.197568416595459]]
[415854, 23, 1, [6.225651741027832, -3.9530489444732666]]
[415854, 24, 1, [12.299575805664062, -7.985101699829102]]
[415854, 20, 1, [9.304919242858887, -5.33373498916626]]
[415854, 15, 1, [8.084614753723145, -1.2548813819885254]]
[415854, 0, 1, [12.380826950073242, -0.09546470642089844]]
[415854, 14, 1, [0.12333239614963531, -3.431025981903076]]
[415854, 1, 1, [11.179618835449219, -11.068857192993164]]
[415854, 13, 1, [5.981970310211182, -11.080283164978027]]
[415854, 16, 1, [0.14300161600112915, -10.367077827453613]]
[415854, 2, 1, [1.0018086433410645, -10.70764446258545]]
[428154, 'popsize', 25, 'queuesize', 4]
[429454, 8, 0, [6.849769115447998, -8.571219444274902]]
[429454, 17, 0, [4.095335960388184, -9.002326011657715]]
[429454, 10, 0, [7.352629661560059, -3.6695218086242676]]
[429454, 5, 0, [7.396270275115967, -9.143999099731445]]
[429454, 21, 0, [6.68704891204834, -7.23652458190918]]
[429454, 19, 0, [7.98246431350708, -8.064494132995605]]
[429454, 11, 0, [12.228158950805664, -0.10644783824682236]]
[429454, 22, 0, [3.966608762741089, -5.7992262840271]]
[429454, 12, 0, [0.1366523653268814, -0.4299967885017395]]
[429454, 3, 0, [0.12328844517469406, -0.2735671103000641]]
[429454, 18, 0, [7.760789394378662, -0.10993131250143051]]
[429454, 6, 0, [0.12360715121030807, -10.571497917175293]]
[429454, 9, 0, [7.771512031555176, -10.88082504272461]]
[429454, 4, 0, [12.386811256408691, -0.252531498670578]]
[429454, 7, 1, [8.076155662536621, -5.862664699554443]]
[429454, 23, 1, [6.2813849449157715, -3.952214241027832]]
[429454, 24, 1, [12.375236511230469, -7.92270040512085]]
[429454, 20, 1, [9.321210861206055, -5.365330219268799]]
[429454, 15, 1, [7.7243194580078125, -1.234846830368042]]
[429454, 0, 1, [12.380809783935547, -0.0954262837767601]]
[429454, 14, 1, [0.12333323806524277, -3.4268569946289062]]
[429454, 1, 1, [11.171304702758789, -11.052472114562988]]
[429454, 13, 1, [5.843072891235352, -10.833792686462402]]
[429454, 16, 1, [0.14301742613315582, -10.415545463562012]]
[429454, 2, 1, [0.9992379546165466, -10.731435775756836]]
[445104, 'popsize', 25, 'queuesize', 4]
[447654, 8, 0, [6.253805160522461, -9.030328750610352]]
[447654, 17, 0, [4.584622859954834, -8.704713821411133]]
[447654, 10, 0, [7.296681880950928, -3.663079023361206]]
[447654, 5, 0, [7.588900089263916, -8.232609748840332]]
[447654, 21, 0, [6.168166637420654, -7.537698745727539]]
[447654, 19, 0, [7.17213773727417, -8.79121208190918]]
[447654, 11, 0, [12.229766845703125, -0.1050293818116188]]
[447654, 22, 0, [3.879680871963501, -5.875233173370361]]
[447654, 12, 0, [0.13663217425346375, -0.3643377125263214]]
[447654, 3, 0, [0.12329015135765076, -0.20735640823841095]]
[447654, 18, 0, [7.956801891326904, -0.10787641257047653]]
[447654, 6, 0, [0.12359917908906937, -10.634438514709473]]
[447654, 9, 0, [8.574180603027344, -10.568902969360352]]
[447654, 4, 0, [12.387017250061035, -0.2523367404937744]]
[447654, 7, 1, [8.026747703552246, -5.813592910766602]]
[447654, 23, 1, [6.229301929473877, -3.9430577754974365]]
[447654, 24, 1, [12.394492149353027, -7.773444652557373]]
[447654, 20, 1, [9.305947303771973, -5.313387393951416]]
[447654, 15, 1, [7.677678108215332, -1.233733057975769]]
[447654, 0, 1, [12.380821228027344, -0.09544656425714493]]
[447654, 14, 1, [0.12333432585000992, -3.4172933101654053]]
[447654, 1, 1, [11.147220611572266, -11.076952934265137]]
[447654, 13, 1, [5.77940559387207, -10.850689888000488]]
[447654, 16, 1, [0.14313799142837524, -10.477860450744629]]
[447654, 2, 1, [1.0048465728759766, -10.69106674194336]]
[464704, 'popsize', 25, 'queuesize', 4]
[467254, 8, 0, [6.240846633911133, -9.04703426361084]]
[467254, 17, 0, [4.523965835571289, -7.994210243225098]]
[467254, 10, 0, [7.316062927246094, -3.6191482543945312]]
[467254, 5, 0, [7.257673740386963, -7.92715311050415]]
[467254, 21, 0, [5.867575645446777, -6.925868988037109]]
[467254, 19, 0, [6.4602274894714355, -8.616045951843262]]
[467254, 11, 0, [12.230981826782227, -0.10369490832090378]]
[467254, 22, 0, [3.8757567405700684, -5.855648994445801]]
[467254, 12, 0, [0.13651630282402039, -0.2911072373390198]]
[467254, 3, 0, [0.12328790873289108, -0.1342945098876953]]
[467254, 18, 0, [8.129241943359375, -0.13234084844589233]]
[467254, 6, 0, [0.12361113727092743, -10.703093528747559]]
[467254, 9, 0, [9.935185432434082, -10.24804973602295]]
[467254, 4, 0, [12.386944770812988, -0.2526206970214844]]
[467254, 7, 1, [8.098991394042969, -6.082336902618408]]
[467254, 23, 1, [6.237163543701172, -3.9434993267059326]]
[467254, 24, 1, [12.394181251525879, -7.50271463394165]]
[467254, 20, 1, [9.302593231201172, -5.321996688842773]]
[467254, 15, 1, [7.688288688659668, -1.2392604351043701]]
[467254, 0, 1, [12.380827903747559, -0.09543697535991669]]
[467254, 14, 1, [0.12333326041698456, -3.410149335861206]]
[467254, 1, 1, [11.172821998596191, -11.064475059509277]]
[467254, 13, 1, [5.785935878753662, -10.789263725280762]]
[467254, 16, 1, [0.14301197230815887, -10.546735763549805]]
[467254, 2, 1, [1.2294610738754272, -9.984782218933105]]
[484254, 'popsize', 25, 'queuesize', 4]
[486754, 8, 0, [5.437649726867676, -7.689658164978027]]
[486754, 17, 0, [4.848908424377441, -7.01014518737793]]
[486754, 10, 0, [7.983081817626953, -3.51466703414917]]
[486754, 5, 0, [6.252216339111328, -8.336837768554688]]
[486754, 21, 0, [6.342165470123291, -6.893435955047607]]
[486754, 19, 0, [5.760454177856445, -7.850171089172363]]
[486754, 11, 0, [12.235006332397461, -0.0977773368358612]]
[486754, 22, 0, [4.138694763183594, -5.515654563903809]]
[486754, 12, 0, [0.1370055377483368, -0.28285786509513855]]
[486754, 3, 0, [0.12370529770851135, -0.12879498302936554]]
[486754, 18, 0, [8.103334426879883, -0.19102002680301666]]
[486754, 6, 0, [0.12360522150993347, -10.769562721252441]]
[486754, 9, 0, [9.289196014404297, -10.521784782409668]]
[486754, 4, 0, [12.387226104736328, -0.25261110067367554]]
[486754, 7, 1, [7.253232955932617, -7.148326873779297]]
[486754, 23, 1, [6.241754531860352, -3.946535110473633]]
[486754, 24, 1, [12.39398193359375, -7.238619804382324]]
[486754, 20, 1, [9.302739143371582, -5.325636386871338]]
[486754, 15, 1, [7.0123186111450195, -1.262058138847351]]
[486754, 0, 1, [12.380919456481934, -0.09556087851524353]]
[486754, 14, 1, [0.12333045154809952, -3.4035749435424805]]
[486754, 1, 1, [11.17526912689209, -11.04899787902832]]
[486754, 13, 1, [5.770184516906738, -10.831850051879883]]
[486754, 16, 1, [0.14297150075435638, -10.613255500793457]]
[486754, 2, 1, [1.1308748722076416, -10.162405967712402]]
[503305, 'popsize', 25, 'queuesize', 4]
[505805, 8, 0, [5.571535110473633, -7.944235324859619]]
[505805, 17, 0, [4.736292839050293, -6.880002021789551]]
[505805, 10, 0, [8.147061347961426, -3.257741689682007]]
[505805, 5, 0, [6.344231128692627, -8.244978904724121]]
[505805, 21, 0, [7.902772903442383, -7.2201948165893555]]
[505805, 19, 0, [5.4147539138793945, -7.9809675216674805]]
[505805, 11, 0, [12.235908508300781, -0.09626889228820801]]
[505805, 22, 0, [4.337479591369629, -5.044865608215332]]
[505805, 12, 0, [0.1369265615940094, -0.28141680359840393]]
[505805, 3, 0, [0.12377188354730606, -0.12819808721542358]]
[505805, 18, 0, [8.078112602233887, -0.15616731345653534]]
[505805, 6, 0, [0.1236075609922409, -10.836750030517578]]
[505805, 9, 0, [9.332392692565918, -9.856623649597168]]
[505805, 4, 0, [12.387249946594238, -0.25271692872047424]]
[505805, 7, 1, [5.946563243865967, -8.054729461669922]]
[505805, 23, 1, [6.238131999969482, -3.950277090072632]]
[505805, 24, 1, [12.393936157226562, -6.981503009796143]]
[505805, 20, 1, [9.296443939208984, -5.318243026733398]]
[505805, 15, 1, [6.562705039978027, -1.3622304201126099]]
[505805, 0, 1, [12.380964279174805, -0.09558804333209991]]
[505805, 14, 1, [0.12332865595817566, -3.3935928344726562]]
[505805, 1, 1, [11.118111610412598, -11.013256072998047]]
[505805, 13, 1, [5.524265766143799, -11.376413345336914]]
[505805, 16, 1, [0.14311134815216064, -10.680404663085938]]
[505805, 2, 1, [1.0677340030670166, -10.142533302307129]]
[521655, 'popsize', 25, 'queuesize', 4]
[523955, 8, 0, [5.541525840759277, -7.793603420257568]]
[523955, 17, 0, [4.7125372886657715, -6.8636860847473145]]
[523955, 10, 0, [7.723734378814697, -2.2134957313537598]]
[523955, 5, 0, [6.099426746368408, -8.609014511108398]]
[523955, 21, 0, [9.210344314575195, -8.0013427734375]]
[523955, 19, 0, [5.7027907371521, -7.743805408477783]]
[523955, 11, 0, [12.235899925231934, -0.0963064506649971]]
[523955, 22, 0, [4.3255839347839355, -5.065033912658691]]
[523955, 12, 0, [0.1415526568889618, -0.2797679901123047]]
[523955, 3, 0, [0.12409734725952148, -0.12696026265621185]]
[523955, 18, 0, [7.6786699295043945, -0.12519478797912598]]
[523955, 6, 0, [0.12360785156488419, -10.899391174316406]]
[523955, 9, 0, [9.346189498901367, -9.90847110748291]]
[523955, 4, 0, [12.387035369873047, -0.2528391480445862]]
[523955, 7, 1, [6.729918956756592, -7.596224308013916]]
[523955, 23, 1, [6.215301990509033, -3.9314379692077637]]
[523955, 24, 1, [12.3939208984375, -6.7340850830078125]]
[523955, 20, 1, [9.301315307617188, -5.292629718780518]]
[523955, 15, 1, [6.139486312866211, -1.4674087762832642]]
[523955, 0, 1, [12.380940437316895, -0.09552512317895889]]
[523955, 14, 1, [0.12333551049232483, -3.3859641551971436]]
[523955, 1, 1, [11.15744400024414, -11.056591987609863]]
[523955, 13, 1, [5.823964595794678, -11.082491874694824]]
[523955, 16, 1, [0.1430642157793045, -10.743059158325195]]
[523955, 2, 1, [1.0371578931808472, -10.164864540100098]]
[539655, 'popsize', 25, 'queuesize', 4]
[541955, 8, 0, [5.560164451599121, -7.766329288482666]]
[541955, 17, 0, [5.077212333679199, -6.296873092651367]]
[541955, 10, 0, [7.602613925933838, -0.709780752658844]]
[541955, 5, 0, [6.033249378204346, -8.618690490722656]]
[541955, 21, 0, [10.152567863464355, -9.160737037658691]]
[541955, 19, 0, [5.405938148498535, -7.716823577880859]]
[541955, 11, 0, [12.236200332641602, -0.0962875634431839]]
[541955, 22, 0, [4.353564739227295, -5.10037899017334]]
[541955, 12, 0, [0.1477130651473999, -0.2774365246295929]]
[541955, 3, 0, [0.12458055466413498, -0.12536783516407013]]
[541955, 18, 0, [7.649010181427002, -0.13808971643447876]]
[541955, 6, 0, [0.12359131872653961, -10.960710525512695]]
[541955, 9, 0, [9.310011863708496, -9.90432357788086]]
[541955, 4, 0, [12.387211799621582, -0.25285598635673523]]
[541955, 7, 1, [5.922442436218262, -8.123369216918945]]
[541955, 23, 1, [6.222504615783691, -3.895798444747925]]
[541955, 24, 1, [12.394113540649414, -6.487648963928223]]
[541955, 20, 1, [9.32953929901123, -5.288979530334473]]
[541955, 15, 1, [6.159300327301025, -1.4394538402557373]]
[541955, 0, 1, [12.381031036376953, -0.09564225375652313]]
[541955, 14, 1, [0.1233290582895279, -3.3779327869415283]]
[541955, 1, 1, [11.1277437210083, -11.060782432556152]]
[541955, 13, 1, [5.821300506591797, -11.027765274047852]]
[541955, 16, 1, [0.14305941760540009, -10.804398536682129]]
[541955, 2, 1, [1.0083125829696655, -10.21049976348877]]
[557055, 'popsize', 25, 'queuesize', 4]
[559305, 8, 0, [5.602649688720703, -7.642533779144287]]
[559305, 17, 0, [5.098159313201904, -6.340126991271973]]
[559305, 10, 0, [7.329782485961914, -0.19826482236385345]]
[559305, 5, 0, [5.800663471221924, -8.839320182800293]]
[559305, 21, 0, [10.339539527893066, -9.483000755310059]]
[559305, 19, 0, [5.793384075164795, -7.699491500854492]]
[559305, 11, 0, [12.236257553100586, -0.09625642001628876]]
[559305, 22, 0, [4.399156093597412, -5.08169412612915]]
[559305, 12, 0, [0.14290952682495117, -0.2736877202987671]]
[559305, 3, 0, [0.12413603812456131, -0.12305578589439392]]
[559305, 18, 0, [7.778110980987549, -0.12535177171230316]]
[559305, 6, 0, [0.12360057234764099, -11.022637367248535]]
[559305, 9, 0, [9.330134391784668, -9.85767650604248]]
[559305, 4, 0, [12.387158393859863, -0.25286078453063965]]
[559305, 7, 1, [4.538076877593994, -8.55134391784668]]
[559305, 23, 1, [6.2668938636779785, -3.885694742202759]]
[559305, 24, 1, [12.393946647644043, -6.251877784729004]]
[559305, 20, 1, [9.351152420043945, -5.329543113708496]]
[559305, 15, 1, [6.204113006591797, -1.449757695198059]]
[559305, 0, 1, [12.381012916564941, -0.09558328241109848]]
[559305, 14, 1, [0.12334267795085907, -3.3652076721191406]]
[559305, 1, 1, [11.19856071472168, -11.037398338317871]]
[559305, 13, 1, [5.796669960021973, -11.04704761505127]]
[559305, 16, 1, [0.1429642289876938, -10.86640739440918]]
[559305, 2, 1, [1.0140736103057861, -10.267945289611816]]
[570105, 'popsize', 25, 'queuesize', 4]
[572105, 8, 0, [5.929414749145508, -7.435077667236328]]
[572105, 17, 0, [5.170831680297852, -5.966833114624023]]
[572105, 10, 0, [7.097187042236328, -0.10532449185848236]]
[572105, 5, 0, [6.074211120605469, -8.656393051147461]]
[572105, 21, 0, [9.985102653503418, -9.287137985229492]]
[572105, 19, 0, [6.061127185821533, -7.443999767303467]]
[572105, 11, 0, [12.236405372619629, -0.09636146575212479]]
[572105, 22, 0, [4.40116548538208, -5.081100940704346]]
[572105, 12, 0, [0.1344107687473297, -0.3049706816673279]]
[572105, 3, 0, [0.12360451370477676, -0.11913939565420151]]
[572105, 18, 0, [7.892176628112793, -0.12519511580467224]]
[572105, 6, 0, [0.12360798567533493, -11.066484451293945]]
[572105, 9, 0, [9.328719139099121, -9.856738090515137]]
[572105, 4, 0, [12.387271881103516, -0.25283876061439514]]
[572105, 7, 1, [4.62916898727417, -8.49317455291748]]
[572105, 23, 1, [6.488906383514404, -3.7842628955841064]]
[572105, 24, 1, [12.393938064575195, -6.076103210449219]]
[572105, 20, 1, [9.355644226074219, -5.31804084777832]]
[572105, 15, 1, [6.20362663269043, -1.4420217275619507]]
[572105, 0, 1, [12.381058692932129, -0.09564269334077835]]
[572105, 14, 1, [0.12333094328641891, -3.3600940704345703]]
[572105, 1, 1, [11.1967134475708, -10.983755111694336]]
[572105, 13, 1, [5.800596714019775, -11.026215553283691]]
[572105, 16, 1, [0.14297999441623688, -10.910307884216309]]
[572105, 2, 1, [0.9978589415550232, -10.229696273803711]]
[589755, 'popsize', 25, 'queuesize', 4]
[592355, 8, 0, [4.476288318634033, -7.697288990020752]]
[592355, 17, 0, [5.182458400726318, -5.796772003173828]]
[592355, 10, 0, [6.805964946746826, -0.10438521951436996]]
[592355, 5, 0, [6.120074272155762, -9.385001182556152]]
[592355, 21, 0, [10.039170265197754, -9.256855010986328]]
[592355, 19, 0, [6.491972923278809, -6.781688690185547]]
[592355, 11, 0, [12.236662864685059, -0.09623904526233673]]
[592355, 22, 0, [4.416204929351807, -5.058935642242432]]
[592355, 12, 0, [0.3397993743419647, -0.11920875310897827]]
[592355, 3, 0, [0.12376485019922256, -0.12371794134378433]]
[592355, 18, 0, [7.791325092315674, -0.12283500283956528]]
[592355, 6, 0, [0.12358875572681427, -11.137036323547363]]
[592355, 9, 0, [9.248574256896973, -9.69743537902832]]
[592355, 4, 0, [12.38687515258789, -0.25319623947143555]]
[592355, 7, 1, [4.696515083312988, -8.507072448730469]]
[592355, 23, 1, [6.466219902038574, -3.7826976776123047]]
[592355, 24, 1, [12.394012451171875, -5.808133602142334]]
[592355, 20, 1, [9.29858112335205, -5.336696624755859]]
[592355, 15, 1, [6.7951436042785645, -1.8565768003463745]]
[592355, 0, 1, [12.381046295166016, -0.09559624642133713]]
[592355, 14, 1, [0.12333157658576965, -3.349210262298584]]
[592355, 1, 1, [11.174642562866211, -10.962808609008789]]
[592355, 13, 1, [5.779487609863281, -11.021544456481934]]
[592355, 16, 1, [0.1430288702249527, -10.980693817138672]]
[592355, 2, 1, [1.029014229774475, -10.262249946594238]]
[609856, 'popsize', 25, 'queuesize', 4]
[612406, 8, 0, [4.216103553771973, -7.751695156097412]]
[612406, 17, 0, [5.1945905685424805, -5.769617557525635]]
[612406, 10, 0, [6.469821929931641, -0.1030435860157013]]
[612406, 5, 0, [5.927981853485107, -9.485269546508789]]
[612406, 21, 0, [9.36647891998291, -9.09268856048584]]
[612406, 19, 0, [6.237218856811523, -6.771687984466553]]
[612406, 11, 0, [12.236645698547363, -0.09624949097633362]]
[612406, 22, 0, [4.415635108947754, -5.085813045501709]]
[612406, 12, 0, [0.5992603898048401, -0.12687022984027863]]
[612406, 3, 0, [0.12483903765678406, -0.11896540969610214]]
[612406, 18, 0, [7.937901496887207, -0.10797467827796936]]
[612406, 6, 0, [0.12359367311000824, -11.208686828613281]]
[612406, 9, 0, [8.812651634216309, -8.603405952453613]]
[612406, 4, 0, [12.387293815612793, -0.2528582513332367]]
[612406, 7, 1, [4.59769344329834, -8.151725769042969]]
[612406, 23, 1, [5.9912872314453125, -3.431628704071045]]
[612406, 24, 1, [12.394025802612305, -5.537082195281982]]
[612406, 20, 1, [9.317151069641113, -5.344871520996094]]
[612406, 15, 1, [6.8072662353515625, -1.8372960090637207]]
[612406, 0, 1, [12.381060600280762, -0.09558140486478806]]
[612406, 14, 1, [0.12333276867866516, -3.3375418186187744]]
[612406, 1, 1, [11.165672302246094, -10.9787015914917]]
[612406, 13, 1, [5.723526477813721, -11.049341201782227]]
[612406, 16, 1, [0.1429881453514099, -11.052327156066895]]
[612406, 2, 1, [1.0194458961486816, -10.304433822631836]]
[629606, 'popsize', 25, 'queuesize', 4]
[632106, 8, 0, [4.61212682723999, -7.688929557800293]]
[632106, 17, 0, [5.190992832183838, -5.754326820373535]]
[632106, 10, 0, [6.081624984741211, -0.10152335464954376]]
[632106, 5, 0, [7.217039585113525, -9.542898178100586]]
[632106, 21, 0, [9.746068000793457, -8.808929443359375]]
[632106, 19, 0, [5.971414089202881, -6.737060070037842]]
[632106, 11, 0, [12.23673152923584, -0.0963481068611145]]
[632106, 22, 0, [4.402413368225098, -5.08551549911499]]
[632106, 12, 0, [0.7609087824821472, -0.11445996910333633]]
[632106, 3, 0, [0.12483920156955719, -0.11917940527200699]]
[632106, 18, 0, [8.141036033630371, -0.10790520906448364]]
[632106, 6, 0, [0.12361530214548111, -11.276779174804688]]
[632106, 9, 0, [8.821563720703125, -8.589573860168457]]
[632106, 4, 0, [12.387325286865234, -0.25277987122535706]]
[632106, 7, 1, [5.870891094207764, -8.104673385620117]]
[632106, 23, 1, [5.991049766540527, -3.417842149734497]]
[632106, 24, 1, [12.393987655639648, -5.267143249511719]]
[632106, 20, 1, [9.325775146484375, -5.316028594970703]]
[632106, 15, 1, [7.131763458251953, -1.4465758800506592]]
[632106, 0, 1, [12.381178855895996, -0.0957150086760521]]
[632106, 14, 1, [0.12334094941616058, -3.3276185989379883]]
[632106, 1, 1, [11.20341682434082, -10.988947868347168]]
[632106, 13, 1, [5.88665246963501, -10.725160598754883]]
[632106, 16, 1, [0.14309731125831604, -11.120467185974121]]
[632106, 2, 1, [0.9693236947059631, -10.285762786865234]]
[648806, 'popsize', 25, 'queuesize', 4]
[651406, 8, 0, [5.83745002746582, -7.242286682128906]]
[651406, 17, 0, [5.2591094970703125, -6.198617935180664]]
[651406, 10, 0, [6.839384078979492, -0.7276685833930969]]
[651406, 5, 0, [8.18912124633789, -9.13706111907959]]
[651406, 21, 0, [10.115434646606445, -8.638230323791504]]
[651406, 19, 0, [7.477708339691162, -7.316347122192383]]
[651406, 11, 0, [12.235662460327148, -0.09634601324796677]]
[651406, 22, 0, [4.394477844238281, -5.0794548988342285]]
[651406, 12, 0, [0.41859591007232666, -0.7635692358016968]]
[651406, 3, 0, [0.12484073638916016, -0.11946525424718857]]
[651406, 18, 0, [8.15206241607666, -0.18763156235218048]]
[651406, 6, 0, [0.12360511720180511, -11.3436918258667]]
[651406, 9, 0, [8.814508438110352, -8.585244178771973]]
[651406, 4, 0, [12.400632858276367, -0.2757759094238281]]
[651406, 7, 1, [7.1681036949157715, -8.821786880493164]]
[651406, 23, 1, [6.331739902496338, -3.379293203353882]]
[651406, 24, 1, [12.3939208984375, -5.00691556930542]]
[651406, 20, 1, [9.334535598754883, -5.312941551208496]]
[651406, 15, 1, [7.371026515960693, -1.1118649244308472]]
[651406, 0, 1, [12.381481170654297, -0.09561613202095032]]
[651406, 14, 1, [0.12333881109952927, -3.3208329677581787]]
[651406, 1, 1, [11.236520767211914, -10.98066234588623]]
[651406, 13, 1, [5.928950309753418, -10.247648239135742]]
[651406, 16, 1, [0.14307591319084167, -11.187378883361816]]
[651406, 2, 1, [1.0003314018249512, -10.266626358032227]]
[668706, 'popsize', 25, 'queuesize', 4]
[671306, 8, 0, [7.496121406555176, -7.279783248901367]]
[671306, 17, 0, [5.23818302154541, -6.176872253417969]]
[671306, 10, 0, [8.033501625061035, -1.710860013961792]]
[671306, 5, 0, [8.582742691040039, -8.965470314025879]]
[671306, 21, 0, [10.080182075500488, -8.62362003326416]]
[671306, 19, 0, [8.7522611618042, -8.391450881958008]]
[671306, 11, 0, [12.236042976379395, -0.0962793380022049]]
[671306, 22, 0, [4.381052494049072, -5.0901570320129395]]
[671306, 12, 0, [0.11658424884080887, -0.6356403827667236]]
[671306, 3, 0, [0.12483713775873184, -0.11972863227128983]]
[671306, 18, 0, [7.993086338043213, -0.12289868295192719]]
[671306, 6, 0, [0.12360992282629013, -11.4142427444458]]
[671306, 9, 0, [8.87501335144043, -8.565469741821289]]
[671306, 4, 0, [12.383869171142578, -0.29864418506622314]]
[671306, 7, 1, [7.825913906097412, -8.38547420501709]]
[671306, 23, 1, [6.336493492126465, -3.399411916732788]]
[671306, 24, 1, [12.383340835571289, -4.9595866203308105]]
[671306, 20, 1, [9.333019256591797, -5.327032566070557]]
[671306, 15, 1, [7.4561285972595215, -1.0706762075424194]]
[671306, 0, 1, [12.381608963012695, -0.09580128639936447]]
[671306, 14, 1, [0.12333240360021591, -3.3117456436157227]]
[671306, 1, 1, [11.225728034973145, -10.960592269897461]]
[671306, 13, 1, [5.8919148445129395, -10.562461853027344]]
[671306, 16, 1, [0.1430903524160385, -11.258016586303711]]
[671306, 2, 1, [0.8571144342422485, -9.809194564819336]]
[687806, 'popsize', 25, 'queuesize', 4]
[690206, 8, 0, [8.358781814575195, -7.319653511047363]]
[690206, 17, 0, [5.238806247711182, -6.181041717529297]]
[690206, 10, 0, [9.482222557067871, -2.309803009033203]]
[690206, 5, 0, [8.671667098999023, -8.65190601348877]]
[690206, 21, 0, [9.671640396118164, -8.786585807800293]]
[690206, 19, 0, [8.768784523010254, -8.523823738098145]]
[690206, 11, 0, [12.232969284057617, -0.09632433950901031]]
[690206, 22, 0, [4.398002624511719, -5.088350296020508]]
[690206, 12, 0, [0.8834095597267151, -1.280024528503418]]
[690206, 3, 0, [0.12483891099691391, -0.12015676498413086]]
[690206, 18, 0, [7.982614517211914, -0.12459295243024826]]
[690206, 6, 0, [0.12360411137342453, -11.479660987854004]]
[690206, 9, 0, [9.060368537902832, -8.430557250976562]]
[690206, 4, 0, [12.386198997497559, -0.2539554238319397]]
[690206, 7, 1, [8.47351360321045, -7.001590728759766]]
[690206, 23, 1, [6.339632034301758, -3.390702962875366]]
[690206, 24, 1, [12.393973350524902, -4.7000322341918945]]
[690206, 20, 1, [9.328038215637207, -5.328615188598633]]
[690206, 15, 1, [8.029056549072266, -0.7372949719429016]]
[690206, 0, 1, [12.379615783691406, -0.10133549571037292]]
[690206, 14, 1, [0.12333015352487564, -3.302792549133301]]
[690206, 1, 1, [11.18641185760498, -10.91813850402832]]
[690206, 13, 1, [5.694121837615967, -11.33287239074707]]
[690206, 16, 1, [0.14317108690738678, -11.323443412780762]]
[690206, 2, 1, [0.8831645250320435, -9.800561904907227]]
[702957, 'popsize', 25, 'queuesize', 4]
[704257, 8, 0, [7.658770561218262, -7.336889266967773]]
[704257, 17, 0, [5.1924591064453125, -6.208967685699463]]
[704257, 10, 0, [10.46189022064209, -3.089355945587158]]
[704257, 5, 0, [7.892754554748535, -8.51799201965332]]
[704257, 21, 0, [8.707783699035645, -8.949692726135254]]
[704257, 19, 0, [8.84816837310791, -8.589949607849121]]
[704257, 11, 0, [12.235857009887695, -0.09757023304700851]]
[704257, 22, 0, [4.5968337059021, -5.169620513916016]]
[704257, 12, 0, [1.5885437726974487, -2.2668144702911377]]
[704257, 3, 0, [0.12483728677034378, -0.1202322468161583]]
[704257, 18, 0, [7.725731372833252, -0.11594800651073456]]
[704257, 6, 0, [0.12360494583845139, -11.529510498046875]]
[704257, 9, 0, [9.646464347839355, -8.222100257873535]]
[704257, 4, 0, [12.387249946594238, -0.25424376130104065]]
[704257, 7, 1, [8.532995223999023, -5.765227794647217]]
[704257, 23, 1, [6.39832067489624, -3.3808393478393555]]
[704257, 24, 1, [12.3941650390625, -4.495894432067871]]
[704257, 20, 1, [9.375091552734375, -5.347949028015137]]
[704257, 15, 1, [7.825279712677002, -1.1500154733657837]]
[704257, 0, 1, [12.381946563720703, -0.09585443884134293]]
[704257, 14, 1, [0.12333086878061295, -3.293879270553589]]
[704257, 1, 1, [11.224310874938965, -10.904487609863281]]
[704257, 13, 1, [5.394920825958252, -11.727641105651855]]
[704257, 16, 1, [0.1430993229150772, -11.37362003326416]]
[704257, 2, 1, [0.8874931931495667, -9.790377616882324]]
[719807, 'popsize', 25, 'queuesize', 4]
[722407, 8, 0, [8.220368385314941, -7.435502529144287]]
[722407, 17, 0, [5.236146450042725, -6.170246601104736]]
[722407, 10, 0, [11.03281307220459, -3.4100701808929443]]
[722407, 5, 0, [6.6295390129089355, -7.874647617340088]]
[722407, 21, 0, [8.26805305480957, -9.13283920288086]]
[722407, 19, 0, [8.76927661895752, -8.54702091217041]]
[722407, 11, 0, [12.23531723022461, -0.09866026788949966]]
[722407, 22, 0, [4.911061763763428, -5.342157363891602]]
[722407, 12, 0, [2.0719568729400635, -3.664032459259033]]
[722407, 3, 0, [0.124836266040802, -0.12030445039272308]]
[722407, 18, 0, [7.715595722198486, -0.15514317154884338]]
[722407, 6, 0, [0.1235881820321083, -11.591826438903809]]
[722407, 9, 0, [9.644956588745117, -8.232112884521484]]
[722407, 4, 0, [12.387163162231445, -0.254114031791687]]
[722407, 7, 1, [8.524333953857422, -6.866632461547852]]
[722407, 23, 1, [6.350386619567871, -3.389068603515625]]
[722407, 24, 1, [12.400527000427246, -4.15632438659668]]
[722407, 20, 1, [9.330711364746094, -5.327552318572998]]
[722407, 15, 1, [7.643013954162598, -1.8131687641143799]]
[722407, 0, 1, [12.381963729858398, -0.09586406499147415]]
[722407, 14, 1, [0.12333071231842041, -3.2830240726470947]]
[722407, 1, 1, [11.233174324035645, -10.957253456115723]]
[722407, 13, 1, [5.367298603057861, -11.75489616394043]]
[722407, 16, 1, [0.14310809969902039, -11.435453414916992]]
[722407, 2, 1, [0.8416677713394165, -9.764357566833496]]
[739957, 'popsize', 25, 'queuesize', 4]
[742507, 8, 0, [9.822843551635742, -7.962880611419678]]
[742507, 17, 0, [5.216994762420654, -6.172379970550537]]
[742507, 10, 0, [11.239168167114258, -3.3576161861419678]]
[742507, 5, 0, [5.873033046722412, -7.077574729919434]]
[742507, 21, 0, [7.876424789428711, -9.238110542297363]]
[742507, 19, 0, [8.635924339294434, -8.025988578796387]]
[742507, 11, 0, [12.235032081604004, -0.10027061402797699]]
[742507, 22, 0, [4.803048133850098, -5.291823863983154]]
[742507, 12, 0, [2.3624444007873535, -4.018040180206299]]
[742507, 3, 0, [0.12483938783407211, -0.12059202790260315]]
[742507, 18, 0, [6.7527995109558105, -0.2828145921230316]]
[742507, 6, 0, [0.12359651923179626, -11.662821769714355]]
[742507, 9, 0, [9.807172775268555, -8.324462890625]]
[742507, 4, 0, [12.387367248535156, -0.2542136311531067]]
[742507, 7, 1, [8.027865409851074, -8.4771089553833]]
[742507, 23, 1, [6.374145984649658, -3.4052460193634033]]
[742507, 24, 1, [12.396880149841309, -3.620515823364258]]
[742507, 20, 1, [9.350090026855469, -5.354252338409424]]
[742507, 15, 1, [7.673774242401123, -1.8239402770996094]]
[742507, 0, 1, [12.381831169128418, -0.0960562601685524]]
[742507, 14, 1, [0.12333349883556366, -3.2714898586273193]]
[742507, 1, 1, [11.239035606384277, -10.921704292297363]]
[742507, 13, 1, [5.345153331756592, -11.722798347473145]]
[742507, 16, 1, [0.14297926425933838, -11.506427764892578]]
[742507, 2, 1, [0.8510198593139648, -9.76070785522461]]
[759657, 'popsize', 25, 'queuesize', 4]
[762207, 8, 0, [10.039361000061035, -8.086079597473145]]
[762207, 17, 0, [5.1560235023498535, -5.689177989959717]]
[762207, 10, 0, [11.563125610351562, -3.757206916809082]]
[762207, 5, 0, [5.560912132263184, -7.734467506408691]]
[762207, 21, 0, [8.197182655334473, -9.832345008850098]]
[762207, 19, 0, [8.710639953613281, -7.893522262573242]]
[762207, 11, 0, [12.227090835571289, -0.09874790906906128]]
[762207, 22, 0, [4.861785888671875, -5.384228229522705]]
[762207, 12, 0, [3.7484986782073975, -3.1318392753601074]]
[762207, 3, 0, [0.12484179437160492, -0.12100008875131607]]
[762207, 18, 0, [6.180364608764648, -0.5144549012184143]]
[762207, 6, 0, [0.12360257655382156, -11.73177719116211]]
[762207, 9, 0, [10.396806716918945, -8.73847484588623]]
[762207, 4, 0, [12.384142875671387, -0.2523457109928131]]
[762207, 7, 1, [8.433435440063477, -7.534728050231934]]
[762207, 23, 1, [6.3986921310424805, -3.4033913612365723]]
[762207, 24, 1, [12.394357681274414, -3.3016679286956787]]
[762207, 20, 1, [9.362503051757812, -5.358145236968994]]
[762207, 15, 1, [7.690746784210205, -1.8092505931854248]]
[762207, 0, 1, [12.379339218139648, -0.10099136084318161]]
[762207, 14, 1, [0.12333224713802338, -3.2623331546783447]]
[762207, 1, 1, [11.187078475952148, -10.884418487548828]]
[762207, 13, 1, [5.328718662261963, -11.766852378845215]]
[762207, 16, 1, [0.1430579125881195, -11.57556438446045]]
[762207, 2, 1, [0.8503826260566711, -9.764772415161133]]
[779457, 'popsize', 25, 'queuesize', 4]
[782007, 8, 0, [10.296236991882324, -8.24405574798584]]
[782007, 17, 0, [5.0642476081848145, -5.551069259643555]]
[782007, 10, 0, [12.2608003616333, -3.4913837909698486]]
[782007, 5, 0, [5.532858371734619, -7.536587715148926]]
[782007, 21, 0, [8.485699653625488, -9.40808391571045]]
[782007, 19, 0, [9.357731819152832, -7.891975402832031]]
[782007, 11, 0, [12.232268333435059, -0.0975193977355957]]
[782007, 22, 0, [4.8483076095581055, -5.362877368927002]]
[782007, 12, 0, [5.369030475616455, -2.7608094215393066]]
[782007, 3, 0, [0.1248384565114975, -0.1214001327753067]]
[782007, 18, 0, [6.132510185241699, -0.46072039008140564]]
[782007, 6, 0, [0.12361574918031693, -11.800577163696289]]
[782007, 9, 0, [10.396585464477539, -8.749075889587402]]
[782007, 4, 0, [12.384995460510254, -0.2546728551387787]]
[782007, 7, 1, [7.810274124145508, -7.320237636566162]]
[782007, 23, 1, [6.423129081726074, -3.3823864459991455]]
[782007, 24, 1, [12.393950462341309, -3.0328125953674316]]
[782007, 20, 1, [9.461593627929688, -5.324804782867432]]
[782007, 15, 1, [7.699892520904541, -1.7962541580200195]]
[782007, 0, 1, [12.380975723266602, -0.0957043245434761]]
[782007, 14, 1, [0.12333191931247711, -3.252034902572632]]
[782007, 1, 1, [11.180464744567871, -10.921895027160645]]
[782007, 13, 1, [5.28594970703125, -11.735926628112793]]
[782007, 16, 1, [0.14307372272014618, -11.644185066223145]]
[782007, 2, 1, [0.9501448273658752, -9.673274040222168]]
[798758, 'popsize', 25, 'queuesize', 4]
[801358, 8, 0, [10.556665420532227, -8.4189453125]]
[801358, 17, 0, [5.073747158050537, -5.543867111206055]]
[801358, 10, 0, [12.104032516479492, -2.8623034954071045]]
[801358, 5, 0, [4.92159366607666, -6.996181011199951]]
[801358, 21, 0, [9.137914657592773, -9.314677238464355]]
[801358, 19, 0, [9.191537857055664, -7.709774971008301]]
[801358, 11, 0, [12.23491382598877, -0.09742073714733124]]
[801358, 22, 0, [4.851492881774902, -5.367566108703613]]
[801358, 12, 0, [6.964901447296143, -2.9811408519744873]]
[801358, 3, 0, [0.12484444677829742, -0.11797623336315155]]
[801358, 18, 0, [5.746541976928711, -0.1056046336889267]]
[801358, 6, 0, [0.12360143661499023, -11.868230819702148]]
[801358, 9, 0, [10.380232810974121, -8.766860008239746]]
[801358, 4, 0, [12.387036323547363, -0.25403299927711487]]
[801358, 7, 1, [7.537132740020752, -7.3356170654296875]]
[801358, 23, 1, [6.420849323272705, -3.365804672241211]]
[801358, 24, 1, [12.393999099731445, -2.7716872692108154]]
[801358, 20, 1, [9.550827026367188, -5.31700325012207]]
[801358, 15, 1, [7.818434715270996, -2.475776433944702]]
[801358, 0, 1, [12.382112503051758, -0.09590031206607819]]
[801358, 14, 1, [0.12333319336175919, -3.2414863109588623]]
[801358, 1, 1, [11.226419448852539, -10.91641616821289]]
[801358, 13, 1, [5.341170787811279, -11.738265037536621]]
[801358, 16, 1, [0.14314205944538116, -11.7118501663208]]
[801358, 2, 1, [1.0026466846466064, -9.11607837677002]]
[818558, 'popsize', 25, 'queuesize', 4]
[821158, 8, 0, [9.652642250061035, -7.872641086578369]]
[821158, 17, 0, [5.083885669708252, -5.523620128631592]]
[821158, 10, 0, [12.392118453979492, -2.8871374130249023]]
[821158, 5, 0, [3.4094433784484863, -6.510523319244385]]
[821158, 21, 0, [9.5355224609375, -9.045063972473145]]
[821158, 19, 0, [9.004157066345215, -8.329970359802246]]
[821158, 11, 0, [12.2351713180542, -0.09825247526168823]]
[821158, 22, 0, [4.8850297927856445, -5.351128101348877]]
[821158, 12, 0, [8.414728164672852, -3.7730329036712646]]
[821158, 3, 0, [0.12334544211626053, -0.12948563694953918]]
[821158, 18, 0, [5.471237659454346, -0.10596255213022232]]
[821158, 6, 0, [0.12360475957393646, -11.935531616210938]]
[821158, 9, 0, [9.82514476776123, -9.192832946777344]]
[821158, 4, 0, [12.387176513671875, -0.25447309017181396]]
[821158, 7, 1, [6.552730083465576, -7.646306037902832]]
[821158, 23, 1, [6.411699295043945, -3.3450498580932617]]
[821158, 24, 1, [12.396688461303711, -2.369771957397461]]
[821158, 20, 1, [9.539567947387695, -5.320214748382568]]
[821158, 15, 1, [8.133292198181152, -2.8719520568847656]]
[821158, 0, 1, [12.382061958312988, -0.09584057331085205]]
[821158, 14, 1, [0.1233329325914383, -3.2322885990142822]]
[821158, 1, 1, [11.220317840576172, -10.869433403015137]]
[821158, 13, 1, [5.658682823181152, -11.191722869873047]]
[821158, 16, 1, [0.14304479956626892, -11.779217720031738]]
[821158, 2, 1, [1.008033037185669, -9.112797737121582]]
[836758, 'popsize', 25, 'queuesize', 4]
[838058, 8, 0, [9.289423942565918, -7.709879398345947]]
[838058, 17, 0, [5.05450439453125, -5.552632808685303]]
[838058, 10, 0, [12.392069816589355, -3.051704168319702]]
[838058, 5, 0, [2.9183130264282227, -6.183974266052246]]
[838058, 21, 0, [9.873231887817383, -7.643999099731445]]
[838058, 19, 0, [9.652267456054688, -7.603866100311279]]
[838058, 11, 0, [12.236268997192383, -0.0971478819847107]]
[838058, 22, 0, [4.824802875518799, -5.331435203552246]]
[838058, 12, 0, [9.343466758728027, -4.888693809509277]]
[838058, 3, 0, [0.12334581464529037, -0.1295056939125061]]
[838058, 18, 0, [5.299075126647949, -0.12653449177742004]]
[838058, 6, 0, [0.12360849976539612, -11.995039939880371]]
[838058, 9, 0, [9.859646797180176, -9.160696983337402]]
[838058, 4, 0, [12.387406349182129, -0.25387999415397644]]
[838058, 7, 1, [6.362970352172852, -7.236852169036865]]
[838058, 23, 1, [6.14835786819458, -3.2417373657226562]]
[838058, 24, 1, [12.394651412963867, -2.0667078495025635]]
[838058, 20, 1, [9.574921607971191, -5.305903434753418]]
[838058, 15, 1, [8.891098022460938, -3.6371922492980957]]
[838058, 0, 1, [12.381791114807129, -0.09576395899057388]]
[838058, 14, 1, [0.12333862483501434, -3.223172664642334]]
[838058, 1, 1, [11.202838897705078, -10.889511108398438]]
[838058, 13, 1, [5.690871238708496, -11.135937690734863]]
[838058, 16, 1, [0.14297331869602203, -11.839122772216797]]
[838058, 2, 1, [1.001092553138733, -9.16799545288086]]
[850458, 'popsize', 25, 'queuesize', 4]
[853058, 8, 0, [8.503608703613281, -7.5398688316345215]]
[853058, 17, 0, [5.075989246368408, -5.518869876861572]]
[853058, 10, 0, [12.39205551147461, -3.1815550327301025]]
[853058, 5, 0, [2.7795510292053223, -6.0229105949401855]]
[853058, 21, 0, [9.978403091430664, -6.494344234466553]]
[853058, 19, 0, [9.752002716064453, -7.397528171539307]]
[853058, 11, 0, [12.235898971557617, -0.0990668386220932]]
[853058, 22, 0, [4.839051723480225, -5.303971290588379]]
[853058, 12, 0, [9.800806045532227, -5.741754055023193]]
[853058, 3, 0, [0.123347207903862, -0.12953020632266998]]
[853058, 18, 0, [5.390667915344238, -0.34311726689338684]]
[853058, 6, 0, [0.12360962480306625, -12.045186042785645]]
[853058, 9, 0, [9.697859764099121, -9.335721969604492]]
[853058, 4, 0, [12.387163162231445, -0.2540644407272339]]
[853058, 7, 1, [6.660960674285889, -6.11984395980835]]
[853058, 23, 1, [6.07008695602417, -3.117906332015991]]
[853058, 24, 1, [12.393964767456055, -1.873516321182251]]
[853058, 20, 1, [9.796844482421875, -5.45988655090332]]
[853058, 15, 1, [9.174882888793945, -4.056673526763916]]
[853058, 0, 1, [12.381852149963379, -0.09582239389419556]]
[853058, 14, 1, [0.12333061546087265, -3.2182719707489014]]
[853058, 1, 1, [11.224720001220703, -10.881175994873047]]
[853058, 13, 1, [5.638880252838135, -11.117692947387695]]
[853058, 16, 1, [0.14303502440452576, -11.888922691345215]]
[853058, 2, 1, [0.9894554615020752, -9.124908447265625]]
[870208, 'popsize', 25, 'queuesize', 5]
[872808, 8, 0, [9.623723030090332, -7.732882976531982]]
[872808, 17, 0, [5.067552089691162, -5.506059646606445]]
[872808, 10, 0, [12.392111778259277, -3.3653740882873535]]
[872808, 5, 0, [2.6234304904937744, -5.803742408752441]]
[872808, 21, 0, [10.12808895111084, -6.2089948654174805]]
[872808, 19, 0, [9.808924674987793, -6.732541561126709]]
[872808, 11, 0, [12.23576545715332, -0.10018975287675858]]
[872808, 22, 0, [4.853994846343994, -5.300062656402588]]
[872808, 12, 0, [10.069601058959961, -6.028796672821045]]
[872808, 3, 0, [0.12334363907575607, -0.12952689826488495]]
[872808, 18, 0, [5.5465617179870605, -0.8488296866416931]]
[872808, 6, 0, [0.12361054122447968, -12.112435340881348]]
[872808, 9, 0, [9.136378288269043, -9.800180435180664]]
[872808, 4, 0, [12.387247085571289, -0.2540627419948578]]
[872808, 7, 1, [6.196816444396973, -5.651556968688965]]
[872808, 23, 1, [6.079911231994629, -3.1235477924346924]]
[872808, 24, 1, [12.393983840942383, -1.605979084968567]]
[872808, 20, 1, [9.809443473815918, -5.447850227355957]]
[872808, 15, 1, [9.43734073638916, -4.362912654876709]]
[872808, 0, 1, [12.381884574890137, -0.09580923616886139]]
[872808, 14, 1, [0.1233363226056099, -3.209009885787964]]
[872808, 1, 1, [11.228883743286133, -10.848331451416016]]
[872808, 13, 1, [5.626297473907471, -11.189347267150879]]
[872808, 16, 1, [0.14298003911972046, -11.956174850463867]]
[872808, 2, 1, [1.0246256589889526, -9.182644844055176]]
[889808, 'popsize', 25, 'queuesize', 5]
[892408, 8, 0, [8.606135368347168, -7.557066917419434]]
[892408, 17, 0, [5.068380355834961, -5.494691371917725]]
[892408, 10, 0, [12.392093658447266, -3.5445613861083984]]
[892408, 5, 0, [2.9889585971832275, -5.419881820678711]]
[892408, 21, 0, [10.353391647338867, -6.426365375518799]]
[892408, 19, 0, [10.245491981506348, -6.24279260635376]]
[892408, 11, 0, [12.23572063446045, -0.10003075003623962]]
[892408, 22, 0, [4.861844539642334, -5.306149959564209]]
[892408, 12, 0, [10.276873588562012, -6.88500452041626]]
[892408, 3, 0, [0.12335076928138733, -0.12953801453113556]]
[892408, 18, 0, [5.569137096405029, -0.8508027791976929]]
[892408, 6, 0, [0.12360027432441711, -12.179533958435059]]
[892408, 9, 0, [9.194557189941406, -9.797209739685059]]
[892408, 4, 0, [12.387497901916504, -0.2538285255432129]]
[892408, 7, 1, [5.941680908203125, -5.501399040222168]]
[892408, 23, 1, [6.087802886962891, -3.1325089931488037]]
[892408, 24, 1, [12.393949508666992, -1.3387908935546875]]
[892408, 20, 1, [9.816237449645996, -5.4357147216796875]]
[892408, 15, 1, [9.433104515075684, -4.348369598388672]]
[892408, 0, 1, [12.381891250610352, -0.09581970423460007]]
[892408, 14, 1, [0.12333380430936813, -3.199228048324585]]
[892408, 1, 1, [11.212167739868164, -10.83253002166748]]
[892408, 13, 1, [5.507962226867676, -11.781883239746094]]
[892408, 16, 1, [0.14304757118225098, -12.023323059082031]]
[892408, 2, 1, [1.008563756942749, -9.124554634094238]]
[909309, 'popsize', 25, 'queuesize', 5]
[915659, 18, 0, [5.767090797424316, -0.12466034293174744]]
[915659, 6, 0, [0.12363579869270325, -12.260133743286133]]
[915659, 9, 0, [9.180037498474121, -9.84754467010498]]
[915659, 4, 0, [12.38762378692627, -0.2519960403442383]]
[915659, 2, 1, [1.0353686809539795, -9.098610877990723]]
[922459, 'popsize', 10, 'queuesize', 0]
[923559, 18, 0, [5.749749183654785, -0.15043291449546814]]
[923559, 6, 0, [0.12360735237598419, -12.271993637084961]]
[923559, 9, 0, [9.198003768920898, -9.836752891540527]]
[923559, 4, 0, [12.387611389160156, -0.25057241320610046]]
[923559, 22, 0, [5.017033100128174, -5.013845443725586]]
[923559, 16, 0, [0.14307822287082672, -12.117817878723145]]
[923559, 14, 0, [0.4046405553817749, -3.2381627559661865]]
[923559, 2, 1, [1.0984407663345337, -9.11992359161377]]
[923559, 21, 1, [10.361191749572754, -6.439994812011719]]
[923559, 8, 1, [10.041406631469727, -7.770135879516602]]
[929659, 'popsize', 10, 'queuesize', 0]
[930759, 18, 0, [5.7719573974609375, -0.15737533569335938]]
[930759, 6, 0, [0.12360772490501404, -12.289846420288086]]
[930759, 9, 0, [9.223640441894531, -9.775588035583496]]
[930759, 4, 0, [12.387561798095703, -0.24940656125545502]]
[930759, 22, 0, [5.332927703857422, -4.497698783874512]]
[930759, 16, 0, [0.1429196298122406, -12.135851860046387]]
[930759, 14, 0, [0.9748823642730713, -3.253474473953247]]
[930759, 2, 1, [1.107463002204895, -9.139484405517578]]
[930759, 21, 1, [10.311121940612793, -6.427741527557373]]
[930759, 8, 1, [10.614544868469238, -7.9658966064453125]]
[937309, 'popsize', 10, 'queuesize', 0]
[938409, 6, 0, [0.12360185384750366, -12.309561729431152]]
[938409, 9, 0, [9.25196647644043, -9.776602745056152]]
[938409, 4, 0, [12.392032623291016, -0.24642938375473022]]
[938409, 22, 0, [5.363452434539795, -4.381630897521973]]
[938409, 16, 0, [0.14299684762954712, -12.155159950256348]]
[938409, 14, 0, [1.5438764095306396, -3.1392784118652344]]
[938409, 2, 1, [1.0601391792297363, -9.132183074951172]]
[938409, 21, 1, [10.260570526123047, -6.438682556152344]]
[938409, 8, 1, [11.198137283325195, -8.22685432434082]]
[944009, 'popsize', 9, 'queuesize', 0]
[944909, 6, 0, [0.12361055612564087, -12.326024055480957]]
[944909, 9, 0, [9.227858543395996, -9.775670051574707]]
[944909, 4, 0, [12.404956817626953, -0.23437559604644775]]
[944909, 22, 0, [4.931114673614502, -4.701730728149414]]
[944909, 16, 0, [0.14295485615730286, -12.171931266784668]]
[944909, 14, 0, [2.0097954273223877, -2.9347620010375977]]
[944909, 2, 1, [1.1241769790649414, -9.137246131896973]]
[944909, 21, 1, [10.310077667236328, -6.44536828994751]]
[944909, 8, 1, [11.671069145202637, -8.50576400756836]]
[950659, 'popsize', 9, 'queuesize', 0]
[951659, 6, 0, [0.12360145151615143, -12.342684745788574]]
[951659, 9, 0, [9.209774017333984, -9.770520210266113]]
[951659, 4, 0, [12.40382194519043, -0.22368483245372772]]
[951659, 22, 0, [4.438472270965576, -4.948044300079346]]
[951659, 16, 0, [0.1429288685321808, -12.188396453857422]]
[951659, 14, 0, [2.4265449047088623, -2.626103162765503]]
[951659, 2, 1, [1.121240258216858, -9.136712074279785]]
[951659, 21, 1, [10.339326858520508, -6.454806804656982]]
[951659, 8, 1, [12.121949195861816, -8.841780662536621]]
[957309, 'popsize', 9, 'queuesize', 0]
[958609, 4, 0, [12.400039672851562, -0.21479815244674683]]
[958609, 22, 0, [4.229797840118408, -5.058073043823242]]
[958609, 16, 0, [0.14203403890132904, -12.209383964538574]]
[958609, 14, 0, [2.7895021438598633, -2.224440574645996]]
[958609, 2, 1, [1.1263277530670166, -9.145261764526367]]
[958609, 21, 1, [10.295415878295898, -6.480411529541016]]
[958609, 8, 1, [12.376001358032227, -9.043383598327637]]
[963059, 'popsize', 7, 'queuesize', 0]
[963709, 4, 0, [12.399262428283691, -0.21119262278079987]]
[963709, 22, 0, [4.085536003112793, -4.982419013977051]]
[963709, 16, 0, [0.14336968958377838, -12.216503143310547]]
[963709, 14, 0, [3.007960319519043, -1.884983777999878]]
[963709, 21, 1, [10.288880348205566, -6.4903435707092285]]
[963709, 8, 1, [12.37665843963623, -9.049554824829102]]
[967009, 'popsize', 6, 'queuesize', 0]
[967609, 22, 0, [4.133755207061768, -5.002246379852295]]
[967609, 16, 0, [0.14477597177028656, -12.217037200927734]]
[967609, 14, 0, [3.141932964324951, -1.6106146574020386]]
[967609, 21, 1, [10.287457466125488, -6.476400375366211]]
[967609, 8, 1, [12.37665843963623, -9.050633430480957]]
[970159, 'popsize', 5, 'queuesize', 0]
[970509, 22, 0, [4.225769996643066, -5.011446952819824]]
[970509, 16, 0, [0.14578135311603546, -12.21749210357666]]
[970509, 14, 0, [3.2287139892578125, -1.3873682022094727]]
[970509, 21, 1, [10.326562881469727, -6.47833776473999]]
[970509, 8, 1, [12.37665843963623, -9.05172061920166]]
[972959, 'popsize', 5, 'queuesize', 0]
[973259, 22, 0, [4.15676736831665, -4.947886943817139]]
[973259, 16, 0, [0.14670613408088684, -12.217918395996094]]
[973259, 14, 0, [3.2911226749420166, -1.1818455457687378]]
[973259, 21, 1, [10.330513954162598, -6.512124538421631]]
[973259, 8, 1, [12.37666130065918, -9.05312728881836]]
[975359, 'popsize', 5, 'queuesize', 0]
[975659, 22, 0, [4.1067795753479, -4.941934585571289]]
[975659, 16, 0, [0.147576242685318, -12.218304634094238]]
[975659, 14, 0, [3.3321006298065186, -1.0759587287902832]]
[975659, 21, 1, [10.30491828918457, -6.504296779632568]]
[975659, 8, 1, [12.3766508102417, -9.055152893066406]]
[977759, 'popsize', 5, 'queuesize', 0]
[978059, 22, 0, [4.174257278442383, -4.964910507202148]]
[978059, 16, 0, [0.14848820865154266, -12.218700408935547]]
[978059, 14, 0, [3.457667589187622, -0.9492363929748535]]
[978059, 21, 1, [10.313943862915039, -6.498852252960205]]
[978059, 8, 1, [12.376659393310547, -9.056310653686523]]
[980209, 'popsize', 5, 'queuesize', 0]
[980559, 22, 0, [4.179227352142334, -4.914901256561279]]
[980559, 16, 0, [0.14939014613628387, -12.219168663024902]]
[980559, 14, 0, [3.5815587043762207, -0.8073773980140686]]
[980559, 21, 1, [10.33712387084961, -6.505812168121338]]
[980559, 8, 1, [12.376659393310547, -9.057178497314453]]
[983009, 'popsize', 5, 'queuesize', 0]
[983359, 22, 0, [4.0615668296813965, -4.710900783538818]]
[983359, 16, 0, [0.1505608856678009, -12.219746589660645]]
[983359, 14, 0, [3.7146122455596924, -0.6289029717445374]]
[983359, 21, 1, [10.322441101074219, -6.513084411621094]]
[983359, 8, 1, [12.37665843963623, -9.058034896850586]]
[986359, 'popsize', 5, 'queuesize', 0]
[986859, 22, 0, [3.9331202507019043, -4.45668888092041]]
[986859, 16, 0, [0.15182457864284515, -12.220431327819824]]
[986859, 14, 0, [3.850501775741577, -0.39765506982803345]]
[986859, 21, 1, [10.29227066040039, -6.499224662780762]]
[986859, 8, 1, [12.37665843963623, -9.059383392333984]]
[990259, 'popsize', 5, 'queuesize', 0]
[990859, 22, 0, [3.806544542312622, -4.155481815338135]]
[990859, 16, 0, [0.15339906513690948, -12.221211433410645]]
[990859, 14, 0, [3.9560933113098145, -0.28728240728378296]]
[990859, 21, 1, [10.328390121459961, -6.514230728149414]]
[990859, 8, 1, [12.376654624938965, -9.060821533203125]]
[994559, 'popsize', 5, 'queuesize', 0]
[995160, 22, 0, [3.6930625438690186, -3.8111400604248047]]
[995160, 16, 0, [0.15495075285434723, -12.222078323364258]]
[995160, 14, 0, [4.290419578552246, -0.3166196644306183]]
[995160, 21, 1, [10.28811264038086, -6.51132345199585]]
[995160, 8, 1, [12.37665843963623, -9.06309986114502]]
[998560, 'popsize', 5, 'queuesize', 0]
[999060, 22, 0, [3.6103811264038086, -3.4858036041259766]]
[999060, 16, 0, [0.15646269917488098, -12.222944259643555]]
[999060, 14, 0, [4.590651512145996, -0.3066515028476715]]
[999060, 21, 1, [10.305974006652832, -6.510193824768066]]
[999060, 8, 1, [12.376659393310547, -9.064385414123535]]
[1002560, 'popsize', 5, 'queuesize', 0]
[1003160, 22, 0, [3.5741920471191406, -3.3661270141601562]]
[1003160, 16, 0, [0.15814118087291718, -12.223888397216797]]
[1003160, 14, 0, [4.917616367340088, -0.2574165463447571]]
[1003160, 21, 1, [10.311029434204102, -6.547673225402832]]
[1003160, 8, 1, [12.376660346984863, -9.065597534179688]]
[1006710, 'popsize', 5, 'queuesize', 0]
[1007310, 22, 0, [3.584800958633423, -3.426105260848999]]
[1007310, 16, 0, [0.1597302258014679, -12.224817276000977]]
[1007310, 14, 0, [5.23768949508667, -0.17421658337116241]]
[1007310, 21, 1, [10.311278343200684, -6.536581516265869]]
[1007310, 8, 1, [12.376656532287598, -9.067100524902344]]
[1010960, 'popsize', 5, 'queuesize', 0]
[1011510, 22, 0, [3.539003849029541, -3.38877272605896]]
[1011510, 16, 0, [0.16116124391555786, -12.225726127624512]]
[1011510, 14, 0, [5.490044593811035, -0.10293075442314148]]
[1011510, 21, 1, [10.335498809814453, -6.565297603607178]]
[1011510, 8, 1, [12.376659393310547, -9.06889820098877]]
[1014960, 'popsize', 5, 'queuesize', 0]
[1015560, 22, 0, [3.6004130840301514, -3.3936779499053955]]
[1015560, 16, 0, [0.16281850636005402, -12.226710319519043]]
[1015560, 14, 0, [5.534832000732422, -0.12907829880714417]]
[1015560, 21, 1, [10.301924705505371, -6.545915603637695]]
[1015560, 8, 1, [12.376659393310547, -9.070201873779297]]
[1018960, 'popsize', 5, 'queuesize', 0]
[1019560, 22, 0, [3.5460896492004395, -3.416102647781372]]
[1019560, 16, 0, [0.16405300796031952, -12.22746467590332]]
[1019560, 14, 0, [5.707113265991211, -0.1676853448152542]]
[1019560, 21, 1, [10.342119216918945, -6.546059608459473]]
[1019560, 8, 1, [12.376659393310547, -9.07176685333252]]
[1022960, 'popsize', 5, 'queuesize', 0]
[1023560, 22, 0, [3.5653300285339355, -3.288158893585205]]
[1023560, 16, 0, [0.16525068879127502, -12.228275299072266]]
[1023560, 14, 0, [5.819859981536865, -0.19690871238708496]]
[1023560, 21, 1, [10.334073066711426, -6.552279949188232]]
[1023560, 8, 1, [12.376657485961914, -9.072919845581055]]
[1027060, 'popsize', 5, 'queuesize', 0]
[1027660, 22, 0, [3.5069851875305176, -3.2869162559509277]]
[1027660, 16, 0, [0.16653801500797272, -12.229155540466309]]
[1027660, 14, 0, [5.978325843811035, -0.24659937620162964]]
[1027660, 21, 1, [10.33531665802002, -6.541065216064453]]
[1027660, 8, 1, [12.376655578613281, -9.073792457580566]]
[1031060, 'popsize', 5, 'queuesize', 0]
[1031560, 22, 0, [3.6210134029388428, -3.0804061889648438]]
[1031560, 16, 0, [0.16787758469581604, -12.23007583618164]]
[1031560, 14, 0, [6.118725299835205, -0.30575791001319885]]
[1031560, 21, 1, [10.362812042236328, -6.562438011169434]]
[1031560, 8, 1, [12.376659393310547, -9.075421333312988]]
[1034660, 'popsize', 5, 'queuesize', 0]
[1035210, 22, 0, [3.7574591636657715, -2.810415267944336]]
[1035210, 16, 0, [0.16908808052539825, -12.230902671813965]]
[1035210, 14, 0, [6.247761249542236, -0.3808174133300781]]
[1035210, 21, 1, [10.352980613708496, -6.564693450927734]]
[1035210, 8, 1, [12.376659393310547, -9.076632499694824]]
[1038460, 'popsize', 5, 'queuesize', 0]
[1038960, 22, 0, [3.921867847442627, -2.5358099937438965]]
[1038960, 16, 0, [0.17035938799381256, -12.231831550598145]]
[1038960, 14, 0, [6.3543572425842285, -0.45481717586517334]]
[1038960, 21, 1, [10.359848976135254, -6.555173873901367]]
[1038960, 8, 1, [12.376657485961914, -9.077844619750977]]
[1042160, 'popsize', 5, 'queuesize', 0]
[1042760, 22, 0, [4.10226583480835, -2.2788004875183105]]
[1042760, 16, 0, [0.17181973159313202, -12.232986450195312]]
[1042760, 14, 0, [6.454251289367676, -0.5333199501037598]]
[1042760, 21, 1, [10.363893508911133, -6.5641865730285645]]
[1042760, 8, 1, [12.376659393310547, -9.07956600189209]]
[1046060, 'popsize', 5, 'queuesize', 0]
[1046410, 22, 0, [4.304325103759766, -2.0251872539520264]]
[1046410, 16, 0, [0.17312315106391907, -12.233912467956543]]
[1046410, 14, 0, [6.546070098876953, -0.609988808631897]]
[1046410, 21, 1, [10.355266571044922, -6.564197063446045]]
[1046410, 8, 1, [12.376656532287598, -9.082378387451172]]
[1049710, 'popsize', 5, 'queuesize', 0]
[1050210, 22, 0, [4.512266635894775, -1.8013101816177368]]
[1050210, 16, 0, [0.1746995896100998, -12.235156059265137]]
[1050210, 14, 0, [6.630417823791504, -0.6879715919494629]]
[1050210, 21, 1, [10.363297462463379, -6.55475378036499]]
[1050210, 8, 1, [12.376656532287598, -9.083185195922852]]
[1053260, 'popsize', 5, 'queuesize', 0]
[1053810, 22, 0, [4.734910011291504, -1.5959044694900513]]
[1053810, 16, 0, [0.17584197223186493, -12.236047744750977]]
[1053810, 14, 0, [6.714083194732666, -0.7873878479003906]]
[1053810, 21, 1, [10.387092590332031, -6.576985836029053]]
[1053810, 8, 1, [12.37665843963623, -9.083978652954102]]
[1056710, 'popsize', 5, 'queuesize', 0]
[1057110, 22, 0, [4.956686019897461, -1.417290449142456]]
[1057110, 16, 0, [0.1769288331270218, -12.236913681030273]]
[1057110, 14, 0, [6.765429496765137, -0.8566505908966064]]
[1057110, 21, 1, [10.372553825378418, -6.57622766494751]]
[1057110, 8, 1, [12.376653671264648, -9.0851469039917]]
[1060160, 'popsize', 5, 'queuesize', 0]
[1060610, 22, 0, [5.196153163909912, -1.2461191415786743]]
[1060610, 16, 0, [0.17824532091617584, -12.238054275512695]]
[1060610, 14, 0, [6.789488315582275, -0.8783948421478271]]
[1060610, 21, 1, [10.376399040222168, -6.5656890869140625]]
[1060610, 8, 1, [12.376659393310547, -9.086625099182129]]
[1063410, 'popsize', 5, 'queuesize', 0]
[1063960, 22, 0, [5.427510738372803, -1.1014233827590942]]
[1063960, 16, 0, [0.17951850593090057, -12.239151954650879]]
[1063960, 14, 0, [6.812684535980225, -0.8994012475013733]]
[1063960, 21, 1, [10.395929336547852, -6.5728044509887695]]
[1063960, 8, 1, [12.37666130065918, -9.089086532592773]]
[1066560, 'popsize', 5, 'queuesize', 0]
[1067010, 22, 0, [5.661712646484375, -0.9749575257301331]]
[1067010, 16, 0, [0.18046268820762634, -12.239891052246094]]
[1067010, 14, 0, [6.834494590759277, -0.9200382828712463]]
[1067010, 21, 1, [10.390334129333496, -6.577184677124023]]
[1067010, 8, 1, [12.376659393310547, -9.091828346252441]]
[1069910, 'popsize', 5, 'queuesize', 0]
[1070360, 22, 0, [5.9138007164001465, -0.8583183884620667]]
[1070360, 16, 0, [0.18150462210178375, -12.240872383117676]]
[1070360, 14, 0, [6.854556083679199, -0.9406067132949829]]
[1070360, 21, 1, [10.386519432067871, -6.568162441253662]]
[1070360, 8, 1, [12.37665843963623, -9.093151092529297]]
[1073110, 'popsize', 5, 'queuesize', 0]
[1073510, 22, 0, [6.16637659072876, -0.758562445640564]]
[1073510, 16, 0, [0.1826288253068924, -12.24189567565918]]
[1073510, 14, 0, [6.876110076904297, -0.962884247303009]]
[1073510, 21, 1, [10.4242525100708, -6.573477268218994]]
[1073510, 8, 1, [12.37665843963623, -9.094345092773438]]
[1076410, 'popsize', 5, 'queuesize', 0]
[1076860, 22, 0, [6.273367881774902, -0.726718008518219]]
[1076860, 16, 0, [0.18395179510116577, -12.243098258972168]]
[1076860, 14, 0, [6.896447658538818, -0.9868301153182983]]
[1076860, 21, 1, [10.424360275268555, -6.608882904052734]]
[1076860, 8, 1, [12.376659393310547, -9.096364974975586]]
[1079660, 'popsize', 5, 'queuesize', 0]
[1080060, 22, 0, [6.222046852111816, -0.6926401257514954]]
[1080060, 16, 0, [0.18514737486839294, -12.24389934539795]]
[1080060, 14, 0, [6.919137477874756, -1.0149732828140259]]
[1080060, 21, 1, [10.42203426361084, -6.598443031311035]]
[1080060, 8, 1, [12.376659393310547, -9.098454475402832]]
[1082910, 'popsize', 5, 'queuesize', 0]
[1083360, 22, 0, [6.4147844314575195, -0.7041063904762268]]
[1083360, 16, 0, [0.18578046560287476, -12.244332313537598]]
[1083360, 14, 0, [6.939856052398682, -1.0356625318527222]]
[1083360, 21, 1, [10.473997116088867, -6.608701705932617]]
[1083360, 8, 1, [12.376657485961914, -9.101286888122559]]
[1086260, 'popsize', 5, 'queuesize', 0]
[1086760, 22, 0, [6.598668098449707, -0.7162466645240784]]
[1086760, 16, 0, [0.1862294226884842, -12.24459171295166]]
[1086760, 14, 0, [6.946225166320801, -1.0717926025390625]]
[1086760, 21, 1, [10.464044570922852, -6.639977931976318]]
[1086760, 8, 1, [12.376656532287598, -9.103643417358398]]
[1089510, 'popsize', 5, 'queuesize', 0]
[1090010, 22, 0, [6.627157211303711, -0.6577246785163879]]
[1090010, 16, 0, [0.18618495762348175, -12.244709968566895]]
[1090010, 14, 0, [6.941279411315918, -1.102494478225708]]
[1090010, 21, 1, [10.466315269470215, -6.62680721282959]]
[1090010, 8, 1, [12.37665843963623, -9.104485511779785]]
[1093110, 'popsize', 5, 'queuesize', 0]
[1093661, 22, 0, [6.6795244216918945, -0.6773743033409119]]
[1093661, 16, 0, [0.18624849617481232, -12.244660377502441]]
[1093661, 14, 0, [6.935639381408691, -1.1310043334960938]]
[1093661, 21, 1, [10.492852210998535, -6.638852119445801]]
[1093661, 8, 1, [12.376659393310547, -9.105497360229492]]
[1096361, 'popsize', 5, 'queuesize', 0]
[1096710, 22, 0, [6.795668125152588, -0.6853451728820801]]
[1096710, 16, 0, [0.18620336055755615, -12.24470329284668]]
[1096710, 14, 0, [6.9292402267456055, -1.1565994024276733]]
[1096710, 21, 1, [10.482345581054688, -6.64528226852417]]
[1096710, 8, 1, [12.37665843963623, -9.106657028198242]]
[1099411, 'popsize', 5, 'queuesize', 0]
[1099911, 22, 0, [6.778880596160889, -0.62934410572052]]
[1099911, 16, 0, [0.1862725019454956, -12.244681358337402]]
[1099911, 14, 0, [6.921487808227539, -1.1861659288406372]]
[1099911, 21, 1, [10.481800079345703, -6.635014057159424]]
[1099911, 8, 1, [12.376657485961914, -9.107712745666504]]
[1102811, 'popsize', 5, 'queuesize', 0]
[1103261, 22, 0, [6.838982105255127, -0.7091373205184937]]
[1103261, 16, 0, [0.1862175613641739, -12.244672775268555]]
[1103261, 14, 0, [6.910768508911133, -1.2239100933074951]]
[1103261, 21, 1, [10.502262115478516, -6.638879776000977]]
[1103261, 8, 1, [12.37665843963623, -9.108781814575195]]
[1105861, 'popsize', 5, 'queuesize', 0]
[1106161, 22, 0, [6.895698547363281, -0.6923710107803345]]
[1106161, 16, 0, [0.18637891113758087, -12.244771003723145]]
[1106161, 14, 0, [6.907735347747803, -1.2483489513397217]]
[1106161, 21, 1, [10.517922401428223, -6.670471668243408]]
[1106161, 8, 1, [12.37665843963623, -9.109654426574707]]
[1108561, 'popsize', 5, 'queuesize', 0]
[1109011, 22, 0, [6.873393535614014, -0.7303106188774109]]
[1109011, 16, 0, [0.1862865686416626, -12.244614601135254]]
[1109011, 14, 0, [6.88786506652832, -1.2658697366714478]]
[1109011, 21, 1, [10.512068748474121, -6.664498805999756]]
[1109011, 8, 1, [12.37665843963623, -9.110430717468262]]
[1111261, 'popsize', 5, 'queuesize', 0]
