[time, indiv, gender, coords]
[16250, 'popsize', 20, 'queuesize', 0]
[18350, 6, 0, [0.2306710034608841, -8.65774154663086]]
[18350, 18, 0, [2.7591347694396973, -3.6799371242523193]]
[18350, 3, 0, [1.2719194889068604, -1.2222049236297607]]
[18350, 2, 0, [0.32497459650039673, -11.159671783447266]]
[18350, 23, 0, [6.205068111419678, -3.7950053215026855]]
[18350, 22, 0, [4.626825332641602, -6.150960445404053]]
[18350, 5, 0, [8.69534683227539, -11.284937858581543]]
[18350, 9, 0, [7.07206392288208, -11.158268928527832]]
[18350, 11, 0, [5.452820777893066, -1.1890099048614502]]
[18350, 21, 0, [6.997792720794678, -8.689080238342285]]
[18350, 4, 1, [10.78504467010498, -3.7684874534606934]]
[18350, 12, 1, [10.92348861694336, -8.831128120422363]]
[18350, 14, 1, [1.5702286958694458, -4.347445964813232]]
[18350, 15, 1, [8.708793640136719, -1.2004542350769043]]
[18350, 1, 1, [12.154231071472168, -11.164015769958496]]
[18350, 17, 1, [3.6887924671173096, -8.712151527404785]]
[18350, 13, 1, [4.394298076629639, -11.252179145812988]]
[18350, 24, 1, [6.19591760635376, -6.2732768058776855]]
[18350, 10, 1, [1.9814388751983643, -6.126394748687744]]
[18350, 19, 1, [8.724325180053711, -3.755721092224121]]
[32450, 'popsize', 20, 'queuesize', 0]
[34550, 6, 0, [0.12333391606807709, -8.62730598449707]]
[34550, 18, 0, [3.5346975326538086, -3.7534265518188477]]
[34550, 3, 0, [1.288857340812683, -1.2593252658843994]]
[34550, 2, 0, [0.1233413890004158, -11.101481437683105]]
[34550, 23, 0, [6.577080249786377, -3.815101146697998]]
[34550, 22, 0, [5.885225772857666, -5.676046848297119]]
[34550, 5, 0, [8.756488800048828, -11.253303527832031]]
[34550, 9, 0, [8.322373390197754, -10.718074798583984]]
[34550, 11, 0, [4.157215595245361, -0.7950826287269592]]
[34550, 21, 0, [8.076608657836914, -8.372642517089844]]
[34550, 4, 1, [10.15926742553711, -4.643860340118408]]
[34550, 12, 1, [10.57124137878418, -10.054243087768555]]
[34550, 14, 1, [2.1545114517211914, -5.551518440246582]]
[34550, 15, 1, [8.586718559265137, -1.1880474090576172]]
[34550, 1, 1, [12.371439933776855, -11.16169261932373]]
[34550, 17, 1, [4.277587890625, -8.584033012390137]]
[34550, 13, 1, [4.337190628051758, -11.42544937133789]]
[34550, 24, 1, [5.9842424392700195, -6.371704578399658]]
[34550, 10, 1, [3.0654685497283936, -5.377468109130859]]
[34550, 19, 1, [8.73928165435791, -3.6928603649139404]]
[48500, 'popsize', 20, 'queuesize', 0]
[50550, 6, 0, [0.12333253026008606, -8.62244701385498]]
[50550, 18, 0, [4.85407829284668, -3.569979667663574]]
[50550, 3, 0, [1.2987892627716064, -1.3042818307876587]]
[50550, 2, 0, [0.12333491444587708, -11.096027374267578]]
[50550, 23, 0, [6.977904796600342, -3.8691017627716064]]
[50550, 22, 0, [6.941537857055664, -4.863769054412842]]
[50550, 5, 0, [8.694209098815918, -11.27627182006836]]
[50550, 9, 0, [9.391605377197266, -9.935420989990234]]
[50550, 11, 0, [3.120532751083374, -0.13945689797401428]]
[50550, 21, 0, [7.384648323059082, -8.127605438232422]]
[50550, 4, 1, [9.48656940460205, -5.727433204650879]]
[50550, 12, 1, [10.650470733642578, -11.37924575805664]]
[50550, 14, 1, [2.9368813037872314, -6.0927629470825195]]
[50550, 15, 1, [8.500469207763672, -1.280380129814148]]
[50550, 1, 1, [12.375306129455566, -11.196697235107422]]
[50550, 17, 1, [4.220725059509277, -8.558541297912598]]
[50550, 13, 1, [4.288710594177246, -11.414545059204102]]
[50550, 24, 1, [5.5746917724609375, -6.560970783233643]]
[50550, 10, 1, [3.824605703353882, -4.309070110321045]]
[50550, 19, 1, [8.728121757507324, -3.757194995880127]]
[64200, 'popsize', 20, 'queuesize', 0]
[66200, 6, 0, [0.12333103269338608, -8.611239433288574]]
[66200, 18, 0, [4.074392318725586, -3.74750018119812]]
[66200, 3, 0, [1.2943936586380005, -1.3125154972076416]]
[66200, 2, 0, [0.12333475798368454, -11.088152885437012]]
[66200, 23, 0, [7.373701095581055, -3.9173073768615723]]
[66200, 22, 0, [7.69353723526001, -3.8044958114624023]]
[66200, 5, 0, [8.760655403137207, -11.26379108428955]]
[66200, 9, 0, [10.192837715148926, -8.906932830810547]]
[66200, 11, 0, [3.11781644821167, -0.12364715337753296]]
[66200, 21, 0, [6.112695693969727, -7.950381755828857]]
[66200, 4, 1, [8.732379913330078, -6.8095831871032715]]
[66200, 12, 1, [10.98888111114502, -12.383230209350586]]
[66200, 14, 1, [3.1374855041503906, -5.892405986785889]]
[66200, 15, 1, [8.530346870422363, -1.2240862846374512]]
[66200, 1, 1, [12.376383781433105, -11.178482055664062]]
[66200, 17, 1, [4.281085968017578, -8.567193984985352]]
[66200, 13, 1, [3.899627923965454, -12.137676239013672]]
[66200, 24, 1, [5.509780406951904, -6.559800624847412]]
[66200, 10, 1, [4.219101905822754, -3.069638729095459]]
[66200, 19, 1, [8.709219932556152, -3.7059171199798584]]
[80100, 'popsize', 20, 'queuesize', 0]
[82150, 6, 0, [0.12333185225725174, -8.60546588897705]]
[82150, 18, 0, [4.793463706970215, -3.5787315368652344]]
[82150, 3, 0, [1.2716337442398071, -1.2259445190429688]]
[82150, 2, 0, [0.1233363226056099, -11.0816650390625]]
[82150, 23, 0, [8.35278034210205, -3.6599955558776855]]
[82150, 22, 0, [7.978335857391357, -2.844602108001709]]
[82150, 5, 0, [8.316442489624023, -11.143180847167969]]
[82150, 9, 0, [10.594104766845703, -7.99775505065918]]
[82150, 11, 0, [3.1032276153564453, -0.12364131212234497]]
[82150, 21, 0, [4.84569787979126, -8.186174392700195]]
[82150, 4, 1, [7.700380325317383, -7.656663417816162]]
[82150, 12, 1, [11.206214904785156, -12.393961906433105]]
[82150, 14, 1, [2.993048667907715, -6.0101728439331055]]
[82150, 15, 1, [8.440529823303223, -1.1365717649459839]]
[82150, 1, 1, [12.37634563446045, -11.161028861999512]]
[82150, 17, 1, [4.210634708404541, -8.575433731079102]]
[82150, 13, 1, [3.598787307739258, -12.16645622253418]]
[82150, 24, 1, [5.042067050933838, -6.390238285064697]]
[82150, 10, 1, [4.2762064933776855, -1.7479122877120972]]
[82150, 19, 1, [8.73931884765625, -3.7591018676757812]]
[96200, 'popsize', 20, 'queuesize', 0]
[98250, 6, 0, [0.12333232909440994, -8.594660758972168]]
[98250, 18, 0, [4.929483413696289, -3.532200813293457]]
[98250, 3, 0, [1.310933232307434, -1.2278850078582764]]
[98250, 2, 0, [0.1233329325914383, -11.074710845947266]]
[98250, 23, 0, [8.857985496520996, -2.9573779106140137]]
[98250, 22, 0, [8.822023391723633, -2.5682666301727295]]
[98250, 5, 0, [8.59121036529541, -11.042566299438477]]
[98250, 9, 0, [10.747969627380371, -8.198482513427734]]
[98250, 11, 0, [3.0872254371643066, -0.12365078926086426]]
[98250, 21, 0, [4.021078109741211, -8.792130470275879]]
[98250, 4, 1, [6.460306644439697, -8.182055473327637]]
[98250, 12, 1, [11.424448013305664, -12.39398193359375]]
[98250, 14, 1, [3.255657434463501, -5.774022102355957]]
[98250, 15, 1, [8.314085960388184, -1.1603212356567383]]
[98250, 1, 1, [12.376376152038574, -11.145519256591797]]
[98250, 17, 1, [3.898491144180298, -8.70509147644043]]
[98250, 13, 1, [3.807978630065918, -12.364989280700684]]
[98250, 24, 1, [5.260493755340576, -6.47098445892334]]
[98250, 10, 1, [3.9373555183410645, -0.46907711029052734]]
[98250, 19, 1, [8.698216438293457, -3.705193281173706]]
[113201, 'popsize', 21, 'queuesize', 0]
[115401, 6, 0, [0.12333229184150696, -8.585524559020996]]
[115401, 18, 0, [4.118071556091309, -3.7825779914855957]]
[115401, 3, 0, [1.307556390762329, -1.2743362188339233]]
[115401, 2, 0, [0.12333311140537262, -11.067970275878906]]
[115401, 23, 0, [10.060150146484375, -2.1981985569000244]]
[115401, 22, 0, [8.850695610046387, -2.5896167755126953]]
[115401, 5, 0, [9.064043045043945, -10.885063171386719]]
[115401, 9, 0, [11.412670135498047, -9.013206481933594]]
[115401, 11, 0, [3.0717008113861084, -0.12364481389522552]]
[115401, 21, 0, [3.496363639831543, -10.09303092956543]]
[115401, 4, 1, [5.043911457061768, -8.310905456542969]]
[115401, 12, 1, [11.657017707824707, -12.394007682800293]]
[115401, 14, 1, [3.1309924125671387, -4.853490829467773]]
[115401, 15, 1, [8.28380012512207, -1.107613205909729]]
[115401, 1, 1, [12.376383781433105, -11.125547409057617]]
[115401, 17, 1, [3.843493700027466, -8.7872953414917]]
[115401, 13, 1, [4.107374668121338, -12.394007682800293]]
[115401, 24, 1, [5.699589252471924, -6.645952224731445]]
[115401, 10, 1, [3.610476016998291, -0.1056775227189064]]
[115401, 19, 1, [8.712331771850586, -3.7662086486816406]]
[115401, 8, 1, [12.013741493225098, -6.187384128570557]]
[129501, 'popsize', 21, 'queuesize', 0]
[131701, 6, 0, [0.12333504110574722, -8.57658576965332]]
[131701, 18, 0, [3.8722448348999023, -3.828522205352783]]
[131701, 3, 0, [1.3256778717041016, -1.1720831394195557]]
[131701, 2, 0, [0.12333033233880997, -11.059915542602539]]
[131701, 23, 0, [11.389900207519531, -1.8595532178878784]]
[131701, 22, 0, [7.610387325286865, -3.097442865371704]]
[131701, 5, 0, [8.757394790649414, -11.418127059936523]]
[131701, 9, 0, [10.706406593322754, -8.998884201049805]]
[131701, 11, 0, [3.0554704666137695, -0.1236671581864357]]
[131701, 21, 0, [3.3855650424957275, -11.440468788146973]]
[131701, 4, 1, [3.7116153240203857, -8.0330810546875]]
[131701, 12, 1, [11.877511024475098, -12.393937110900879]]
[131701, 14, 1, [3.099262237548828, -5.2150559425354]]
[131701, 15, 1, [8.27344799041748, -1.2560230493545532]]
[131701, 1, 1, [12.376372337341309, -11.110204696655273]]
[131701, 17, 1, [3.7747576236724854, -8.650679588317871]]
[131701, 13, 1, [4.328156471252441, -12.393972396850586]]
[131701, 24, 1, [5.5139875411987305, -6.822946071624756]]
[131701, 10, 1, [3.3874199390411377, -0.10601233690977097]]
[131701, 19, 1, [8.73027515411377, -3.7029013633728027]]
[131701, 8, 1, [12.39197063446045, -6.010469913482666]]
[145801, 'popsize', 21, 'queuesize', 0]
[147351, 6, 0, [0.12333329021930695, -8.571248054504395]]
[147351, 18, 0, [4.631834983825684, -3.6878128051757812]]
[147351, 3, 0, [1.3327149152755737, -1.22197425365448]]
[147351, 2, 0, [0.12333639711141586, -11.050339698791504]]
[147351, 23, 0, [12.376655578613281, -1.856452465057373]]
[147351, 22, 0, [6.586355686187744, -3.935878038406372]]
[147351, 5, 0, [8.766990661621094, -11.352607727050781]]
[147351, 9, 0, [9.611481666564941, -8.72288703918457]]
[147351, 11, 0, [3.037307024002075, -0.12363127619028091]]
[147351, 21, 0, [3.575334072113037, -12.381854057312012]]
[147351, 4, 1, [3.1302459239959717, -7.518584251403809]]
[147351, 12, 1, [12.097406387329102, -12.394421577453613]]
[147351, 14, 1, [3.2399044036865234, -5.487318992614746]]
[147351, 15, 1, [8.3145170211792, -1.1886382102966309]]
[147351, 1, 1, [12.376374244689941, -11.096363067626953]]
[147351, 17, 1, [3.827327251434326, -8.685805320739746]]
[147351, 13, 1, [4.546897888183594, -12.394174575805664]]
[147351, 24, 1, [5.21919584274292, -7.13919734954834]]
[147351, 10, 1, [3.1949408054351807, -0.10561132431030273]]
[147351, 19, 1, [8.713976860046387, -3.7695422172546387]]
[147351, 8, 1, [12.393950462341309, -5.786905288696289]]
[156501, 'popsize', 22, 'queuesize', 0]
[158201, 6, 0, [0.12333409488201141, -8.568061828613281]]
[158201, 18, 0, [4.831870079040527, -3.6236090660095215]]
[158201, 3, 0, [1.3573368787765503, -1.2551155090332031]]
[158201, 2, 0, [0.12333307415246964, -11.04719066619873]]
[158201, 23, 0, [12.376662254333496, -1.8597036600112915]]
[158201, 22, 0, [6.1071929931640625, -4.597717761993408]]
[158201, 5, 0, [8.785035133361816, -11.413622856140137]]
[158201, 9, 0, [8.801199913024902, -8.569705963134766]]
[158201, 11, 0, [3.013981819152832, -0.12362795323133469]]
[158201, 21, 0, [3.7128186225891113, -12.394274711608887]]
[158201, 20, 0, [8.24223518371582, -6.224210262298584]]
[158201, 4, 1, [2.641577959060669, -6.764425277709961]]
[158201, 12, 1, [12.248815536499023, -12.394118309020996]]
[158201, 14, 1, [3.0748863220214844, -5.235787391662598]]
[158201, 15, 1, [8.209334373474121, -1.1586480140686035]]
[158201, 1, 1, [12.376379013061523, -11.0862455368042]]
[158201, 17, 1, [3.730583667755127, -8.573965072631836]]
[158201, 13, 1, [4.690784454345703, -12.394281387329102]]
[158201, 24, 1, [5.202775955200195, -7.192354202270508]]
[158201, 10, 1, [3.171614408493042, -0.10548929870128632]]
[158201, 19, 1, [8.746508598327637, -3.723649501800537]]
[158201, 8, 1, [12.393977165222168, -5.641274452209473]]
[173601, 'popsize', 22, 'queuesize', 0]
[175901, 6, 0, [0.12333480268716812, -8.55811882019043]]
[175901, 18, 0, [4.488911151885986, -3.7326560020446777]]
[175901, 3, 0, [1.3540781736373901, -1.21614670753479]]
[175901, 2, 0, [0.12333555519580841, -11.036639213562012]]
[175901, 23, 0, [12.376659393310547, -1.8705880641937256]]
[175901, 22, 0, [6.545229911804199, -4.923792362213135]]
[175901, 5, 0, [8.737332344055176, -11.408597946166992]]
[175901, 9, 0, [7.459075450897217, -8.332293510437012]]
[175901, 11, 0, [2.9734368324279785, -0.12362585961818695]]
[175901, 21, 0, [3.951251745223999, -12.393925666809082]]
[175901, 20, 0, [6.960262775421143, -5.8795270919799805]]
[175901, 4, 1, [2.181169271469116, -5.410415172576904]]
[175901, 12, 1, [12.388958930969238, -12.393938064575195]]
[175901, 14, 1, [2.9266550540924072, -5.013006210327148]]
[175901, 15, 1, [8.217146873474121, -1.2895965576171875]]
[175901, 1, 1, [12.376373291015625, -11.067930221557617]]
[175901, 17, 1, [3.7438364028930664, -8.517051696777344]]
[175901, 13, 1, [4.772237300872803, -12.281771659851074]]
[175901, 24, 1, [5.170860767364502, -7.165958404541016]]
[175901, 10, 1, [3.130866289138794, -0.10551250725984573]]
[175901, 19, 1, [8.703554153442383, -3.7022154331207275]]
[175901, 8, 1, [12.394543647766113, -5.3961100578308105]]
[191451, 'popsize', 22, 'queuesize', 0]
[193751, 6, 0, [0.12333336472511292, -8.548690795898438]]
[193751, 18, 0, [3.568528175354004, -3.8453876972198486]]
[193751, 3, 0, [1.3777600526809692, -1.3054277896881104]]
[193751, 2, 0, [0.12333212047815323, -11.029839515686035]]
[193751, 23, 0, [12.376662254333496, -1.882164716720581]]
[193751, 22, 0, [8.003183364868164, -4.726154327392578]]
[193751, 5, 0, [8.740832328796387, -11.370570182800293]]
[193751, 9, 0, [6.036413669586182, -8.402917861938477]]
[193751, 11, 0, [2.9338741302490234, -0.12363331764936447]]
[193751, 21, 0, [4.191556453704834, -12.394022941589355]]
[193751, 20, 0, [7.398857116699219, -6.066042900085449]]
[193751, 4, 1, [2.2132344245910645, -3.9219701290130615]]
[193751, 12, 1, [12.388936996459961, -12.39394760131836]]
[193751, 14, 1, [3.9027509689331055, -4.359531402587891]]
[193751, 15, 1, [8.156159400939941, -1.2353838682174683]]
[193751, 1, 1, [12.376372337341309, -11.053204536437988]]
[193751, 17, 1, [3.721778154373169, -8.499852180480957]]
[193751, 13, 1, [6.0282883644104, -12.117785453796387]]
[193751, 24, 1, [5.188357830047607, -7.133392810821533]]
[193751, 10, 1, [3.0910484790802, -0.10573679953813553]]
[193751, 19, 1, [8.689070701599121, -3.737896203994751]]
[193751, 8, 1, [12.394145011901855, -5.142199993133545]]
[209102, 'popsize', 22, 'queuesize', 0]
[211402, 6, 0, [0.12333399802446365, -8.540560722351074]]
[211402, 18, 0, [3.1521170139312744, -3.8379077911376953]]
[211402, 3, 0, [1.4600205421447754, -1.2576358318328857]]
[211402, 2, 0, [0.12333328276872635, -11.017383575439453]]
[211402, 23, 0, [12.37665843963623, -1.8915146589279175]]
[211402, 22, 0, [9.300392150878906, -4.084959506988525]]
[211402, 5, 0, [8.78464126586914, -11.37556266784668]]
[211402, 9, 0, [5.635636806488037, -8.744894981384277]]
[211402, 11, 0, [2.894911289215088, -0.12361688911914825]]
[211402, 21, 0, [4.42712926864624, -12.394498825073242]]
[211402, 20, 0, [6.917088031768799, -5.842038154602051]]
[211402, 4, 1, [2.7253201007843018, -2.5356862545013428]]
[211402, 12, 1, [12.38892936706543, -12.393939971923828]]
[211402, 14, 1, [4.660754203796387, -3.1536645889282227]]
[211402, 15, 1, [8.179903984069824, -1.3551143407821655]]
[211402, 1, 1, [12.376376152038574, -11.037504196166992]]
[211402, 17, 1, [3.7039954662323, -8.54166316986084]]
[211402, 13, 1, [7.330173492431641, -11.4678373336792]]
[211402, 24, 1, [4.883260250091553, -7.237805366516113]]
[211402, 10, 1, [3.051971197128296, -0.10603723675012589]]
[211402, 19, 1, [8.72794246673584, -3.757669448852539]]
[211402, 8, 1, [12.39444637298584, -4.900527477264404]]
[226652, 'popsize', 22, 'queuesize', 0]
[228952, 6, 0, [0.12333270907402039, -8.533842086791992]]
[228952, 18, 0, [4.59028434753418, -3.711141347885132]]
[228952, 3, 0, [1.4182837009429932, -1.1846420764923096]]
[228952, 2, 0, [0.12333285808563232, -11.01101303100586]]
[228952, 23, 0, [12.376654624938965, -1.8983997106552124]]
[228952, 22, 0, [10.327646255493164, -3.0679874420166016]]
[228952, 5, 0, [8.792991638183594, -11.425933837890625]]
[228952, 9, 0, [6.1546311378479, -10.07421588897705]]
[228952, 11, 0, [2.8559730052948, -0.12362485378980637]]
[228952, 21, 0, [4.668814659118652, -12.396366119384766]]
[228952, 20, 0, [7.901378631591797, -4.778908729553223]]
[228952, 4, 1, [3.312222719192505, -1.2329624891281128]]
[228952, 12, 1, [12.388915061950684, -12.393950462341309]]
[228952, 14, 1, [4.742354393005371, -3.0055177211761475]]
[228952, 15, 1, [8.164164543151855, -1.2881779670715332]]
[228952, 1, 1, [12.37637996673584, -11.0167236328125]]
[228952, 17, 1, [3.767678737640381, -8.540362358093262]]
[228952, 13, 1, [8.357748985290527, -10.45992660522461]]
[228952, 24, 1, [4.413852691650391, -7.36140251159668]]
[228952, 10, 1, [3.012993574142456, -0.1059449091553688]]
[228952, 19, 1, [8.74220085144043, -3.6982262134552]]
[228952, 8, 1, [12.394747734069824, -4.6486592292785645]]
[244452, 'popsize', 22, 'queuesize', 0]
[246752, 6, 0, [0.12333086878061295, -8.52798843383789]]
[246752, 18, 0, [5.924538612365723, -3.097277879714966]]
[246752, 3, 0, [1.429808259010315, -1.173519253730774]]
[246752, 2, 0, [0.12333051860332489, -11.003873825073242]]
[246752, 23, 0, [12.37666130065918, -1.9043872356414795]]
[246752, 22, 0, [11.01429557800293, -1.7670040130615234]]
[246752, 5, 0, [8.747122764587402, -11.418802261352539]]
[246752, 9, 0, [6.653191566467285, -10.248265266418457]]
[246752, 11, 0, [2.8151302337646484, -0.12363901734352112]]
[246752, 21, 0, [4.790092945098877, -12.334359169006348]]
[246752, 20, 0, [8.918439865112305, -4.219135761260986]]
[246752, 4, 1, [3.409104108810425, -0.970344066619873]]
[246752, 12, 1, [12.388910293579102, -12.393939971923828]]
[246752, 14, 1, [5.099733352661133, -2.1683754920959473]]
[246752, 15, 1, [8.123122215270996, -1.3963183164596558]]
[246752, 1, 1, [12.376379013061523, -11.000910758972168]]
[246752, 17, 1, [3.74768328666687, -8.499679565429688]]
[246752, 13, 1, [8.547497749328613, -9.849077224731445]]
[246752, 24, 1, [4.434873580932617, -7.388983726501465]]
[246752, 10, 1, [2.972515344619751, -0.10582637041807175]]
[246752, 19, 1, [8.70102310180664, -3.691035032272339]]
[246752, 8, 1, [12.395390510559082, -4.373464584350586]]
[261552, 'popsize', 22, 'queuesize', 0]
[263802, 6, 0, [0.12333177030086517, -8.518396377563477]]
[263802, 18, 0, [6.214542865753174, -2.9290785789489746]]
[263802, 3, 0, [1.4633482694625854, -1.173311471939087]]
[263802, 2, 0, [0.12333503365516663, -10.99336051940918]]
[263802, 23, 0, [12.376660346984863, -1.9124677181243896]]
[263802, 22, 0, [11.442822456359863, -1.0916013717651367]]
[263802, 5, 0, [8.762090682983398, -11.365923881530762]]
[263802, 9, 0, [7.445679664611816, -9.129324913024902]]
[263802, 11, 0, [2.775461435317993, -0.1236252412199974]]
[263802, 21, 0, [4.44999885559082, -12.391294479370117]]
[263802, 20, 0, [8.308673858642578, -4.653624534606934]]
[263802, 4, 1, [2.6073575019836426, -0.2059885561466217]]
[263802, 12, 1, [12.388897895812988, -12.393939018249512]]
[263802, 14, 1, [4.598933219909668, -2.6594364643096924]]
[263802, 15, 1, [8.019170761108398, -1.4402128458023071]]
[263802, 1, 1, [12.376376152038574, -10.984273910522461]]
[263802, 17, 1, [3.7050797939300537, -8.533086776733398]]
[263802, 13, 1, [8.010772705078125, -8.996865272521973]]
[263802, 24, 1, [4.967095851898193, -7.334828853607178]]
[263802, 10, 1, [2.933039903640747, -0.10571520775556564]]
[263802, 19, 1, [8.688629150390625, -3.755798101425171]]
[263802, 8, 1, [12.395960807800293, -4.08760929107666]]
[279652, 'popsize', 23, 'queuesize', 0]
[282002, 6, 0, [0.1233363077044487, -8.506263732910156]]
[282002, 18, 0, [6.427506446838379, -2.7142937183380127]]
[282002, 3, 0, [1.4563992023468018, -1.2143105268478394]]
[282002, 2, 0, [0.1233372762799263, -10.986420631408691]]
[282002, 23, 0, [12.376652717590332, -1.924311637878418]]
[282002, 22, 0, [11.786811828613281, -1.033468246459961]]
[282002, 5, 0, [8.79463005065918, -11.372102737426758]]
[282002, 9, 0, [7.851443767547607, -7.694362163543701]]
[282002, 11, 0, [2.734832525253296, -0.12363680452108383]]
[282002, 21, 0, [4.320384502410889, -12.272924423217773]]
[282002, 20, 0, [7.0102739334106445, -5.405888080596924]]
[282002, 7, 0, [3.634902238845825, -1.1070746183395386]]
[282002, 4, 1, [2.5252866744995117, -0.18726974725723267]]
[282002, 12, 1, [12.38888168334961, -12.393946647644043]]
[282002, 14, 1, [3.5332937240600586, -3.6749839782714844]]
[282002, 15, 1, [8.127717971801758, -1.3888747692108154]]
[282002, 1, 1, [12.376374244689941, -10.96506404876709]]
[282002, 17, 1, [3.713712215423584, -8.55777359008789]]
[282002, 13, 1, [8.762394905090332, -9.610390663146973]]
[282002, 24, 1, [4.983348846435547, -7.298614025115967]]
[282002, 10, 1, [2.8926122188568115, -0.10542979836463928]]
[282002, 19, 1, [8.717825889587402, -3.7554328441619873]]
[282002, 8, 1, [12.396888732910156, -3.7554516792297363]]
[292052, 'popsize', 23, 'queuesize', 0]
[293352, 6, 0, [0.12333183735609055, -8.502453804016113]]
[293352, 18, 0, [6.356653213500977, -2.8280680179595947]]
[293352, 3, 0, [1.482480525970459, -1.2055689096450806]]
[293352, 2, 0, [0.12333324551582336, -10.981301307678223]]
[293352, 23, 0, [12.376660346984863, -1.9296993017196655]]
[293352, 22, 0, [12.24280071258545, -0.9379544854164124]]
[293352, 5, 0, [8.926936149597168, -11.302785873413086]]
[293352, 9, 0, [7.803777694702148, -6.743387222290039]]
[293352, 11, 0, [2.7086620330810547, -0.1236211284995079]]
[293352, 21, 0, [4.207411289215088, -12.252827644348145]]
[293352, 20, 0, [6.994594097137451, -5.4114837646484375]]
[293352, 7, 0, [3.0831782817840576, -0.3247280418872833]]
[293352, 4, 1, [2.657069206237793, -0.8882455229759216]]
[293352, 12, 1, [12.388874053955078, -12.393949508666992]]
[293352, 14, 1, [3.436678171157837, -4.0683135986328125]]
[293352, 15, 1, [8.104995727539062, -1.4529032707214355]]
[293352, 1, 1, [12.37637996673584, -10.953292846679688]]
[293352, 17, 1, [3.743082046508789, -8.560455322265625]]
[293352, 13, 1, [8.623764038085938, -9.51095199584961]]
[293352, 24, 1, [5.014449596405029, -7.300822734832764]]
[293352, 10, 1, [2.866436243057251, -0.10541218519210815]]
[293352, 19, 1, [8.721379280090332, -3.7124524116516113]]
[293352, 8, 1, [12.398165702819824, -3.5181756019592285]]
[308453, 'popsize', 23, 'queuesize', 0]
[310853, 6, 0, [0.1233336478471756, -8.49169635772705]]
[310853, 18, 0, [7.254250526428223, -1.7678133249282837]]
[310853, 3, 0, [1.4530444145202637, -1.1543787717819214]]
[310853, 2, 0, [0.12333539873361588, -10.974474906921387]]
[310853, 23, 0, [12.376664161682129, -1.9383292198181152]]
[310853, 22, 0, [12.054670333862305, -0.419991135597229]]
[310853, 5, 0, [9.239429473876953, -11.141715049743652]]
[310853, 9, 0, [7.301737308502197, -5.426614284515381]]
[310853, 11, 0, [2.6561479568481445, -0.12361399829387665]]
[310853, 21, 0, [3.743133306503296, -12.03579330444336]]
[310853, 20, 0, [6.7220845222473145, -5.532181262969971]]
[310853, 7, 0, [3.011924982070923, -0.1497116982936859]]
[310853, 4, 1, [2.8839163780212402, -2.21496319770813]]
[310853, 12, 1, [12.388880729675293, -12.39393424987793]]
[310853, 14, 1, [3.6633334159851074, -4.128228664398193]]
[310853, 15, 1, [8.064146041870117, -1.417392373085022]]
[310853, 1, 1, [12.376381874084473, -10.93718147277832]]
[310853, 17, 1, [3.738933801651001, -8.50015926361084]]
[310853, 13, 1, [8.524765014648438, -9.444384574890137]]
[310853, 24, 1, [5.008713722229004, -7.357560157775879]]
[310853, 10, 1, [2.8166680335998535, -0.1012207418680191]]
[310853, 19, 1, [8.674423217773438, -3.7118513584136963]]
[310853, 8, 1, [12.400552749633789, -3.0661468505859375]]
[327753, 'popsize', 24, 'queuesize', 0]
[330203, 6, 0, [0.12333528697490692, -8.481782913208008]]
[330203, 18, 0, [8.5967435836792, -0.9370570778846741]]
[330203, 3, 0, [1.4464625120162964, -1.2241986989974976]]
[330203, 2, 0, [0.12332885712385178, -10.966835975646973]]
[330203, 23, 0, [12.376662254333496, -1.949663758277893]]
[330203, 22, 0, [11.935097694396973, -0.11701478064060211]]
[330203, 5, 0, [9.24147891998291, -11.133689880371094]]
[330203, 9, 0, [6.982574462890625, -5.0130462646484375]]
[330203, 11, 0, [2.5963311195373535, -0.1236264705657959]]
[330203, 21, 0, [3.7215254306793213, -12.123245239257812]]
[330203, 20, 0, [6.015781879425049, -5.459218502044678]]
[330203, 7, 0, [2.9657933712005615, -0.19436730444431305]]
[330203, 4, 1, [3.1582887172698975, -3.484132766723633]]
[330203, 12, 1, [12.281269073486328, -12.384696960449219]]
[330203, 14, 1, [3.406841516494751, -3.488448143005371]]
[330203, 15, 1, [8.03562068939209, -1.317177653312683]]
[330203, 1, 1, [12.376379013061523, -10.916903495788574]]
[330203, 17, 1, [3.73400616645813, -8.501886367797852]]
[330203, 13, 1, [8.123233795166016, -9.01533031463623]]
[330203, 24, 1, [5.014649391174316, -7.349794864654541]]
[330203, 10, 1, [2.7596426010131836, -0.09603027999401093]]
[330203, 19, 1, [8.673161506652832, -3.705832004547119]]
[330203, 8, 1, [12.404897689819336, -2.3912770748138428]]
[330203, 16, 1, [9.624493598937988, -8.68737506866455]]
[346453, 'popsize', 24, 'queuesize', 0]
[348953, 6, 0, [0.12333591282367706, -8.471597671508789]]
[348953, 18, 0, [10.126815795898438, -0.6557809710502625]]
[348953, 3, 0, [1.5129764080047607, -1.2606391906738281]]
[348953, 2, 0, [0.12333215028047562, -10.95543384552002]]
[348953, 23, 0, [12.37665843963623, -1.927597165107727]]
[348953, 22, 0, [11.68106460571289, -0.1060454398393631]]
[348953, 5, 0, [9.245285034179688, -11.12348461151123]]
[348953, 9, 0, [6.063900470733643, -4.7663493156433105]]
[348953, 11, 0, [2.5449540615081787, -0.1236167699098587]]
[348953, 21, 0, [3.702237367630005, -12.375144958496094]]
[348953, 20, 0, [6.014465808868408, -5.282588481903076]]
[348953, 7, 0, [3.17824649810791, -1.0128929615020752]]
[348953, 4, 1, [3.2487998008728027, -3.60805344581604]]
[348953, 12, 1, [12.212015151977539, -12.389469146728516]]
[348953, 14, 1, [3.4085288047790527, -3.689704179763794]]
[348953, 15, 1, [8.030271530151367, -1.3178614377975464]]
[348953, 1, 1, [12.376375198364258, -10.896116256713867]]
[348953, 17, 1, [3.717829465866089, -8.50905704498291]]
[348953, 13, 1, [8.270170211791992, -8.055878639221191]]
[348953, 24, 1, [5.010984897613525, -7.351466655731201]]
[348953, 10, 1, [2.7077205181121826, -0.09679298102855682]]
[348953, 19, 1, [8.669666290283203, -3.725971221923828]]
[348953, 8, 1, [12.404850959777832, -2.112342119216919]]
[348953, 16, 1, [10.27841854095459, -8.660078048706055]]
[366003, 'popsize', 25, 'queuesize', 0]
[368603, 6, 0, [0.12333618849515915, -8.460356712341309]]
[368603, 18, 0, [10.554491996765137, -0.6583482623100281]]
[368603, 3, 0, [1.5309033393859863, -1.1750448942184448]]
[368603, 2, 0, [0.12333360314369202, -10.946749687194824]]
[368603, 23, 0, [12.376644134521484, -1.8728880882263184]]
[368603, 22, 0, [11.414509773254395, -0.10605230182409286]]
[368603, 5, 0, [9.240643501281738, -11.123863220214844]]
[368603, 9, 0, [4.582422733306885, -4.447693824768066]]
[368603, 11, 0, [2.490497350692749, -0.12363506108522415]]
[368603, 21, 0, [3.587337017059326, -12.392066955566406]]
[368603, 20, 0, [6.587084770202637, -5.676148414611816]]
[368603, 7, 0, [3.1299850940704346, -2.4550387859344482]]
[368603, 0, 0, [11.377732276916504, -0.5314714908599854]]
[368603, 4, 1, [3.184309244155884, -3.6335184574127197]]
[368603, 12, 1, [12.002388000488281, -12.392122268676758]]
[368603, 14, 1, [4.641141891479492, -4.110431671142578]]
[368603, 15, 1, [8.04107666015625, -1.3265331983566284]]
[368603, 1, 1, [12.376374244689941, -10.87218952178955]]
[368603, 17, 1, [3.7250006198883057, -8.505814552307129]]
[368603, 13, 1, [7.925520896911621, -6.468942165374756]]
[368603, 24, 1, [5.012630939483643, -7.345240592956543]]
[368603, 10, 1, [2.6536149978637695, -0.09688585251569748]]
[368603, 19, 1, [8.666971206665039, -3.7248172760009766]]
[368603, 8, 1, [12.404863357543945, -2.0577049255371094]]
[368603, 16, 1, [10.071701049804688, -8.490499496459961]]
[386003, 'popsize', 25, 'queuesize', 0]
[388603, 6, 0, [0.12333306670188904, -8.449795722961426]]
[388603, 18, 0, [11.590060234069824, -0.7933399081230164]]
[388603, 3, 0, [1.518684983253479, -1.197012186050415]]
[388603, 2, 0, [0.1233336329460144, -10.936342239379883]]
[388603, 23, 0, [12.376656532287598, -1.8167756795883179]]
[388603, 22, 0, [11.143869400024414, -0.10607431828975677]]
[388603, 5, 0, [9.251553535461426, -11.144466400146484]]
[388603, 9, 0, [2.9757955074310303, -4.626194000244141]]
[388603, 11, 0, [2.430593967437744, -0.12362027913331985]]
[388603, 21, 0, [3.7081258296966553, -12.394755363464355]]
[388603, 20, 0, [6.72784948348999, -5.94216251373291]]
[388603, 7, 0, [3.7696356773376465, -2.7292704582214355]]
[388603, 0, 0, [12.078325271606445, -0.5460776090621948]]
[388603, 4, 1, [2.39858341217041, -4.717474937438965]]
[388603, 12, 1, [11.784541130065918, -12.392024040222168]]
[388603, 14, 1, [4.792354106903076, -3.583740234375]]
[388603, 15, 1, [8.012788772583008, -1.3263003826141357]]
[388603, 1, 1, [12.376382827758789, -10.85296630859375]]
[388603, 17, 1, [3.7507851123809814, -8.511455535888672]]
[388603, 13, 1, [7.308645725250244, -5.465581893920898]]
[388603, 24, 1, [5.02847957611084, -7.33030366897583]]
[388603, 10, 1, [2.5940144062042236, -0.09608885645866394]]
[388603, 19, 1, [8.667448997497559, -3.6967060565948486]]
[388603, 8, 1, [12.404865264892578, -2.0013234615325928]]
[388603, 16, 1, [8.878357887268066, -7.460979461669922]]
[405454, 'popsize', 25, 'queuesize', 0]
[408004, 6, 0, [0.12333131581544876, -8.443997383117676]]
[408004, 18, 0, [11.86060905456543, -0.8274993300437927]]
[408004, 3, 0, [1.5183900594711304, -1.2119100093841553]]
[408004, 2, 0, [0.12333052605390549, -10.925955772399902]]
[408004, 23, 0, [12.376666069030762, -1.761979341506958]]
[408004, 22, 0, [10.881555557250977, -0.10607513040304184]]
[408004, 5, 0, [9.928619384765625, -10.907035827636719]]
[408004, 9, 0, [1.9827280044555664, -5.146484851837158]]
[408004, 11, 0, [2.376552104949951, -0.12362212687730789]]
[408004, 21, 0, [3.980900764465332, -12.39393424987793]]
[408004, 20, 0, [7.181389808654785, -6.651115894317627]]
[408004, 7, 0, [4.133920669555664, -2.144660472869873]]
[408004, 0, 0, [12.058117866516113, -0.5291580557823181]]
[408004, 4, 1, [1.1095280647277832, -5.712532043457031]]
[408004, 12, 1, [11.569255828857422, -12.392048835754395]]
[408004, 14, 1, [4.925553798675537, -3.893281936645508]]
[408004, 15, 1, [8.019142150878906, -1.320329189300537]]
[408004, 1, 1, [12.376376152038574, -10.831985473632812]]
[408004, 17, 1, [3.755103826522827, -8.513172149658203]]
[408004, 13, 1, [7.289783954620361, -5.3731279373168945]]
[408004, 24, 1, [5.029666900634766, -7.329672813415527]]
[408004, 10, 1, [2.5399723052978516, -0.0957239493727684]]
[408004, 19, 1, [8.661687850952148, -3.690068006515503]]
[408004, 8, 1, [12.404863357543945, -1.9467172622680664]]
[408004, 16, 1, [8.100947380065918, -6.557822227478027]]
[423654, 'popsize', 25, 'queuesize', 0]
[424954, 6, 0, [0.12332437932491302, -8.437472343444824]]
[424954, 18, 0, [11.039631843566895, -0.6937214136123657]]
[424954, 3, 0, [1.5838956832885742, -1.1853407621383667]]
[424954, 2, 0, [0.12334150820970535, -10.913698196411133]]
[424954, 23, 0, [12.376652717590332, -1.7106996774673462]]
[424954, 22, 0, [10.641813278198242, -0.10601720958948135]]
[424954, 5, 0, [9.972674369812012, -10.929022789001465]]
[424954, 9, 0, [2.5500218868255615, -5.600663661956787]]
[424954, 11, 0, [2.325852632522583, -0.12361883372068405]]
[424954, 21, 0, [4.213143348693848, -12.393922805786133]]
[424954, 20, 0, [7.137402534484863, -6.625648498535156]]
[424954, 7, 0, [4.130655288696289, -2.0843026638031006]]
[424954, 0, 0, [11.962665557861328, -0.5467135310173035]]
[424954, 4, 1, [0.8292794227600098, -5.868174076080322]]
[424954, 12, 1, [11.370720863342285, -12.392058372497559]]
[424954, 14, 1, [5.315985202789307, -3.166032314300537]]
[424954, 15, 1, [7.967749118804932, -1.798972725868225]]
[424954, 1, 1, [12.376378059387207, -10.815162658691406]]
[424954, 17, 1, [3.6277005672454834, -8.318639755249023]]
[424954, 13, 1, [7.010244846343994, -6.1790547370910645]]
[424954, 24, 1, [4.99271821975708, -7.359015941619873]]
[424954, 10, 1, [2.4895823001861572, -0.09601335227489471]]
[424954, 19, 1, [8.680856704711914, -3.736525535583496]]
[424954, 8, 1, [12.404825210571289, -1.8969486951828003]]
[424954, 16, 1, [7.942079067230225, -6.542142868041992]]
[437054, 'popsize', 25, 'queuesize', 0]
[439654, 6, 0, [0.12333033233880997, -8.428730964660645]]
[439654, 18, 0, [10.773736000061035, -0.668692409992218]]
[439654, 3, 0, [1.592488169670105, -1.128724217414856]]
[439654, 2, 0, [0.12333352863788605, -10.908371925354004]]
[439654, 23, 0, [12.376646041870117, -1.671501636505127]]
[439654, 22, 0, [10.45112419128418, -0.1060698926448822]]
[439654, 5, 0, [9.943558692932129, -10.907750129699707]]
[439654, 9, 0, [3.2212653160095215, -6.2880473136901855]]
[439654, 11, 0, [2.2848150730133057, -0.12362821400165558]]
[439654, 21, 0, [4.346554756164551, -12.356019973754883]]
[439654, 20, 0, [5.9931206703186035, -6.208298206329346]]
[439654, 7, 0, [4.14196252822876, -1.61551833152771]]
[439654, 0, 0, [11.630202293395996, -0.44085705280303955]]
[439654, 4, 1, [1.7362112998962402, -6.068497180938721]]
[439654, 12, 1, [11.220840454101562, -12.392120361328125]]
[439654, 14, 1, [5.840991973876953, -3.0752458572387695]]
[439654, 15, 1, [7.987957000732422, -1.7749837636947632]]
[439654, 1, 1, [12.376381874084473, -10.801783561706543]]
[439654, 17, 1, [3.5121803283691406, -8.010172843933105]]
[439654, 13, 1, [6.961825847625732, -5.530162334442139]]
[439654, 24, 1, [5.026166915893555, -7.33534574508667]]
[439654, 10, 1, [2.4485318660736084, -0.09559491276741028]]
[439654, 19, 1, [8.644885063171387, -3.705641508102417]]
[439654, 8, 1, [12.404854774475098, -1.8563379049301147]]
[439654, 16, 1, [6.784702301025391, -6.644119739532471]]
[457354, 'popsize', 25, 'queuesize', 0]
[459954, 6, 0, [0.12332981079816818, -8.419015884399414]]
[459954, 18, 0, [10.583510398864746, -0.6504381895065308]]
[459954, 3, 0, [1.5811957120895386, -1.15157151222229]]
[459954, 2, 0, [0.12333698570728302, -10.898184776306152]]
[459954, 23, 0, [12.376641273498535, -1.6150493621826172]]
[459954, 22, 0, [10.176380157470703, -0.10603279620409012]]
[459954, 5, 0, [9.913958549499512, -10.924422264099121]]
[459954, 9, 0, [3.516552209854126, -6.637799263000488]]
[459954, 11, 0, [2.228299140930176, -0.1236359030008316]]
[459954, 21, 0, [4.270840644836426, -12.348703384399414]]
[459954, 20, 0, [5.558381080627441, -5.779726982116699]]
[459954, 7, 0, [4.166791915893555, -1.6203701496124268]]
[459954, 0, 0, [11.570124626159668, -1.1352461576461792]]
[459954, 4, 1, [3.1988093852996826, -6.934902191162109]]
[459954, 12, 1, [10.996588706970215, -12.392051696777344]]
[459954, 14, 1, [6.315464019775391, -3.19944429397583]]
[459954, 15, 1, [8.017463684082031, -1.775465726852417]]
[459954, 1, 1, [12.376373291015625, -10.7796049118042]]
[459954, 17, 1, [3.503553628921509, -8.012332916259766]]
[459954, 13, 1, [6.777513027191162, -4.562921524047852]]
[459954, 24, 1, [5.018222808837891, -7.296202182769775]]
[459954, 10, 1, [2.392040252685547, -0.0957186296582222]]
[459954, 19, 1, [8.651813507080078, -3.6748204231262207]]
[459954, 8, 1, [12.404840469360352, -1.800100326538086]]
[459954, 16, 1, [5.292331695556641, -7.351834774017334]]
[477654, 'popsize', 25, 'queuesize', 0]
[480254, 6, 0, [0.12332995980978012, -8.408889770507812]]
[480254, 18, 0, [11.665708541870117, -0.6929065585136414]]
[480254, 3, 0, [1.5989593267440796, -1.172005295753479]]
[480254, 2, 0, [0.12334013730287552, -10.885042190551758]]
[480254, 23, 0, [12.376816749572754, -1.558550477027893]]
[480254, 22, 0, [9.901930809020996, -0.106024831533432]]
[480254, 5, 0, [9.903565406799316, -10.961731910705566]]
[480254, 9, 0, [3.6042351722717285, -7.647068977355957]]
[480254, 11, 0, [2.1700778007507324, -0.1236182302236557]]
[480254, 21, 0, [4.133229732513428, -12.377197265625]]
[480254, 20, 0, [5.589663028717041, -4.969122409820557]]
[480254, 7, 0, [4.101692199707031, -0.895780622959137]]
[480254, 0, 0, [12.32901382446289, -0.9453611969947815]]
[480254, 4, 1, [2.77935528755188, -7.305991172790527]]
[480254, 12, 1, [10.770756721496582, -12.39202880859375]]
[480254, 14, 1, [5.690994739532471, -3.8694088459014893]]
[480254, 15, 1, [8.309518814086914, -2.4091057777404785]]
[480254, 1, 1, [12.376376152038574, -10.76050090789795]]
[480254, 17, 1, [3.634185791015625, -8.027608871459961]]
[480254, 13, 1, [7.741179943084717, -4.9972920417785645]]
[480254, 24, 1, [4.558497905731201, -7.247347831726074]]
[480254, 10, 1, [2.333364486694336, -0.09592851251363754]]
[480254, 19, 1, [8.69003677368164, -3.665043592453003]]
[480254, 8, 1, [12.404823303222656, -1.7429535388946533]]
[480254, 16, 1, [4.673259258270264, -7.536522388458252]]
[497154, 'popsize', 25, 'queuesize', 0]
[499705, 6, 0, [0.12334005534648895, -8.398285865783691]]
[499705, 18, 0, [11.803738594055176, -0.8230713605880737]]
[499705, 3, 0, [1.600347638130188, -1.1704269647598267]]
[499705, 2, 0, [0.12333295494318008, -10.877029418945312]]
[499705, 23, 0, [12.376660346984863, -1.5029864311218262]]
[499705, 22, 0, [9.638035774230957, -0.10602353513240814]]
[499705, 5, 0, [9.902510643005371, -10.966981887817383]]
[499705, 9, 0, [3.483546257019043, -7.923801898956299]]
[499705, 11, 0, [2.1143250465393066, -0.1236192137002945]]
[499705, 21, 0, [4.022772789001465, -12.372565269470215]]
[499705, 20, 0, [4.806207656860352, -4.207431316375732]]
[499705, 7, 0, [4.111780166625977, -0.7006556987762451]]
[499705, 0, 0, [12.221691131591797, -0.9861858487129211]]
[499705, 4, 1, [1.7881659269332886, -7.3861589431762695]]
[499705, 12, 1, [10.55585765838623, -12.39205265045166]]
[499705, 14, 1, [5.378342151641846, -4.251494407653809]]
[499705, 15, 1, [8.328821182250977, -2.4026622772216797]]
[499705, 1, 1, [12.376375198364258, -10.742055892944336]]
[499705, 17, 1, [3.5979762077331543, -7.999379634857178]]
[499705, 13, 1, [8.28821849822998, -5.083125114440918]]
[499705, 24, 1, [3.992403030395508, -7.163498401641846]]
[499705, 10, 1, [2.277521848678589, -0.09616322815418243]]
[499705, 19, 1, [8.698625564575195, -3.6821494102478027]]
[499705, 8, 1, [12.404869079589844, -1.6879976987838745]]
[499705, 16, 1, [4.334589958190918, -6.992709636688232]]
[516205, 'popsize', 25, 'queuesize', 1]
[518755, 6, 0, [0.12333352118730545, -8.392301559448242]]
[518755, 18, 0, [11.617499351501465, -0.8311418294906616]]
[518755, 3, 0, [1.6464920043945312, -1.1413233280181885]]
[518755, 2, 0, [0.1233343780040741, -10.866607666015625]]
[518755, 23, 0, [12.376657485961914, -1.4499176740646362]]
[518755, 22, 0, [9.377974510192871, -0.10602226853370667]]
[518755, 5, 0, [9.901289939880371, -10.95805835723877]]
[518755, 9, 0, [3.471297025680542, -7.892360210418701]]
[518755, 11, 0, [2.059293746948242, -0.12363091856241226]]
[518755, 21, 0, [3.9815826416015625, -12.37939453125]]
[518755, 20, 0, [5.015441417694092, -4.350398063659668]]
[518755, 7, 0, [4.112864971160889, -0.12487676739692688]]
[518755, 0, 0, [12.156706809997559, -0.9878072738647461]]
[518755, 4, 1, [1.941725492477417, -8.638283729553223]]
[518755, 12, 1, [10.34677505493164, -12.39205265045166]]
[518755, 14, 1, [6.322816848754883, -3.444286346435547]]
[518755, 15, 1, [8.316929817199707, -2.4096598625183105]]
[518755, 1, 1, [12.376375198364258, -10.722738265991211]]
[518755, 17, 1, [3.5302960872650146, -8.005017280578613]]
[518755, 13, 1, [9.278876304626465, -5.175353050231934]]
[518755, 24, 1, [3.9886112213134766, -7.158242702484131]]
[518755, 10, 1, [2.222769021987915, -0.09608428925275803]]
[518755, 19, 1, [8.679121017456055, -3.6939966678619385]]
[518755, 8, 1, [12.404864311218262, -1.6345415115356445]]
[518755, 16, 1, [4.30444860458374, -6.725030899047852]]
[535205, 'popsize', 25, 'queuesize', 1]
[537805, 6, 0, [0.12333033233880997, -8.38270378112793]]
[537805, 18, 0, [11.460693359375, -0.867581307888031]]
[537805, 3, 0, [1.6364624500274658, -1.1264643669128418]]
[537805, 2, 0, [0.12333939969539642, -10.858829498291016]]
[537805, 23, 0, [12.376666069030762, -1.395650029182434]]
[537805, 22, 0, [9.12092399597168, -0.105995774269104]]
[537805, 5, 0, [9.899563789367676, -10.944984436035156]]
[537805, 9, 0, [3.461538314819336, -7.795673847198486]]
[537805, 11, 0, [2.0045132637023926, -0.12363984435796738]]
[537805, 21, 0, [3.9748458862304688, -12.378390312194824]]
[537805, 20, 0, [5.257690906524658, -4.516134262084961]]
[537805, 7, 0, [4.103077411651611, -0.14503751695156097]]
[537805, 0, 0, [12.024493217468262, -1.1071118116378784]]
[537805, 4, 1, [1.361250877380371, -8.753059387207031]]
[537805, 12, 1, [10.137838363647461, -12.392024993896484]]
[537805, 14, 1, [6.88887882232666, -2.5981481075286865]]
[537805, 15, 1, [8.315378189086914, -2.416323661804199]]
[537805, 1, 1, [12.376344680786133, -10.703325271606445]]
[537805, 17, 1, [3.4572417736053467, -7.961948871612549]]
[537805, 13, 1, [9.757205963134766, -5.398138523101807]]
[537805, 24, 1, [3.031329393386841, -6.771730899810791]]
[537805, 10, 1, [2.1677095890045166, -0.09646051377058029]]
[537805, 19, 1, [8.66870403289795, -3.698312282562256]]
[537805, 8, 1, [12.404852867126465, -1.5803601741790771]]
[537805, 16, 1, [3.9220569133758545, -5.225650310516357]]
[555005, 'popsize', 25, 'queuesize', 1]
[557505, 6, 0, [0.12333467602729797, -8.3685302734375]]
[557505, 18, 0, [11.140742301940918, -0.9549441337585449]]
[557505, 3, 0, [1.649319052696228, -1.1375958919525146]]
[557505, 2, 0, [0.1233334019780159, -10.850408554077148]]
[557505, 23, 0, [12.376646041870117, -1.3418363332748413]]
[557505, 22, 0, [8.853004455566406, -0.10600287467241287]]
[557505, 5, 0, [9.903013229370117, -10.956742286682129]]
[557505, 9, 0, [2.737407684326172, -8.333778381347656]]
[557505, 11, 0, [1.9506717920303345, -0.12361165136098862]]
[557505, 21, 0, [3.737665891647339, -12.3576021194458]]
[557505, 20, 0, [6.161187648773193, -5.270867824554443]]
[557505, 7, 0, [4.112555027008057, -0.14022521674633026]]
[557505, 0, 0, [11.276301383972168, -1.1838968992233276]]
[557505, 4, 1, [0.46208885312080383, -8.325246810913086]]
[557505, 12, 1, [9.917553901672363, -12.392043113708496]]
[557505, 14, 1, [6.216521739959717, -3.310901641845703]]
[557505, 15, 1, [8.332036972045898, -2.408684730529785]]
[557505, 1, 1, [12.376375198364258, -10.680841445922852]]
[557505, 17, 1, [3.2487833499908447, -7.8208794593811035]]
[557505, 13, 1, [9.799345016479492, -6.442810535430908]]
[557505, 24, 1, [1.850416660308838, -6.535254001617432]]
[557505, 10, 1, [2.1137185096740723, -0.09683266282081604]]
[557505, 19, 1, [8.667821884155273, -3.6935343742370605]]
[557505, 8, 1, [12.404556274414062, -1.526769995689392]]
[557505, 16, 1, [3.126328229904175, -4.114493370056152]]
[568255, 'popsize', 25, 'queuesize', 1]
[570305, 6, 0, [0.12333003431558609, -8.362442970275879]]
[570305, 18, 0, [10.671852111816406, -1.105128288269043]]
[570305, 3, 0, [1.65862238407135, -1.1513341665267944]]
[570305, 2, 0, [0.12333633005619049, -10.841268539428711]]
[570305, 23, 0, [12.376662254333496, -1.3055673837661743]]
[570305, 22, 0, [8.677876472473145, -0.10601963847875595]]
[570305, 5, 0, [9.741395950317383, -11.092933654785156]]
[570305, 9, 0, [1.9478676319122314, -9.020293235778809]]
[570305, 11, 0, [1.9127659797668457, -0.12364166975021362]]
[570305, 21, 0, [3.8966948986053467, -12.40324878692627]]
[570305, 20, 0, [6.2371673583984375, -5.344857692718506]]
[570305, 7, 0, [4.519461154937744, -0.5382525324821472]]
[570305, 0, 0, [11.273338317871094, -1.193811297416687]]
[570305, 4, 1, [0.14046794176101685, -8.889881134033203]]
[570305, 12, 1, [9.772260665893555, -12.39211368560791]]
[570305, 14, 1, [5.422346115112305, -4.026505470275879]]
[570305, 15, 1, [8.295289993286133, -2.410792827606201]]
[570305, 1, 1, [12.376376152038574, -10.666730880737305]]
[570305, 17, 1, [3.255596876144409, -7.818539619445801]]
[570305, 13, 1, [9.840787887573242, -6.433277606964111]]
[570305, 24, 1, [2.476970911026001, -6.770267009735107]]
[570305, 10, 1, [2.0762369632720947, -0.09639765322208405]]
[570305, 19, 1, [8.67424488067627, -3.6981139183044434]]
[570305, 8, 1, [12.404839515686035, -1.4909123182296753]]
[570305, 16, 1, [3.1200225353240967, -4.117846488952637]]
[587805, 'popsize', 25, 'queuesize', 1]
[590405, 6, 0, [0.12333114445209503, -8.351234436035156]]
[590405, 18, 0, [10.528368949890137, -1.1554170846939087]]
[590405, 3, 0, [1.5984104871749878, -1.1287426948547363]]
[590405, 2, 0, [0.12333115935325623, -10.832406997680664]]
[590405, 23, 0, [12.37665843963623, -1.2510112524032593]]
[590405, 22, 0, [8.406832695007324, -0.10599751025438309]]
[590405, 5, 0, [9.321172714233398, -11.33548355102539]]
[590405, 9, 0, [1.4240634441375732, -9.116609573364258]]
[590405, 11, 0, [1.856218934059143, -0.12363886833190918]]
[590405, 21, 0, [4.512998580932617, -12.37905216217041]]
[590405, 20, 0, [6.072174549102783, -5.170044422149658]]
[590405, 7, 0, [5.060440540313721, -0.9207408428192139]]
[590405, 0, 0, [11.990080833435059, -1.036463737487793]]
[590405, 4, 1, [0.14433352649211884, -8.896628379821777]]
[590405, 12, 1, [9.555152893066406, -12.392091751098633]]
[590405, 14, 1, [4.70681619644165, -5.421308994293213]]
[590405, 15, 1, [8.284457206726074, -2.4891905784606934]]
[590405, 1, 1, [12.376376152038574, -10.65195083618164]]
[590405, 17, 1, [3.2862820625305176, -7.8605875968933105]]
[590405, 13, 1, [9.227682113647461, -6.158870220184326]]
[590405, 24, 1, [3.6607847213745117, -6.864019870758057]]
[590405, 10, 1, [2.0196404457092285, -0.09585276991128922]]
[590405, 19, 1, [8.68446159362793, -3.713405132293701]]
[590405, 8, 1, [12.404784202575684, -1.435703158378601]]
[590405, 16, 1, [3.1252732276916504, -4.148427963256836]]
[608056, 'popsize', 25, 'queuesize', 1]
[610656, 6, 0, [0.1233319491147995, -8.344741821289062]]
[610656, 18, 0, [11.539776802062988, -0.8216868042945862]]
[610656, 3, 0, [1.6166692972183228, -1.1342817544937134]]
[610656, 2, 0, [0.12333188951015472, -10.821046829223633]]
[610656, 23, 0, [12.376687049865723, -1.198195219039917]]
[610656, 22, 0, [8.133270263671875, -0.10601599514484406]]
[610656, 5, 0, [9.295429229736328, -11.358941078186035]]
[610656, 9, 0, [0.4741480350494385, -7.877099514007568]]
[610656, 11, 0, [1.7979230880737305, -0.12361624836921692]]
[610656, 21, 0, [4.452421188354492, -12.368999481201172]]
[610656, 20, 0, [6.275669097900391, -5.350901126861572]]
[610656, 7, 0, [4.761160373687744, -1.4171926975250244]]
[610656, 0, 0, [12.18579387664795, -1.1920398473739624]]
[610656, 4, 1, [0.1655595600605011, -8.81809139251709]]
[610656, 12, 1, [9.332772254943848, -12.392019271850586]]
[610656, 14, 1, [4.5882720947265625, -5.899856090545654]]
[610656, 15, 1, [8.310216903686523, -2.396907329559326]]
[610656, 1, 1, [12.376375198364258, -10.63148021697998]]
[610656, 17, 1, [3.1558477878570557, -7.814741134643555]]
[610656, 13, 1, [8.801788330078125, -7.197922706604004]]
[610656, 24, 1, [3.692986488342285, -6.86349630355835]]
[610656, 10, 1, [1.9614533185958862, -0.09547531604766846]]
[610656, 19, 1, [8.673986434936523, -3.731778860092163]]
[610656, 8, 1, [12.404855728149414, -1.3837491273880005]]
[610656, 16, 1, [3.103787899017334, -4.162338733673096]]
[628156, 'popsize', 25, 'queuesize', 2]
[630756, 6, 0, [0.1233377754688263, -8.334583282470703]]
[630756, 18, 0, [11.822172164916992, -0.7695062756538391]]
[630756, 3, 0, [1.662773609161377, -1.113192081451416]]
[630756, 2, 0, [0.12333010882139206, -10.811126708984375]]
[630756, 23, 0, [12.366188049316406, -1.1443983316421509]]
[630756, 22, 0, [7.862198352813721, -0.10607727617025375]]
[630756, 5, 0, [9.29857063293457, -11.383234024047852]]
[630756, 9, 0, [0.11401994526386261, -7.507560729980469]]
[630756, 11, 0, [1.7414453029632568, -0.12361321598291397]]
[630756, 21, 0, [4.619946479797363, -12.405792236328125]]
[630756, 20, 0, [6.834929466247559, -6.5508222579956055]]
[630756, 7, 0, [4.627122402191162, -0.7108835577964783]]
[630756, 0, 0, [12.059307098388672, -1.294852614402771]]
[630756, 4, 1, [1.3194608688354492, -8.146669387817383]]
[630756, 12, 1, [9.110365867614746, -12.392119407653809]]
[630756, 14, 1, [4.6257805824279785, -5.650432586669922]]
[630756, 15, 1, [8.309057235717773, -2.424880027770996]]
[630756, 1, 1, [12.37637996673584, -10.608162879943848]]
[630756, 17, 1, [3.284496307373047, -7.8073272705078125]]
[630756, 13, 1, [8.982803344726562, -7.691990375518799]]
[630756, 24, 1, [3.710296869277954, -6.843832969665527]]
[630756, 10, 1, [1.9048573970794678, -0.09632394462823868]]
[630756, 19, 1, [8.656500816345215, -3.7549400329589844]]
[630756, 8, 1, [12.404523849487305, -1.3160061836242676]]
[630756, 16, 1, [2.9075517654418945, -4.110905647277832]]
[647506, 'popsize', 25, 'queuesize', 2]
[650056, 6, 0, [0.12332912534475327, -8.327905654907227]]
[650056, 18, 0, [12.122196197509766, -0.7322572469711304]]
[650056, 3, 0, [1.5815656185150146, -1.1059445142745972]]
[650056, 2, 0, [0.12333199381828308, -10.801824569702148]]
[650056, 23, 0, [12.360770225524902, -1.1313832998275757]]
[650056, 22, 0, [7.600017547607422, -0.1060788705945015]]
[650056, 5, 0, [9.302057266235352, -11.388184547424316]]
[650056, 9, 0, [0.10790116339921951, -7.356584548950195]]
[650056, 11, 0, [1.6848353147506714, -0.12362971156835556]]
[650056, 21, 0, [4.961488723754883, -12.33477783203125]]
[650056, 20, 0, [6.646092891693115, -5.790886878967285]]
[650056, 7, 0, [4.614480972290039, -0.7027971744537354]]
[650056, 0, 0, [10.533232688903809, -1.8411476612091064]]
[650056, 4, 1, [2.8936235904693604, -7.787504196166992]]
[650056, 12, 1, [8.896220207214355, -12.392123222351074]]
[650056, 14, 1, [5.11814546585083, -4.9263105392456055]]
[650056, 15, 1, [8.300220489501953, -2.4333577156066895]]
[650056, 1, 1, [12.376375198364258, -10.587990760803223]]
[650056, 17, 1, [3.2776260375976562, -7.813121318817139]]
[650056, 13, 1, [9.614541053771973, -7.673316955566406]]
[650056, 24, 1, [4.3216776847839355, -6.69451379776001]]
[650056, 10, 1, [1.8485333919525146, -0.09571723639965057]]
[650056, 19, 1, [8.656820297241211, -3.7547528743743896]]
[650056, 8, 1, [12.404959678649902, -1.2859444618225098]]
[650056, 16, 1, [3.033076524734497, -4.128977298736572]]
[666756, 'popsize', 25, 'queuesize', 2]
[669356, 6, 0, [0.1233365386724472, -8.319361686706543]]
[669356, 18, 0, [11.139286994934082, -0.905257523059845]]
[669356, 3, 0, [1.5806244611740112, -1.10369074344635]]
[669356, 2, 0, [0.12333077937364578, -10.789983749389648]]
[669356, 23, 0, [12.36072826385498, -1.1060900688171387]]
[669356, 22, 0, [7.337296485900879, -0.10605990141630173]]
[669356, 5, 0, [9.300354957580566, -11.390335083007812]]
[669356, 9, 0, [0.10787796974182129, -7.155946254730225]]
[669356, 11, 0, [1.6304075717926025, -0.12362580746412277]]
[669356, 21, 0, [5.073009490966797, -12.401846885681152]]
[669356, 20, 0, [7.008040904998779, -5.230677127838135]]
[669356, 7, 0, [4.6185736656188965, -0.6978140473365784]]
[669356, 0, 0, [9.809014320373535, -1.919418454170227]]
[669356, 4, 1, [4.161953926086426, -8.103544235229492]]
[669356, 12, 1, [8.684367179870605, -12.392095565795898]]
[669356, 14, 1, [4.633716106414795, -4.57877254486084]]
[669356, 15, 1, [8.302373886108398, -2.439319610595703]]
[669356, 1, 1, [12.376381874084473, -10.568781852722168]]
[669356, 17, 1, [3.2662320137023926, -7.930929660797119]]
[669356, 13, 1, [9.11715030670166, -7.218311786651611]]
[669356, 24, 1, [4.71409797668457, -6.587298393249512]]
[669356, 10, 1, [1.794193983078003, -0.09558848291635513]]
[669356, 19, 1, [8.66688346862793, -3.750405788421631]]
[669356, 8, 1, [12.404961585998535, -1.260626196861267]]
[669356, 16, 1, [4.1395263671875, -4.0062174797058105]]
[686256, 'popsize', 25, 'queuesize', 2]
[688756, 6, 0, [0.12333661317825317, -8.308911323547363]]
[688756, 18, 0, [12.151253700256348, -0.713552713394165]]
[688756, 3, 0, [1.581463098526001, -1.1085292100906372]]
[688756, 2, 0, [0.12333197146654129, -10.778189659118652]]
[688756, 23, 0, [12.36075496673584, -1.0810986757278442]]
[688756, 22, 0, [7.074221611022949, -0.10602515190839767]]
[688756, 5, 0, [9.306754112243652, -11.396316528320312]]
[688756, 9, 0, [0.10796501487493515, -6.949621200561523]]
[688756, 11, 0, [1.5766762495040894, -0.1236218810081482]]
[688756, 21, 0, [5.179895401000977, -12.329513549804688]]
[688756, 20, 0, [8.31212043762207, -4.674479007720947]]
[688756, 7, 0, [4.618481159210205, -0.7021884322166443]]
[688756, 0, 0, [9.965271949768066, -1.8678791522979736]]
[688756, 4, 1, [3.8943257331848145, -8.643667221069336]]
[688756, 12, 1, [8.471240043640137, -12.392091751098633]]
[688756, 14, 1, [4.317591190338135, -5.16579532623291]]
[688756, 15, 1, [8.293760299682617, -2.442405939102173]]
[688756, 1, 1, [12.376373291015625, -10.551285743713379]]
[688756, 17, 1, [3.2697947025299072, -7.9356513023376465]]
[688756, 13, 1, [9.139228820800781, -7.143318176269531]]
[688756, 24, 1, [5.231858253479004, -6.475291728973389]]
[688756, 10, 1, [1.740242600440979, -0.09571744501590729]]
[688756, 19, 1, [8.6735258102417, -3.746795654296875]]
[688756, 8, 1, [12.404932022094727, -1.235848307609558]]
[688756, 16, 1, [4.056994438171387, -4.044757843017578]]
[702107, 'popsize', 25, 'queuesize', 2]
[703407, 6, 0, [0.1233312264084816, -8.301691055297852]]
[703407, 18, 0, [11.418855667114258, -0.7676481008529663]]
[703407, 3, 0, [1.5762407779693604, -1.1714248657226562]]
[703407, 2, 0, [0.12333106249570847, -10.769535064697266]]
[703407, 23, 0, [12.360749244689941, -1.0613325834274292]]
[703407, 22, 0, [6.86691951751709, -0.10607001930475235]]
[703407, 5, 0, [9.358780860900879, -11.380936622619629]]
[703407, 9, 0, [0.16295212507247925, -7.113173484802246]]
[703407, 11, 0, [1.5365084409713745, -0.12361889332532883]]
[703407, 21, 0, [4.8240227699279785, -12.392359733581543]]
[703407, 20, 0, [8.048697471618652, -5.052074909210205]]
[703407, 7, 0, [4.510721683502197, -0.6667826771736145]]
[703407, 0, 0, [11.106847763061523, -2.007519245147705]]
[703407, 4, 1, [2.7099740505218506, -9.22938346862793]]
[703407, 12, 1, [8.2972412109375, -12.39205265045166]]
[703407, 14, 1, [4.537713050842285, -6.409500598907471]]
[703407, 15, 1, [8.251232147216797, -2.4063003063201904]]
[703407, 1, 1, [12.37637710571289, -10.536602020263672]]
[703407, 17, 1, [3.505866050720215, -7.833895206451416]]
[703407, 13, 1, [9.090632438659668, -7.077456951141357]]
[703407, 24, 1, [5.176211833953857, -6.453582763671875]]
[703407, 10, 1, [1.700203537940979, -0.09592971205711365]]
[703407, 19, 1, [8.638640403747559, -3.716482400894165]]
[703407, 8, 1, [12.404952049255371, -1.2165640592575073]]
[703407, 16, 1, [4.019265174865723, -4.011596202850342]]
[718107, 'popsize', 25, 'queuesize', 2]
[720657, 6, 0, [0.12333468347787857, -8.29433536529541]]
[720657, 18, 0, [11.176112174987793, -0.8117387294769287]]
[720657, 3, 0, [1.5636011362075806, -1.1091681718826294]]
[720657, 2, 0, [0.12333858758211136, -10.760205268859863]]
[720657, 23, 0, [12.360771179199219, -1.0410923957824707]]
[720657, 22, 0, [6.642013072967529, -0.10604804754257202]]
[720657, 5, 0, [9.303412437438965, -11.383387565612793]]
[720657, 9, 0, [0.26669588685035706, -8.268521308898926]]
[720657, 11, 0, [1.4899333715438843, -0.12362466752529144]]
[720657, 21, 0, [4.795686721801758, -12.342085838317871]]
[720657, 20, 0, [8.427834510803223, -4.536684513092041]]
[720657, 7, 0, [4.06958532333374, -0.37836533784866333]]
[720657, 0, 0, [10.898619651794434, -1.9706149101257324]]
[720657, 4, 1, [1.3772438764572144, -9.474358558654785]]
[720657, 12, 1, [8.11945629119873, -12.392059326171875]]
[720657, 14, 1, [5.160176753997803, -7.560428142547607]]
[720657, 15, 1, [8.306527137756348, -2.429938316345215]]
[720657, 1, 1, [12.376370429992676, -10.522496223449707]]
[720657, 17, 1, [3.7495293617248535, -7.713771343231201]]
[720657, 13, 1, [9.089086532592773, -7.050589561462402]]
[720657, 24, 1, [5.848973274230957, -6.441244125366211]]
[720657, 10, 1, [1.6533663272857666, -0.09607899188995361]]
[720657, 19, 1, [8.692163467407227, -3.73844313621521]]
[720657, 8, 1, [12.404938697814941, -1.1956716775894165]]
[720657, 16, 1, [4.0705885887146, -4.0190815925598145]]
[738307, 'popsize', 25, 'queuesize', 2]
[740907, 6, 0, [0.3547526001930237, -8.26898193359375]]
[740907, 18, 0, [12.246589660644531, -0.6441777348518372]]
[740907, 3, 0, [1.5899845361709595, -1.1153788566589355]]
[740907, 2, 0, [0.1233307272195816, -10.749373435974121]]
[740907, 23, 0, [12.360769271850586, -1.0151227712631226]]
[740907, 22, 0, [6.3668413162231445, -0.10603433847427368]]
[740907, 5, 0, [9.319183349609375, -11.399764060974121]]
[740907, 9, 0, [0.10515005141496658, -8.329232215881348]]
[740907, 11, 0, [1.4326077699661255, -0.12363221496343613]]
[740907, 21, 0, [3.7973742485046387, -12.084319114685059]]
[740907, 20, 0, [8.43380355834961, -4.5351243019104]]
[740907, 7, 0, [3.7876241207122803, -0.13354317843914032]]
[740907, 0, 0, [9.72352123260498, -1.0148324966430664]]
[740907, 4, 1, [1.5641311407089233, -9.00373649597168]]
[740907, 12, 1, [7.895975589752197, -12.39201831817627]]
[740907, 14, 1, [6.426418781280518, -8.58474063873291]]
[740907, 15, 1, [8.290129661560059, -2.453794002532959]]
[740907, 1, 1, [12.376361846923828, -10.503393173217773]]
[740907, 17, 1, [3.753998041152954, -7.69920539855957]]
[740907, 13, 1, [9.247913360595703, -7.3668131828308105]]
[740907, 24, 1, [5.880910396575928, -6.429370403289795]]
[740907, 10, 1, [1.5963280200958252, -0.09568171948194504]]
[740907, 19, 1, [8.671355247497559, -3.735238790512085]]
[740907, 8, 1, [12.40494155883789, -1.1699053049087524]]
[740907, 16, 1, [4.237616539001465, -3.83479905128479]]
[758157, 'popsize', 25, 'queuesize', 2]
[760757, 6, 0, [0.10545343160629272, -8.455613136291504]]
[760757, 18, 0, [11.156485557556152, -0.8611382246017456]]
[760757, 3, 0, [1.5420353412628174, -1.0952506065368652]]
[760757, 2, 0, [0.12333248555660248, -10.739981651306152]]
[760757, 23, 0, [12.360782623291016, -0.9887385964393616]]
[760757, 22, 0, [6.098114490509033, -0.10599230229854584]]
[760757, 5, 0, [8.929718971252441, -11.356986999511719]]
[760757, 9, 0, [0.35610923171043396, -8.462762832641602]]
[760757, 11, 0, [1.379296064376831, -0.12360982596874237]]
[760757, 21, 0, [3.249882698059082, -12.073260307312012]]
[760757, 20, 0, [7.517487525939941, -4.235266208648682]]
[760757, 7, 0, [3.7148916721343994, -0.13543999195098877]]
[760757, 0, 0, [9.562023162841797, -1.000719666481018]]
[760757, 4, 1, [2.9842071533203125, -8.144786834716797]]
[760757, 12, 1, [7.677125930786133, -12.392062187194824]]
[760757, 14, 1, [6.469237327575684, -8.518685340881348]]
[760757, 15, 1, [8.219825744628906, -2.386333465576172]]
[760757, 1, 1, [12.376375198364258, -10.483997344970703]]
[760757, 17, 1, [3.7582919597625732, -7.705090045928955]]
[760757, 13, 1, [9.330546379089355, -7.525321960449219]]
[760757, 24, 1, [5.889926910400391, -6.409919261932373]]
[760757, 10, 1, [1.5426132678985596, -0.09606297314167023]]
[760757, 19, 1, [8.65908432006836, -3.7392983436584473]]
[760757, 8, 1, [12.404946327209473, -1.143078327178955]]
[760757, 16, 1, [4.658989429473877, -3.3844175338745117]]
[777857, 'popsize', 25, 'queuesize', 2]
[780357, 6, 0, [0.08977316319942474, -8.500158309936523]]
[780357, 18, 0, [10.950063705444336, -0.9320173859596252]]
[780357, 3, 0, [1.555436611175537, -1.1159716844558716]]
[780357, 2, 0, [0.12333249300718307, -10.72783374786377]]
[780357, 23, 0, [12.360751152038574, -0.9628218412399292]]
[780357, 22, 0, [5.832981586456299, -0.10596831887960434]]
[780357, 5, 0, [7.746577262878418, -11.157674789428711]]
[780357, 9, 0, [0.35822996497154236, -9.849727630615234]]
[780357, 11, 0, [1.325257420539856, -0.12363754212856293]]
[780357, 21, 0, [3.8593945503234863, -12.332072257995605]]
[780357, 20, 0, [6.5148115158081055, -3.632868528366089]]
[780357, 7, 0, [3.6191904544830322, -0.13609755039215088]]
[780357, 0, 0, [8.22579574584961, -0.3729464113712311]]
[780357, 4, 1, [3.951784372329712, -7.910015106201172]]
[780357, 12, 1, [7.463998794555664, -12.392024040222168]]
[780357, 14, 1, [6.349876403808594, -8.504437446594238]]
[780357, 15, 1, [8.169554710388184, -2.3681881427764893]]
[780357, 1, 1, [12.376376152038574, -10.465692520141602]]
[780357, 17, 1, [3.7538928985595703, -7.675657272338867]]
[780357, 13, 1, [8.996240615844727, -7.687798500061035]]
[780357, 24, 1, [6.5113396644592285, -6.4019246101379395]]
[780357, 10, 1, [1.4885153770446777, -0.09691532701253891]]
[780357, 19, 1, [8.660114288330078, -3.7256381511688232]]
[780357, 8, 1, [12.404949188232422, -1.1176402568817139]]
[780357, 16, 1, [4.669382095336914, -3.3757293224334717]]
[796958, 'popsize', 25, 'queuesize', 2]
[799458, 6, 0, [0.07077866047620773, -8.511775016784668]]
[799458, 18, 0, [10.760157585144043, -1.003595232963562]]
[799458, 3, 0, [1.5989868640899658, -1.0935465097427368]]
[799458, 2, 0, [0.12333130836486816, -10.7156343460083]]
[799458, 23, 0, [12.360746383666992, -0.9373408555984497]]
[799458, 22, 0, [5.5761237144470215, -0.10601526498794556]]
[799458, 5, 0, [7.741864204406738, -11.157696723937988]]
[799458, 9, 0, [0.6779634356498718, -11.364771842956543]]
[799458, 11, 0, [1.271575927734375, -0.12363462895154953]]
[799458, 21, 0, [3.813542127609253, -12.35667610168457]]
[799458, 20, 0, [6.306622505187988, -3.5038082599639893]]
[799458, 7, 0, [3.6061851978302, -0.151755228638649]]
[799458, 0, 0, [8.470833778381348, -0.13527749478816986]]
[799458, 4, 1, [3.968775510787964, -9.160340309143066]]
[799458, 12, 1, [7.2549028396606445, -12.39206600189209]]
[799458, 14, 1, [6.404004096984863, -10.028027534484863]]
[799458, 15, 1, [8.169562339782715, -2.3740885257720947]]
[799458, 1, 1, [12.376382827758789, -10.445135116577148]]
[799458, 17, 1, [3.7577693462371826, -7.681154727935791]]
[799458, 13, 1, [9.114340782165527, -7.539344787597656]]
[799458, 24, 1, [6.511881351470947, -6.395571708679199]]
[799458, 10, 1, [1.4344788789749146, -0.09691106528043747]]
[799458, 19, 1, [8.67004680633545, -3.7291128635406494]]
[799458, 8, 1, [12.40493106842041, -1.0923789739608765]]
[799458, 16, 1, [5.154351234436035, -2.622677803039551]]
[816158, 'popsize', 25, 'queuesize', 2]
[818708, 6, 0, [0.06891599297523499, -8.507383346557617]]
[818708, 18, 0, [11.687488555908203, -0.5846474766731262]]
[818708, 3, 0, [1.6006015539169312, -1.0925257205963135]]
[818708, 2, 0, [0.12333711981773376, -10.701912879943848]]
[818708, 23, 0, [12.360743522644043, -0.9123797416687012]]
[818708, 22, 0, [5.1825270652771, -0.24701429903507233]]
[818708, 5, 0, [7.742493629455566, -11.162304878234863]]
[818708, 9, 0, [1.3531832695007324, -12.391074180603027]]
[818708, 11, 0, [1.215791940689087, -0.12361956387758255]]
[818708, 21, 0, [3.656263828277588, -12.366284370422363]]
[818708, 20, 0, [5.449460029602051, -2.5127694606781006]]
[818708, 7, 0, [3.5928804874420166, -0.15237262845039368]]
[818708, 0, 0, [8.099250793457031, -0.12481530755758286]]
[818708, 4, 1, [3.4430553913116455, -10.678542137145996]]
[818708, 12, 1, [7.04323148727417, -12.39212703704834]]
[818708, 14, 1, [7.04695463180542, -10.46485424041748]]
[818708, 15, 1, [8.171390533447266, -2.3690412044525146]]
[818708, 1, 1, [12.376380920410156, -10.429304122924805]]
[818708, 17, 1, [3.7567026615142822, -7.67764949798584]]
[818708, 13, 1, [9.192768096923828, -7.061420440673828]]
[818708, 24, 1, [6.518641471862793, -6.401551246643066]]
[818708, 10, 1, [1.3785583972930908, -0.09698566794395447]]
[818708, 19, 1, [8.677902221679688, -3.735950231552124]]
[818708, 8, 1, [12.4049654006958, -1.0670278072357178]]
[818708, 16, 1, [5.466986179351807, -1.397731900215149]]
[835058, 'popsize', 25, 'queuesize', 2]
[836508, 6, 0, [0.06899364292621613, -8.503493309020996]]
[836508, 18, 0, [10.882030487060547, -0.9533782601356506]]
[836508, 3, 0, [1.5514283180236816, -1.071422815322876]]
[836508, 2, 0, [0.12333973497152328, -10.694536209106445]]
[836508, 23, 0, [12.360762596130371, -0.8875705599784851]]
[836508, 22, 0, [4.245262622833252, -0.4867282211780548]]
[836508, 5, 0, [7.7091217041015625, -11.157576560974121]]
[836508, 9, 0, [1.5829317569732666, -12.35136890411377]]
[836508, 11, 0, [1.1644879579544067, -0.12362710386514664]]
[836508, 21, 0, [3.8310954570770264, -12.393943786621094]]
[836508, 20, 0, [5.065314769744873, -2.609947919845581]]
[836508, 7, 0, [3.5817148685455322, -0.13627564907073975]]
[836508, 0, 0, [8.105536460876465, -0.17956198751926422]]
[836508, 4, 1, [2.442385673522949, -11.896371841430664]]
[836508, 12, 1, [6.836613178253174, -12.392121315002441]]
[836508, 14, 1, [6.92726469039917, -10.31148624420166]]
[836508, 15, 1, [8.148094177246094, -2.3747575283050537]]
[836508, 1, 1, [12.376375198364258, -10.411050796508789]]
[836508, 17, 1, [3.7593014240264893, -7.6993536949157715]]
[836508, 13, 1, [9.076523780822754, -7.192631721496582]]
[836508, 24, 1, [6.5146965980529785, -6.34932279586792]]
[836508, 10, 1, [1.3275893926620483, -0.09636800736188889]]
[836508, 19, 1, [8.716672897338867, -3.7300236225128174]]
[836508, 8, 1, [12.404948234558105, -1.0425927639007568]]
[836508, 16, 1, [5.465617656707764, -1.3582825660705566]]
[848058, 'popsize', 25, 'queuesize', 2]
[850658, 6, 0, [0.06904635578393936, -8.500540733337402]]
[850658, 18, 0, [10.702554702758789, -1.0628706216812134]]
[850658, 3, 0, [1.5985288619995117, -1.0886784791946411]]
[850658, 2, 0, [0.12333156168460846, -10.688224792480469]]
[850658, 23, 0, [12.360721588134766, -0.8704779148101807]]
[850658, 22, 0, [3.688366174697876, -0.517650842666626]]
[850658, 5, 0, [7.727670192718506, -11.167683601379395]]
[850658, 9, 0, [1.4758447408676147, -12.384932518005371]]
[850658, 11, 0, [1.125752568244934, -0.12362831830978394]]
[850658, 21, 0, [4.017128944396973, -12.393970489501953]]
[850658, 20, 0, [5.714714527130127, -1.6889839172363281]]
[850658, 7, 0, [3.540400505065918, -0.18585467338562012]]
[850658, 0, 0, [8.080907821655273, -0.897558867931366]]
[850658, 4, 1, [1.7578600645065308, -12.361130714416504]]
[850658, 12, 1, [6.691756725311279, -12.392115592956543]]
[850658, 14, 1, [6.184510231018066, -9.895586967468262]]
[850658, 15, 1, [8.164875984191895, -2.36541485786438]]
[850658, 1, 1, [12.376373291015625, -10.399740219116211]]
[850658, 17, 1, [3.4227283000946045, -7.695727825164795]]
[850658, 13, 1, [9.515118598937988, -7.620072841644287]]
[850658, 24, 1, [6.955343246459961, -6.352901935577393]]
[850658, 10, 1, [1.2889522314071655, -0.09622903913259506]]
[850658, 19, 1, [8.687460899353027, -3.730572462081909]]
[850658, 8, 1, [12.404945373535156, -1.025272011756897]]
[850658, 16, 1, [5.472212791442871, -1.3933091163635254]]
[868308, 'popsize', 25, 'queuesize', 3]
[870908, 6, 0, [0.06911428272724152, -8.49377155303955]]
[870908, 18, 0, [11.639533042907715, -0.5806639194488525]]
[870908, 3, 0, [1.6252028942108154, -1.0227115154266357]]
[870908, 2, 0, [0.12333431839942932, -10.675355911254883]]
[870908, 23, 0, [12.36076831817627, -0.8454244136810303]]
[870908, 22, 0, [3.649846076965332, -0.48137006163597107]]
[870908, 5, 0, [7.751527309417725, -11.15111255645752]]
[870908, 9, 0, [1.363502860069275, -12.392115592956543]]
[870908, 11, 0, [1.0683091878890991, -0.12360874563455582]]
[870908, 21, 0, [4.270710468292236, -12.395668029785156]]
[870908, 20, 0, [5.732624530792236, -1.5604716539382935]]
[870908, 7, 0, [3.5143868923187256, -0.18314604461193085]]
[870908, 0, 0, [7.441742420196533, -2.457810878753662]]
[870908, 4, 1, [1.770471453666687, -12.342225074768066]]
[870908, 12, 1, [6.4708075523376465, -12.392021179199219]]
[870908, 14, 1, [4.811232566833496, -8.971172332763672]]
[870908, 15, 1, [8.198298454284668, -2.3707497119903564]]
[870908, 1, 1, [12.376387596130371, -10.38135814666748]]
[870908, 17, 1, [3.238987922668457, -7.607425689697266]]
[870908, 13, 1, [10.250405311584473, -7.986128330230713]]
[870908, 24, 1, [6.98686408996582, -6.356729984283447]]
[870908, 10, 1, [1.2316656112670898, -0.09593486040830612]]
[870908, 19, 1, [8.668063163757324, -3.711103916168213]]
[870908, 8, 1, [12.404943466186523, -0.9999255537986755]]
[870908, 16, 1, [5.484627723693848, -1.3802801370620728]]
[888508, 'popsize', 25, 'queuesize', 3]
[895159, 20, 0, [5.150686264038086, -1.4820743799209595]]
[895159, 7, 0, [3.931511163711548, -0.725127100944519]]
[895159, 0, 0, [6.909587860107422, -3.009763717651367]]
[895159, 8, 1, [12.40491771697998, -0.9570561051368713]]
[895159, 16, 1, [4.872104167938232, -1.4916576147079468]]
[902109, 'popsize', 9, 'queuesize', 0]
[903109, 20, 0, [5.178450584411621, -1.716179370880127]]
[903109, 7, 0, [3.952913999557495, -0.7343366146087646]]
[903109, 0, 0, [6.942083835601807, -3.0423121452331543]]
[903109, 4, 0, [1.610755205154419, -12.019438743591309]]
[903109, 8, 1, [12.40463924407959, -0.8239713311195374]]
[903109, 16, 1, [4.346574306488037, -1.7998906373977661]]
[903109, 10, 1, [1.1890777349472046, -0.18055430054664612]]
[903109, 6, 1, [0.16282230615615845, -8.57992172241211]]
[903109, 23, 1, [12.14366340637207, -0.6455673575401306]]
[909409, 'popsize', 9, 'queuesize', 0]
[910409, 20, 0, [5.328190803527832, -2.2984418869018555]]
[910409, 7, 0, [3.9592885971069336, -0.7543357014656067]]
[910409, 0, 0, [6.976212024688721, -3.0027759075164795]]
[910409, 4, 0, [1.2031701803207397, -11.616554260253906]]
[910409, 8, 1, [12.40489387512207, -0.56291264295578]]
[910409, 16, 1, [3.895751714706421, -2.173748731613159]]
[910409, 10, 1, [1.1947095394134521, -0.21494010090827942]]
[910409, 6, 1, [0.22740106284618378, -8.590608596801758]]
[910409, 23, 1, [12.302194595336914, -0.9878449440002441]]
[916759, 'popsize', 9, 'queuesize', 0]
[917759, 20, 0, [5.2291998863220215, -2.0092833042144775]]
[917759, 7, 0, [3.949660062789917, -0.7792066931724548]]
[917759, 0, 0, [6.925853252410889, -2.982381820678711]]
[917759, 4, 0, [0.6790302395820618, -11.35216236114502]]
[917759, 8, 1, [12.404716491699219, -0.28688254952430725]]
[917759, 16, 1, [3.497664213180542, -2.6316840648651123]]
[917759, 10, 1, [1.1730380058288574, -0.21518245339393616]]
[917759, 6, 1, [0.18428392708301544, -8.560546875]]
[917759, 23, 1, [12.292633056640625, -1.2045419216156006]]
[924109, 'popsize', 9, 'queuesize', 0]
[925109, 20, 0, [5.302488803863525, -2.2700083255767822]]
[925109, 7, 0, [3.924743413925171, -0.7845873832702637]]
[925109, 0, 0, [6.923453330993652, -3.040180206298828]]
[925109, 4, 0, [0.12478702515363693, -11.245638847351074]]
[925109, 8, 1, [12.404885292053223, -0.11848969012498856]]
[925109, 16, 1, [3.425776720046997, -2.5675628185272217]]
[925109, 10, 1, [1.161620020866394, -0.18761277198791504]]
[925109, 6, 1, [0.19399233162403107, -8.53227710723877]]
[925109, 23, 1, [11.757125854492188, -1.4839304685592651]]
[931209, 'popsize', 9, 'queuesize', 0]
[932209, 20, 0, [5.215422630310059, -1.9717462062835693]]
[932209, 7, 0, [3.9069437980651855, -0.7725985646247864]]
[932209, 0, 0, [6.974362850189209, -3.023388147354126]]
[932209, 4, 0, [0.12463605403900146, -11.208359718322754]]
[932209, 8, 1, [12.404885292053223, -0.11849253624677658]]
[932209, 16, 1, [3.4074811935424805, -1.9824905395507812]]
[932209, 10, 1, [1.1652604341506958, -0.1677694320678711]]
[932209, 6, 1, [0.21121501922607422, -8.52448558807373]]
[932209, 23, 1, [11.594236373901367, -1.5471283197402954]]
[938159, 'popsize', 9, 'queuesize', 0]
[939309, 20, 0, [5.281944751739502, -2.2273993492126465]]
[939309, 7, 0, [3.901425361633301, -0.749309778213501]]
[939309, 0, 0, [6.909996509552002, -3.064688205718994]]
[939309, 4, 0, [0.12312150746583939, -11.177033424377441]]
[939309, 16, 1, [3.3004419803619385, -1.4082996845245361]]
[939309, 10, 1, [1.1840206384658813, -0.15783490240573883]]
[939309, 6, 1, [0.22955013811588287, -8.527994155883789]]
[939309, 23, 1, [11.733672142028809, -0.9825965762138367]]
[945009, 'popsize', 8, 'queuesize', 0]
[945809, 20, 0, [5.203569412231445, -1.9347678422927856]]
[945809, 7, 0, [3.9010331630706787, -0.7421243786811829]]
[945809, 0, 0, [6.858900547027588, -3.0336556434631348]]
[945809, 4, 0, [0.1231236457824707, -11.1702880859375]]
[945809, 16, 1, [3.129575729370117, -0.8915284872055054]]
[945809, 10, 1, [1.1912612915039062, -0.157492533326149]]
[945809, 6, 1, [0.22789299488067627, -8.527154922485352]]
[945809, 23, 1, [11.799989700317383, -0.4494224786758423]]
[951309, 'popsize', 8, 'queuesize', 0]
[952209, 20, 0, [5.271383285522461, -2.1861376762390137]]
[952209, 7, 0, [3.8961873054504395, -0.7490941882133484]]
[952209, 0, 0, [6.87355899810791, -3.094212770462036]]
[952209, 4, 0, [0.123145192861557, -11.16657829284668]]
[952209, 16, 1, [2.8994150161743164, -0.4281924366950989]]
[952209, 10, 1, [1.194824457168579, -0.158598393201828]]
[952209, 6, 1, [0.21886128187179565, -8.524438858032227]]
[952209, 23, 1, [11.812674522399902, -0.12486201524734497]]
[957909, 'popsize', 8, 'queuesize', 0]
[959009, 7, 0, [3.894232988357544, -0.7307978868484497]]
[959009, 0, 0, [7.024668216705322, -3.0416417121887207]]
[959009, 4, 0, [0.12313272058963776, -11.16121768951416]]
[959009, 16, 1, [3.017943859100342, -0.3467255234718323]]
[959009, 10, 1, [1.2048019170761108, -0.16483372449874878]]
[959009, 6, 1, [0.23449714481830597, -8.537701606750488]]
[959009, 23, 1, [11.814915657043457, -0.12486443668603897]]
[963759, 'popsize', 7, 'queuesize', 0]
[964559, 7, 0, [3.8963382244110107, -0.7557766437530518]]
[964559, 0, 0, [7.194253444671631, -3.1108851432800293]]
[964559, 4, 0, [0.12314485758543015, -11.154974937438965]]
[964559, 16, 1, [3.4800028800964355, -0.3527905344963074]]
[964559, 10, 1, [1.175221562385559, -0.17082801461219788]]
[964559, 6, 1, [0.2081458568572998, -8.528578758239746]]
[964559, 23, 1, [11.786428451538086, -0.12275587022304535]]
[969609, 'popsize', 7, 'queuesize', 0]
[970359, 7, 0, [3.917569398880005, -0.7690225839614868]]
[970359, 0, 0, [7.148688316345215, -3.064488649368286]]
[970359, 4, 0, [0.12316451221704483, -11.151573181152344]]
[970359, 16, 1, [3.961333751678467, -0.2986460328102112]]
[970359, 10, 1, [1.1615476608276367, -0.1846422255039215]]
[970359, 6, 1, [0.18873703479766846, -8.534951210021973]]
[970359, 23, 1, [11.765213966369629, -0.11804387718439102]]
[974159, 'popsize', 7, 'queuesize', 0]
[974559, 7, 0, [3.9615302085876465, -0.7405770421028137]]
[974559, 0, 0, [7.191601753234863, -3.1052682399749756]]
[974559, 4, 0, [0.12315981835126877, -11.147583961486816]]
[974559, 16, 1, [4.325760364532471, -0.22044424712657928]]
[974559, 10, 1, [1.1876295804977417, -0.23263292014598846]]
[974559, 6, 1, [0.187153622508049, -8.587289810180664]]
[974559, 23, 1, [11.72576904296875, -0.1109577938914299]]
[977459, 'popsize', 7, 'queuesize', 0]
[977859, 7, 0, [3.8950679302215576, -0.7407004833221436]]
[977859, 0, 0, [7.094045162200928, -3.072903871536255]]
[977859, 4, 0, [0.12318326532840729, -11.144574165344238]]
[977859, 16, 1, [4.49369478225708, -0.17174074053764343]]
[977859, 10, 1, [1.196753740310669, -0.1673472821712494]]
[977859, 6, 1, [0.19113178551197052, -8.553009033203125]]
[977859, 23, 1, [11.671158790588379, -0.10551319271326065]]
[980759, 'popsize', 7, 'queuesize', 0]
[981159, 7, 0, [3.958024740219116, -0.7523232102394104]]
[981159, 0, 0, [6.886880874633789, -2.8894290924072266]]
[981159, 4, 0, [0.12316649407148361, -11.140275955200195]]
[981159, 16, 1, [4.580123424530029, -0.3528744578361511]]
[981159, 10, 1, [1.1762099266052246, -0.23037341237068176]]
[981159, 6, 1, [0.1428755521774292, -8.689628601074219]]
[981159, 23, 1, [11.624185562133789, -0.10573761910200119]]
[984909, 'popsize', 7, 'queuesize', 0]
[985559, 7, 0, [3.912834405899048, -0.7156674861907959]]
[985559, 0, 0, [6.639039993286133, -2.633991241455078]]
[985559, 4, 0, [0.12318143248558044, -11.136194229125977]]
[985559, 16, 1, [4.7673659324646, -0.6474614143371582]]
[985559, 10, 1, [1.2188739776611328, -0.1963784545660019]]
[985559, 6, 1, [0.14063505828380585, -8.660987854003906]]
[985559, 23, 1, [11.564476013183594, -0.10604537278413773]]
[990459, 'popsize', 7, 'queuesize', 0]
[991459, 0, 0, [6.337653160095215, -2.25224232673645]]
[991459, 4, 0, [0.12316416949033737, -11.130385398864746]]
[991459, 16, 1, [5.066844463348389, -1.0242515802383423]]
[991459, 10, 1, [1.2108479738235474, -0.1784372180700302]]
[991459, 6, 1, [0.1306917816400528, -8.670740127563477]]
[991459, 23, 1, [11.482460975646973, -0.10590134561061859]]
[995809, 'popsize', 6, 'queuesize', 0]
[996510, 0, 0, [6.257575035095215, -2.142838954925537]]
[996510, 4, 0, [0.12318801879882812, -11.125444412231445]]
[996510, 16, 1, [5.354242324829102, -1.3319144248962402]]
[996510, 10, 1, [1.1732208728790283, -0.16882763803005219]]
[996510, 6, 1, [0.13705392181873322, -8.707624435424805]]
[996510, 23, 1, [11.414563179016113, -0.10600343346595764]]
[1000910, 'popsize', 6, 'queuesize', 0]
[1001610, 0, 0, [6.215560436248779, -2.091616630554199]]
[1001610, 4, 0, [0.12316802889108658, -11.120023727416992]]
[1001610, 16, 1, [5.659949779510498, -1.6128127574920654]]
[1001610, 10, 1, [1.1544709205627441, -0.2020707130432129]]
[1001610, 6, 1, [0.1751668006181717, -8.711628913879395]]
[1001610, 23, 1, [11.34537410736084, -0.10600119829177856]]
[1006010, 'popsize', 6, 'queuesize', 0]
[1006910, 0, 0, [6.42673397064209, -2.174126386642456]]
[1006910, 4, 0, [0.12316541373729706, -11.116084098815918]]
[1006910, 10, 1, [1.1782807111740112, -0.22803781926631927]]
[1006910, 6, 1, [0.14080078899860382, -8.687369346618652]]
[1006910, 23, 1, [11.273711204528809, -0.10605510324239731]]
[1010560, 'popsize', 5, 'queuesize', 0]
[1011160, 0, 0, [6.379639625549316, -2.2122440338134766]]
[1011160, 4, 0, [0.12316015362739563, -11.113809585571289]]
[1011160, 10, 1, [1.2195826768875122, -0.19720467925071716]]
[1011160, 6, 1, [0.14005394279956818, -8.681682586669922]]
[1011160, 23, 1, [11.216277122497559, -0.10605589300394058]]
[1014810, 'popsize', 5, 'queuesize', 0]
[1015610, 4, 0, [0.12316162884235382, -11.11127758026123]]
[1015610, 10, 1, [1.1761761903762817, -0.18074730038642883]]
[1015610, 6, 1, [0.18690095841884613, -8.65416431427002]]
[1015610, 23, 1, [11.155983924865723, -0.10604149848222733]]
[1018560, 'popsize', 4, 'queuesize', 0]
[1019060, 4, 0, [0.12315728515386581, -11.10949420928955]]
[1019060, 10, 1, [1.2079740762710571, -0.2346605509519577]]
[1019060, 6, 1, [0.1255246102809906, -8.656160354614258]]
[1019060, 23, 1, [11.109261512756348, -0.10601293295621872]]
[1022010, 'popsize', 4, 'queuesize', 0]
[1022460, 4, 0, [0.12316301465034485, -11.108108520507812]]
[1022460, 10, 1, [1.1944259405136108, -0.17217500507831573]]
[1022460, 6, 1, [0.19037388265132904, -8.662546157836914]]
[1022460, 23, 1, [11.062926292419434, -0.10602300614118576]]
[1025410, 'popsize', 4, 'queuesize', 0]
[1025910, 4, 0, [0.12317612767219543, -11.106176376342773]]
[1025910, 10, 1, [1.193029761314392, -0.2363659143447876]]
[1025910, 6, 1, [0.12947361171245575, -8.640030860900879]]
[1025910, 23, 1, [11.016779899597168, -0.10604116320610046]]
[1028810, 'popsize', 4, 'queuesize', 0]
[1029310, 4, 0, [0.12316511571407318, -11.10460090637207]]
[1029310, 10, 1, [1.2061614990234375, -0.174616739153862]]
[1029310, 6, 1, [0.14609412848949432, -8.659895896911621]]
[1029310, 23, 1, [10.970542907714844, -0.10600467026233673]]
[1032210, 'popsize', 4, 'queuesize', 0]
[1032660, 4, 0, [0.12316499650478363, -11.102800369262695]]
[1032660, 10, 1, [1.180105209350586, -0.23180702328681946]]
[1032660, 6, 1, [0.10521017760038376, -8.673971176147461]]
[1032660, 23, 1, [10.92540454864502, -0.10604682564735413]]
[1035510, 'popsize', 4, 'queuesize', 0]
[1036010, 4, 0, [0.12318375706672668, -11.10049057006836]]
[1036010, 10, 1, [1.2181134223937988, -0.17953887581825256]]
[1036010, 6, 1, [0.16540201008319855, -8.641763687133789]]
[1036010, 23, 1, [10.879884719848633, -0.10599449276924133]]
[1039060, 'popsize', 4, 'queuesize', 0]
[1039560, 4, 0, [0.12318672984838486, -11.09639835357666]]
[1039560, 10, 1, [1.1693896055221558, -0.22316111624240875]]
[1039560, 6, 1, [0.14000621438026428, -8.696369171142578]]
[1039560, 23, 1, [10.832465171813965, -0.10604588687419891]]
[1042510, 'popsize', 4, 'queuesize', 0]
[1043010, 4, 0, [0.12318576127290726, -11.092973709106445]]
[1043010, 10, 1, [1.230961561203003, -0.1989833414554596]]
[1043010, 6, 1, [0.17741529643535614, -8.645811080932617]]
[1043010, 23, 1, [10.785616874694824, -0.10605613142251968]]
[1045960, 'popsize', 4, 'queuesize', 0]
[1046460, 4, 0, [0.12316055595874786, -11.089693069458008]]
[1046460, 10, 1, [1.1645108461380005, -0.2118765413761139]]
[1046460, 6, 1, [0.1255829632282257, -8.684809684753418]]
[1046460, 23, 1, [10.738777160644531, -0.10601939260959625]]
[1049310, 'popsize', 4, 'queuesize', 0]
[1049810, 4, 0, [0.12315703183412552, -11.087963104248047]]
[1049810, 10, 1, [1.2298939228057861, -0.2142137587070465]]
[1049810, 6, 1, [0.18327581882476807, -8.652478218078613]]
[1049810, 23, 1, [10.693445205688477, -0.10600265115499496]]
[1052610, 'popsize', 4, 'queuesize', 0]
[1053110, 4, 0, [0.1231643483042717, -11.085249900817871]]
[1053110, 10, 1, [1.164143443107605, -0.2055840939283371]]
[1053110, 6, 1, [0.12378964573144913, -8.673995971679688]]
[1053110, 23, 1, [10.648995399475098, -0.10604686290025711]]
[1056060, 'popsize', 4, 'queuesize', 0]
[1056560, 4, 0, [0.12315810471773148, -11.083717346191406]]
[1056560, 10, 1, [1.2242261171340942, -0.2244843989610672]]
[1056560, 6, 1, [0.13712285459041595, -8.660346984863281]]
[1056560, 23, 1, [10.6021089553833, -0.10599871724843979]]
[1059210, 'popsize', 4, 'queuesize', 0]
[1059710, 4, 0, [0.12318343669176102, -11.080748558044434]]
[1059710, 10, 1, [1.1658689975738525, -0.1994658261537552]]
[1059710, 6, 1, [0.14081896841526031, -8.6491117477417]]
[1059710, 23, 1, [10.55966567993164, -0.10604938119649887]]
[1062510, 'popsize', 4, 'queuesize', 0]
[1063010, 4, 0, [0.12316999584436417, -11.07818603515625]]
[1063010, 10, 1, [1.2244969606399536, -0.22270040214061737]]
[1063010, 6, 1, [0.1270565390586853, -8.633212089538574]]
[1063010, 23, 1, [10.512601852416992, -0.10573551058769226]]
[1065860, 'popsize', 4, 'queuesize', 0]
[1066260, 4, 0, [0.12318535894155502, -11.074851036071777]]
[1066260, 10, 1, [1.1695605516433716, -0.19083808362483978]]
[1066260, 6, 1, [0.13869884610176086, -8.71049690246582]]
[1066260, 23, 1, [10.468205451965332, -0.10596826672554016]]
[1068910, 'popsize', 4, 'queuesize', 0]
[1069360, 4, 0, [0.12316091358661652, -11.072737693786621]]
[1069360, 10, 1, [1.2217875719070435, -0.2214379906654358]]
[1069360, 6, 1, [0.11616326868534088, -8.765412330627441]]
[1069360, 23, 1, [10.426254272460938, -0.1060091108083725]]
[1071960, 'popsize', 4, 'queuesize', 0]
[1072460, 4, 0, [0.12315108627080917, -11.070477485656738]]
[1072460, 10, 1, [1.1611242294311523, -0.19720087945461273]]
[1072460, 6, 1, [0.14112816751003265, -8.73705768585205]]
[1072460, 23, 1, [10.384856224060059, -0.10603996366262436]]
[1075110, 'popsize', 4, 'queuesize', 0]
[1075610, 4, 0, [0.12315695732831955, -11.068282127380371]]
[1075610, 10, 1, [1.2230550050735474, -0.21829423308372498]]
[1075610, 6, 1, [0.1299058198928833, -8.766551971435547]]
[1075610, 23, 1, [10.341824531555176, -0.10602442175149918]]
[1078460, 'popsize', 4, 'queuesize', 0]
[1078860, 4, 0, [0.12315516918897629, -11.06719970703125]]
[1078860, 10, 1, [1.1603740453720093, -0.1979723572731018]]
[1078860, 6, 1, [0.1171376183629036, -8.756582260131836]]
[1078860, 23, 1, [10.297426223754883, -0.10608010739088058]]
[1081760, 'popsize', 4, 'queuesize', 0]
[1082260, 4, 0, [0.12315001338720322, -11.065918922424316]]
[1082260, 10, 1, [1.2185161113739014, -0.22591450810432434]]
[1082260, 6, 1, [0.1396820843219757, -8.774473190307617]]
[1082260, 23, 1, [10.251869201660156, -0.10603170096874237]]
[1085210, 'popsize', 4, 'queuesize', 0]
[1085660, 4, 0, [0.12315693497657776, -11.064190864562988]]
[1085660, 10, 1, [1.1642155647277832, -0.18784354627132416]]
[1085660, 6, 1, [0.14482738077640533, -8.813377380371094]]
[1085660, 23, 1, [10.205902099609375, -0.10599534958600998]]
[1088510, 'popsize', 4, 'queuesize', 0]
[1088960, 4, 0, [0.12315342575311661, -11.062274932861328]]
[1088960, 10, 1, [1.2078298330307007, -0.23761998116970062]]
[1088960, 6, 1, [0.12939253449440002, -8.832132339477539]]
[1088960, 23, 1, [10.161425590515137, -0.10605116933584213]]
[1091811, 'popsize', 4, 'queuesize', 0]
[1092311, 4, 0, [0.12315964698791504, -11.060253143310547]]
[1092311, 10, 1, [1.1709284782409668, -0.18581156432628632]]
[1092311, 6, 1, [0.13819417357444763, -8.80030632019043]]
[1092311, 23, 1, [10.11562728881836, -0.1059696301817894]]
[1095061, 'popsize', 4, 'queuesize', 0]
[1095511, 4, 0, [0.12316195666790009, -11.05846881866455]]
[1095511, 10, 1, [1.2036889791488647, -0.24056746065616608]]
[1095511, 6, 1, [0.13331064581871033, -8.828900337219238]]
[1095511, 23, 1, [10.072484970092773, -0.10601503401994705]]
[1098361, 'popsize', 4, 'queuesize', 0]
[1098861, 4, 0, [0.12318462133407593, -11.054051399230957]]
[1098861, 10, 1, [1.1788908243179321, -0.18021753430366516]]
[1098861, 6, 1, [0.11741448938846588, -8.821510314941406]]
[1098861, 23, 1, [10.02718448638916, -0.10599447786808014]]
[1101611, 'popsize', 4, 'queuesize', 0]
[1102111, 4, 0, [0.12316634505987167, -11.051368713378906]]
[1102111, 10, 1, [1.201282024383545, -0.2414175122976303]]
[1102111, 6, 1, [0.1411779224872589, -8.813249588012695]]
[1102111, 23, 1, [9.983323097229004, -0.10604013502597809]]
[1104961, 'popsize', 4, 'queuesize', 0]
[1105411, 4, 0, [0.12315256893634796, -11.05018138885498]]
[1105411, 10, 1, [1.188283085823059, -0.17896249890327454]]
[1105411, 6, 1, [0.14945143461227417, -8.82856559753418]]
[1105411, 23, 1, [9.937963485717773, -0.1060132086277008]]
[1108111, 'popsize', 4, 'queuesize', 0]
[1108561, 4, 0, [0.12318659573793411, -11.047194480895996]]
[1108561, 10, 1, [1.2018005847930908, -0.24283555150032043]]
[1108561, 6, 1, [0.12142214179039001, -8.841625213623047]]
[1108561, 23, 1, [9.896308898925781, -0.10606600344181061]]
[1110661, 'popsize', 4, 'queuesize', 0]
