[time, indiv, parent1, parent2, gender, brain]
[100, 14, -1, -1, 0, [[array([[ 0.75353827,  1.48401558,  1.00602537, -2.26580489, -1.35220359,
        -0.05546805],
       [ 1.44746552, -2.30481596, -0.00500459,  1.17010045, -1.17825607,
        -1.32567289],
       [-0.98686094,  2.39274868,  0.02981267,  0.72373152, -0.96580438,
        -0.24186707],
       [-0.52561121,  1.67443905, -2.3043859 ,  0.25186449,  1.40798232,
        -1.23518095],
       [ 1.92059528, -1.2704869 , -0.60945141, -0.31111392,  0.86410373,
        -1.45512654],
       [ 0.30568184,  2.05926957,  2.14150561, -1.61978028, -0.28048297,
         1.89949026]]), array([[ 0.30564539,  1.73500051],
       [-2.38560947,  1.59621973],
       [ 0.90881786,  2.06539099],
       [-2.32422438,  1.15215569],
       [-0.46887973,  0.64313856],
       [ 1.49974061, -1.36675896]])], [array([-1.35779585,  0.97611127,  1.56362566, -1.21246659, -0.11482086,
        2.29949731]), array([1.12470018, 1.52912471])]]]
[100, 16, -1, -1, 1, [[array([[-0.86891055,  2.00510056, -0.24186314,  0.16264133,  1.74815366,
         2.13115817],
       [-1.460036  , -1.5999242 , -0.89311667,  0.26206543, -1.64980989,
         1.43236512],
       [-0.26015637,  0.91712957,  1.15808486, -2.10298427, -0.07702305,
        -1.5177173 ],
       [-1.43718149, -1.40864507,  0.46787235, -0.13514687, -0.44508319,
         1.06326881],
       [ 1.67695516,  2.09799343,  0.58716236, -0.63224528,  2.3036568 ,
        -1.21091787],
       [ 1.07332535,  0.20842447, -1.97060838, -1.1964123 , -1.53732227,
        -2.10768652]]), array([[ 0.2145806 , -2.33619389],
       [-2.1589738 ,  0.10112415],
       [ 1.0974498 , -1.52838911],
       [-1.37771333,  0.45562837],
       [-0.83431011, -1.8693735 ],
       [-0.42662775,  0.02891392]])], [array([ 0.07219305,  0.83992941, -1.15539686, -0.20016866,  0.41081694,
        0.69831629]), array([-2.42172897,  0.56969187])]]]
[100, 5, -1, -1, 0, [[array([[-1.2499129 , -0.21784862, -0.42774252,  1.03856037,  1.35218691,
         1.25091529],
       [ 0.37620316, -1.54612401, -0.69578095, -2.4312351 ,  0.05633745,
         0.80160416],
       [-0.92734506, -0.48244519,  0.84189078, -1.57141458,  1.60948868,
         1.08427975],
       [-0.12173482, -2.29418694, -1.30787691,  2.3827756 , -2.26958818,
        -1.42444503],
       [-1.20840831,  1.85752662,  1.79374036, -1.02776692, -2.38691371,
         1.49146522],
       [ 0.02442044,  0.38819472, -1.27355105, -0.12356521, -2.05318172,
         1.06819977]]), array([[-0.08570242, -0.45060538],
       [-1.3426945 , -0.85121664],
       [-1.64268303, -0.48962961],
       [ 2.33677432, -2.32563656],
       [ 1.34347047,  1.90119078],
       [-1.87228916, -0.66546855]])], [array([-1.53853927,  0.64375576,  1.03465685, -0.52317477,  1.27531353,
       -0.43343545]), array([-0.36139988,  2.38927307])]]]
[100, 18, -1, -1, 1, [[array([[-0.05913769,  1.57738851,  1.6844899 , -1.41943891,  2.34553804,
         1.41217025],
       [ 2.35540549,  0.90111397, -0.92159121, -0.61889574,  0.62006124,
         1.25274423],
       [ 1.64082531,  1.50921034,  0.89763747, -1.26562679, -1.15109483,
        -0.53682674],
       [-0.23817238,  0.47493401, -1.88440471, -1.89103296, -1.40244611,
        -0.45840518],
       [-0.20552457, -1.77080128,  1.52967276,  1.39587157,  0.19603614,
         1.52005412],
       [ 1.44599539, -0.8987076 , -0.06982693, -2.24523789, -1.20628016,
        -1.92902224]]), array([[ 1.7709299 ,  1.12453535],
       [-2.11773748, -2.07079928],
       [ 0.18807828, -0.0376898 ],
       [ 1.31369145,  0.82043245],
       [-1.26163579,  1.96125745],
       [ 0.94113428,  2.04562326]])], [array([ 2.28387673,  2.14108118, -0.14120953, -1.03293053, -2.05634992,
        2.35961371]), array([-0.67080244, -1.32233126])]]]
[100, 6, -1, -1, 0, [[array([[-0.93665917, -1.65188703,  0.6296221 ,  0.29883692,  0.46484661,
         0.06312955],
       [ 1.75276007,  0.77299618,  2.38030302, -0.66738074, -0.55234397,
         0.99266317],
       [ 0.76253923, -2.04570168,  1.45468168,  2.27183738,  0.49030971,
        -0.68705343],
       [-1.88100658, -1.92655384,  1.74546777,  0.10355732,  2.25828067,
        -0.82712224],
       [-0.93729056,  1.26004196, -0.8250604 , -2.09762169, -2.04576934,
         2.15119194],
       [ 1.91429753,  0.25965549,  1.66994265,  1.80320033, -0.84578767,
         0.24133123]]), array([[ 0.35446637, -1.13640082],
       [ 2.17573804,  2.33832382],
       [-1.52558719,  1.69497907],
       [ 0.42557842,  1.25073909],
       [-0.2260441 , -0.87940263],
       [ 2.21333316, -2.35140559]])], [array([ 0.02262311,  0.8553291 , -1.37788439, -1.50402848, -1.04463223,
       -0.3883468 ]), array([-1.22365675,  0.37810799])]]]
[100, 12, -1, -1, 1, [[array([[ 0.8816354 ,  2.17910815,  0.04993853, -0.43686769,  1.33714977,
         2.09222302],
       [-1.6073164 , -1.03443717, -1.35183289,  0.28256025, -0.26767658,
        -0.24968552],
       [-0.76551171, -1.02669842,  2.2452364 ,  1.46500195, -1.34875715,
        -1.91415341],
       [-0.25212013, -0.77228369,  1.54375423, -1.28995451,  0.70794627,
         1.77252568],
       [-0.81133372, -1.98026968,  0.62071344,  0.42834077,  1.37045739,
         2.03145863],
       [ 2.32803611, -0.87797176,  0.81984289, -1.01858496,  0.38417289,
         1.19667727]]), array([[-1.05718019, -1.95642353],
       [ 2.40953284,  0.7926867 ],
       [ 0.24168539, -0.12405717],
       [ 0.12683742,  2.25946867],
       [-0.91954221,  1.04831293],
       [ 0.91128768,  0.09042484]])], [array([ 0.19357512, -0.66288331, -0.48601001,  1.80594473,  2.40421613,
       -0.35425842]), array([-0.97651266,  2.32197917])]]]
[100, 24, -1, -1, 0, [[array([[ 0.68621978, -1.63051581, -1.57348964,  1.56616509,  1.03646385,
         2.31368782],
       [-2.42599577,  0.26234558,  0.53888308,  0.7372484 ,  0.89623052,
         1.49686328],
       [-0.49242071, -0.39976958, -2.20192318,  1.54485158, -1.06878505,
         0.13787658],
       [-1.95802625,  0.44971995,  2.26276988,  0.40585815, -1.12774647,
         1.02612274],
       [-0.1629861 ,  1.06643233,  0.81707838,  0.7278906 ,  0.05996525,
         0.7943743 ],
       [-2.11598899,  0.85645972,  0.45284826, -0.96539633,  1.03921919,
         0.40739467]]), array([[ 1.98203289,  0.91413919],
       [ 0.10735628,  1.33438642],
       [-2.00408276, -0.90695202],
       [-0.65083482, -0.58813062],
       [-2.02731173, -0.67230517],
       [-0.2667644 ,  1.92986001]])], [array([-2.10033577, -0.86176235, -0.46032126,  0.74282262,  1.58813243,
       -2.15291533]), array([ 0.83139343, -2.09318925])]]]
[100, 1, -1, -1, 1, [[array([[-0.02746887,  0.2403436 ,  1.94030153, -1.9976037 , -0.46571916,
         1.83424774],
       [-0.97607199, -2.43868606,  1.71519932,  2.27617252, -0.77317108,
         1.12147291],
       [-2.0287888 , -2.3614872 , -1.8778332 ,  0.87019732,  0.36776005,
         1.55256308],
       [-1.99007311,  0.57407338, -0.73880642,  0.90336146,  0.66349614,
        -1.49541447],
       [ 0.08909076, -0.52177351, -1.96508036, -0.57506599,  1.01036323,
         1.07188921],
       [-1.37221003,  1.95424044,  1.6580373 , -1.24198071, -1.33058787,
         2.05681565]]), array([[ 1.18669191,  1.96416484],
       [-1.62770798, -0.55254276],
       [-0.51521497, -1.7564103 ],
       [-0.89735572,  1.24149662],
       [ 1.40026983, -0.84615723],
       [ 2.38204857, -0.7656305 ]])], [array([-2.21410638,  1.9346241 ,  2.16440845,  1.00891748, -0.22866232,
       -1.41490191]), array([0.65063283, 0.49305141])]]]
[35150, 20, 'birth', 14, 18, 1, [[array([[-1.61741928,  2.3517626 ,  1.00602537, -2.26580489, -1.35220359,
        -0.46657187],
       [ 1.44746552, -2.30481596, -0.00500459,  1.17010045, -1.17825607,
        -1.32567289],
       [-0.98686094,  2.44948974,  0.02981267,  0.72373152, -0.96580438,
        -0.24186707],
       [-0.52561121, -2.44948974, -2.3043859 ,  0.25186449,  1.40798232,
        -2.44948974],
       [ 1.92059528, -2.44948974, -0.60945141, -0.31111392,  2.44948974,
        -1.45512654],
       [ 0.30568184,  2.05926957,  2.14150561, -1.61978028, -0.28048297,
         2.44948974]]), array([[ 0.30564539,  1.41421356],
       [-1.41421356,  1.41421356],
       [ 0.90881786,  1.41421356],
       [-1.41421356,  1.41421356],
       [-0.46887973,  0.29375286],
       [ 0.94113428,  1.41421356]])], [array([ 2.28387673,  2.14108118, -0.14120953, -2.44948974, -2.05634992,
        2.35961371]), array([-0.67080244, -1.32233126])]]]
[47300, 3, 'birth', 5, 1, 1, [[array([[-1.2499129 , -0.21784862, -0.42774252,  1.03856037,  1.35218691,
         1.25091529],
       [ 2.15251581, -1.54612401, -0.69578095, -2.4312351 ,  0.05633745,
         0.80160416],
       [-0.92734506, -2.44948974,  0.84189078, -2.05282282,  0.36776005,
         1.55256308],
       [-1.99007311,  0.57407338, -0.73880642,  0.90336146,  0.66349614,
        -0.16172661],
       [ 0.08909076, -0.52177351, -1.96508036, -0.57506599,  1.01036323,
         1.07188921],
       [-1.37221003,  1.95424044, -0.92917788, -1.24198071, -1.33058787,
         2.05681565]]), array([[ 1.18669191,  1.41421356],
       [-1.41421356, -0.55254276],
       [-0.51521497, -1.41421356],
       [-1.41421356,  1.32466912],
       [ 1.40026983, -1.41421356],
       [ 1.41421356, -0.7656305 ]])], [array([-0.13557986,  1.9346241 ,  2.16440845,  1.00891748, -0.22866232,
       -1.41490191]), array([0.65063283, 0.92343572])]]]
[180251, 23, 'birth', 5, 16, 0, [[array([[-1.2499129 , -0.21784862, -0.42774252,  1.03856037,  1.35218691,
         1.25091529],
       [ 0.37620316, -1.5999242 , -0.89311667,  0.26206543, -1.64980989,
         2.36661213],
       [-0.26015637,  0.91712957,  1.15808486, -2.10298427, -0.07702305,
        -1.5177173 ],
       [-1.43718149, -2.44948974,  0.46787235, -0.13514687, -0.44508319,
         1.06326881],
       [ 1.67695516,  2.09799343,  0.58716236, -0.63224528,  2.3036568 ,
        -1.21091787],
       [ 1.07332535,  0.20842447, -1.97060838,  0.31215186, -1.53732227,
        -2.10768652]]), array([[ 0.2145806 , -1.41421356],
       [-1.41421356,  0.10112415],
       [ 1.0974498 , -0.23291297],
       [-1.37771333,  0.45562837],
       [-0.83431011,  0.27943159],
       [-0.42662775,  0.02891392]])], [array([ 0.07219305,  0.83992941, -0.05091098, -0.20016866,  0.41081694,
        0.69831629]), array([-1.41421356,  1.155446  ])]]]
[211402, 0, 'birth', 24, 12, 1, [[array([[ 0.68621978, -1.63051581, -1.57348964,  1.56616509,  1.03646385,
         2.31368782],
       [-2.42599577,  0.26234558, -0.55274304,  0.7372484 ,  0.89623052,
         1.49686328],
       [-2.44948974, -1.02669842,  2.2452364 ,  1.46500195, -1.34875715,
        -1.91415341],
       [-0.25212013, -0.77228369,  1.54375423, -1.28995451,  0.70794627,
         2.44948974],
       [-0.81133372, -1.98026968,  0.62071344,  0.42834077, -0.46255287,
         2.03145863],
       [ 1.34324399,  2.01633026,  0.81984289, -1.01858496,  0.38417289,
         1.19667727]]), array([[-1.05718019, -0.35794822],
       [ 0.85616512,  0.7926867 ],
       [ 0.24168539, -0.12405717],
       [ 0.12683742,  1.41421356],
       [-0.91954221, -1.41421356],
       [ 0.54156827,  0.09042484]])], [array([ 0.19357512, -0.36184726, -0.25325472,  1.80594473,  2.40421613,
        2.44948974]), array([-1.41421356,  1.41421356])]]]
[367553, 22, 'birth', 24, 1, 1, [[array([[ 0.68621978,  0.84839999, -1.57348964,  1.56616509,  1.03646385,
        -0.87479338],
       [-2.42599577,  0.26234558,  0.53888308,  0.7372484 ,  2.44948974,
         1.49686328],
       [-0.49242071, -0.39976958, -2.20192318,  1.54485158,  0.94681623,
         1.93681479],
       [-1.95802625, -2.44948974,  2.26276988,  0.40585815,  0.12502395,
         1.02612274],
       [-0.1629861 ,  1.06643233,  0.81707838,  0.7278906 ,  0.05996525,
         0.7943743 ],
       [-2.11598899,  2.44948974,  0.45284826, -0.96539633,  1.03921919,
         0.40739467]]), array([[ 1.41421356,  0.91413919],
       [ 0.10735628,  0.35942483],
       [-1.41421356, -0.90695202],
       [-0.65083482, -0.58813062],
       [-1.41421356, -1.25293363],
       [-0.2667644 ,  1.41421356]])], [array([-2.10033577,  1.9346241 , -0.50312356,  1.00891748, -0.22866232,
       -1.41490191]), array([0.65063283, 0.49305141])]]]
[449604, 14, 'death']
[449754, 16, 'death']
[449904, 5, 'death']
[450054, 18, 'death']
[450204, 6, 'death']
[450354, 12, 'death']
[450504, 24, 'death']
[450654, 1, 'death']
[473004, 20, 'death']
[477854, 3, 'death']
[518955, 23, 'death']
[524805, 0, 'death']
[524955, 22, 'death']
[524955, 'Extinction!']
