[time, indiv, parent1, parent2, gender, brain]
[100, 14, -1, -1, 0, [[array([[ 1.98449336,  1.475159  , -2.10926261, -0.97747973,  1.54519663,
         1.54297875],
       [ 0.44508581, -1.98531423,  1.92138744, -1.05880216, -0.97297081,
         0.32352152],
       [-1.06339787,  1.92361519,  1.10511388, -1.04279514, -2.02531748,
         1.56380823],
       [-0.83239628, -0.7186629 , -1.7533373 , -1.09497332, -1.35233984,
         0.27524048],
       [ 0.64649274, -0.45290838,  0.83369234,  1.03247943,  0.55209148,
        -0.31513522],
       [-1.8780856 ,  0.29233573,  0.52193295, -2.08435887,  1.01569967,
         0.0724051 ]]), array([[-1.06110523, -1.69289141],
       [-0.92541052, -0.60273205],
       [ 1.61057128,  1.44418527],
       [-1.46445876, -1.31799696],
       [ 1.72657122, -1.56133086],
       [ 1.17601456,  0.67689575]])], [array([ 0.06113689, -1.57095894, -0.39506245, -1.72213335, -0.31091681,
        1.93512662]), array([ 2.18965621, -1.79755685])]]]
[100, 18, -1, -1, 1, [[array([[-0.63530388, -1.0955846 , -0.32536779,  1.53499022, -1.97736679,
         1.91022972],
       [-1.91219069, -1.5938733 ,  0.27056471, -1.97239133, -0.0133823 ,
         0.52160248],
       [-2.18984669, -1.51453632,  1.12224209, -1.18494518, -1.32735587,
        -0.93149725],
       [-0.65534191,  0.61518056,  1.84471269,  0.8070825 , -0.6199518 ,
         0.46276686],
       [ 1.57330589, -2.38651021, -2.05216858,  0.83701369, -2.32673234,
        -1.94124384],
       [ 0.23434493, -1.14773318,  0.58077422, -0.813367  ,  2.15099633,
        -1.06151369]]), array([[ 1.89660676, -0.64594828],
       [-1.94316939,  1.76988105],
       [-0.77207568, -0.91912668],
       [-1.26619097, -1.69655316],
       [-2.34015168, -1.19157553],
       [ 0.16241451, -0.66061937]])], [array([-1.12641271,  1.1390846 , -0.12002858,  1.72800946, -1.2769711 ,
       -0.41154466]), array([-2.36271055, -1.39852357])]]]
[100, 19, -1, -1, 0, [[array([[-0.51370015, -2.2529887 , -0.93470806,  1.30917302, -1.45199084,
         1.5683013 ],
       [-1.51769687, -0.9561544 , -1.18094032, -1.26210325,  1.18034185,
         0.34300696],
       [ 1.59700066,  2.02494006, -1.98489441,  0.68724711, -1.60609483,
         2.09630497],
       [-0.72364433, -0.14912321,  0.72204284, -0.60808488, -1.408578  ,
        -0.61201374],
       [ 0.77788234,  2.30286376, -1.70827709, -1.19884775, -1.98298251,
        -2.40807921],
       [ 0.4647106 , -1.70866118, -2.11288182,  0.74990481, -0.86959982,
         0.82160176]]), array([[ 1.19383317,  1.80093199],
       [-0.44127362, -1.66141744],
       [ 1.97169628, -1.15684686],
       [-1.05383302, -1.62793761],
       [-0.93457493, -1.08494192],
       [-2.40470264,  2.17025888]])], [array([-0.51747621,  2.29205372, -0.27002349,  0.07120944,  2.3406388 ,
        0.60253476]), array([-2.01448287, -1.81508483])]]]
[100, 6, -1, -1, 1, [[array([[ 0.84699366,  0.33602569,  2.26254624, -2.3923387 ,  1.92078689,
         1.99936906],
       [-0.41322544, -1.50964614, -0.00245779, -1.42688013,  1.0373514 ,
        -1.51819235],
       [ 1.98251582,  1.29114843,  1.09690797, -1.03248826,  2.43356241,
         0.84239583],
       [ 0.35337634, -1.19442433,  0.06861793, -1.37050231, -1.91008971,
        -2.38427356],
       [-0.74641152,  0.02478347,  0.08738723, -1.01436213, -0.09313067,
         1.68619049],
       [-2.32080372, -2.21472418, -0.55594788, -2.12473035,  0.4150232 ,
         0.60697807]]), array([[-0.35024617, -0.46579203],
       [-1.18218247,  0.91449232],
       [-0.33659864, -0.21187462],
       [ 0.82916646, -1.43965632],
       [ 1.40888836,  0.43824362],
       [ 2.35948932, -0.45143582]])], [array([-0.70165528, -0.8497645 , -2.25508625,  2.40979043, -1.18146885,
       -0.29290822]), array([0.36533011, 0.12115647])]]]
[100, 2, -1, -1, 0, [[array([[ 1.40900691e+00,  1.36980414e+00,  2.15849770e+00,
        -2.19598179e+00,  2.44830606e+00,  1.33830114e+00],
       [ 6.18494874e-01, -5.90361028e-01, -1.36590026e+00,
        -9.74976181e-01,  1.54506391e+00,  2.13742210e+00],
       [-1.33109650e+00, -1.52129659e+00,  6.41134821e-01,
        -4.07499977e-01,  1.12716616e+00, -2.28946021e+00],
       [-8.96387517e-01, -9.38051233e-02,  4.43749814e-01,
        -2.92397301e-01,  2.15234862e+00,  1.71964325e+00],
       [ 3.55952481e-01, -2.20762352e+00,  1.89627516e+00,
        -1.28087493e+00, -2.35248484e+00,  1.24771104e+00],
       [-1.66328201e-03, -6.49525720e-01, -1.64635067e+00,
        -2.01005556e+00, -1.63875254e+00, -1.35241115e-01]]), array([[-0.31195855,  1.5952072 ],
       [-1.09951715,  0.66397477],
       [ 2.40711202,  0.46660971],
       [ 0.31211052,  0.78084064],
       [ 2.2391588 ,  1.04022066],
       [ 1.99253027,  0.25246571]])], [array([ 1.1498734 ,  1.00814731,  1.50648953, -0.75171852,  1.64529745,
       -0.12668883]), array([2.27787765, 0.33329875])]]]
[100, 20, -1, -1, 1, [[array([[ 0.2400019 ,  2.27059522, -0.30394792,  2.39188731, -1.61915596,
         0.52161126],
       [ 0.45378186,  1.72488841,  1.01044797, -0.23763642, -0.23999681,
        -1.91536318],
       [ 0.5326078 ,  2.01819666, -1.64028606, -1.78609951, -1.59207886,
        -0.19489095],
       [ 0.45839973, -1.94460795, -2.3913045 , -0.38215419, -0.85706017,
        -0.68903535],
       [-1.6979678 , -1.26876445, -0.76090735,  1.22963906, -0.05487254,
         1.27730994],
       [-1.66433167,  2.23414419,  1.75552021, -1.86880199,  0.49758276,
         2.28408102]]), array([[ 0.54933437, -1.38645094],
       [ 0.14909516, -1.70651328],
       [ 1.34968003,  0.90999666],
       [-0.06124178, -0.20119254],
       [ 1.07748489,  1.5408175 ],
       [ 1.84431063, -1.30384022]])], [array([-0.00953101, -1.95957886, -1.89034469,  0.85679252,  1.82400714,
        1.33109651]), array([ 1.61507949, -2.01026574])]]]
[100, 9, -1, -1, 0, [[array([[-2.42755186, -1.57475109,  0.60777519,  0.20320604,  0.70124633,
         0.06330126],
       [-1.08025108,  1.18199345,  2.03327287,  1.60870451,  1.8222978 ,
         1.85942695],
       [-1.69386063, -0.2973847 , -0.12508535, -1.82047807, -1.31659191,
        -0.53480713],
       [ 0.81105787,  0.87684411,  1.15248169,  0.20872001, -0.8033937 ,
        -1.74831403],
       [-1.63856389, -2.11793932,  1.67443753, -0.98722441, -2.31316911,
         2.1291149 ],
       [-1.20706437, -2.06729453,  2.3518746 ,  0.85325088, -0.25462521,
        -1.9288223 ]]), array([[ 1.52314239,  0.60970515],
       [-0.35489454,  1.17514514],
       [-0.91560967,  2.1991318 ],
       [-1.19907973, -1.76486043],
       [ 1.67451504,  0.38482306],
       [-1.53955448,  0.60182249]])], [array([ 0.24725708, -1.67635557,  2.02350539, -0.55794485,  1.34665612,
       -1.42575261]), array([ 1.69491891, -0.019408  ])]]]
[100, 5, -1, -1, 1, [[array([[ 0.31480443, -1.10493219,  2.05697805,  1.0654553 , -2.02204965,
        -0.65434059],
       [ 1.53274127,  1.1453486 , -2.14894829, -1.22224442,  1.18024597,
        -2.35662322],
       [-0.9382676 , -1.1988667 , -2.03147376,  1.08639297,  0.86886279,
         2.3774114 ],
       [ 0.32777784,  1.39021738,  0.35775739, -0.12526511,  1.21440953,
         2.11567178],
       [ 0.21900531,  1.03096256, -2.30915597,  0.76886523,  0.93064661,
        -2.37654123],
       [ 0.48534905,  0.12042142,  1.52186919, -2.22852863, -1.51804288,
         2.29502201]]), array([[ 0.3704113 ,  2.4472128 ],
       [-0.44742241,  0.98371611],
       [ 1.82308358,  1.46303005],
       [-0.44942751,  1.12745213],
       [ 1.1844163 ,  1.7802877 ],
       [-0.16844662, -0.24415182]])], [array([-1.76277702, -0.77506563, -0.79188435, -2.16659696,  1.61064007,
        2.3125093 ]), array([-0.93990829,  1.55553615])]]]
[228702, 4, 'birth', 19, 18, 1, [[array([[-0.51370015, -0.50751148, -0.93470806,  2.42408889, -1.45199084,
         1.5683013 ],
       [-1.8982909 , -0.9561544 , -1.18094032, -1.26210325,  2.44948974,
         0.34300696],
       [-2.18984669, -1.51453632,  1.12224209, -1.18494518, -1.32735587,
        -0.93149725],
       [-0.65534191,  0.61518056,  1.84471269,  0.8070825 , -0.6199518 ,
        -0.40809984],
       [ 1.57330589, -2.38651021, -2.05216858,  0.83701369, -2.32673234,
        -1.94124384],
       [ 0.23434493, -1.14773318,  0.58077422, -0.813367  ,  2.44948974,
         1.33560845]]), array([[ 1.41421356, -0.64594828],
       [-1.41421356,  1.41421356],
       [-0.77207568, -1.41421356],
       [-1.26619097, -1.41421356],
       [-1.41421356, -0.25654747],
       [ 0.16241451, -0.66061937]])], [array([-2.44948974,  1.1390846 , -0.12002858, -1.24214387, -1.2769711 ,
       -0.41154466]), array([-0.93228956, -1.39852357])]]]
[258752, 23, 'birth', 19, 5, 1, [[array([[-0.78937813, -2.2529887 , -0.93470806,  1.30917302, -1.45199084,
         1.5683013 ],
       [-1.51769687, -0.9561544 , -1.18094032, -1.26210325, -1.21404811,
        -1.61422013],
       [ 1.59700066,  2.02494006, -1.98489441,  0.68724711, -1.60609483,
         2.09630497],
       [ 0.60536453,  0.15423876,  0.72204284, -0.12526511,  1.21440953,
         2.11567178],
       [ 0.21900531,  1.03096256, -2.30915597,  0.76886523,  0.93064661,
        -2.37654123],
       [ 0.48534905,  0.12042142,  2.44948974, -2.22852863, -1.51804288,
         2.29502201]]), array([[ 0.3704113 ,  1.41421356],
       [-0.44742241,  0.98371611],
       [ 1.41421356,  1.230184  ],
       [-0.44942751,  0.72433312],
       [ 1.1844163 ,  1.41421356],
       [-0.16844662, -1.25300856]])], [array([-1.76277702, -0.77506563, -0.79188435, -2.16659696,  0.553553  ,
        2.3125093 ]), array([-0.93990829,  1.41421356])]]]
[367353, 14, 'death']
[367503, 18, 'death']
[367653, 19, 'death']
[367803, 6, 'death']
[367953, 2, 'death']
[368103, 20, 'death']
[368253, 9, 'death']
[368403, 5, 'death']
[424054, 4, 'death']
[424204, 23, 'death']
[424204, 'Extinction!']
