[time, indiv, parent1, parent2, gender, brain]
[100, 9, -1, -1, 0, [[array([[ 0.68869695,  0.13010683,  1.72665769,  0.8187061 ,  2.1964131 ,
        -1.98546638],
       [ 0.47823739, -0.22887174,  0.87197676,  0.92692287, -2.39554322,
         1.93613336],
       [-1.84190084, -2.43472453, -0.29088161,  1.83578772,  1.75006328,
         0.2778846 ],
       [ 1.5421971 , -1.06549669, -0.91180227, -1.41440345,  0.30688588,
        -0.14881439],
       [ 1.74467267, -0.3000597 , -1.33248366, -1.86318124, -0.55984792,
         0.67797554],
       [-1.62381741,  2.2198098 ,  1.6077437 , -0.02360771, -2.17256359,
         0.94503421]]), array([[-2.3447752 ,  2.19390965],
       [-0.13972077,  0.23332087],
       [ 0.13803771,  1.46518327],
       [-1.32033276,  0.39957521],
       [-2.32705055, -0.98629176],
       [ 1.73838598,  0.69336307]])], [array([ 2.12354938,  2.00626137, -0.10868387,  0.28752212,  0.62846233,
        1.15784282]), array([-1.84203269,  1.92696197])]]]
[100, 22, -1, -1, 1, [[array([[ 0.89197907, -2.31582045,  2.18585534,  1.15819138,  0.279395  ,
        -1.52846518],
       [ 0.00734145,  0.37130484, -2.00502217, -1.41584701,  1.29973253,
        -2.10862196],
       [-1.57652833,  0.31011188, -1.00596063,  2.24329214, -2.07521189,
        -0.78294398],
       [-1.00036691,  0.67292475, -1.70596528,  1.79391047,  0.96392826,
        -2.28146763],
       [ 1.46593086, -2.31435462,  2.37173263,  0.24919795,  0.82672918,
        -1.21808984],
       [-0.25037233, -1.47217329, -0.81599468,  0.26552747, -0.43773269,
         0.71119825]]), array([[-0.6910619 ,  1.66582784],
       [ 2.44104859, -1.66830391],
       [ 0.87400975, -0.44999711],
       [ 1.69395315,  0.13953268],
       [-0.14716071, -1.29481959],
       [-0.74262402,  2.39528087]])], [array([ 0.96228057, -1.65580376,  0.77901061, -0.49676577,  2.26917015,
       -0.46650421]), array([-0.94428068, -1.43850737])]]]
[100, 6, -1, -1, 0, [[array([[ 1.17916909, -0.29663717, -0.79214442,  0.72031587, -0.28783045,
        -0.41662215],
       [-0.9888339 ,  0.32798802, -0.3743034 ,  0.25392303, -1.35904402,
        -1.25112137],
       [ 0.93164376,  0.27250381,  0.48539755,  0.14870537, -2.23293912,
         1.15600333],
       [-1.74838953, -0.7541437 ,  0.61076899,  1.7614064 ,  2.15673764,
         2.22901455],
       [-0.88692515,  1.74402233, -1.72846966,  0.69819015, -1.16027163,
        -0.81773593],
       [ 0.79943677,  1.72479672, -0.80064576, -0.04502031, -2.31873882,
         0.99382932]]), array([[ 0.1440635 ,  1.31175714],
       [ 1.47335077,  1.68382267],
       [ 1.68463176, -1.03581487],
       [-0.51270175,  2.05096983],
       [-1.9306448 ,  2.16152813],
       [ 2.06835343,  2.11630052]])], [array([2.4209834 , 2.08844506, 0.31162369, 1.38441386, 1.82010424,
       0.32199043]), array([ 0.42576753, -1.97130776])]]]
[100, 24, -1, -1, 1, [[array([[-0.27098045, -0.16090809,  0.01513585, -0.80466211,  0.93068407,
         0.55985926],
       [ 0.06523634,  1.69943109, -2.25583977, -1.91128974, -1.0163921 ,
        -2.41272826],
       [ 2.01357244, -0.97860755, -0.13867765,  0.65309962,  0.99029661,
        -0.32730618],
       [-0.34009406, -1.73267693, -2.0982461 ,  1.39045113, -0.34250956,
         1.88334318],
       [-0.60187083, -2.4216034 , -0.05409149,  1.23281934, -2.15305127,
        -0.83515233],
       [ 0.41784327,  1.12267753,  1.00254375, -0.93507226, -0.61521784,
        -0.29652861]]), array([[-0.87611721, -2.24612136],
       [ 0.16372695,  1.29816343],
       [ 0.22125172, -1.82761112],
       [ 1.36120259, -2.21416395],
       [ 0.72760885,  0.73429719],
       [ 2.22891664,  0.38944229]])], [array([ 0.60308002, -0.8958724 ,  0.07474857, -0.59484483,  0.72076824,
        0.06050234]), array([-1.10624132, -1.36179261])]]]
[169051, 9, 'death']
[169201, 22, 'death']
[169351, 6, 'death']
[169501, 24, 'death']
[169601, 'Extinction!']
