[time, indiv, parent1, parent2, gender, brain]
[200, 4, -1, -1, 0, [[array([[-0.37888827,  1.85102469, -1.64869819, -0.37909859, -0.26000672,
        -2.24751288],
       [-0.74184113, -0.58519483, -0.29802417, -1.57011112, -1.21195227,
         1.91582037],
       [ 1.70428258, -0.61701633,  0.91092733, -1.45072752,  2.11222996,
         0.54004149],
       [ 1.08459323,  2.24827032,  1.91037019,  0.94287944, -1.81874483,
         2.09787155],
       [-1.67520037,  1.33046883, -0.2127389 , -1.08286647, -1.61668195,
         1.16662702],
       [-2.19170915,  0.08285942,  0.26468078, -1.05550115,  1.95012797,
         1.67562206]]), array([[-0.63816309,  1.00317374],
       [-0.65333554, -0.76030362],
       [ 0.13641932, -0.57760017],
       [-0.04810533,  1.2015715 ],
       [-1.8778975 , -1.26937777],
       [-2.09007027, -1.8022797 ]])], [array([ 0.0999903 ,  0.24491374,  0.90002889, -0.28857767, -0.53645162,
        0.2832426 ]), array([ 1.78232704, -1.51951789])]]]
[200, 19, -1, -1, 1, [[array([[ 0.34449336, -1.35723439,  1.00167213, -1.13491425,  2.35597253,
        -2.40338396],
       [ 2.43768202,  1.68741935, -1.6782545 ,  1.94489357,  1.44592899,
        -0.45180696],
       [-0.89896728, -1.05877199, -0.86957128,  0.82661256, -1.39195278,
        -1.68273419],
       [ 2.04207857, -2.03631303, -2.05581931, -0.41024579, -1.32201333,
         0.62841188],
       [ 1.13763008, -1.31456789,  0.08665143,  1.87282705, -2.40683371,
         1.79390632],
       [ 0.29226635,  0.18303354, -1.71106129,  1.63086148,  1.66185066,
        -0.28772739]]), array([[ 1.11380008, -1.39095828],
       [-0.24502461,  2.11314923],
       [ 0.42184778,  0.35595136],
       [-1.36688691,  1.21088774],
       [-1.34326165,  0.61113935],
       [ 0.7897893 ,  0.05400905]])], [array([-0.69926341,  1.15650343,  1.09481161,  0.65686373, -2.1660812 ,
       -2.30465304]), array([-0.90214101,  0.51810742])]]]
[200, 17, -1, -1, 0, [[array([[-1.46063253,  0.0369587 , -0.84052599,  0.41780293,  1.21452908,
        -2.38182767],
       [ 0.11153811,  1.44562881, -0.13331007, -0.99187107, -1.23949846,
         1.3103445 ],
       [ 1.48952892,  0.16484513, -0.73917776, -1.17010783, -1.40292396,
        -0.46325946],
       [ 0.93296893, -1.60065831,  1.50513998, -1.13234099,  0.0463987 ,
         1.4914835 ],
       [ 2.38796107,  0.36442434,  1.38708015,  1.15801101, -1.29220021,
         0.83145764],
       [-1.97288549,  2.35377337, -1.57384041, -1.77618668, -2.31815291,
        -2.04828066]]), array([[-0.22247843,  0.91474448],
       [-0.95780631, -1.94944463],
       [-1.40484584, -0.2466801 ],
       [ 0.94936307,  2.04047644],
       [ 0.6761742 , -2.30268559],
       [-1.42175826, -2.08455176]])], [array([-1.29742848,  1.13269529, -0.99801074, -0.65811774,  2.32685777,
        2.08910768]), array([-0.25970513,  0.17331438])]]]
[200, 18, -1, -1, 1, [[array([[-2.02411345,  1.81274651,  1.14657241,  1.76471443,  0.8133352 ,
        -0.05099031],
       [-0.16639243, -2.36742534, -0.61037555, -0.48978446, -0.84076779,
        -1.28690075],
       [-0.69556559, -1.24349396,  0.66160647,  1.62564853,  1.84880463,
         2.11322544],
       [ 0.52598238, -0.03181102,  0.04144088,  2.3321222 , -0.14401737,
         1.3349582 ],
       [ 1.59431607, -0.1497211 , -1.44005019,  0.85047984, -1.55955458,
         1.85414636],
       [ 0.95290682, -0.60757423,  1.5125284 , -0.68477012, -0.46622813,
        -2.44262022]]), array([[ 0.82395228,  1.15957971],
       [-2.43085888, -0.18837128],
       [-0.72249888,  0.87333717],
       [-0.72880034,  1.92002594],
       [ 1.80424815,  2.16412832],
       [ 0.03577423, -1.41244374]])], [array([-1.63523551, -1.61189129, -0.72741758, -1.3132887 ,  0.47535515,
       -2.43224548]), array([ 1.72579177, -0.00421243])]]]
[200, 23, -1, -1, 0, [[array([[-1.5803883 , -0.38326161, -1.74180159,  0.03045912,  2.37510994,
        -1.94404315],
       [ 1.90231342,  0.83137804,  0.57025189,  0.28546646,  1.69412408,
         0.78391019],
       [ 1.41799096, -0.34857197,  0.93625314, -0.56708851,  1.39626761,
        -2.00097765],
       [ 0.07972955,  2.19439161, -1.85167273,  2.07816929, -1.75148531,
        -1.63925983],
       [-1.45915259,  2.00617439,  0.88412746,  1.35669719,  0.18986806,
         0.48440818],
       [-2.26158646,  1.46250306,  0.38818661, -0.82891273,  0.27036435,
         1.4921116 ]]), array([[-0.50983593,  0.90944736],
       [-2.02210502,  0.881247  ],
       [-2.18813437,  0.96765305],
       [ 1.43960452,  1.45152664],
       [-2.09233498,  1.34520113],
       [ 2.32874974,  1.81756084]])], [array([-1.37006273,  0.40321213,  1.87469515, -0.30584548,  1.81478831,
        1.28649216]), array([-0.65401126, -2.20433068])]]]
[200, 3, -1, -1, 1, [[array([[-1.67192489, -1.98821451, -2.42531369,  0.78220209, -1.16573245,
        -0.45267638],
       [-2.36091497,  0.22309718,  0.11726741,  2.08199347,  1.58167399,
         2.20008224],
       [-1.07045148,  1.98328391, -0.8121721 ,  2.06581667, -2.21425913,
        -0.77198678],
       [-1.89548964,  2.2541043 ,  0.54664157,  1.84853871, -0.64670318,
        -1.05269224],
       [ 0.14866149, -0.08741688,  1.89342396, -0.30732706, -0.50298745,
         1.9678225 ],
       [-1.04861848, -0.12737473, -1.50634359,  0.46807388,  0.41627368,
        -1.76917592]]), array([[ 0.79278984, -1.68639679],
       [ 0.56009741,  0.92363915],
       [ 0.81148845, -0.76590082],
       [ 1.7776054 ,  1.70145526],
       [-1.31622909,  0.18411743],
       [ 0.02307095, -1.27593177]])], [array([ 1.86822173,  0.87303491,  0.73720615,  0.29777571, -1.63317785,
       -1.28152126]), array([-1.24052027, -0.11028347])]]]
[200, 7, -1, -1, 0, [[array([[-2.19324543, -2.0271861 ,  1.77434206,  2.03672274,  0.89117813,
        -0.35557952],
       [-1.06693619,  1.40656597, -0.92852418,  1.62655382,  1.7871674 ,
        -1.05522198],
       [ 2.20464185,  0.91613965,  2.26847238, -1.37459647,  0.65118125,
         0.30998448],
       [ 0.90027756, -1.07488734,  1.84395333, -0.24217117, -2.31185332,
        -0.88149794],
       [-0.85428891, -1.65613285,  1.51345816, -0.00363031, -1.16533428,
         2.36829708],
       [-1.65397263, -0.46648757, -2.18138709,  0.32752377, -0.47622902,
        -2.42684704]]), array([[ 1.19020027,  0.79635671],
       [ 2.06595931, -2.37427413],
       [ 1.83757296,  0.74016191],
       [ 2.26864809, -1.60870951],
       [ 1.46792394,  1.42434307],
       [ 0.99344565, -0.2892426 ]])], [array([-1.40284128, -0.59761977, -0.57615327, -1.63677052,  1.11852648,
        2.32454243]), array([-2.03907812,  0.75654208])]]]
[200, 11, -1, -1, 1, [[array([[ 2.44021164,  1.78002838, -1.68196753,  1.74958396,  1.54074106,
        -1.83084507],
       [-0.41885865,  1.99672997,  1.6713648 , -2.38972646, -1.24309574,
        -0.96774249],
       [ 0.47409517, -2.26380174,  2.03426073,  0.6536989 ,  0.06696281,
        -2.3491247 ],
       [ 1.25008475,  0.27743247, -2.27445746,  0.49630944,  1.01854733,
        -1.34178584],
       [-0.58399231, -2.05767429, -0.61565863,  2.20696717, -0.70731781,
         0.31958725],
       [-2.08257633, -0.62395884, -1.35469208, -0.86155341,  0.92988978,
        -2.33020676]]), array([[ 0.66626503,  1.50747735],
       [ 1.89469078,  1.58166305],
       [-1.48473819, -0.37056017],
       [-1.19503391,  1.00254189],
       [-1.40942047,  1.27433324],
       [ 0.0407017 , -0.39554621]])], [array([-0.7104981 , -1.05371768, -1.57955794, -1.53652067, -1.53366647,
        0.13715682]), array([2.16576687, 0.82792454])]]]
