[time, indiv, gender, coords]
[3800, 'popsize', 8]
[4250, 14, 0, [1.71161687374115, -4.772735118865967]]
[4250, 19, 0, [7.481955051422119, -4.901639938354492]]
[4250, 2, 0, [1.4798870086669922, -10.823497772216797]]
[4250, 9, 0, [5.286800861358643, -10.896244049072266]]
[4250, 18, 1, [3.66560435295105, -4.617435455322266]]
[4250, 6, 1, [1.7817411422729492, -9.254117965698242]]
[4250, 20, 1, [7.612989902496338, -7.011000156402588]]
[4250, 5, 1, [7.551938056945801, -11.070221900939941]]
[7300, 'popsize', 8]
[7750, 14, 0, [1.4205024242401123, -4.7570037841796875]]
[7750, 19, 0, [7.264647483825684, -4.8729705810546875]]
[7750, 2, 0, [1.1886016130447388, -10.813990592956543]]
[7750, 9, 0, [5.196342945098877, -11.176656723022461]]
[7750, 18, 1, [3.705127716064453, -4.6101531982421875]]
[7750, 6, 1, [1.8026069402694702, -9.234904289245605]]
[7750, 20, 1, [7.888989448547363, -7.031827449798584]]
[7750, 5, 1, [7.4891157150268555, -11.199479103088379]]
[10750, 'popsize', 8]
[11200, 14, 0, [1.1333863735198975, -4.72482967376709]]
[11200, 19, 0, [6.980259895324707, -4.823453426361084]]
[11200, 2, 0, [0.9021644592285156, -10.797906875610352]]
[11200, 9, 0, [5.101744651794434, -11.449479103088379]]
[11200, 18, 1, [3.6531758308410645, -4.639740467071533]]
[11200, 6, 1, [1.787493109703064, -9.224126815795898]]
[11200, 20, 1, [8.169624328613281, -7.053333282470703]]
[11200, 5, 1, [7.333550453186035, -11.181502342224121]]
[14300, 'popsize', 8]
[14750, 14, 0, [0.8450051546096802, -4.676714897155762]]
[14750, 19, 0, [6.686821937561035, -4.785674095153809]]
[14750, 2, 0, [0.6079065799713135, -10.771646499633789]]
[14750, 9, 0, [4.9943976402282715, -11.729940414428711]]
[14750, 18, 1, [3.681497097015381, -4.670243740081787]]
[14750, 6, 1, [1.8801190853118896, -8.938730239868164]]
[14750, 20, 1, [8.412038803100586, -7.072638511657715]]
[14750, 5, 1, [7.297224998474121, -11.033319473266602]]
[17450, 'popsize', 8]
[17900, 14, 0, [0.5882480144500732, -4.623163223266602]]
[17900, 19, 0, [6.420935153961182, -4.760824680328369]]
[17900, 2, 0, [0.34460073709487915, -10.739975929260254]]
[17900, 9, 0, [4.891249656677246, -11.973250389099121]]
[17900, 18, 1, [3.700237274169922, -4.692382335662842]]
[17900, 6, 1, [1.9751430749893188, -8.69520092010498]]
[17900, 20, 1, [8.507539749145508, -7.210838317871094]]
[17900, 5, 1, [7.360711574554443, -10.955801010131836]]
[21000, 'popsize', 8]
[21450, 14, 0, [0.2993585467338562, -4.54825496673584]]
[21450, 19, 0, [6.140377044677734, -4.742964744567871]]
[21450, 2, 0, [0.12406054884195328, -10.706480026245117]]
[21450, 9, 0, [4.761612892150879, -12.244569778442383]]
[21450, 18, 1, [3.6939072608947754, -4.6874871253967285]]
[21450, 6, 1, [2.0174498558044434, -8.498857498168945]]
[21450, 20, 1, [8.680816650390625, -7.449601173400879]]
[21450, 5, 1, [7.332200527191162, -11.028165817260742]]
[24550, 'popsize', 8]
[25000, 14, 0, [0.12362519651651382, -4.4945478439331055]]
[25000, 19, 0, [5.843647003173828, -4.735874176025391]]
[25000, 2, 0, [0.12334589660167694, -10.699368476867676]]
[25000, 9, 0, [4.7001543045043945, -12.37625503540039]]
[25000, 18, 1, [3.6774704456329346, -4.719165802001953]]
[25000, 6, 1, [1.9654614925384521, -8.202842712402344]]
[25000, 20, 1, [8.862442016601562, -7.68163537979126]]
[25000, 5, 1, [7.263995170593262, -10.96102523803711]]
[28000, 'popsize', 8]
[28450, 14, 0, [0.12334080785512924, -4.489429950714111]]
[28450, 19, 0, [5.556228160858154, -4.739060401916504]]
[28450, 2, 0, [0.12334226071834564, -10.697056770324707]]
[28450, 9, 0, [4.694301128387451, -12.376664161682129]]
[28450, 18, 1, [3.729965925216675, -4.7265119552612305]]
[28450, 6, 1, [1.9262418746948242, -7.911949157714844]]
[28450, 20, 1, [9.041603088378906, -7.906323432922363]]
[28450, 5, 1, [7.273855686187744, -10.81552791595459]]
[31600, 'popsize', 8]
[32050, 14, 0, [0.12333996593952179, -4.485038757324219]]
[32050, 19, 0, [5.340274810791016, -4.727436065673828]]
[32050, 2, 0, [0.12333537638187408, -10.694598197937012]]
[32050, 9, 0, [4.689991474151611, -12.376660346984863]]
[32050, 18, 1, [3.7701759338378906, -4.749978542327881]]
[32050, 6, 1, [1.899235725402832, -7.641294956207275]]
[32050, 20, 1, [9.221383094787598, -8.133631706237793]]
[32050, 5, 1, [7.284952640533447, -10.788034439086914]]
[35250, 'popsize', 8]
[35700, 14, 0, [0.12333867698907852, -4.4818644523620605]]
[35700, 19, 0, [5.1939826011657715, -4.772261619567871]]
[35700, 2, 0, [0.1233452782034874, -10.692237854003906]]
[35700, 9, 0, [4.685396194458008, -12.376665115356445]]
[35700, 18, 1, [3.7480359077453613, -4.764420509338379]]
[35700, 6, 1, [1.9000180959701538, -7.613030433654785]]
[35700, 20, 1, [9.356941223144531, -8.359916687011719]]
[35700, 5, 1, [7.25213098526001, -10.736519813537598]]
[38850, 'popsize', 8]
[39300, 14, 0, [0.12333029508590698, -4.479546070098877]]
[39300, 19, 0, [5.119809627532959, -4.9119133949279785]]
[39300, 2, 0, [0.12333488464355469, -10.688505172729492]]
[39300, 9, 0, [4.681798934936523, -12.37666130065918]]
[39300, 18, 1, [3.734698534011841, -4.797711372375488]]
[39300, 6, 1, [1.898956298828125, -7.588348388671875]]
[39300, 20, 1, [9.387871742248535, -8.329866409301758]]
[39300, 5, 1, [7.233898162841797, -10.586193084716797]]
[42300, 'popsize', 8]
[42750, 14, 0, [0.12334306538105011, -4.476000785827637]]
[42750, 19, 0, [5.158080101013184, -5.059237003326416]]
[42750, 2, 0, [0.12333916127681732, -10.685543060302734]]
[42750, 9, 0, [4.677901744842529, -12.376657485961914]]
[42750, 18, 1, [3.7876713275909424, -4.777066707611084]]
[42750, 6, 1, [1.8938661813735962, -7.560880184173584]]
[42750, 20, 1, [9.527985572814941, -8.212400436401367]]
[42750, 5, 1, [7.268385887145996, -10.570744514465332]]
[45900, 'popsize', 8]
[46350, 14, 0, [0.12333144247531891, -4.472297668457031]]
[46350, 19, 0, [5.2366132736206055, -5.133960723876953]]
[46350, 2, 0, [0.12333466857671738, -10.681241989135742]]
[46350, 9, 0, [4.6740264892578125, -12.376668930053711]]
[46350, 18, 1, [3.7402420043945312, -4.807923793792725]]
[46350, 6, 1, [1.8867874145507812, -7.535758972167969]]
[46350, 20, 1, [9.74042797088623, -8.236116409301758]]
[46350, 5, 1, [7.273685455322266, -10.651650428771973]]
[49500, 'popsize', 8]
[49950, 14, 0, [0.12334217876195908, -4.468605995178223]]
[49950, 19, 0, [5.3204874992370605, -5.146213531494141]]
[49950, 2, 0, [0.12333420664072037, -10.678919792175293]]
[49950, 9, 0, [4.670183181762695, -12.376662254333496]]
[49950, 18, 1, [3.7707085609436035, -4.835509300231934]]
[49950, 6, 1, [1.8773998022079468, -7.512109279632568]]
[49950, 20, 1, [9.860685348510742, -8.415690422058105]]
[49950, 5, 1, [7.256778717041016, -10.565205574035645]]
[53100, 'popsize', 8]
[53550, 14, 0, [0.12333542108535767, -4.464369773864746]]
[53550, 19, 0, [5.388765811920166, -5.11083459854126]]
[53550, 2, 0, [0.12333331257104874, -10.67487907409668]]
[53550, 9, 0, [4.666249752044678, -12.376673698425293]]
[53550, 18, 1, [3.7894446849823, -4.869061470031738]]
[53550, 6, 1, [1.8665258884429932, -7.4909162521362305]]
[53550, 20, 1, [9.856165885925293, -8.560070991516113]]
[53550, 5, 1, [7.3012189865112305, -10.453866958618164]]
[56600, 'popsize', 8]
[57050, 14, 0, [0.12333463132381439, -4.460595607757568]]
[57050, 19, 0, [5.425601959228516, -5.005878448486328]]
[57050, 2, 0, [0.1233319640159607, -10.672460556030273]]
[57050, 9, 0, [4.662545680999756, -12.376667976379395]]
[57050, 18, 1, [3.762469530105591, -4.871115684509277]]
[57050, 6, 1, [1.8559939861297607, -7.474127292633057]]
[57050, 20, 1, [10.013383865356445, -8.37907600402832]]
[57050, 5, 1, [7.230860233306885, -10.367802619934082]]
[60050, 'popsize', 8]
[60500, 14, 0, [0.12334023416042328, -4.457283973693848]]
[60500, 19, 0, [5.408646583557129, -4.927495002746582]]
[60500, 2, 0, [0.12333792448043823, -10.668638229370117]]
[60500, 9, 0, [4.658808708190918, -12.376657485961914]]
[60500, 18, 1, [3.7372632026672363, -4.892031669616699]]
[60500, 6, 1, [1.845494031906128, -7.458585262298584]]
[60500, 20, 1, [10.183116912841797, -8.174918174743652]]
[60500, 5, 1, [7.197185516357422, -10.314146995544434]]
[63550, 'popsize', 8]
[64000, 14, 0, [0.12334134429693222, -4.454045295715332]]
[64000, 19, 0, [5.288224220275879, -4.86665153503418]]
[64000, 2, 0, [0.12333543598651886, -10.666083335876465]]
[64000, 9, 0, [4.654873847961426, -12.376670837402344]]
[64000, 18, 1, [3.7925968170166016, -4.916662693023682]]
[64000, 6, 1, [1.8306198120117188, -7.4410600662231445]]
[64000, 20, 1, [10.347838401794434, -7.971848964691162]]
[64000, 5, 1, [7.204209327697754, -10.281091690063477]]
[67000, 'popsize', 8]
[67450, 14, 0, [0.12334026396274567, -4.45107889175415]]
[67450, 19, 0, [5.148913383483887, -4.905993461608887]]
[67450, 2, 0, [0.12333699315786362, -10.663922309875488]]
[67450, 9, 0, [4.6511125564575195, -12.376663208007812]]
[67450, 18, 1, [3.8380236625671387, -4.935213088989258]]
[67450, 6, 1, [1.8120157718658447, -7.422201633453369]]
[67450, 20, 1, [10.39069652557373, -7.931058406829834]]
[67450, 5, 1, [7.118794918060303, -10.346208572387695]]
[70350, 'popsize', 8]
[70800, 14, 0, [0.12332358211278915, -4.448736190795898]]
[70800, 19, 0, [5.080990791320801, -5.020315647125244]]
[70800, 2, 0, [0.1233450397849083, -10.66140365600586]]
[70800, 9, 0, [4.648093223571777, -12.376662254333496]]
[70800, 18, 1, [3.8369503021240234, -4.932819843292236]]
[70800, 6, 1, [1.7983089685440063, -7.363931179046631]]
[70800, 20, 1, [10.355149269104004, -7.90255069732666]]
[70800, 5, 1, [7.118916988372803, -10.2595796585083]]
[73500, 'popsize', 8]
[73950, 14, 0, [0.12333141267299652, -4.446831703186035]]
[73950, 19, 0, [5.100751876831055, -5.131596565246582]]
[73950, 2, 0, [0.12334918975830078, -10.658777236938477]]
[73950, 9, 0, [4.644867420196533, -12.376666069030762]]
[73950, 18, 1, [3.8329670429229736, -4.9684858322143555]]
[73950, 6, 1, [1.6788688898086548, -7.125062465667725]]
[73950, 20, 1, [10.464873313903809, -7.7821044921875]]
[73950, 5, 1, [7.1083984375, -10.242576599121094]]
[77150, 'popsize', 8]
[77600, 14, 0, [0.12331640720367432, -4.4430036544799805]]
[77600, 19, 0, [5.14211893081665, -5.1917524337768555]]
[77600, 2, 0, [0.1233367770910263, -10.655672073364258]]
[77600, 9, 0, [4.640704154968262, -12.376663208007812]]
[77600, 18, 1, [3.8563075065612793, -4.978610038757324]]
[77600, 6, 1, [1.5513532161712646, -6.841830253601074]]
[77600, 20, 1, [10.68181324005127, -7.7697553634643555]]
[77600, 5, 1, [7.073724269866943, -10.342933654785156]]
[80650, 'popsize', 8]
[81100, 14, 0, [0.12327364832162857, -4.439062595367432]]
[81100, 19, 0, [5.159398078918457, -5.212846755981445]]
[81100, 2, 0, [0.12333297729492188, -10.653324127197266]]
[81100, 9, 0, [4.637110233306885, -12.37667179107666]]
[81100, 18, 1, [3.875521183013916, -4.982542037963867]]
[81100, 6, 1, [1.4439473152160645, -6.56961727142334]]
[81100, 20, 1, [10.82982063293457, -7.920652866363525]]
[81100, 5, 1, [7.082804203033447, -10.30091381072998]]
[84200, 'popsize', 8]
[84650, 14, 0, [0.12333168834447861, -4.436840534210205]]
[84650, 19, 0, [5.183895587921143, -5.228200435638428]]
[84650, 2, 0, [0.12333496659994125, -10.65091609954834]]
[84650, 9, 0, [4.633471488952637, -12.376666069030762]]
[84650, 18, 1, [3.8942763805389404, -4.993287086486816]]
[84650, 6, 1, [1.3463971614837646, -6.284485816955566]]
[84650, 20, 1, [10.811934471130371, -8.137767791748047]]
[84650, 5, 1, [7.08575963973999, -10.26710319519043]]
[87900, 'popsize', 8]
[88350, 14, 0, [0.12333425134420395, -4.434226989746094]]
[88350, 19, 0, [5.214677810668945, -5.235042572021484]]
[88350, 2, 0, [0.12334384769201279, -10.647260665893555]]
[88350, 9, 0, [4.630097389221191, -12.37667179107666]]
[88350, 18, 1, [3.9199421405792236, -4.993651390075684]]
[88350, 6, 1, [1.2582999467849731, -5.983225345611572]]
[88350, 20, 1, [10.79340934753418, -8.182483673095703]]
[88350, 5, 1, [7.018916130065918, -10.260552406311035]]
[91450, 'popsize', 8]
[91900, 14, 0, [0.12334110587835312, -4.429703712463379]]
[91900, 19, 0, [5.293818950653076, -5.1755900382995605]]
[91900, 2, 0, [0.12333186715841293, -10.644950866699219]]
[91900, 9, 0, [4.626687526702881, -12.37667179107666]]
[91900, 18, 1, [3.942072629928589, -4.997652530670166]]
[91900, 6, 1, [1.1861231327056885, -5.691498279571533]]
[91900, 20, 1, [10.662740707397461, -8.063699722290039]]
[91900, 5, 1, [7.031746864318848, -10.168540000915527]]
[94850, 'popsize', 8]
[95300, 14, 0, [0.12333156913518906, -4.425814628601074]]
[95300, 19, 0, [5.327441692352295, -5.065296173095703]]
[95300, 2, 0, [0.12333492189645767, -10.643041610717773]]
[95300, 9, 0, [4.623089790344238, -12.376678466796875]]
[95300, 18, 1, [3.952199935913086, -5.002394676208496]]
[95300, 6, 1, [1.1411354541778564, -5.483048439025879]]
[95300, 20, 1, [10.657885551452637, -7.862384796142578]]
[95300, 5, 1, [7.066545009613037, -10.159367561340332]]
[98500, 'popsize', 8]
[98950, 14, 0, [0.12333057820796967, -4.421133995056152]]
[98950, 19, 0, [5.269475936889648, -4.950219631195068]]
[98950, 2, 0, [0.12333235889673233, -10.640477180480957]]
[98950, 9, 0, [4.619711875915527, -12.376668930053711]]
[98950, 18, 1, [3.9687790870666504, -5.010443210601807]]
[98950, 6, 1, [1.2447658777236938, -5.51280403137207]]
[98950, 20, 1, [10.808835983276367, -7.7281036376953125]]
[98950, 5, 1, [7.077054500579834, -10.200196266174316]]
[102051, 'popsize', 8]
[102501, 14, 0, [0.12333986908197403, -4.417301177978516]]
[102501, 19, 0, [5.142403602600098, -4.915358543395996]]
[102501, 2, 0, [0.1233261227607727, -10.638030052185059]]
[102501, 9, 0, [4.615973949432373, -12.376668930053711]]
[102501, 18, 1, [3.983335494995117, -5.015965461730957]]
[102501, 6, 1, [1.2673512697219849, -5.556716442108154]]
[102501, 20, 1, [11.015752792358398, -7.752406120300293]]
[102501, 5, 1, [7.11016845703125, -10.120399475097656]]
[105651, 'popsize', 8]
[106101, 14, 0, [0.12333810329437256, -4.4138689041137695]]
[106101, 19, 0, [5.003628730773926, -4.992509365081787]]
[106101, 2, 0, [0.1233416199684143, -10.635232925415039]]
[106101, 9, 0, [4.61253547668457, -12.376676559448242]]
[106101, 18, 1, [3.9711310863494873, -5.014373302459717]]
[106101, 6, 1, [1.2405009269714355, -5.515343189239502]]
[106101, 20, 1, [11.139982223510742, -7.928682804107666]]
[106101, 5, 1, [7.147881984710693, -10.199785232543945]]
[109301, 'popsize', 8]
[109751, 14, 0, [0.1233317106962204, -4.409506320953369]]
[109751, 19, 0, [4.952944278717041, -5.151719093322754]]
[109751, 2, 0, [0.12333095073699951, -10.632534980773926]]
[109751, 9, 0, [4.609045505523682, -12.37667179107666]]
[109751, 18, 1, [3.9596214294433594, -5.052184581756592]]
[109751, 6, 1, [1.224096655845642, -5.497225761413574]]
[109751, 20, 1, [11.13456916809082, -8.078261375427246]]
[109751, 5, 1, [7.053338527679443, -10.22128963470459]]
[112801, 'popsize', 8]
[113251, 14, 0, [0.12333114445209503, -4.405789375305176]]
[113251, 19, 0, [5.01962423324585, -5.288433074951172]]
[113251, 2, 0, [0.12333059310913086, -10.63032341003418]]
[113251, 9, 0, [4.6048502922058105, -12.376668930053711]]
[113251, 18, 1, [4.017219543457031, -5.04677677154541]]
[113251, 6, 1, [1.1217063665390015, -5.21967077255249]]
[113251, 20, 1, [11.250378608703613, -8.012273788452148]]
[113251, 5, 1, [7.0863356590271, -10.124860763549805]]
[116351, 'popsize', 8]
[116801, 14, 0, [0.12333875894546509, -4.401798248291016]]
[116801, 19, 0, [5.111330986022949, -5.344082832336426]]
[116801, 2, 0, [0.12333712726831436, -10.628068923950195]]
[116801, 9, 0, [4.600545406341553, -12.376668930053711]]
[116801, 18, 1, [4.060317039489746, -5.051207542419434]]
[116801, 6, 1, [1.0737695693969727, -5.121261119842529]]
[116801, 20, 1, [11.223625183105469, -7.9419379234313965]]
[116801, 5, 1, [7.114190578460693, -10.102388381958008]]
[120001, 'popsize', 8]
[120451, 14, 0, [0.12333867698907852, -4.398639678955078]]
[120451, 19, 0, [5.214483261108398, -5.3235182762146]]
[120451, 2, 0, [0.1233307346701622, -10.62558650970459]]
[120451, 9, 0, [4.595750331878662, -12.37665843963623]]
[120451, 18, 1, [4.034945487976074, -4.9643659591674805]]
[120451, 6, 1, [1.1082464456558228, -5.153202533721924]]
[120451, 20, 1, [11.257269859313965, -7.7535400390625]]
[120451, 5, 1, [7.1034393310546875, -10.113161087036133]]
[123201, 'popsize', 8]
[123651, 14, 0, [0.12334026396274567, -4.3947296142578125]]
[123651, 19, 0, [5.2815752029418945, -5.20935583114624]]
[123651, 2, 0, [0.12333913147449493, -10.623335838317871]]
[123651, 9, 0, [4.592473030090332, -12.376667976379395]]
[123651, 18, 1, [4.027190208435059, -4.963006973266602]]
[123651, 6, 1, [1.1177984476089478, -5.165088176727295]]
[123651, 20, 1, [11.396563529968262, -7.663297176361084]]
[123651, 5, 1, [7.0385942459106445, -10.154885292053223]]
[126151, 'popsize', 8]
[126601, 14, 0, [0.12334613502025604, -4.391924858093262]]
[126601, 19, 0, [5.282787799835205, -5.12896203994751]]
[126601, 2, 0, [0.12333130836486816, -10.620977401733398]]
[126601, 9, 0, [4.589479446411133, -12.376672744750977]]
[126601, 18, 1, [4.049670219421387, -4.9330525398254395]]
[126601, 6, 1, [1.3502566814422607, -5.218494892120361]]
[126601, 20, 1, [11.569437026977539, -7.68364953994751]]
[126601, 5, 1, [7.013956546783447, -10.078432083129883]]
[129301, 'popsize', 8]
[129751, 14, 0, [0.12333878129720688, -4.389754295349121]]
[129751, 19, 0, [5.225053787231445, -5.056919097900391]]
[129751, 2, 0, [0.12333907186985016, -10.618793487548828]]
[129751, 9, 0, [4.586377143859863, -12.376663208007812]]
[129751, 18, 1, [4.052504062652588, -4.925243854522705]]
[129751, 6, 1, [1.606825590133667, -5.286032676696777]]
[129751, 20, 1, [11.699705123901367, -7.824735164642334]]
[129751, 5, 1, [7.05483341217041, -9.978785514831543]]
[132451, 'popsize', 8]
[132901, 14, 0, [0.12333245575428009, -4.385391712188721]]
[132901, 19, 0, [5.0822672843933105, -5.029644966125488]]
[132901, 2, 0, [0.12333814799785614, -10.61590576171875]]
[132901, 9, 0, [4.583467960357666, -12.376679420471191]]
[132901, 18, 1, [4.039083957672119, -4.957235336303711]]
[132901, 6, 1, [1.8575938940048218, -5.361064434051514]]
[132901, 20, 1, [11.694605827331543, -8.018092155456543]]
[132901, 5, 1, [6.995051383972168, -10.019227027893066]]
[135351, 'popsize', 8]
[135801, 14, 0, [0.12333153188228607, -4.382168769836426]]
[135801, 19, 0, [4.9716057777404785, -5.077812671661377]]
[135801, 2, 0, [0.12333700805902481, -10.61385726928711]]
[135801, 9, 0, [4.5805182456970215, -12.376666069030762]]
[135801, 18, 1, [4.078423976898193, -4.957244396209717]]
[135801, 6, 1, [2.0882813930511475, -5.435559272766113]]
[135801, 20, 1, [11.680116653442383, -8.072786331176758]]
[135801, 5, 1, [6.980526924133301, -9.968069076538086]]
[138301, 'popsize', 8]
[138751, 14, 0, [0.12333203852176666, -4.380839824676514]]
[138751, 19, 0, [4.9210286140441895, -5.165574073791504]]
[138751, 2, 0, [0.12333407253026962, -10.611713409423828]]
[138751, 9, 0, [4.578097820281982, -12.376672744750977]]
[138751, 18, 1, [4.061097145080566, -4.963843822479248]]
[138751, 6, 1, [2.3190698623657227, -5.516230583190918]]
[138751, 20, 1, [11.68758487701416, -7.992833614349365]]
[138751, 5, 1, [7.016226768493652, -9.876882553100586]]
[141201, 'popsize', 8]
[141651, 14, 0, [0.12333947420120239, -4.377945423126221]]
[141651, 19, 0, [4.936886310577393, -5.280770778656006]]
[141651, 2, 0, [0.12333498150110245, -10.610177993774414]]
[141651, 9, 0, [4.574831485748291, -12.376660346984863]]
[141651, 18, 1, [4.0796098709106445, -4.990471363067627]]
[141651, 6, 1, [2.4002671241760254, -5.542132377624512]]
[141651, 20, 1, [11.779522895812988, -7.895279884338379]]
[141651, 5, 1, [7.031680107116699, -9.907275199890137]]
[144151, 'popsize', 8]
[144601, 14, 0, [0.12334735691547394, -4.3747334480285645]]
[144601, 19, 0, [4.987857818603516, -5.3568620681762695]]
[144601, 2, 0, [0.12333527952432632, -10.608243942260742]]
[144601, 9, 0, [4.572300910949707, -12.376669883728027]]
[144601, 18, 1, [4.096346855163574, -5.007516860961914]]
[144601, 6, 1, [2.3748245239257812, -5.534983158111572]]
[144601, 20, 1, [11.946039199829102, -7.879251003265381]]
[144601, 5, 1, [6.994223117828369, -9.864953994750977]]
[147801, 'popsize', 8]
[148251, 14, 0, [0.12335093319416046, -4.370373725891113]]
[148251, 19, 0, [5.065740585327148, -5.391017913818359]]
[148251, 2, 0, [0.12334086745977402, -10.605550765991211]]
[148251, 9, 0, [4.5688042640686035, -12.376678466796875]]
[148251, 18, 1, [4.077646732330322, -5.01452112197876]]
[148251, 6, 1, [2.3977608680725098, -5.43363618850708]]
[148251, 20, 1, [12.119586944580078, -8.013265609741211]]
[148251, 5, 1, [6.919273376464844, -9.87852668762207]]
[151451, 'popsize', 8]
[151901, 14, 0, [0.12334422022104263, -4.367737770080566]]
[151901, 19, 0, [5.166636943817139, -5.347071647644043]]
[151901, 2, 0, [0.12333618104457855, -10.602611541748047]]
[151901, 9, 0, [4.564935207366943, -12.376665115356445]]
[151901, 18, 1, [4.063066482543945, -5.046108245849609]]
[151901, 6, 1, [2.703848361968994, -5.43334436416626]]
[151901, 20, 1, [12.128439903259277, -8.23136043548584]]
[151901, 5, 1, [6.936104774475098, -9.760038375854492]]
[155151, 'popsize', 8]
[155601, 14, 0, [0.12333928048610687, -4.363492012023926]]
[155601, 19, 0, [5.227080345153809, -5.216546058654785]]
[155601, 2, 0, [0.12333960831165314, -10.600366592407227]]
[155601, 9, 0, [4.560946464538574, -12.376667976379395]]
[155601, 18, 1, [4.109832286834717, -5.044497966766357]]
[155601, 6, 1, [3.0149238109588623, -5.445118427276611]]
[155601, 20, 1, [12.118103981018066, -8.275167465209961]]
[155601, 5, 1, [6.8593010902404785, -9.79501724243164]]
[158551, 'popsize', 8]
[159001, 14, 0, [0.12333804368972778, -4.359564781188965]]
[159001, 19, 0, [5.219841480255127, -5.1422624588012695]]
[159001, 2, 0, [0.12333700805902481, -10.597375869750977]]
[159001, 9, 0, [4.55697774887085, -12.376664161682129]]
[159001, 18, 1, [4.05802059173584, -5.062419891357422]]
[159001, 6, 1, [3.3001151084899902, -5.469602108001709]]
[159001, 20, 1, [11.984176635742188, -8.194573402404785]]
[159001, 5, 1, [6.7174973487854, -9.761069297790527]]
[161551, 'popsize', 8]
[162001, 14, 0, [0.1233382448554039, -4.356625556945801]]
[162001, 19, 0, [5.1300368309021, -5.0730390548706055]]
[162001, 2, 0, [0.12333174049854279, -10.594603538513184]]
[162001, 9, 0, [4.554224014282227, -12.376667022705078]]
[162001, 18, 1, [4.1133270263671875, -5.087615966796875]]
[162001, 6, 1, [3.550708055496216, -5.5004777908325195]]
[162001, 20, 1, [11.954680442810059, -8.059584617614746]]
[162001, 5, 1, [6.687997341156006, -9.633012771606445]]
[164551, 'popsize', 8]
[165001, 14, 0, [0.12333966791629791, -4.354069709777832]]
[165001, 19, 0, [5.009039878845215, -5.066340446472168]]
[165001, 2, 0, [0.12334072589874268, -10.591955184936523]]
[165001, 9, 0, [4.551018714904785, -12.376668930053711]]
[165001, 18, 1, [4.104266166687012, -5.091674327850342]]
[165001, 6, 1, [3.797791004180908, -5.5402679443359375]]
[165001, 20, 1, [12.030651092529297, -7.945128440856934]]
[165001, 5, 1, [6.69597864151001, -9.604715347290039]]
[168151, 'popsize', 8]
[168601, 14, 0, [0.1233384981751442, -4.352140426635742]]
[168601, 19, 0, [4.919372081756592, -5.127316474914551]]
[168601, 2, 0, [0.12333200126886368, -10.5894136428833]]
[168601, 9, 0, [4.547402858734131, -12.376664161682129]]
[168601, 18, 1, [4.111001014709473, -5.122115135192871]]
[168601, 6, 1, [3.898703098297119, -5.561817169189453]]
[168601, 20, 1, [12.234468460083008, -7.9079999923706055]]
[168601, 5, 1, [6.691780090332031, -9.543539047241211]]
[171651, 'popsize', 8]
[172101, 14, 0, [0.12333142757415771, -4.349226474761963]]
[172101, 19, 0, [4.899190902709961, -5.217278480529785]]
[172101, 2, 0, [0.1233351081609726, -10.586709976196289]]
[172101, 9, 0, [4.544229984283447, -12.37667179107666]]
[172101, 18, 1, [4.091666221618652, -5.121377468109131]]
[172101, 6, 1, [3.736419677734375, -5.467562675476074]]
[172101, 20, 1, [12.35973834991455, -7.987894535064697]]
[172101, 5, 1, [6.573838710784912, -9.532203674316406]]
[175051, 'popsize', 8]
[175501, 14, 0, [0.12333565950393677, -4.346556186676025]]
[175501, 19, 0, [4.954066753387451, -5.3192973136901855]]
[175501, 2, 0, [0.12333114445209503, -10.584226608276367]]
[175501, 9, 0, [4.540560722351074, -12.376680374145508]]
[175501, 18, 1, [4.065701007843018, -5.1399736404418945]]
[175501, 6, 1, [3.51102876663208, -5.292767524719238]]
[175501, 20, 1, [12.37067985534668, -7.989199638366699]]
[175501, 5, 1, [6.541281223297119, -9.387678146362305]]
[178201, 'popsize', 8]
[178651, 14, 0, [0.12334765493869781, -4.343121528625488]]
[178651, 19, 0, [5.007455825805664, -5.356280326843262]]
[178651, 2, 0, [0.1233377456665039, -10.581782341003418]]
[178651, 9, 0, [4.537713050842285, -12.376672744750977]]
[178651, 18, 1, [4.1104841232299805, -5.1625823974609375]]
[178651, 6, 1, [3.3102669715881348, -5.1233930587768555]]
[178651, 20, 1, [12.376657485961914, -7.992877960205078]]
[178651, 5, 1, [6.585936069488525, -9.3480863571167]]
[181701, 'popsize', 8]
[182151, 14, 0, [0.12333675473928452, -4.338436126708984]]
[182151, 19, 0, [5.106360912322998, -5.341955184936523]]
[182151, 2, 0, [0.12333796173334122, -10.579720497131348]]
[182151, 9, 0, [4.533083915710449, -12.376664161682129]]
[182151, 18, 1, [4.152439117431641, -5.162571430206299]]
[182151, 6, 1, [3.1739377975463867, -5.001194000244141]]
[182151, 20, 1, [12.37664794921875, -7.9974517822265625]]
[182151, 5, 1, [6.542679786682129, -9.277063369750977]]
[185401, 'popsize', 8]
[185851, 14, 0, [0.12333430349826813, -4.335578441619873]]
[185851, 19, 0, [5.203068256378174, -5.215927600860596]]
[185851, 2, 0, [0.1233455091714859, -10.5772705078125]]
[185851, 9, 0, [4.529619216918945, -12.376677513122559]]
[185851, 18, 1, [4.16924524307251, -5.107470512390137]]
[185851, 6, 1, [3.1918845176696777, -4.983917236328125]]
[185851, 20, 1, [12.376649856567383, -8.002470970153809]]
[185851, 5, 1, [6.335694313049316, -9.047172546386719]]
[189051, 'popsize', 8]
[189501, 14, 0, [0.12333691120147705, -4.332454681396484]]
[189501, 19, 0, [5.243414402008057, -5.145602226257324]]
[189501, 2, 0, [0.12333802133798599, -10.574776649475098]]
[189501, 9, 0, [4.525832653045654, -12.376665115356445]]
[189501, 18, 1, [4.172783374786377, -5.111562252044678]]
[189501, 6, 1, [3.0102286338806152, -4.928127765655518]]
[189501, 20, 1, [12.37666130065918, -8.007323265075684]]
[189501, 5, 1, [6.143072605133057, -8.80945110321045]]
[192651, 'popsize', 8]
[193101, 14, 0, [0.1233287900686264, -4.329255104064941]]
[193101, 19, 0, [5.153894424438477, -5.089587211608887]]
[193101, 2, 0, [0.12333353608846664, -10.572463035583496]]
[193101, 9, 0, [4.521263599395752, -12.376665115356445]]
[193101, 18, 1, [4.1423444747924805, -5.15425968170166]]
[193101, 6, 1, [2.7342469692230225, -4.801027774810791]]
[193101, 20, 1, [12.376655578613281, -8.012079238891602]]
[193101, 5, 1, [5.9629034996032715, -8.563140869140625]]
[196251, 'popsize', 8]
[196701, 14, 0, [0.12333391606807709, -4.326574325561523]]
[196701, 19, 0, [5.03036642074585, -5.025805473327637]]
[196701, 2, 0, [0.12333009392023087, -10.5698881149292]]
[196701, 9, 0, [4.517459392547607, -12.376678466796875]]
[196701, 18, 1, [4.181990623474121, -5.168313980102539]]
[196701, 6, 1, [2.470466375350952, -4.6647820472717285]]
[196701, 20, 1, [12.376646995544434, -8.017057418823242]]
[196701, 5, 1, [5.79044246673584, -8.311487197875977]]
[199752, 'popsize', 8]
[200202, 14, 0, [0.12333369255065918, -4.322552680969238]]
[200202, 19, 0, [4.885611057281494, -4.98109245300293]]
[200202, 2, 0, [0.1233275905251503, -10.56713581085205]]
[200202, 9, 0, [4.51377010345459, -12.376802444458008]]
[200202, 18, 1, [4.215158939361572, -5.18195915222168]]
[200202, 6, 1, [2.21669340133667, -4.516085147857666]]
[200202, 20, 1, [12.376660346984863, -8.021912574768066]]
[200202, 5, 1, [5.631896018981934, -8.059056282043457]]
[203302, 'popsize', 8]
[203752, 14, 0, [0.12333611398935318, -4.318846702575684]]
[203752, 19, 0, [4.732089042663574, -5.028731346130371]]
[203752, 2, 0, [0.12333569675683975, -10.56429386138916]]
[203752, 9, 0, [4.510282516479492, -12.376736640930176]]
[203752, 18, 1, [4.2302961349487305, -5.11608362197876]]
[203752, 6, 1, [2.025205135345459, -4.401963233947754]]
[203752, 20, 1, [12.376653671264648, -8.026762008666992]]
[203752, 5, 1, [5.4849042892456055, -7.797885894775391]]
[206852, 'popsize', 8]
[207302, 14, 0, [0.12332955747842789, -4.314812183380127]]
[207302, 19, 0, [4.654654502868652, -5.167248725891113]]
[207302, 2, 0, [0.12332992255687714, -10.562318801879883]]
[207302, 9, 0, [4.507330417633057, -12.376668930053711]]
[207302, 18, 1, [4.240151882171631, -5.078946590423584]]
[207302, 6, 1, [1.99057936668396, -4.383612632751465]]
[207302, 20, 1, [12.376656532287598, -8.031615257263184]]
[207302, 5, 1, [5.348664283752441, -7.528775215148926]]
[210552, 'popsize', 8]
[211002, 14, 0, [0.12334629148244858, -4.311074733734131]]
[211002, 19, 0, [4.671993732452393, -5.294295310974121]]
[211002, 2, 0, [0.12333580106496811, -10.560140609741211]]
[211002, 9, 0, [4.5031514167785645, -12.37667465209961]]
[211002, 18, 1, [4.230948448181152, -5.046575546264648]]
[211002, 6, 1, [2.074700355529785, -4.352647304534912]]
[211002, 20, 1, [12.376653671264648, -8.035916328430176]]
[211002, 5, 1, [5.217809677124023, -7.2460432052612305]]
[214152, 'popsize', 8]
[214602, 14, 0, [0.12333284318447113, -4.307995796203613]]
[214602, 19, 0, [4.692625045776367, -5.358561038970947]]
[214602, 2, 0, [0.12333466112613678, -10.557549476623535]]
[214602, 9, 0, [4.500514507293701, -12.376676559448242]]
[214602, 18, 1, [4.22498893737793, -5.030764579772949]]
[214602, 6, 1, [2.1164779663085938, -4.444892883300781]]
[214602, 20, 1, [12.376655578613281, -8.040539741516113]]
[214602, 5, 1, [5.191342353820801, -7.209900856018066]]
[217702, 'popsize', 8]
[218152, 14, 0, [0.1233348473906517, -4.304526329040527]]
[218152, 19, 0, [4.753488063812256, -5.343857288360596]]
[218152, 2, 0, [0.12335435301065445, -10.554661750793457]]
[218152, 9, 0, [4.496870517730713, -12.376670837402344]]
[218152, 18, 1, [4.219353675842285, -5.01163387298584]]
[218152, 6, 1, [1.950223684310913, -4.412837028503418]]
[218152, 20, 1, [12.37665843963623, -8.044716835021973]]
[218152, 5, 1, [5.17390251159668, -7.186852931976318]]
[221302, 'popsize', 8]
[221752, 14, 0, [0.1233287826180458, -4.300815582275391]]
[221752, 19, 0, [4.672093391418457, -5.333651065826416]]
[221752, 2, 0, [0.12333619594573975, -10.55181884765625]]
[221752, 9, 0, [4.493181228637695, -12.376667022705078]]
[221752, 18, 1, [4.2118730545043945, -4.995404243469238]]
[221752, 6, 1, [1.6611011028289795, -4.311735153198242]]
[221752, 20, 1, [12.376649856567383, -8.049384117126465]]
[221752, 5, 1, [5.160016059875488, -7.174831390380859]]
[224702, 'popsize', 8]
[225152, 14, 0, [0.12333671748638153, -4.2966718673706055]]
[225152, 19, 0, [4.420915603637695, -5.253132343292236]]
[225152, 2, 0, [0.12333371490240097, -10.549520492553711]]
[225152, 9, 0, [4.4903764724731445, -12.37667179107666]]
[225152, 18, 1, [4.204935073852539, -4.972026348114014]]
[225152, 6, 1, [1.3946439027786255, -4.21170711517334]]
[225152, 20, 1, [12.376653671264648, -8.053565979003906]]
[225152, 5, 1, [5.122733116149902, -7.034811973571777]]
[228202, 'popsize', 8]
[228652, 14, 0, [0.1233363151550293, -4.292963981628418]]
[228652, 19, 0, [4.158810138702393, -5.179392337799072]]
[228652, 2, 0, [0.12333826720714569, -10.547293663024902]]
[228652, 9, 0, [4.48701286315918, -12.376670837402344]]
[228652, 18, 1, [4.201115608215332, -4.975266933441162]]
[228652, 6, 1, [1.176433801651001, -4.12934684753418]]
[228652, 20, 1, [12.376652717590332, -8.058561325073242]]
[228652, 5, 1, [5.024158477783203, -6.75896692276001]]
[231802, 'popsize', 9]
[232302, 14, 0, [0.12333951890468597, -4.288787364959717]]
[232302, 19, 0, [3.9679248332977295, -5.139430046081543]]
[232302, 2, 0, [0.12333603203296661, -10.544087409973145]]
[232302, 9, 0, [4.483231544494629, -12.376669883728027]]
[232302, 18, 1, [4.276093006134033, -5.085590839385986]]
[232302, 6, 1, [1.1371791362762451, -4.129525184631348]]
[232302, 20, 1, [12.37665843963623, -8.062928199768066]]
[232302, 5, 1, [4.935131549835205, -6.4659857749938965]]
[232302, 4, 1, [10.230201721191406, -4.331429481506348]]
[235652, 'popsize', 9]
[236152, 14, 0, [0.12334157526493073, -4.284468650817871]]
[236152, 19, 0, [3.957859754562378, -5.383866310119629]]
[236152, 2, 0, [0.12334644794464111, -10.540109634399414]]
[236152, 9, 0, [4.479157447814941, -12.376665115356445]]
[236152, 18, 1, [4.347530364990234, -5.15087366104126]]
[236152, 6, 1, [1.1303845643997192, -4.144900321960449]]
[236152, 20, 1, [12.376654624938965, -8.06806468963623]]
[236152, 5, 1, [4.852723598480225, -6.150371551513672]]
[236152, 4, 1, [10.084989547729492, -4.183255195617676]]
[239202, 'popsize', 9]
[239702, 14, 0, [0.1233467236161232, -4.279940605163574]]
[239702, 19, 0, [3.9394593238830566, -5.680602073669434]]
[239702, 2, 0, [0.12333502620458603, -10.536972045898438]]
[239702, 9, 0, [4.474976539611816, -12.376662254333496]]
[239702, 18, 1, [4.40424919128418, -5.204586982727051]]
[239702, 6, 1, [1.2073278427124023, -4.176253318786621]]
[239702, 20, 1, [12.376651763916016, -8.072671890258789]]
[239702, 5, 1, [4.789673805236816, -5.855639457702637]]
[239702, 4, 1, [9.872395515441895, -3.978996753692627]]
[242952, 'popsize', 9]
[243452, 14, 0, [0.12333687394857407, -4.274930000305176]]
[243452, 19, 0, [3.93339204788208, -5.9962158203125]]
[243452, 2, 0, [0.1233358159661293, -10.534284591674805]]
[243452, 9, 0, [4.471588611602783, -12.376672744750977]]
[243452, 18, 1, [4.406027317047119, -5.244062900543213]]
[243452, 6, 1, [1.29703950881958, -4.2060866355896]]
[243452, 20, 1, [12.37666130065918, -8.078001022338867]]
[243452, 5, 1, [4.747576713562012, -5.620090961456299]]
[243452, 4, 1, [9.651809692382812, -3.7872061729431152]]
[246602, 'popsize', 9]
[247102, 14, 0, [0.12332620471715927, -4.271409034729004]]
[247102, 19, 0, [3.9378952980041504, -6.207196235656738]]
[247102, 2, 0, [0.12333309650421143, -10.531410217285156]]
[247102, 9, 0, [4.4680585861206055, -12.376665115356445]]
[247102, 18, 1, [4.417860984802246, -5.265033721923828]]
[247102, 6, 1, [1.3012275695800781, -4.211599349975586]]
[247102, 20, 1, [12.376659393310547, -8.082406997680664]]
[247102, 5, 1, [4.736690998077393, -5.656955718994141]]
[247102, 4, 1, [9.56943416595459, -3.769092559814453]]
[250302, 'popsize', 9]
[250802, 14, 0, [0.12333665788173676, -4.268048286437988]]
[250802, 19, 0, [3.9591217041015625, -6.070882797241211]]
[250802, 2, 0, [0.12332931905984879, -10.528464317321777]]
[250802, 9, 0, [4.463494300842285, -12.376665115356445]]
[250802, 18, 1, [4.438672065734863, -5.320277214050293]]
[250802, 6, 1, [1.3057096004486084, -4.214242458343506]]
[250802, 20, 1, [12.376654624938965, -8.087003707885742]]
[250802, 5, 1, [4.770158290863037, -5.630000591278076]]
[250802, 4, 1, [9.588113784790039, -3.70643949508667]]
[254202, 'popsize', 9]
[254702, 14, 0, [0.12332912534475327, -4.263603210449219]]
[254702, 19, 0, [3.990222454071045, -5.743645191192627]]
[254702, 2, 0, [0.12333770096302032, -10.525306701660156]]
[254702, 9, 0, [4.45965051651001, -12.376672744750977]]
[254702, 18, 1, [4.488060474395752, -5.398982048034668]]
[254702, 6, 1, [1.3207355737686157, -4.219529151916504]]
[254702, 20, 1, [12.376655578613281, -8.092323303222656]]
[254702, 5, 1, [4.473502159118652, -5.64139986038208]]
[254702, 4, 1, [9.618080139160156, -3.7512142658233643]]
[258202, 'popsize', 9]
[258702, 14, 0, [0.12333907932043076, -4.259478569030762]]
[258702, 19, 0, [4.010946750640869, -5.410134315490723]]
[258702, 2, 0, [0.12333086878061295, -10.521530151367188]]
[258702, 9, 0, [4.455410480499268, -12.376673698425293]]
[258702, 18, 1, [4.539604663848877, -5.469468116760254]]
[258702, 6, 1, [1.317044973373413, -4.2136640548706055]]
[258702, 20, 1, [12.376665115356445, -8.097612380981445]]
[258702, 5, 1, [4.135882377624512, -5.643594741821289]]
[258702, 4, 1, [9.566728591918945, -3.7328827381134033]]
[262702, 'popsize', 10]
[263252, 14, 0, [0.12333124876022339, -4.255658149719238]]
[263252, 19, 0, [4.016959190368652, -5.362039089202881]]
[263252, 2, 0, [0.12334012985229492, -10.517404556274414]]
[263252, 9, 0, [4.450331687927246, -12.376672744750977]]
[263252, 18, 1, [4.569237232208252, -5.498112678527832]]
[263252, 6, 1, [1.3371628522872925, -4.219273567199707]]
[263252, 20, 1, [12.37665843963623, -8.103461265563965]]
[263252, 5, 1, [3.757925033569336, -5.635516166687012]]
[263252, 4, 1, [9.637189865112305, -3.6466031074523926]]
[263252, 23, 1, [4.698996543884277, -5.143216609954834]]
[267252, 'popsize', 10]
[267802, 14, 0, [0.12334392964839935, -4.250059127807617]]
[267802, 19, 0, [4.175410270690918, -5.421997547149658]]
[267802, 2, 0, [0.12315236032009125, -10.512292861938477]]
[267802, 9, 0, [4.445600986480713, -12.376670837402344]]
[267802, 18, 1, [4.52798318862915, -5.499725818634033]]
[267802, 6, 1, [1.330729603767395, -4.203219890594482]]
[267802, 20, 1, [12.376656532287598, -8.1099271774292]]
[267802, 5, 1, [3.6385302543640137, -5.678737640380859]]
[267802, 4, 1, [9.625707626342773, -3.5131397247314453]]
[267802, 23, 1, [4.457879066467285, -4.936369895935059]]
[271652, 'popsize', 10]
[272202, 14, 0, [0.12333787977695465, -4.245514869689941]]
[272202, 19, 0, [4.126105308532715, -5.154638290405273]]
[272202, 2, 0, [0.12322928756475449, -10.510637283325195]]
[272202, 9, 0, [4.440673351287842, -12.37678337097168]]
[272202, 18, 1, [4.541630268096924, -5.4471588134765625]]
[272202, 6, 1, [1.3389594554901123, -4.20992374420166]]
[272202, 20, 1, [12.376649856567383, -8.115530967712402]]
[272202, 5, 1, [3.7197558879852295, -5.631604194641113]]
[272202, 4, 1, [9.52499771118164, -3.5003981590270996]]
[272202, 23, 1, [4.2631940841674805, -4.654719352722168]]
[275402, 'popsize', 10]
[275952, 14, 0, [0.12333674728870392, -4.241959571838379]]
[275952, 19, 0, [4.0828328132629395, -4.966845512390137]]
[275952, 2, 0, [0.12333699315786362, -10.50910758972168]]
[275952, 9, 0, [4.437384128570557, -12.376676559448242]]
[275952, 18, 1, [4.412173748016357, -5.449242115020752]]
[275952, 6, 1, [1.3464808464050293, -4.201094627380371]]
[275952, 20, 1, [12.37666130065918, -8.120339393615723]]
[275952, 5, 1, [3.8917789459228516, -5.48794412612915]]
[275952, 4, 1, [9.715394973754883, -3.414983034133911]]
[275952, 23, 1, [4.081550121307373, -4.4052886962890625]]
[279502, 'popsize', 10]
[280052, 14, 0, [0.12333764880895615, -4.236911296844482]]
[280052, 19, 0, [4.1342573165893555, -4.960830211639404]]
[280052, 2, 0, [0.12333349138498306, -10.506376266479492]]
[280052, 9, 0, [4.432541370391846, -12.376665115356445]]
[280052, 18, 1, [4.339816570281982, -5.494918346405029]]
[280052, 6, 1, [1.4129509925842285, -4.147830009460449]]
[280052, 20, 1, [12.376660346984863, -8.124655723571777]]
[280052, 5, 1, [3.9307804107666016, -5.385109901428223]]
[280052, 4, 1, [9.945805549621582, -3.2788310050964355]]
[280052, 23, 1, [3.8742213249206543, -4.147037029266357]]
[283852, 'popsize', 10]
[284402, 14, 0, [0.1233428344130516, -4.232003211975098]]
[284402, 19, 0, [3.9862678050994873, -4.952424049377441]]
[284402, 2, 0, [0.12334249168634415, -10.503302574157715]]
[284402, 9, 0, [4.4269256591796875, -12.376657485961914]]
[284402, 18, 1, [4.322596549987793, -5.488275051116943]]
[284402, 6, 1, [1.4862630367279053, -4.079914093017578]]
[284402, 20, 1, [12.376653671264648, -8.13084602355957]]
[284402, 5, 1, [3.9735493659973145, -5.3239030838012695]]
[284402, 4, 1, [9.995051383972168, -3.1763408184051514]]
[284402, 23, 1, [3.6424121856689453, -3.8925907611846924]]
[287802, 'popsize', 10]
[288352, 14, 0, [0.12333934009075165, -4.229104518890381]]
[288352, 19, 0, [3.6837430000305176, -4.99522590637207]]
[288352, 2, 0, [0.12333287298679352, -10.499595642089844]]
[288352, 9, 0, [4.4231061935424805, -12.376675605773926]]
[288352, 18, 1, [4.283752918243408, -5.4690752029418945]]
[288352, 6, 1, [1.5643408298492432, -3.9948134422302246]]
[288352, 20, 1, [12.376669883728027, -8.135655403137207]]
[288352, 5, 1, [3.9231555461883545, -5.0217204093933105]]
[288352, 4, 1, [9.951744079589844, -3.0981545448303223]]
[288352, 23, 1, [3.4197452068328857, -3.6749515533447266]]
[292252, 'popsize', 10]
[292802, 14, 0, [0.12333762645721436, -4.223862648010254]]
[292802, 19, 0, [3.6601665019989014, -4.985595226287842]]
[292802, 2, 0, [0.12333935499191284, -10.495891571044922]]
[292802, 9, 0, [4.418277263641357, -12.376667022705078]]
[292802, 18, 1, [4.27105188369751, -5.463366508483887]]
[292802, 6, 1, [1.5309383869171143, -3.9489707946777344]]
[292802, 20, 1, [12.376677513122559, -8.141012191772461]]
[292802, 5, 1, [3.8475334644317627, -4.653517723083496]]
[292802, 4, 1, [9.993459701538086, -3.0277297496795654]]
[292802, 23, 1, [3.1627955436706543, -3.4461817741394043]]
[296753, 'popsize', 10]
[297302, 14, 0, [0.12333875894546509, -4.218964576721191]]
[297302, 19, 0, [3.741593599319458, -4.70399808883667]]
[297302, 2, 0, [0.12333382666110992, -10.492488861083984]]
[297302, 9, 0, [4.413868427276611, -12.376672744750977]]
[297302, 18, 1, [4.228828430175781, -5.500121116638184]]
[297302, 6, 1, [1.4317268133163452, -3.888956069946289]]
[297302, 20, 1, [12.376664161682129, -8.147211074829102]]
[297302, 5, 1, [3.7969810962677, -4.379671573638916]]
[297302, 4, 1, [9.975481033325195, -3.030606746673584]]
[297302, 23, 1, [2.8828508853912354, -3.225780963897705]]
[301253, 'popsize', 10]
[301803, 14, 0, [0.12334410846233368, -4.214261531829834]]
[301803, 19, 0, [3.7977397441864014, -4.572635173797607]]
[301803, 2, 0, [0.1233304888010025, -10.48942756652832]]
[301803, 9, 0, [4.409127235412598, -12.376667022705078]]
[301803, 18, 1, [4.188563823699951, -5.4928178787231445]]
[301803, 6, 1, [1.386538028717041, -3.860450029373169]]
[301803, 20, 1, [12.376667976379395, -8.153165817260742]]
[301803, 5, 1, [3.721179962158203, -4.436535835266113]]
[301803, 4, 1, [9.906408309936523, -2.9694135189056396]]
[301803, 23, 1, [2.6202666759490967, -3.051048517227173]]
[305753, 'popsize', 10]
[306303, 14, 0, [0.12334483861923218, -4.20822811126709]]
[306303, 19, 0, [3.533379077911377, -4.594598770141602]]
[306303, 2, 0, [0.12332882732152939, -10.486034393310547]]
[306303, 9, 0, [4.404481887817383, -12.37667465209961]]
[306303, 18, 1, [4.149017810821533, -5.462468147277832]]
[306303, 6, 1, [1.3673137426376343, -3.761070728302002]]
[306303, 20, 1, [12.376656532287598, -8.158669471740723]]
[306303, 5, 1, [3.5773234367370605, -4.420172691345215]]
[306303, 4, 1, [9.790066719055176, -2.958665370941162]]
[306303, 23, 1, [2.3321309089660645, -2.8954620361328125]]
[310103, 'popsize', 10]
[310653, 14, 0, [0.12333822250366211, -4.2027482986450195]]
[310653, 19, 0, [3.3377442359924316, -4.547736167907715]]
[310653, 2, 0, [0.12333188951015472, -10.482566833496094]]
[310653, 9, 0, [4.400582313537598, -12.376664161682129]]
[310653, 18, 1, [4.140384197235107, -5.5072150230407715]]
[310653, 6, 1, [1.5723545551300049, -3.6728179454803467]]
[310653, 20, 1, [12.376654624938965, -8.163422584533691]]
[310653, 5, 1, [3.5221664905548096, -4.422618865966797]]
[310653, 4, 1, [9.924686431884766, -2.818077325820923]]
[310653, 23, 1, [2.026338577270508, -2.7573704719543457]]
[314503, 'popsize', 10]
[315053, 14, 0, [0.12333524227142334, -4.197808742523193]]
[315053, 19, 0, [3.3821842670440674, -4.486703395843506]]
[315053, 2, 0, [0.12333480268716812, -10.479754447937012]]
[315053, 9, 0, [4.395578384399414, -12.376668930053711]]
[315053, 18, 1, [4.133523941040039, -5.546847343444824]]
[315053, 6, 1, [1.5774545669555664, -3.712773084640503]]
[315053, 20, 1, [12.37665843963623, -8.168305397033691]]
[315053, 5, 1, [3.3082573413848877, -4.120866775512695]]
[315053, 4, 1, [9.929983139038086, -2.8656060695648193]]
[315053, 23, 1, [1.720038652420044, -2.6349141597747803]]
[319003, 'popsize', 10]
[319553, 14, 0, [0.12333624064922333, -4.192203998565674]]
[319553, 19, 0, [3.351832628250122, -4.625457286834717]]
[319553, 2, 0, [0.12334583699703217, -10.476024627685547]]
[319553, 9, 0, [4.390387535095215, -12.37666130065918]]
[319553, 18, 1, [4.098451137542725, -5.538435935974121]]
[319553, 6, 1, [1.608587622642517, -3.691342830657959]]
[319553, 20, 1, [12.376667022705078, -8.173762321472168]]
[319553, 5, 1, [3.103450059890747, -3.798889636993408]]
[319553, 4, 1, [9.889121055603027, -2.7578558921813965]]
[319553, 23, 1, [1.3950875997543335, -2.5265161991119385]]
[323503, 'popsize', 10]
[324053, 14, 0, [0.12333741039037704, -4.18809700012207]]
[324053, 19, 0, [3.3611998558044434, -4.6633710861206055]]
[324053, 2, 0, [0.12333299219608307, -10.472068786621094]]
[324053, 9, 0, [4.38589334487915, -12.376670837402344]]
[324053, 18, 1, [4.052459716796875, -5.551139831542969]]
[324053, 6, 1, [1.6601626873016357, -3.705003023147583]]
[324053, 20, 1, [12.376672744750977, -8.179609298706055]]
[324053, 5, 1, [2.96000075340271, -3.5578505992889404]]
[324053, 4, 1, [9.84208869934082, -2.7485194206237793]]
[324053, 23, 1, [1.0767371654510498, -2.442580461502075]]
[327953, 'popsize', 10]
[328503, 14, 0, [0.1233338937163353, -4.184834003448486]]
[328503, 19, 0, [3.3612053394317627, -4.693382740020752]]
[328503, 2, 0, [0.1233370304107666, -10.469980239868164]]
[328503, 9, 0, [4.380587577819824, -12.376676559448242]]
[328503, 18, 1, [4.053116798400879, -5.584613800048828]]
[328503, 6, 1, [2.02164626121521, -3.6900718212127686]]
[328503, 20, 1, [12.37667465209961, -8.185498237609863]]
[328503, 5, 1, [2.8273942470550537, -3.6488585472106934]]
[328503, 4, 1, [9.909163475036621, -2.5798068046569824]]
[328503, 23, 1, [0.7649820446968079, -2.3828492164611816]]
[332303, 'popsize', 10]
[332853, 14, 0, [0.12333444505929947, -4.179765701293945]]
[332853, 19, 0, [3.3407864570617676, -4.697556495666504]]
[332853, 2, 0, [0.12334060668945312, -10.465725898742676]]
[332853, 9, 0, [4.375565528869629, -12.376664161682129]]
[332853, 18, 1, [4.061262130737305, -5.611786842346191]]
[332853, 6, 1, [2.3882904052734375, -3.689181089401245]]
[332853, 20, 1, [12.376659393310547, -8.190774917602539]]
[332853, 5, 1, [2.8879904747009277, -3.7445156574249268]]
[332853, 4, 1, [9.929121971130371, -2.6200356483459473]]
[332853, 23, 1, [0.4450387954711914, -2.3416264057159424]]
[336503, 'popsize', 10]
[337053, 14, 0, [0.12333623319864273, -4.176347255706787]]
[337053, 19, 0, [3.3684401512145996, -4.838897228240967]]
[337053, 2, 0, [0.12332729250192642, -10.462331771850586]]
[337053, 9, 0, [4.370790481567383, -12.376672744750977]]
[337053, 18, 1, [4.063453674316406, -5.634993076324463]]
[337053, 6, 1, [2.733201503753662, -3.7031238079071045]]
[337053, 20, 1, [12.376667022705078, -8.195928573608398]]
[337053, 5, 1, [3.125969409942627, -3.9976487159729004]]
[337053, 4, 1, [9.877490043640137, -2.6081292629241943]]
[337053, 23, 1, [0.1619405746459961, -2.326669931411743]]
[340253, 'popsize', 10]
[340803, 14, 0, [0.123332679271698, -4.172405242919922]]
[340803, 19, 0, [3.340050458908081, -4.713140487670898]]
[340803, 2, 0, [0.12333671003580093, -10.459131240844727]]
[340803, 9, 0, [4.366969585418701, -12.376665115356445]]
[340803, 18, 1, [4.054532051086426, -5.635918140411377]]
[340803, 6, 1, [2.939304828643799, -3.714609146118164]]
[340803, 20, 1, [12.37665843963623, -8.200972557067871]]
[340803, 5, 1, [3.329035997390747, -4.237063884735107]]
[340803, 4, 1, [9.970413208007812, -2.5468287467956543]]
[340803, 23, 1, [0.12484996020793915, -2.3255996704101562]]
[344153, 'popsize', 10]
[344703, 14, 0, [0.12332874536514282, -4.16780948638916]]
[344703, 19, 0, [3.2125141620635986, -4.685763835906982]]
[344703, 2, 0, [0.12333746999502182, -10.457006454467773]]
[344703, 9, 0, [4.362866401672363, -12.37667465209961]]
[344703, 18, 1, [4.026675224304199, -5.6082048416137695]]
[344703, 6, 1, [2.96915340423584, -3.7494876384735107]]
[344703, 20, 1, [12.376660346984863, -8.205904960632324]]
[344703, 5, 1, [3.529754161834717, -4.494065284729004]]
[344703, 4, 1, [10.132502555847168, -2.4056503772735596]]
[344703, 23, 1, [0.12453333288431168, -2.3337161540985107]]
[347953, 'popsize', 10]
[348503, 14, 0, [0.12333901226520538, -4.165017127990723]]
[348503, 19, 0, [3.161595106124878, -4.792576313018799]]
[348503, 2, 0, [0.12333504110574722, -10.453508377075195]]
[348503, 9, 0, [4.358763694763184, -12.376666069030762]]
[348503, 18, 1, [3.985265016555786, -5.592516899108887]]
[348503, 6, 1, [2.9065043926239014, -3.843813419342041]]
[348503, 20, 1, [12.376665115356445, -8.211090087890625]]
[348503, 5, 1, [3.71246600151062, -4.7568159103393555]]
[348503, 4, 1, [10.107894897460938, -2.4355695247650146]]
[348503, 23, 1, [0.12223776429891586, -2.3590190410614014]]
[351803, 'popsize', 10]
[352353, 14, 0, [0.12332668155431747, -4.161940097808838]]
[352353, 19, 0, [3.184077024459839, -4.843552589416504]]
[352353, 2, 0, [0.12333232164382935, -10.45033073425293]]
[352353, 9, 0, [4.3548688888549805, -12.376678466796875]]
[352353, 18, 1, [3.9843547344207764, -5.635012626647949]]
[352353, 6, 1, [2.8601410388946533, -3.7525887489318848]]
[352353, 20, 1, [12.376653671264648, -8.216285705566406]]
[352353, 5, 1, [3.8813681602478027, -5.027906894683838]]
[352353, 4, 1, [10.11976432800293, -2.368290901184082]]
[352353, 23, 1, [0.12004222720861435, -2.371807098388672]]
[355603, 'popsize', 10]
[356153, 14, 0, [0.12333287298679352, -4.157922744750977]]
[356153, 19, 0, [3.148369312286377, -4.749814510345459]]
[356153, 2, 0, [0.12332743406295776, -10.448282241821289]]
[356153, 9, 0, [4.350617408752441, -12.376676559448242]]
[356153, 18, 1, [3.952410936355591, -5.591437339782715]]
[356153, 6, 1, [2.861646890640259, -3.8067409992218018]]
[356153, 20, 1, [12.37666130065918, -8.221000671386719]]
[356153, 5, 1, [4.03448486328125, -5.304982662200928]]
[356153, 4, 1, [10.155425071716309, -2.412886142730713]]
[356153, 23, 1, [0.11515519767999649, -2.4013357162475586]]
[359503, 'popsize', 10]
[360053, 14, 0, [0.12333399057388306, -4.1541547775268555]]
[360053, 19, 0, [3.045401096343994, -4.921215057373047]]
[360053, 2, 0, [0.12333182990550995, -10.444992065429688]]
[360053, 9, 0, [4.346601963043213, -12.376675605773926]]
[360053, 18, 1, [3.906723737716675, -5.6219940185546875]]
[360053, 6, 1, [2.752145767211914, -3.8921749591827393]]
[360053, 20, 1, [12.376665115356445, -8.225790023803711]]
[360053, 5, 1, [4.067590236663818, -5.390526294708252]]
[360053, 4, 1, [10.167092323303223, -2.2492995262145996]]
[360053, 23, 1, [0.10931800305843353, -2.446455955505371]]
[363303, 'popsize', 10]
[363853, 14, 0, [0.1233346089720726, -4.150803565979004]]
[363853, 19, 0, [2.909440755844116, -5.135348320007324]]
[363853, 2, 0, [0.12324458360671997, -10.4418363571167]]
[363853, 9, 0, [4.342155933380127, -12.376663208007812]]
[363853, 18, 1, [3.8345484733581543, -5.658091068267822]]
[363853, 6, 1, [2.446835994720459, -3.7888545989990234]]
[363853, 20, 1, [12.376656532287598, -8.230703353881836]]
[363853, 5, 1, [3.9948277473449707, -5.563172340393066]]
[363853, 4, 1, [10.187091827392578, -2.2951598167419434]]
[363853, 23, 1, [0.10553933680057526, -2.509521722793579]]
[367203, 'popsize', 10]
[368553, 4, 1, [10.148988723754883, -2.285034418106079]]
[368553, 23, 1, [0.10574419796466827, -2.5744776725769043]]
[369253, 'popsize', 2]
[369403, 4, 1, [10.17167854309082, -2.2952821254730225]]
[369403, 23, 1, [0.10577897727489471, -2.586028575897217]]
[370053, 'popsize', 2]
[370203, 4, 1, [10.191304206848145, -2.2915894985198975]]
[370203, 23, 1, [0.1058109849691391, -2.5968379974365234]]
[370853, 'popsize', 2]
[371003, 4, 1, [10.204927444458008, -2.27091908454895]]
[371003, 23, 1, [0.10584254562854767, -2.6075875759124756]]
[371803, 'popsize', 2]
[371953, 4, 1, [10.197805404663086, -2.238159656524658]]
[371953, 23, 1, [0.10587902367115021, -2.62028431892395]]
[372653, 'popsize', 2]
[372803, 4, 1, [10.180583953857422, -2.2301671504974365]]
[372803, 23, 1, [0.10591070353984833, -2.631584882736206]]
[373503, 'popsize', 2]
[373653, 4, 1, [10.153321266174316, -2.2425754070281982]]
[373653, 23, 1, [0.10594241321086884, -2.642824172973633]]
[374353, 'popsize', 2]
[374503, 4, 1, [10.146702766418457, -2.2709569931030273]]
[374503, 23, 1, [0.10597310960292816, -2.6540114879608154]]
[375153, 'popsize', 2]
[375303, 4, 1, [10.159173965454102, -2.2885823249816895]]
[375303, 23, 1, [0.10598871856927872, -2.664440870285034]]
[376003, 'popsize', 2]
[376153, 4, 1, [10.184239387512207, -2.2897558212280273]]
[376153, 23, 1, [0.1060008555650711, -2.6756043434143066]]
[376903, 'popsize', 2]
[377053, 4, 1, [10.207185745239258, -2.2703754901885986]]
[377053, 23, 1, [0.10600707679986954, -2.6872241497039795]]
[377753, 'popsize', 2]
[377903, 4, 1, [10.207921028137207, -2.2413368225097656]]
[377903, 23, 1, [0.10599406808614731, -2.698481321334839]]
[378553, 'popsize', 2]
[378703, 4, 1, [10.195345878601074, -2.2218031883239746]]
[378703, 23, 1, [0.10600879043340683, -2.7089686393737793]]
[379403, 'popsize', 2]
[379553, 4, 1, [10.172408103942871, -2.2223353385925293]]
[379553, 23, 1, [0.10601015388965607, -2.720116138458252]]
[380203, 'popsize', 2]
[380353, 4, 1, [10.154095649719238, -2.2417922019958496]]
[380353, 23, 1, [0.10601837933063507, -2.7305538654327393]]
[381003, 'popsize', 2]
[381153, 4, 1, [10.157902717590332, -2.2671561241149902]]
[381153, 23, 1, [0.10600944608449936, -2.741140842437744]]
[381853, 'popsize', 2]
[382003, 4, 1, [10.18017864227295, -2.279205083847046]]
[382003, 23, 1, [0.10603414475917816, -2.752180576324463]]
[382653, 'popsize', 2]
[382803, 4, 1, [10.206603050231934, -2.2731828689575195]]
[382803, 23, 1, [0.10604023933410645, -2.7625460624694824]]
[383453, 'popsize', 2]
[383603, 4, 1, [10.21776008605957, -2.251237630844116]]
[383603, 23, 1, [0.10603036731481552, -2.7731094360351562]]
[384253, 'popsize', 2]
[384403, 4, 1, [10.213367462158203, -2.224182367324829]]
[384403, 23, 1, [0.10601355880498886, -2.7836620807647705]]
[385153, 'popsize', 2]
[385303, 4, 1, [10.192573547363281, -2.206437587738037]]
[385303, 23, 1, [0.1060347706079483, -2.795353651046753]]
[385953, 'popsize', 2]
[386103, 4, 1, [10.165750503540039, -2.213773250579834]]
[386103, 23, 1, [0.10600648820400238, -2.805954933166504]]
[386803, 'popsize', 2]
[386953, 4, 1, [10.152986526489258, -2.2405219078063965]]
[386953, 23, 1, [0.10603548586368561, -2.816990375518799]]
[387603, 'popsize', 2]
[387753, 4, 1, [10.165668487548828, -2.2642998695373535]]
[387753, 23, 1, [0.10602708905935287, -2.827469825744629]]
[388403, 'popsize', 2]
[388553, 4, 1, [10.183282852172852, -2.2659127712249756]]
[388553, 23, 1, [0.10603294521570206, -2.8377718925476074]]
[389203, 'popsize', 2]
[389353, 4, 1, [10.207212448120117, -2.253932237625122]]
[389353, 23, 1, [0.10600537061691284, -2.848435163497925]]
[390003, 'popsize', 2]
[390153, 4, 1, [10.217767715454102, -2.2291712760925293]]
[390153, 23, 1, [0.10602830350399017, -2.858867883682251]]
[390853, 'popsize', 2]
[391003, 4, 1, [10.210718154907227, -2.2062125205993652]]
[391003, 23, 1, [0.10599412769079208, -2.8702025413513184]]
[391653, 'popsize', 2]
[391803, 4, 1, [10.19621467590332, -2.198697328567505]]
[391803, 23, 1, [0.10601700842380524, -2.880676031112671]]
[392453, 'popsize', 2]
[392603, 4, 1, [10.173043251037598, -2.209514856338501]]
[392603, 23, 1, [0.10599932819604874, -2.8912789821624756]]
[393253, 'popsize', 2]
[393403, 4, 1, [10.166105270385742, -2.2344183921813965]]
[393403, 23, 1, [0.10601575672626495, -2.901766777038574]]
[394053, 'popsize', 2]
[394203, 4, 1, [10.175127983093262, -2.2520956993103027]]
[394203, 23, 1, [0.10603572428226471, -2.9122023582458496]]
[394953, 'popsize', 2]
[395103, 4, 1, [10.200559616088867, -2.254286289215088]]
[395103, 23, 1, [0.10603447258472443, -2.9240221977233887]]
[395803, 'popsize', 2]
[395953, 4, 1, [10.222830772399902, -2.2365808486938477]]
[395953, 23, 1, [0.10603542625904083, -2.9351983070373535]]
[396703, 'popsize', 2]
[396853, 4, 1, [10.225319862365723, -2.2075016498565674]]
[396853, 23, 1, [0.10603503882884979, -2.9469895362854004]]
[397604, 'popsize', 2]
[397754, 4, 1, [10.217233657836914, -2.1916050910949707]]
[397754, 23, 1, [0.1060391291975975, -2.9587960243225098]]
[398403, 'popsize', 2]
[398554, 4, 1, [10.192771911621094, -2.191943883895874]]
[398554, 23, 1, [0.10604141652584076, -2.9693069458007812]]
[399253, 'popsize', 2]
[399404, 4, 1, [10.174626350402832, -2.213686466217041]]
[399404, 23, 1, [0.10602869093418121, -2.98052978515625]]
[400054, 'popsize', 2]
[400204, 4, 1, [10.17966079711914, -2.2399020195007324]]
[400204, 23, 1, [0.10603368282318115, -2.9910240173339844]]
[400954, 'popsize', 2]
[401104, 4, 1, [10.19199275970459, -2.247757911682129]]
[401104, 23, 1, [0.10603080689907074, -3.002866506576538]]
[401804, 'popsize', 2]
[401954, 4, 1, [10.21513557434082, -2.2373886108398438]]
[401954, 23, 1, [0.10603839159011841, -3.0140013694763184]]
[402654, 'popsize', 2]
[402804, 4, 1, [10.223648071289062, -2.2122139930725098]]
[402804, 23, 1, [0.10603656619787216, -3.0251822471618652]]
[403504, 'popsize', 2]
[403654, 4, 1, [10.216134071350098, -2.186983346939087]]
[403654, 23, 1, [0.10603900998830795, -3.0363218784332275]]
[404304, 'popsize', 2]
[404454, 4, 1, [10.19068717956543, -2.1757800579071045]]
[404454, 23, 1, [0.10604117065668106, -3.046825647354126]]
[405204, 'popsize', 2]
[405354, 4, 1, [10.164023399353027, -2.1923930644989014]]
[405354, 23, 1, [0.1060401052236557, -3.0586533546447754]]
[406004, 'popsize', 2]
[406154, 4, 1, [10.159418106079102, -2.216919183731079]]
[406154, 23, 1, [0.10604614019393921, -3.069127321243286]]
[406854, 'popsize', 2]
[407004, 4, 1, [10.176729202270508, -2.234098434448242]]
[407004, 23, 1, [0.10604933649301529, -3.08024001121521]]
[407704, 'popsize', 2]
[407854, 4, 1, [10.20307731628418, -2.23240327835083]]
[407854, 23, 1, [0.10605327039957047, -3.0913617610931396]]
[408504, 'popsize', 2]
[408654, 4, 1, [10.223488807678223, -2.2136783599853516]]
[408654, 23, 1, [0.10604498535394669, -3.101792573928833]]
[409404, 'popsize', 2]
[409554, 4, 1, [10.224053382873535, -2.1823766231536865]]
[409554, 23, 1, [0.10602279752492905, -3.113564968109131]]
[410304, 'popsize', 2]
[410454, 4, 1, [10.21635913848877, -2.1703200340270996]]
[410454, 23, 1, [0.10603171586990356, -3.1251089572906494]]
[411154, 'popsize', 2]
[411304, 4, 1, [10.188133239746094, -2.176050901412964]]
[411304, 23, 1, [0.10600581020116806, -3.136152744293213]]
[412004, 'popsize', 2]
[412154, 4, 1, [10.174643516540527, -2.1999318599700928]]
[412154, 23, 1, [0.10601766407489777, -3.1468892097473145]]
[412804, 'popsize', 2]
[412954, 4, 1, [10.182544708251953, -2.220686912536621]]
[412954, 23, 1, [0.1059778705239296, -3.1570041179656982]]
[413704, 'popsize', 2]
[413854, 4, 1, [10.203574180603027, -2.2264816761016846]]
[413854, 23, 1, [0.10598009824752808, -3.1687521934509277]]
[414504, 'popsize', 2]
[414654, 4, 1, [10.226617813110352, -2.2154669761657715]]
[414654, 23, 1, [0.10600833594799042, -3.1792378425598145]]
[415404, 'popsize', 2]
[415554, 4, 1, [10.237855911254883, -2.186654567718506]]
[415554, 23, 1, [0.10603883117437363, -3.1909596920013428]]
[416254, 'popsize', 2]
[416404, 4, 1, [10.230941772460938, -2.166189670562744]]
[416404, 23, 1, [0.10601554811000824, -3.202204465866089]]
[417104, 'popsize', 2]
[417254, 4, 1, [10.209341049194336, -2.1610140800476074]]
[417254, 23, 1, [0.10603457689285278, -3.2133095264434814]]
[417904, 'popsize', 2]
[418054, 4, 1, [10.18671703338623, -2.1792871952056885]]
[418054, 23, 1, [0.10600762069225311, -3.223907470703125]]
[418804, 'popsize', 2]
[418954, 4, 1, [10.185246467590332, -2.2091879844665527]]
[418954, 23, 1, [0.1060219407081604, -3.2357208728790283]]
[419704, 'popsize', 2]
[419854, 4, 1, [10.200852394104004, -2.2212631702423096]]
[419854, 23, 1, [0.10604101419448853, -3.247281312942505]]
[420554, 'popsize', 2]
[420704, 4, 1, [10.22806453704834, -2.2152724266052246]]
[420704, 23, 1, [0.10601907968521118, -3.2586777210235596]]
[421354, 'popsize', 2]
[421504, 4, 1, [10.242170333862305, -2.1941628456115723]]
[421504, 23, 1, [0.10604429244995117, -3.269069194793701]]
[422204, 'popsize', 2]
[422354, 4, 1, [10.23740005493164, -2.165050983428955]]
[422354, 23, 1, [0.10602649301290512, -3.2802071571350098]]
[423054, 'popsize', 2]
[423204, 4, 1, [10.21584701538086, -2.15299129486084]]
[423204, 23, 1, [0.10604777187108994, -3.291257858276367]]
[423904, 'popsize', 2]
[424154, 23, 1, [0.10603541135787964, -3.303790330886841]]
