[time, indiv, gender, coords]
[2200, 'popsize', 4]
[2450, 13, 0, [3.3617279529571533, -10.921506881713867]]
[2450, 7, 0, [3.6723532676696777, -1.920285940170288]]
[2450, 24, 1, [5.01212739944458, -7.177555084228516]]
[2450, 4, 1, [10.189924240112305, -4.348743438720703]]
[4000, 'popsize', 4]
[4250, 13, 0, [3.4915931224823, -10.911299705505371]]
[4250, 7, 0, [3.6439013481140137, -1.8867467641830444]]
[4250, 24, 1, [5.001946449279785, -7.129429817199707]]
[4250, 4, 1, [10.119291305541992, -4.338652610778809]]
[5900, 'popsize', 4]
[6150, 13, 0, [3.633899211883545, -10.892207145690918]]
[6150, 7, 0, [3.664091110229492, -1.8466176986694336]]
[6150, 24, 1, [5.046230792999268, -7.108922004699707]]
[6150, 4, 1, [10.130827903747559, -4.356059551239014]]
[7500, 'popsize', 4]
[7750, 13, 0, [3.760286808013916, -10.869156837463379]]
[7750, 7, 0, [3.7008519172668457, -1.842233657836914]]
[7750, 24, 1, [5.054255962371826, -7.106192588806152]]
[7750, 4, 1, [10.11258316040039, -4.300180912017822]]
[9150, 'popsize', 4]
[9400, 13, 0, [3.8798587322235107, -10.841981887817383]]
[9400, 7, 0, [3.7216594219207764, -1.8599857091903687]]
[9400, 24, 1, [5.0288519859313965, -7.177643775939941]]
[9400, 4, 1, [10.127596855163574, -4.234992027282715]]
[10850, 'popsize', 4]
[11100, 13, 0, [4.010489463806152, -10.804770469665527]]
[11100, 7, 0, [3.709282398223877, -1.8833801746368408]]
[11100, 24, 1, [4.95712947845459, -7.3024773597717285]]
[11100, 4, 1, [10.177142143249512, -4.175352096557617]]
[12600, 'popsize', 4]
[12850, 13, 0, [4.143368244171143, -10.760051727294922]]
[12850, 7, 0, [3.6523964405059814, -1.9086248874664307]]
[12850, 24, 1, [4.881317615509033, -7.430656433105469]]
[12850, 4, 1, [10.264753341674805, -4.135782241821289]]
[14300, 'popsize', 4]
[14550, 13, 0, [4.271780967712402, -10.709637641906738]]
[14550, 7, 0, [3.6105599403381348, -1.8857421875]]
[14550, 24, 1, [4.806455612182617, -7.554650783538818]]
[14550, 4, 1, [10.358380317687988, -4.142117023468018]]
[15950, 'popsize', 4]
[16200, 13, 0, [4.390604019165039, -10.656160354614258]]
[16200, 7, 0, [3.6131958961486816, -1.8458759784698486]]
[16200, 24, 1, [4.732397556304932, -7.673848628997803]]
[16200, 4, 1, [10.437248229980469, -4.190475940704346]]
[17550, 'popsize', 4]
[17800, 13, 0, [4.5031867027282715, -10.600432395935059]]
[17800, 7, 0, [3.645989179611206, -1.82707941532135]]
[17800, 24, 1, [4.661604881286621, -7.785624027252197]]
[17800, 4, 1, [10.483590126037598, -4.266427040100098]]
[19450, 'popsize', 4]
[19700, 13, 0, [4.634749412536621, -10.526930809020996]]
[19700, 7, 0, [3.7058491706848145, -1.8371483087539673]]
[19700, 24, 1, [4.627799987792969, -7.842765808105469]]
[19700, 4, 1, [10.486706733703613, -4.374261856079102]]
[21200, 'popsize', 4]
[21450, 13, 0, [4.744139671325684, -10.45930004119873]]
[21450, 7, 0, [3.7404494285583496, -1.8904310464859009]]
[21450, 24, 1, [4.590615272521973, -7.864132881164551]]
[21450, 4, 1, [10.437796592712402, -4.460544586181641]]
[23050, 'popsize', 4]
[23300, 13, 0, [4.864811897277832, -10.378107070922852]]
[23300, 7, 0, [3.717561721801758, -1.953960657119751]]
[23300, 24, 1, [4.568734169006348, -7.849165439605713]]
[23300, 4, 1, [10.447057723999023, -4.475576877593994]]
[24900, 'popsize', 4]
[25150, 13, 0, [4.963626861572266, -10.30527114868164]]
[25150, 7, 0, [3.6539204120635986, -1.9734188318252563]]
[25150, 24, 1, [4.605471611022949, -7.8240766525268555]]
[25150, 4, 1, [10.435565948486328, -4.484415054321289]]
[26750, 'popsize', 4]
[27000, 13, 0, [5.060094833374023, -10.228752136230469]]
[27000, 7, 0, [3.631467342376709, -1.937011480331421]]
[27000, 24, 1, [4.583869934082031, -7.8729658126831055]]
[27000, 4, 1, [10.378644943237305, -4.4307403564453125]]
[28600, 'popsize', 4]
[28850, 13, 0, [5.158185958862305, -10.142393112182617]]
[28850, 7, 0, [3.6522316932678223, -1.899903655052185]]
[28850, 24, 1, [4.55427885055542, -7.899362087249756]]
[28850, 4, 1, [10.353322982788086, -4.3353590965271]]
[30500, 'popsize', 4]
[30750, 13, 0, [5.261307716369629, -10.040903091430664]]
[30750, 7, 0, [3.695580244064331, -1.9009191989898682]]
[30750, 24, 1, [4.516385078430176, -7.8860182762146]]
[30750, 4, 1, [10.379817962646484, -4.241341590881348]]
[32400, 'popsize', 4]
[32650, 13, 0, [5.349625110626221, -9.946828842163086]]
[32650, 7, 0, [3.712947368621826, -1.9402997493743896]]
[32650, 24, 1, [4.572638511657715, -7.896360874176025]]
[32650, 4, 1, [10.447514533996582, -4.186507225036621]]
[34300, 'popsize', 4]
[34550, 13, 0, [5.437870025634766, -9.84540843963623]]
[34550, 7, 0, [3.6878113746643066, -1.977643609046936]]
[34550, 24, 1, [4.603062629699707, -7.987044334411621]]
[34550, 4, 1, [10.549196243286133, -4.165066719055176]]
[36200, 'popsize', 4]
[36450, 13, 0, [5.523507118225098, -9.735949516296387]]
[36450, 7, 0, [3.6473464965820312, -1.966727614402771]]
[36450, 24, 1, [4.630922794342041, -8.146383285522461]]
[36450, 4, 1, [10.649609565734863, -4.199395179748535]]
[38100, 'popsize', 4]
[38350, 13, 0, [5.6049418449401855, -9.62191104888916]]
[38350, 7, 0, [3.6312148571014404, -1.9236387014389038]]
[38350, 24, 1, [4.65712833404541, -8.305177688598633]]
[38350, 4, 1, [10.716005325317383, -4.281792163848877]]
[39900, 'popsize', 4]
[40150, 13, 0, [5.68178653717041, -9.503214836120605]]
[40150, 7, 0, [3.660989761352539, -1.891237497329712]]
[40150, 24, 1, [4.675172805786133, -8.373180389404297]]
[40150, 4, 1, [10.730470657348633, -4.384225368499756]]
[41700, 'popsize', 4]
[41950, 13, 0, [5.7543110847473145, -9.378358840942383]]
[41950, 7, 0, [3.7000300884246826, -1.8978570699691772]]
[41950, 24, 1, [4.656623363494873, -8.418274879455566]]
[41950, 4, 1, [10.690542221069336, -4.478769302368164]]
[43550, 'popsize', 4]
[43800, 13, 0, [5.823616981506348, -9.244951248168945]]
[43800, 7, 0, [3.7174735069274902, -1.9373575448989868]]
[43800, 24, 1, [4.635264873504639, -8.396072387695312]]
[43800, 4, 1, [10.604974746704102, -4.5397748947143555]]
[45350, 'popsize', 4]
[45600, 13, 0, [5.884593486785889, -9.112672805786133]]
[45600, 7, 0, [3.6902923583984375, -1.968829870223999]]
[45600, 24, 1, [4.664737701416016, -8.357263565063477]]
[45600, 4, 1, [10.506654739379883, -4.546090126037598]]
[47100, 'popsize', 4]
[47350, 13, 0, [5.937404632568359, -8.982061386108398]]
[47350, 7, 0, [3.6487128734588623, -1.963435173034668]]
[47350, 24, 1, [4.717421054840088, -8.415356636047363]]
[47350, 4, 1, [10.447061538696289, -4.529313087463379]]
[48900, 'popsize', 4]
[49150, 13, 0, [5.9829936027526855, -8.849302291870117]]
[49150, 7, 0, [3.634154796600342, -1.9265906810760498]]
[49150, 24, 1, [4.758409023284912, -8.463913917541504]]
[49150, 4, 1, [10.455595016479492, -4.5393290519714355]]
[50750, 'popsize', 4]
[51000, 13, 0, [6.024679660797119, -8.705765724182129]]
[51000, 7, 0, [3.6565985679626465, -1.8884719610214233]]
[51000, 24, 1, [4.756896018981934, -8.506929397583008]]
[51000, 4, 1, [10.4403076171875, -4.458437919616699]]
[52600, 'popsize', 4]
[52850, 13, 0, [6.05927848815918, -8.560007095336914]]
[52850, 7, 0, [3.7046940326690674, -1.889796495437622]]
[52850, 24, 1, [4.7036004066467285, -8.513875961303711]]
[52850, 4, 1, [10.467333793640137, -4.362537860870361]]
[54500, 'popsize', 4]
[54750, 13, 0, [6.088006496429443, -8.409269332885742]]
[54750, 7, 0, [3.7456016540527344, -1.8837541341781616]]
[54750, 24, 1, [4.725131034851074, -8.517601013183594]]
[54750, 4, 1, [10.53808879852295, -4.305788040161133]]
[56300, 'popsize', 4]
[56550, 13, 0, [6.108482360839844, -8.265153884887695]]
[56550, 7, 0, [3.741791248321533, -1.8761793375015259]]
[56550, 24, 1, [4.771857261657715, -8.537603378295898]]
[56550, 4, 1, [10.634903907775879, -4.286698341369629]]
[58050, 'popsize', 4]
[58300, 13, 0, [6.121209144592285, -8.124824523925781]]
[58300, 7, 0, [3.712315797805786, -1.9031059741973877]]
[58300, 24, 1, [4.787906646728516, -8.575971603393555]]
[58300, 4, 1, [10.726906776428223, -4.316268444061279]]
[59950, 'popsize', 4]
[60200, 13, 0, [6.127219200134277, -7.971299171447754]]
[60200, 7, 0, [3.672987699508667, -1.8863246440887451]]
[60200, 24, 1, [4.744654178619385, -8.601523399353027]]
[60200, 4, 1, [10.79745864868164, -4.39461088180542]]
[61800, 'popsize', 4]
[62050, 13, 0, [6.125213146209717, -7.822193145751953]]
[62050, 7, 0, [3.662214756011963, -1.8396714925765991]]
[62050, 24, 1, [4.787379264831543, -8.532621383666992]]
[62050, 4, 1, [10.816611289978027, -4.4968671798706055]]
[63700, 'popsize', 4]
[63950, 13, 0, [6.114918231964111, -7.669991493225098]]
[63950, 7, 0, [3.697727680206299, -1.8110042810440063]]
[63950, 24, 1, [4.8900251388549805, -8.433294296264648]]
[63950, 4, 1, [10.8012113571167, -4.569086074829102]]
[65450, 'popsize', 4]
[65700, 13, 0, [6.0983991622924805, -7.529760837554932]]
[65700, 7, 0, [3.7350661754608154, -1.8276565074920654]]
[65700, 24, 1, [4.978400230407715, -8.355567932128906]]
[65700, 4, 1, [10.859552383422852, -4.510692596435547]]
[67150, 'popsize', 4]
[67400, 13, 0, [6.077635765075684, -7.398982048034668]]
[67400, 7, 0, [3.7525486946105957, -1.8290643692016602]]
[67400, 24, 1, [5.0752973556518555, -8.27851676940918]]
[67400, 4, 1, [10.789640426635742, -4.564610958099365]]
[68950, 'popsize', 4]
[69200, 13, 0, [6.04833984375, -7.2593536376953125]]
[69200, 7, 0, [3.767503023147583, -1.8162841796875]]
[69200, 24, 1, [5.190399169921875, -8.193926811218262]]
[69200, 4, 1, [10.786279678344727, -4.582652568817139]]
[70650, 'popsize', 4]
[70900, 13, 0, [6.013883113861084, -7.12664270401001]]
[70900, 7, 0, [3.727827548980713, -1.8270756006240845]]
[70900, 24, 1, [5.2995924949646, -8.117709159851074]]
[70900, 4, 1, [10.782262802124023, -4.593264579772949]]
[72150, 'popsize', 4]
[72400, 13, 0, [5.979340553283691, -7.011316776275635]]
[72400, 7, 0, [3.6996569633483887, -1.8037445545196533]]
[72400, 24, 1, [5.398136138916016, -8.052675247192383]]
[72400, 4, 1, [10.724103927612305, -4.565520286560059]]
[73900, 'popsize', 4]
[74150, 13, 0, [5.933256149291992, -6.877628326416016]]
[74150, 7, 0, [3.7000701427459717, -1.7623094320297241]]
[74150, 24, 1, [5.435057640075684, -8.02454948425293]]
[74150, 4, 1, [10.67409896850586, -4.495536804199219]]
[75750, 'popsize', 4]
[76000, 13, 0, [5.8780999183654785, -6.741641044616699]]
[76000, 7, 0, [3.7380855083465576, -1.7415142059326172]]
[76000, 24, 1, [5.4505181312561035, -8.032332420349121]]
[76000, 4, 1, [10.658501625061035, -4.3968610763549805]]
[77600, 'popsize', 4]
[77850, 13, 0, [5.815127849578857, -6.6074724197387695]]
[77850, 7, 0, [3.7520134449005127, -1.7239501476287842]]
[77850, 24, 1, [5.4496564865112305, -8.081649780273438]]
[77850, 4, 1, [10.69310188293457, -4.306753635406494]]
[79500, 'popsize', 4]
[79750, 13, 0, [5.743099689483643, -6.473747253417969]]
[79750, 7, 0, [3.729684352874756, -1.6937522888183594]]
[79750, 24, 1, [5.427275657653809, -8.057195663452148]]
[79750, 4, 1, [10.769018173217773, -4.254570960998535]]
[81300, 'popsize', 4]
[81550, 13, 0, [5.669872760772705, -6.354304313659668]]
[81550, 7, 0, [3.7123970985412598, -1.7111289501190186]]
[81550, 24, 1, [5.473859786987305, -7.9132819175720215]]
[81550, 4, 1, [10.866968154907227, -4.242168426513672]]
[83200, 'popsize', 4]
[83450, 13, 0, [5.586621284484863, -6.235432147979736]]
[83450, 7, 0, [3.670771837234497, -1.6950820684432983]]
[83450, 24, 1, [5.527547359466553, -7.764118194580078]]
[83450, 4, 1, [10.963306427001953, -4.2844672203063965]]
[85000, 'popsize', 4]
[85250, 13, 0, [5.503424644470215, -6.1318678855896]]
[85250, 7, 0, [3.6659679412841797, -1.6523921489715576]]
[85250, 24, 1, [5.582350730895996, -7.621946811676025]]
[85250, 4, 1, [11.022673606872559, -4.366846561431885]]
[86850, 'popsize', 4]
[87100, 13, 0, [5.403648376464844, -6.024747371673584]]
[87100, 7, 0, [3.700716018676758, -1.6286487579345703]]
[87100, 24, 1, [5.626996994018555, -7.507090091705322]]
[87100, 4, 1, [11.03278923034668, -4.4712114334106445]]
[88700, 'popsize', 4]
[88950, 13, 0, [5.296485900878906, -5.923178195953369]]
[88950, 7, 0, [3.741060733795166, -1.6464974880218506]]
[88950, 24, 1, [5.713794231414795, -7.492822170257568]]
[88950, 4, 1, [10.987465858459473, -4.563406944274902]]
[90550, 'popsize', 4]
