[time, indiv, gender, coords]
[2200, 'popsize', 4]
[2450, 8, 0, [10.360615730285645, -6.713655948638916]]
[2450, 12, 0, [10.164546012878418, -8.849737167358398]]
[2450, 11, 1, [5.757899284362793, -2.1751437187194824]]
[2450, 7, 1, [3.7005131244659424, -1.923426866531372]]
[4000, 'popsize', 4]
[4250, 8, 0, [10.429925918579102, -6.782868385314941]]
[4250, 12, 0, [10.01536750793457, -8.847372055053711]]
[4250, 11, 1, [5.8677754402160645, -2.1754631996154785]]
[4250, 7, 1, [3.662815809249878, -1.9247314929962158]]
[5750, 'popsize', 4]
[6000, 8, 0, [10.481649398803711, -6.880584716796875]]
[6000, 12, 0, [9.869357109069824, -8.844162940979004]]
[6000, 11, 1, [6.003203392028809, -2.1763508319854736]]
[6000, 7, 1, [3.6600067615509033, -1.9195501804351807]]
[7550, 'popsize', 4]
[7800, 8, 0, [10.484957695007324, -6.981620788574219]]
[7800, 12, 0, [9.720548629760742, -8.838706970214844]]
[7800, 11, 1, [6.150551795959473, -2.1741812229156494]]
[7800, 7, 1, [3.6571216583251953, -1.9228731393814087]]
[9250, 'popsize', 4]
[9500, 8, 0, [10.446004867553711, -7.067205905914307]]
[9500, 12, 0, [9.579078674316406, -8.831632614135742]]
[9500, 11, 1, [6.293076515197754, -2.169917106628418]]
[9500, 7, 1, [3.6550445556640625, -1.9198188781738281]]
[11050, 'popsize', 4]
[11300, 8, 0, [10.368171691894531, -7.1299920082092285]]
[11300, 12, 0, [9.42971134185791, -8.82232666015625]]
[11300, 11, 1, [6.443918704986572, -2.164539098739624]]
[11300, 7, 1, [3.6564865112304688, -1.9291683435440063]]
[12950, 'popsize', 4]
[13200, 8, 0, [10.263117790222168, -7.148480415344238]]
[13200, 12, 0, [9.27158260345459, -8.81067943572998]]
[13200, 11, 1, [6.604493141174316, -2.1569082736968994]]
[13200, 7, 1, [3.660165309906006, -1.9319978952407837]]
[14850, 'popsize', 4]
[15100, 8, 0, [10.16336441040039, -7.113344669342041]]
[15100, 12, 0, [9.113798141479492, -8.796784400939941]]
[15100, 11, 1, [6.7643141746521, -2.1456475257873535]]
[15100, 7, 1, [3.64862060546875, -1.9329941272735596]]
[16550, 'popsize', 4]
[16800, 8, 0, [10.099956512451172, -7.047756195068359]]
[16800, 12, 0, [8.973674774169922, -8.782780647277832]]
[16800, 11, 1, [6.907532691955566, -2.1325981616973877]]
[16800, 7, 1, [3.6468288898468018, -1.9416530132293701]]
[18250, 'popsize', 4]
[18500, 8, 0, [10.071978569030762, -6.959936618804932]]
[18500, 12, 0, [8.834192276000977, -8.766580581665039]]
[18500, 11, 1, [7.0473737716674805, -2.117952585220337]]
[18500, 7, 1, [3.6422812938690186, -1.9400945901870728]]
[20150, 'popsize', 4]
[20400, 8, 0, [10.087991714477539, -6.8608717918396]]
[20400, 12, 0, [8.677363395690918, -8.745957374572754]]
[20400, 11, 1, [7.200228214263916, -2.100283145904541]]
[20400, 7, 1, [3.6480250358581543, -1.9385721683502197]]
[22050, 'popsize', 4]
[22300, 8, 0, [10.14549732208252, -6.737974643707275]]
[22300, 12, 0, [8.521775245666504, -8.722757339477539]]
[22300, 11, 1, [7.360007286071777, -2.0792720317840576]]
[22300, 7, 1, [3.699599504470825, -1.9198249578475952]]
[23650, 'popsize', 4]
[23900, 8, 0, [10.200948715209961, -6.614881992340088]]
[23900, 12, 0, [8.390649795532227, -8.700311660766602]]
[23900, 11, 1, [7.483532905578613, -2.0609042644500732]]
[23900, 7, 1, [3.699158191680908, -1.9147279262542725]]
[25500, 'popsize', 4]
[25750, 8, 0, [10.262889862060547, -6.471227169036865]]
[25750, 12, 0, [8.239157676696777, -8.673335075378418]]
[25750, 11, 1, [7.550745487213135, -2.046894073486328]]
[25750, 7, 1, [3.703054428100586, -1.9054033756256104]]
[27300, 'popsize', 4]
[27550, 8, 0, [10.315814018249512, -6.34090518951416]]
[27550, 12, 0, [8.094532012939453, -8.645814895629883]]
[27550, 11, 1, [7.641090393066406, -2.0233404636383057]]
[27550, 7, 1, [3.771012544631958, -1.9438722133636475]]
[29200, 'popsize', 4]
[29450, 8, 0, [10.371726989746094, -6.194075584411621]]
[29450, 12, 0, [7.942320346832275, -8.614961624145508]]
[29450, 11, 1, [7.71382999420166, -1.9853074550628662]]
[29450, 7, 1, [3.7973132133483887, -1.9789714813232422]]
[31050, 'popsize', 4]
[31300, 8, 0, [10.425350189208984, -6.0475239753723145]]
[31300, 12, 0, [7.791402339935303, -8.581401824951172]]
[31300, 11, 1, [7.804637908935547, -1.9278860092163086]]
[31300, 7, 1, [3.7622427940368652, -2.0153191089630127]]
[32950, 'popsize', 4]
[33200, 8, 0, [10.477555274963379, -5.896410942077637]]
[33200, 12, 0, [7.637856483459473, -8.54531192779541]]
[33200, 11, 1, [7.8838958740234375, -1.8875011205673218]]
[33200, 7, 1, [3.7563202381134033, -2.009298801422119]]
[34850, 'popsize', 4]
[35100, 8, 0, [10.53123664855957, -5.781329154968262]]
[35100, 12, 0, [7.489795684814453, -8.509673118591309]]
[35100, 11, 1, [7.969037055969238, -1.8786847591400146]]
[35100, 7, 1, [3.9026310443878174, -2.0607006549835205]]
[36750, 'popsize', 4]
[37000, 8, 0, [10.603893280029297, -5.63815975189209]]
[37000, 12, 0, [7.339175224304199, -8.470687866210938]]
[37000, 11, 1, [8.02534294128418, -1.8913300037384033]]
[37000, 7, 1, [4.050693988800049, -2.1224894523620605]]
[38500, 'popsize', 4]
[38750, 8, 0, [10.668588638305664, -5.504685401916504]]
[38750, 12, 0, [7.2012763023376465, -8.432694435119629]]
[38750, 11, 1, [7.923754692077637, -1.8181778192520142]]
[38750, 7, 1, [4.172722816467285, -2.1711785793304443]]
[40350, 'popsize', 4]
[40600, 8, 0, [10.733630180358887, -5.3655571937561035]]
[40600, 12, 0, [7.056471347808838, -8.391801834106445]]
[40600, 11, 1, [7.798966407775879, -1.723371148109436]]
[40600, 7, 1, [4.205915927886963, -2.184581756591797]]
[42150, 'popsize', 4]
[42400, 8, 0, [10.796104431152344, -5.225996494293213]]
[42400, 12, 0, [6.9129319190979, -8.34907341003418]]
[42400, 11, 1, [7.68283748626709, -1.6306238174438477]]
[42400, 7, 1, [4.192386150360107, -2.2209885120391846]]
[44000, 'popsize', 4]
[44250, 8, 0, [10.849847793579102, -5.110939979553223]]
[44250, 12, 0, [6.766791343688965, -8.302009582519531]]
[44250, 11, 1, [7.563704490661621, -1.530787467956543]]
[44250, 7, 1, [4.149476051330566, -2.2266685962677]]
[45900, 'popsize', 4]
[46150, 8, 0, [10.931085586547852, -5.011634349822998]]
[46150, 12, 0, [6.620929718017578, -8.251458168029785]]
[46150, 11, 1, [7.444226264953613, -1.423559546470642]]
[46150, 7, 1, [4.156235694885254, -2.2187345027923584]]
[47800, 'popsize', 4]
[48050, 8, 0, [11.021406173706055, -4.894686698913574]]
[48050, 12, 0, [6.472247123718262, -8.196370124816895]]
[48050, 11, 1, [7.327176570892334, -1.3127315044403076]]
[48050, 7, 1, [4.228981971740723, -2.216294288635254]]
[49700, 'popsize', 4]
[49950, 8, 0, [11.099172592163086, -4.811558723449707]]
[49950, 12, 0, [6.327691078186035, -8.139445304870605]]
[49950, 11, 1, [7.213115692138672, -1.199580430984497]]
[49950, 7, 1, [4.232974052429199, -2.2157645225524902]]
[51550, 'popsize', 4]
[51800, 8, 0, [11.183324813842773, -4.749229907989502]]
[51800, 12, 0, [6.186269760131836, -8.079910278320312]]
[51800, 11, 1, [7.105284690856934, -1.0869619846343994]]
[51800, 7, 1, [4.231904983520508, -2.2123334407806396]]
[53400, 'popsize', 4]
[53650, 8, 0, [11.29088020324707, -4.700451374053955]]
[53650, 12, 0, [6.045868873596191, -8.017443656921387]]
[53650, 11, 1, [7.004275321960449, -0.9749441146850586]]
[53650, 7, 1, [4.233173370361328, -2.212930679321289]]
[55200, 'popsize', 4]
[55450, 8, 0, [11.388444900512695, -4.678048133850098]]
[55450, 12, 0, [5.910264015197754, -7.954598903656006]]
[55450, 11, 1, [6.905067443847656, -0.8593418002128601]]
[55450, 7, 1, [4.244113922119141, -2.2091941833496094]]
[57100, 'popsize', 4]
[57350, 8, 0, [11.487732887268066, -4.710373878479004]]
[57350, 12, 0, [5.770601749420166, -7.887345314025879]]
[57350, 11, 1, [6.803470611572266, -0.7350708246231079]]
[57350, 7, 1, [4.238502502441406, -2.2041704654693604]]
[59000, 'popsize', 4]
[59250, 8, 0, [11.603652000427246, -4.790122032165527]]
[59250, 12, 0, [5.6301984786987305, -7.8162665367126465]]
[59250, 11, 1, [6.706020355224609, -0.6087988615036011]]
[59250, 7, 1, [4.238572120666504, -2.2010931968688965]]
[60900, 'popsize', 4]
[61150, 8, 0, [11.678756713867188, -4.857144355773926]]
[61150, 12, 0, [5.494919776916504, -7.744236946105957]]
[61150, 11, 1, [6.612495422363281, -0.4777907729148865]]
[61150, 7, 1, [4.249209403991699, -2.199629783630371]]
[62800, 'popsize', 4]
[63050, 8, 0, [11.708961486816406, -4.954922199249268]]
[63050, 12, 0, [5.358251571655273, -7.667600154876709]]
[63050, 11, 1, [6.524766445159912, -0.34615156054496765]]
[63050, 7, 1, [4.24715518951416, -2.1989963054656982]]
[64550, 'popsize', 4]
[64800, 8, 0, [11.692392349243164, -5.046927452087402]]
[64800, 12, 0, [5.233907699584961, -7.594045162200928]]
[64800, 11, 1, [6.445128440856934, -0.2211531400680542]]
[64800, 7, 1, [4.252599716186523, -2.1952641010284424]]
[66250, 'popsize', 4]
[66500, 8, 0, [11.634450912475586, -5.122452735900879]]
[66500, 12, 0, [5.113595008850098, -7.520290374755859]]
[66500, 11, 1, [6.393764019012451, -0.13190755248069763]]
[66500, 7, 1, [4.273492813110352, -2.1891512870788574]]
[67750, 'popsize', 4]
[68000, 8, 0, [11.57051944732666, -5.160147666931152]]
[68000, 12, 0, [5.008299827575684, -7.453387260437012]]
[68000, 11, 1, [6.392337322235107, -0.12420614808797836]]
[68000, 7, 1, [4.257194995880127, -2.182795763015747]]
[69300, 'popsize', 4]
[69550, 8, 0, [11.48730754852295, -5.169641971588135]]
[69550, 12, 0, [4.901455402374268, -7.383906364440918]]
[69550, 11, 1, [6.390364646911621, -0.12414487451314926]]
[69550, 7, 1, [4.267806529998779, -2.1739821434020996]]
[70850, 'popsize', 4]
[71100, 8, 0, [11.405961990356445, -5.145291805267334]]
[71100, 12, 0, [4.7958478927612305, -7.312404632568359]]
[71100, 11, 1, [6.388758659362793, -0.12413914501667023]]
[71100, 7, 1, [4.274949073791504, -2.1748292446136475]]
[72400, 'popsize', 4]
[72650, 8, 0, [11.345705032348633, -5.099362373352051]]
[72650, 12, 0, [4.6916913986206055, -7.239823818206787]]
[72650, 11, 1, [6.387105464935303, -0.12414447218179703]]
[72650, 7, 1, [4.288285732269287, -2.169257164001465]]
[74300, 'popsize', 4]
[74550, 8, 0, [11.303594589233398, -5.010289192199707]]
[74550, 12, 0, [4.563695907592773, -7.14711856842041]]
[74550, 11, 1, [6.385605812072754, -0.12413458526134491]]
[74550, 7, 1, [4.283079147338867, -2.163395643234253]]
[76100, 'popsize', 4]
[76350, 8, 0, [11.311380386352539, -4.927792549133301]]
[76350, 12, 0, [4.445155143737793, -7.056559085845947]]
[76350, 11, 1, [6.384274005889893, -0.12414319813251495]]
[76350, 7, 1, [4.288358211517334, -2.1568236351013184]]
[77900, 'popsize', 4]
[78150, 8, 0, [11.354700088500977, -4.860239505767822]]
[78150, 12, 0, [4.328883171081543, -6.962960243225098]]
[78150, 11, 1, [6.382508277893066, -0.12415013462305069]]
[78150, 7, 1, [4.294064044952393, -2.1527180671691895]]
[79800, 'popsize', 4]
[80050, 8, 0, [11.434853553771973, -4.83081579208374]]
[80050, 12, 0, [4.210073471069336, -6.861629486083984]]
[80050, 11, 1, [6.380658149719238, -0.12414230406284332]]
[80050, 7, 1, [4.302737236022949, -2.144380569458008]]
[81550, 'popsize', 4]
[81800, 8, 0, [11.547643661499023, -4.829529285430908]]
[81800, 12, 0, [4.101670265197754, -6.7649245262146]]
[81800, 11, 1, [6.378666877746582, -0.1241399422287941]]
[81800, 7, 1, [4.300848960876465, -2.1373438835144043]]
[83400, 'popsize', 4]
[83650, 8, 0, [11.686198234558105, -4.8567705154418945]]
[83650, 12, 0, [3.989067554473877, -6.66049861907959]]
[83650, 11, 1, [6.3770599365234375, -0.12414757907390594]]
[83650, 7, 1, [4.297956943511963, -2.1348938941955566]]
[85300, 'popsize', 4]
[85550, 8, 0, [11.802275657653809, -4.890860080718994]]
[85550, 12, 0, [3.8760170936584473, -6.553366661071777]]
[85550, 11, 1, [6.375108242034912, -0.12415488809347153]]
[85550, 7, 1, [4.317087173461914, -2.1225407123565674]]
[87150, 'popsize', 4]
[87400, 8, 0, [11.895079612731934, -4.938856601715088]]
[87400, 12, 0, [3.7664992809295654, -6.4460296630859375]]
[87400, 11, 1, [6.372997760772705, -0.12414668500423431]]
[87400, 7, 1, [4.327916145324707, -2.151966094970703]]
[89050, 'popsize', 4]
[89300, 8, 0, [11.966058731079102, -5.03317403793335]]
[89300, 12, 0, [3.655733108520508, -6.333416938781738]]
[89300, 11, 1, [6.371025562286377, -0.12415595352649689]]
[89300, 7, 1, [4.309913158416748, -2.2188148498535156]]
[90900, 'popsize', 4]
