[time, indiv, gender, coords]
[2100, 'popsize', 4]
[2350, 9, 0, [5.2735772132873535, -10.86890983581543]]
[2350, 6, 0, [1.7526886463165283, -9.250497817993164]]
[2350, 22, 1, [3.474229097366333, -7.2977447509765625]]
[2350, 24, 1, [4.972841739654541, -7.174991607666016]]
[3900, 'popsize', 4]
[4150, 9, 0, [5.225809574127197, -10.882184028625488]]
[4150, 6, 0, [1.6400325298309326, -9.273286819458008]]
[4150, 22, 1, [3.6021525859832764, -7.280483245849609]]
[4150, 24, 1, [4.829251289367676, -7.1726789474487305]]
[5750, 'popsize', 4]
[6000, 9, 0, [5.250014305114746, -10.924192428588867]]
[6000, 6, 0, [1.5339281558990479, -9.323698997497559]]
[6000, 22, 1, [3.7351489067077637, -7.250711917877197]]
[6000, 24, 1, [4.674836158752441, -7.168203830718994]]
[7600, 'popsize', 4]
[7850, 9, 0, [5.294930934906006, -10.889153480529785]]
[7850, 6, 0, [1.4552390575408936, -9.39492130279541]]
[7850, 22, 1, [3.786954402923584, -7.235172271728516]]
[7850, 24, 1, [4.5236921310424805, -7.1612067222595215]]
[9400, 'popsize', 4]
[9650, 9, 0, [5.260621070861816, -10.857961654663086]]
[9650, 6, 0, [1.390607237815857, -9.4945650100708]]
[9650, 22, 1, [3.727285385131836, -7.2298173904418945]]
[9650, 24, 1, [4.370880126953125, -7.153076171875]]
[11200, 'popsize', 4]
[11450, 9, 0, [5.247851848602295, -10.90514087677002]]
[11450, 6, 0, [1.3504670858383179, -9.610536575317383]]
[11450, 22, 1, [3.697378158569336, -7.22388219833374]]
[11450, 24, 1, [4.218924522399902, -7.143449306488037]]
[12950, 'popsize', 4]
[13200, 9, 0, [5.298895835876465, -10.908029556274414]]
[13200, 6, 0, [1.3408163785934448, -9.733457565307617]]
[13200, 22, 1, [3.7200980186462402, -7.266091823577881]]
[13200, 24, 1, [4.076547145843506, -7.131341457366943]]
[14800, 'popsize', 4]
[15050, 9, 0, [5.307065486907959, -10.855939865112305]]
[15050, 6, 0, [1.3647726774215698, -9.86275577545166]]
[15050, 22, 1, [3.7616355419158936, -7.408592224121094]]
[15050, 24, 1, [4.062851428985596, -7.1309075355529785]]
[16650, 'popsize', 4]
[16900, 9, 0, [5.259751319885254, -10.874059677124023]]
[16900, 6, 0, [1.4204026460647583, -9.980188369750977]]
[16900, 22, 1, [3.815584182739258, -7.546274662017822]]
[16900, 24, 1, [4.168919086456299, -7.143296241760254]]
[18350, 'popsize', 4]
[18600, 9, 0, [5.2828168869018555, -10.90681266784668]]
[18600, 6, 0, [1.4948322772979736, -10.069864273071289]]
[18600, 22, 1, [3.8772034645080566, -7.668276309967041]]
[18600, 24, 1, [4.292040824890137, -7.156460762023926]]
[20200, 'popsize', 4]
[20450, 9, 0, [5.327757358551025, -10.869690895080566]]
[20450, 6, 0, [1.5395230054855347, -10.114006042480469]]
[20450, 22, 1, [3.955467700958252, -7.793646812438965]]
[20450, 24, 1, [4.433928489685059, -7.170960903167725]]
[21950, 'popsize', 4]
[22200, 9, 0, [5.2983245849609375, -10.842058181762695]]
[22200, 6, 0, [1.5755255222320557, -10.07068157196045]]
[22200, 22, 1, [4.040867805480957, -7.905684471130371]]
[22200, 24, 1, [4.568974494934082, -7.18366003036499]]
[23850, 'popsize', 4]
[24100, 9, 0, [5.2775068283081055, -10.885004997253418]]
[24100, 6, 0, [1.5426338911056519, -10.014504432678223]]
[24100, 22, 1, [4.140180587768555, -8.013263702392578]]
[24100, 24, 1, [4.71653938293457, -7.196359157562256]]
[25650, 'popsize', 4]
[25900, 9, 0, [5.328008651733398, -10.886444091796875]]
[25900, 6, 0, [1.4549492597579956, -9.929018020629883]]
[25900, 22, 1, [4.244588851928711, -8.108098983764648]]
[25900, 24, 1, [4.849292755126953, -7.207526206970215]]
[27550, 'popsize', 4]
[27800, 9, 0, [5.342308521270752, -10.832891464233398]]
[27800, 6, 0, [1.34038245677948, -9.86414909362793]]
[27800, 22, 1, [4.365167140960693, -8.197286605834961]]
[27800, 24, 1, [4.9847612380981445, -7.218324184417725]]
[29400, 'popsize', 4]
[29650, 9, 0, [5.304279804229736, -10.853225708007812]]
[29650, 6, 0, [1.227365493774414, -9.836196899414062]]
[29650, 22, 1, [4.49246883392334, -8.27363109588623]]
[29650, 24, 1, [5.11313533782959, -7.229954719543457]]
[31250, 'popsize', 4]
[31500, 9, 0, [5.335818767547607, -10.879241943359375]]
[31500, 6, 0, [1.1066372394561768, -9.83678913116455]]
[31500, 22, 1, [4.6250739097595215, -8.337275505065918]]
[31500, 24, 1, [5.257877349853516, -7.242496490478516]]
[33150, 'popsize', 4]
[33400, 9, 0, [5.3765082359313965, -10.8381929397583]]
[33400, 6, 0, [0.9939063191413879, -9.868581771850586]]
[33400, 22, 1, [4.769061088562012, -8.390371322631836]]
[33400, 24, 1, [5.399701118469238, -7.25543737411499]]
[34950, 'popsize', 4]
[35200, 9, 0, [5.3349528312683105, -10.81790542602539]]
[35200, 6, 0, [0.9048840403556824, -9.924205780029297]]
[35200, 22, 1, [4.906512260437012, -8.426265716552734]]
[35200, 24, 1, [5.535745620727539, -7.266975402832031]]
[36800, 'popsize', 4]
[37050, 9, 0, [5.335965156555176, -10.862987518310547]]
[37050, 6, 0, [0.8308926820755005, -10.005321502685547]]
[37050, 22, 1, [5.050189018249512, -8.450611114501953]]
[37050, 24, 1, [5.677021503448486, -7.2780656814575195]]
[38650, 'popsize', 4]
[38900, 9, 0, [5.376677513122559, -10.866787910461426]]
[38900, 6, 0, [0.7727364301681519, -10.115992546081543]]
[38900, 22, 1, [5.091386795043945, -8.453349113464355]]
[38900, 24, 1, [5.824443340301514, -7.290340423583984]]
[40450, 'popsize', 4]
[40700, 9, 0, [5.386673927307129, -10.819828033447266]]
[40700, 6, 0, [0.7462760210037231, -10.237281799316406]]
[40700, 22, 1, [5.099699974060059, -8.398090362548828]]
[40700, 24, 1, [5.961723804473877, -7.301060676574707]]
[42350, 'popsize', 4]
[42600, 9, 0, [5.355508327484131, -10.836993217468262]]
[42600, 6, 0, [0.7529500722885132, -10.370087623596191]]
[42600, 22, 1, [5.048215389251709, -8.420563697814941]]
[42600, 24, 1, [6.094886302947998, -7.312832832336426]]
[44200, 'popsize', 4]
[44450, 9, 0, [5.384120464324951, -10.867053031921387]]
[44450, 6, 0, [0.7932554483413696, -10.492635726928711]]
[44450, 22, 1, [4.931750774383545, -8.429769515991211]]
[44450, 24, 1, [6.229881286621094, -7.324437141418457]]
[46000, 'popsize', 4]
[46250, 9, 0, [5.423426151275635, -10.8286771774292]]
[46250, 6, 0, [0.8612490892410278, -10.597243309020996]]
[46250, 22, 1, [4.846035957336426, -8.442380905151367]]
[46250, 24, 1, [6.369843482971191, -7.336163520812988]]
[47850, 'popsize', 4]
[48100, 9, 0, [5.3899359703063965, -10.80701732635498]]
[48100, 6, 0, [0.9571916460990906, -10.686205863952637]]
[48100, 22, 1, [4.855986595153809, -8.47122573852539]]
[48100, 24, 1, [6.5074462890625, -7.348132133483887]]
[49700, 'popsize', 4]
[49950, 9, 0, [5.382394790649414, -10.852850914001465]]
[49950, 6, 0, [1.0036300420761108, -10.722597122192383]]
[49950, 22, 1, [4.875240802764893, -8.594518661499023]]
[49950, 24, 1, [6.6469407081604, -7.3596086502075195]]
[51550, 'popsize', 4]
[51800, 9, 0, [5.441327095031738, -10.846617698669434]]
[51800, 6, 0, [1.0361372232437134, -10.661005020141602]]
[51800, 22, 1, [4.912196636199951, -8.738485336303711]]
[51800, 24, 1, [6.789819240570068, -7.370259761810303]]
[53450, 'popsize', 4]
[53700, 9, 0, [5.436019420623779, -10.794035911560059]]
[53700, 6, 0, [1.051139235496521, -10.5303316116333]]
[53700, 22, 1, [4.962743759155273, -8.882745742797852]]
[53700, 24, 1, [6.929837703704834, -7.379724979400635]]
[55350, 'popsize', 4]
[55600, 9, 0, [5.395820617675781, -10.829795837402344]]
[55600, 6, 0, [1.030800461769104, -10.398359298706055]]
[55600, 22, 1, [5.0282135009765625, -9.021353721618652]]
[55600, 24, 1, [7.076617240905762, -7.389119625091553]]
[57250, 'popsize', 4]
[57500, 9, 0, [5.432889461517334, -10.838918685913086]]
[57500, 6, 0, [0.9755792617797852, -10.275278091430664]]
[57500, 22, 1, [5.104458332061768, -9.148006439208984]]
[57500, 24, 1, [7.205873966217041, -7.395062446594238]]
[59000, 'popsize', 4]
[59250, 9, 0, [5.457424640655518, -10.79965591430664]]
[59250, 6, 0, [0.8995370864868164, -10.18290901184082]]
[59250, 22, 1, [5.132482528686523, -9.224177360534668]]
[59250, 24, 1, [7.253002166748047, -7.438908576965332]]
[60800, 'popsize', 4]
[61050, 9, 0, [5.404908180236816, -10.790227890014648]]
[61050, 6, 0, [0.8031454086303711, -10.113452911376953]]
[61050, 22, 1, [5.159626007080078, -9.309516906738281]]
[61050, 24, 1, [7.351870059967041, -7.521242618560791]]
[62650, 'popsize', 4]
[62900, 9, 0, [5.41733980178833, -10.817931175231934]]
[62900, 6, 0, [0.686057984828949, -10.066816329956055]]
[62900, 22, 1, [5.219651222229004, -9.385336875915527]]
[62900, 24, 1, [7.464066505432129, -7.61301326751709]]
[64450, 'popsize', 4]
[64700, 9, 0, [5.468714714050293, -10.798638343811035]]
[64700, 6, 0, [0.5669516324996948, -10.052024841308594]]
[64700, 22, 1, [5.2691264152526855, -9.42354679107666]]
[64700, 24, 1, [7.572042942047119, -7.698092460632324]]
[66050, 'popsize', 4]
[66300, 9, 0, [5.464421272277832, -10.756647109985352]]
[66300, 6, 0, [0.4616650640964508, -10.064593315124512]]
[66300, 22, 1, [5.318432331085205, -9.425070762634277]]
[66300, 24, 1, [7.673532962799072, -7.776588439941406]]
[67600, 'popsize', 4]
[67850, 9, 0, [5.424347877502441, -10.778398513793945]]
[67850, 6, 0, [0.36611616611480713, -10.097833633422852]]
[67850, 22, 1, [5.3979034423828125, -9.417516708374023]]
[67850, 24, 1, [7.767796993255615, -7.8484907150268555]]
[69150, 'popsize', 4]
[69400, 9, 0, [5.436241626739502, -10.821667671203613]]
[69400, 6, 0, [0.2855075001716614, -10.148981094360352]]
[69400, 22, 1, [5.466257095336914, -9.393342971801758]]
[69400, 24, 1, [7.864463806152344, -7.920091152191162]]
[70650, 'popsize', 4]
[70900, 9, 0, [5.4644365310668945, -10.82001781463623]]
[70900, 6, 0, [0.22652824223041534, -10.208854675292969]]
[70900, 22, 1, [5.523346900939941, -9.343912124633789]]
[70900, 24, 1, [7.953627586364746, -7.985369682312012]]
[72150, 'popsize', 4]
[72400, 9, 0, [5.471999168395996, -10.77304744720459]]
[72400, 6, 0, [0.1774090677499771, -10.287675857543945]]
[72400, 22, 1, [5.542906284332275, -9.32076358795166]]
[72400, 24, 1, [8.049798965454102, -8.054182052612305]]
[73750, 'popsize', 4]
[74000, 9, 0, [5.434765815734863, -10.770094871520996]]
[74000, 6, 0, [0.14150144159793854, -10.392099380493164]]
[74000, 22, 1, [5.547398567199707, -9.286293029785156]]
[74000, 24, 1, [8.149011611938477, -8.124614715576172]]
[75300, 'popsize', 4]
[75550, 9, 0, [5.434219837188721, -10.806394577026367]]
[75550, 6, 0, [0.12973858416080475, -10.5006103515625]]
[75550, 22, 1, [5.507707118988037, -9.22298526763916]]
[75550, 24, 1, [8.24207878112793, -8.19029426574707]]
[77000, 'popsize', 4]
[77250, 9, 0, [5.476419448852539, -10.803655624389648]]
[77250, 6, 0, [0.1445472091436386, -10.617694854736328]]
[77250, 22, 1, [5.460488319396973, -9.164907455444336]]
[77250, 24, 1, [8.352428436279297, -8.267095565795898]]
[78700, 'popsize', 4]
[78950, 9, 0, [5.486958026885986, -10.755396842956543]]
[78950, 6, 0, [0.18722906708717346, -10.730624198913574]]
[78950, 22, 1, [5.40030574798584, -9.118895530700684]]
[78950, 24, 1, [8.460108757019043, -8.340153694152832]]
[80300, 'popsize', 4]
[80550, 9, 0, [5.446122646331787, -10.762833595275879]]
[80550, 6, 0, [0.2498970925807953, -10.82413101196289]]
[80550, 22, 1, [5.377890110015869, -9.10013198852539]]
[80550, 24, 1, [8.560708999633789, -8.407179832458496]]
[81950, 'popsize', 4]
[82200, 9, 0, [5.445008754730225, -10.78726863861084]]
[82200, 6, 0, [0.3341216742992401, -10.90404987335205]]
[82200, 22, 1, [5.3702592849731445, -9.111268997192383]]
[82200, 24, 1, [8.672759056091309, -8.481683731079102]]
[83550, 'popsize', 4]
[83800, 9, 0, [5.473008632659912, -10.785585403442383]]
[83800, 6, 0, [0.4097309112548828, -10.95276927947998]]
[83800, 22, 1, [5.337254524230957, -9.158827781677246]]
[83800, 24, 1, [8.778247833251953, -8.55009651184082]]
[85200, 'popsize', 4]
[85450, 9, 0, [5.485293865203857, -10.747177124023438]]
[85450, 6, 0, [0.47649264335632324, -10.923133850097656]]
[85450, 22, 1, [5.302496433258057, -9.202218055725098]]
[85450, 24, 1, [8.889966011047363, -8.621026992797852]]
[86800, 'popsize', 4]
[87050, 9, 0, [5.445565223693848, -10.748054504394531]]
[87050, 6, 0, [0.5824577212333679, -10.85949993133545]]
[87050, 22, 1, [5.2756829261779785, -9.236790657043457]]
[87050, 24, 1, [8.989578247070312, -8.683484077453613]]
[88300, 'popsize', 4]
[88550, 9, 0, [5.427018642425537, -10.785165786743164]]
[88550, 6, 0, [0.6837109923362732, -10.802080154418945]]
[88550, 22, 1, [5.246236324310303, -9.276532173156738]]
[88550, 24, 1, [9.090508460998535, -8.746508598327637]]
[89900, 'popsize', 4]
[90150, 9, 0, [5.439695358276367, -10.793741226196289]]
[90150, 6, 0, [0.7904216051101685, -10.743752479553223]]
[90150, 22, 1, [5.21475887298584, -9.321752548217773]]
[90150, 24, 1, [9.196573257446289, -8.812204360961914]]
[91450, 'popsize', 4]
[91700, 9, 0, [5.472474098205566, -10.754423141479492]]
[91700, 6, 0, [0.8984615206718445, -10.687148094177246]]
[91700, 22, 1, [5.1861677169799805, -9.365327835083008]]
[91700, 24, 1, [9.299071311950684, -8.875943183898926]]
[93050, 'popsize', 4]
[93300, 9, 0, [5.4515061378479, -10.73554515838623]]
[93300, 6, 0, [0.9598040580749512, -10.664222717285156]]
[93300, 22, 1, [5.157947540283203, -9.412202835083008]]
[93300, 24, 1, [9.402694702148438, -8.939181327819824]]
[94750, 'popsize', 4]
[95000, 9, 0, [5.428532123565674, -10.774699211120605]]
[95000, 6, 0, [0.947931170463562, -10.61650276184082]]
[95000, 22, 1, [5.133323669433594, -9.456476211547852]]
[95000, 24, 1, [9.508294105529785, -9.002934455871582]]
[96350, 'popsize', 4]
[96600, 9, 0, [5.467387676239014, -10.789533615112305]]
[96600, 6, 0, [0.8742523193359375, -10.532289505004883]]
[96600, 22, 1, [5.108684539794922, -9.502031326293945]]
[96600, 24, 1, [9.614709854125977, -9.06837272644043]]
[97900, 'popsize', 4]
[98150, 9, 0, [5.494784355163574, -10.757521629333496]]
[98150, 6, 0, [0.7865690588951111, -10.468159675598145]]
[98150, 22, 1, [5.0867533683776855, -9.546935081481934]]
[98150, 24, 1, [9.716943740844727, -9.130170822143555]]
[99551, 'popsize', 4]
[99801, 9, 0, [5.46439266204834, -10.734830856323242]]
[99801, 6, 0, [0.6851703524589539, -10.42541217803955]]
[99801, 22, 1, [5.06370210647583, -9.596029281616211]]
[99801, 24, 1, [9.827117919921875, -9.194817543029785]]
[101151, 'popsize', 4]
[101401, 9, 0, [5.446705341339111, -10.775033950805664]]
[101401, 6, 0, [0.5802546739578247, -10.407184600830078]]
[101401, 22, 1, [5.04587459564209, -9.638872146606445]]
[101401, 24, 1, [9.926362991333008, -9.251371383666992]]
[102751, 'popsize', 4]
[103001, 9, 0, [5.483029842376709, -10.787922859191895]]
[103001, 6, 0, [0.47341346740722656, -10.41288948059082]]
[103001, 22, 1, [5.028782844543457, -9.683225631713867]]
[103001, 24, 1, [10.032530784606934, -9.311691284179688]]
[104351, 'popsize', 4]
[104601, 9, 0, [5.512755393981934, -10.747140884399414]]
[104601, 6, 0, [0.3728906512260437, -10.442730903625488]]
[104601, 22, 1, [5.011303424835205, -9.730985641479492]]
[104601, 24, 1, [10.143840789794922, -9.374738693237305]]
[106001, 'popsize', 4]
[106251, 9, 0, [5.48439884185791, -10.727243423461914]]
[106251, 6, 0, [0.29535409808158875, -10.48968505859375]]
[106251, 22, 1, [4.995270252227783, -9.778507232666016]]
[106251, 24, 1, [10.252941131591797, -9.43710708618164]]
[107501, 'popsize', 4]
[107751, 9, 0, [5.466200828552246, -10.762234687805176]]
[107751, 6, 0, [0.23270681500434875, -10.552480697631836]]
[107751, 22, 1, [4.982365608215332, -9.822576522827148]]
[107751, 24, 1, [10.347051620483398, -9.489738464355469]]
[109151, 'popsize', 4]
[109401, 9, 0, [5.507723331451416, -10.777861595153809]]
[109401, 6, 0, [0.17442920804023743, -10.645441055297852]]
[109401, 22, 1, [4.969004154205322, -9.873014450073242]]
[109401, 24, 1, [10.464397430419922, -9.554736137390137]]
[110701, 'popsize', 4]
[110951, 9, 0, [5.534080505371094, -10.750697135925293]]
[110951, 6, 0, [0.13816067576408386, -10.746774673461914]]
[110951, 22, 1, [4.9581170082092285, -9.92108154296875]]
[110951, 24, 1, [10.568286895751953, -9.611170768737793]]
[112351, 'popsize', 4]
[112601, 9, 0, [5.503807544708252, -10.724359512329102]]
[112601, 6, 0, [0.1251935362815857, -10.861445426940918]]
[112601, 22, 1, [4.948550224304199, -9.971799850463867]]
[112601, 24, 1, [10.680246353149414, -9.670621871948242]]
[113901, 'popsize', 4]
[114151, 9, 0, [5.48851203918457, -10.755846977233887]]
[114151, 6, 0, [0.13769368827342987, -10.970563888549805]]
[114151, 22, 1, [4.940694808959961, -10.021448135375977]]
[114151, 24, 1, [10.783624649047852, -9.724449157714844]]
[115501, 'popsize', 4]
[115751, 9, 0, [5.516722679138184, -10.766166687011719]]
[115751, 6, 0, [0.17570312321186066, -11.077428817749023]]
[115751, 22, 1, [4.934491157531738, -10.0631742477417]]
[115751, 24, 1, [10.897008895874023, -9.782341957092285]]
[117101, 'popsize', 4]
[117351, 9, 0, [5.546526908874512, -10.735941886901855]]
[117351, 6, 0, [0.2365010529756546, -11.173145294189453]]
[117351, 22, 1, [4.929930686950684, -10.108859062194824]]
[117351, 24, 1, [11.007359504699707, -9.838502883911133]]
[118751, 'popsize', 4]
[119001, 9, 0, [5.508492946624756, -10.704305648803711]]
[119001, 6, 0, [0.31956392526626587, -11.254878997802734]]
[119001, 22, 1, [4.926792621612549, -10.157690048217773]]
[119001, 24, 1, [11.128348350524902, -9.897212982177734]]
[120301, 'popsize', 4]
[120551, 9, 0, [5.493005752563477, -10.732988357543945]]
[120551, 6, 0, [0.4095694422721863, -11.310163497924805]]
[120551, 22, 1, [4.925047874450684, -10.201639175415039]]
[120551, 24, 1, [11.242383003234863, -9.951139450073242]]
[121901, 'popsize', 4]
[122151, 9, 0, [5.528735637664795, -10.74713134765625]]
[122151, 6, 0, [0.4609496593475342, -11.32059383392334]]
[122151, 22, 1, [4.9239301681518555, -10.24499225616455]]
[122151, 24, 1, [11.360081672668457, -10.006265640258789]]
[123501, 'popsize', 4]
[123751, 9, 0, [5.558669090270996, -10.704964637756348]]
[123751, 6, 0, [0.5454001426696777, -11.27557373046875]]
[123751, 22, 1, [4.924503803253174, -10.289884567260742]]
[123751, 24, 1, [11.478215217590332, -10.060731887817383]]
[125001, 'popsize', 4]
[125251, 9, 0, [5.53827428817749, -10.68724250793457]]
[125251, 6, 0, [0.583093523979187, -11.215773582458496]]
[125251, 22, 1, [4.926717758178711, -10.33486270904541]]
[125251, 24, 1, [11.586671829223633, -10.10982608795166]]
[126501, 'popsize', 4]
[126751, 9, 0, [5.515518665313721, -10.72484302520752]]
[126751, 6, 0, [0.6156402826309204, -11.114194869995117]]
[126751, 22, 1, [4.928969383239746, -10.37111759185791]]
[126751, 24, 1, [11.675432205200195, -10.149859428405762]]
[128251, 'popsize', 4]
[128501, 9, 0, [5.554695129394531, -10.745749473571777]]
[128501, 6, 0, [0.6254914402961731, -10.991090774536133]]
[128501, 22, 1, [4.934214115142822, -10.42061996459961]]
[128501, 24, 1, [11.697726249694824, -10.200698852539062]]
[129901, 'popsize', 4]
[130151, 9, 0, [5.616280555725098, -10.760817527770996]]
[130151, 6, 0, [0.6061371564865112, -10.876885414123535]]
[130151, 22, 1, [4.940915107727051, -10.465974807739258]]
[130151, 24, 1, [11.731927871704102, -10.29472541809082]]
[131501, 'popsize', 4]
[131751, 9, 0, [5.608062267303467, -10.752933502197266]]
[131751, 6, 0, [0.5629315972328186, -10.77292251586914]]
[131751, 22, 1, [4.951770305633545, -10.52650260925293]]
[131751, 24, 1, [11.771854400634766, -10.392741203308105]]
[133251, 'popsize', 4]
[133501, 9, 0, [5.567968845367432, -10.7861967086792]]
[133501, 6, 0, [0.49024075269699097, -10.673941612243652]]
[133501, 22, 1, [4.972188472747803, -10.614496231079102]]
[133501, 24, 1, [11.816301345825195, -10.495945930480957]]
[134901, 'popsize', 4]
[135151, 9, 0, [5.596295356750488, -10.811956405639648]]
[135151, 6, 0, [0.40800052881240845, -10.605862617492676]]
[135151, 22, 1, [4.99290132522583, -10.692533493041992]]
[135151, 24, 1, [11.862119674682617, -10.590414047241211]]
[136601, 'popsize', 4]
[136851, 9, 0, [5.632033348083496, -10.777928352355957]]
[136851, 6, 0, [0.30731838941574097, -10.556306838989258]]
[136851, 22, 1, [5.014952659606934, -10.768720626831055]]
[136851, 24, 1, [11.915555953979492, -10.692930221557617]]
[138201, 'popsize', 4]
[138451, 9, 0, [5.609860420227051, -10.747525215148926]]
[138451, 6, 0, [0.21044111251831055, -10.533475875854492]]
[138451, 22, 1, [5.027826309204102, -10.810091018676758]]
[138451, 24, 1, [11.968635559082031, -10.786039352416992]]
[139751, 'popsize', 4]
[140001, 9, 0, [5.584394454956055, -10.775259017944336]]
[140001, 6, 0, [0.12478494644165039, -10.529768943786621]]
[140001, 22, 1, [5.040187358856201, -10.847378730773926]]
[140001, 24, 1, [12.018064498901367, -10.872268676757812]]
[141351, 'popsize', 4]
[141601, 9, 0, [5.620369911193848, -10.79563045501709]]
[141601, 6, 0, [0.12471520900726318, -10.531198501586914]]
[141601, 22, 1, [5.052889823913574, -10.881746292114258]]
[141601, 24, 1, [12.074384689331055, -10.964629173278809]]
[142851, 'popsize', 4]
[143101, 9, 0, [5.6571574211120605, -10.764249801635742]]
[143101, 6, 0, [0.12464915215969086, -10.532426834106445]]
[143101, 22, 1, [5.0682454109191895, -10.92023754119873]]
[143101, 24, 1, [12.132692337036133, -11.054595947265625]]
[144501, 'popsize', 4]
[144751, 9, 0, [5.634704113006592, -10.728811264038086]]
[144751, 6, 0, [0.12450917810201645, -10.534211158752441]]
[144751, 22, 1, [5.080257415771484, -10.949249267578125]]
[144751, 24, 1, [12.19645881652832, -11.149343490600586]]
[146201, 'popsize', 4]
[146451, 9, 0, [5.567663192749023, -10.74504566192627]]
[146451, 6, 0, [0.12435802072286606, -10.536225318908691]]
[146451, 22, 1, [5.094284534454346, -10.981195449829102]]
[146451, 24, 1, [12.259323120117188, -11.236211776733398]]
[147751, 'popsize', 4]
[148001, 9, 0, [5.5450849533081055, -10.747865676879883]]
[148001, 6, 0, [0.12432525306940079, -10.537762641906738]]
[148001, 22, 1, [5.107631683349609, -11.009210586547852]]
[148001, 24, 1, [12.330610275268555, -11.330623626708984]]
[149451, 'popsize', 4]
[149701, 9, 0, [5.586801052093506, -10.746809959411621]]
[149701, 6, 0, [0.12428047508001328, -10.539724349975586]]
[149701, 22, 1, [5.1248016357421875, -11.044154167175293]]
[149701, 24, 1, [12.395545959472656, -11.42278003692627]]
[151101, 'popsize', 4]
[151351, 9, 0, [5.604591369628906, -10.69853401184082]]
[151351, 6, 0, [0.12419800460338593, -10.541772842407227]]
[151351, 22, 1, [5.142251491546631, -11.076871871948242]]
[151351, 24, 1, [12.391317367553711, -11.449893951416016]]
[152651, 'popsize', 4]
[152901, 9, 0, [5.568786144256592, -10.695207595825195]]
[152901, 6, 0, [0.12414389848709106, -10.543452262878418]]
[152901, 22, 1, [5.161618232727051, -11.111445426940918]]
[152901, 24, 1, [12.392152786254883, -11.46949577331543]]
[154251, 'popsize', 4]
[154501, 9, 0, [5.569529056549072, -10.741790771484375]]
[154501, 6, 0, [0.1241498738527298, -10.545135498046875]]
[154501, 22, 1, [5.180379867553711, -11.142269134521484]]
[154501, 24, 1, [12.392093658447266, -11.485383987426758]]
[155851, 'popsize', 4]
[156101, 9, 0, [5.616509914398193, -10.740137100219727]]
[156101, 6, 0, [0.1241249293088913, -10.54716968536377]]
[156101, 22, 1, [5.199050426483154, -11.17175006866455]]
[156101, 24, 1, [12.392059326171875, -11.502206802368164]]
[157451, 'popsize', 4]
[157701, 9, 0, [5.625044822692871, -10.69121265411377]]
[157701, 6, 0, [0.12409941107034683, -10.548993110656738]]
[157701, 22, 1, [5.219329833984375, -11.202139854431152]]
[157701, 24, 1, [12.39205265045166, -11.519457817077637]]
[159051, 'popsize', 4]
[159301, 9, 0, [5.58664608001709, -10.690855026245117]]
[159301, 6, 0, [0.12411357462406158, -10.55086612701416]]
[159301, 22, 1, [5.242911338806152, -11.235220909118652]]
[159301, 24, 1, [12.3920259475708, -11.536763191223145]]
[160601, 'popsize', 4]
[160851, 9, 0, [5.590940952301025, -10.733500480651855]]
[160851, 6, 0, [0.12412180751562119, -10.552618980407715]]
[160851, 22, 1, [5.263354301452637, -11.262239456176758]]
[160851, 24, 1, [12.392050743103027, -11.55355453491211]]
[162351, 'popsize', 4]
[162601, 9, 0, [5.635603427886963, -10.724241256713867]]
[162601, 6, 0, [0.12412025779485703, -10.55400276184082]]
[162601, 22, 1, [5.293827533721924, -11.300361633300781]]
[162601, 24, 1, [12.392014503479004, -11.571924209594727]]
[163851, 'popsize', 4]
[164101, 9, 0, [5.643023490905762, -10.681943893432617]]
[164101, 6, 0, [0.124123215675354, -10.555269241333008]]
[164101, 22, 1, [5.31618070602417, -11.327096939086914]]
[164101, 24, 1, [12.392114639282227, -11.588312149047852]]
[165551, 'popsize', 4]
[165801, 9, 0, [5.611692428588867, -10.691474914550781]]
[165801, 6, 0, [0.1241382509469986, -10.556779861450195]]
[165801, 22, 1, [5.342263698577881, -11.35606861114502]]
[165801, 24, 1, [12.392107009887695, -11.606380462646484]]
[167251, 'popsize', 4]
[167501, 9, 0, [5.589913368225098, -10.711662292480469]]
[167501, 6, 0, [0.12414926290512085, -10.558354377746582]]
[167501, 22, 1, [5.367532253265381, -11.382599830627441]]
[167501, 24, 1, [12.39209270477295, -11.624334335327148]]
[168901, 'popsize', 4]
