[time, indiv, parent1, parent2, gender, brain]
[200, 22, -1, -1, 0, [[array([[-2.19312449, -2.09685693, -1.62082323,  0.66622306, -0.40222376,
        -0.31271882],
       [ 0.63882423,  1.12626897,  0.04647216, -1.94422357,  1.76516754,
         0.15733257],
       [ 0.01382011, -2.30837784, -0.03684375,  2.19689322,  2.17513668,
        -1.94785952],
       [ 0.96011139, -1.20149382,  0.29008952,  1.17884311,  0.74262416,
         0.24531443],
       [-1.93991557,  0.89563765,  0.63168284, -1.7406676 ,  1.40910941,
         2.19149064],
       [ 0.33941996,  1.95875821,  0.61897456, -2.24823165, -0.88022852,
        -2.23694807]]), array([[ 1.77960303,  0.39039936],
       [-1.4191596 , -1.59753227],
       [-2.0897858 , -1.72732623],
       [-1.32025197, -0.34917767],
       [-0.24185071, -1.80803612],
       [ 1.74144058,  1.66134531]])], [array([ 0.98796729,  0.3714344 , -1.65493946, -0.15828419,  0.93343648,
       -0.3197817 ]), array([-1.10005685,  1.58181317])]]]
[200, 13, -1, -1, 1, [[array([[-0.06873789, -0.1264396 , -0.5961759 , -1.66294101, -1.79938862,
        -2.41015706],
       [-0.60217241,  0.81163562,  2.08135114,  0.74368774, -1.5853948 ,
        -2.17492313],
       [-2.34687646,  0.70235659, -1.21039113, -1.68831832, -2.26904261,
         1.88777642],
       [ 0.58897566,  1.46583217, -2.24895021,  0.15474108,  0.69552214,
         0.42651582],
       [ 0.46351736,  2.2851673 , -1.0178345 , -2.16712513, -0.32742342,
         1.48569492],
       [ 2.02023002,  0.48963689, -1.03406615,  1.36977135,  0.82184339,
        -0.61549353]]), array([[-0.67901476,  1.51789752],
       [-0.70522937, -0.63072597],
       [-2.37571524, -1.56031137],
       [-0.159139  ,  1.20935464],
       [ 0.29613759, -0.11093051],
       [ 1.51658087, -0.10431313]])], [array([-0.4574371 , -2.17635628,  0.53066756,  0.40605024, -0.29296664,
       -1.24699159]), array([ 0.99668641, -1.94840858])]]]
[200, 15, -1, -1, 0, [[array([[-2.1219669 , -0.83517293, -1.15211505, -2.41072799, -2.03145567,
        -2.10515782],
       [ 1.76043684, -1.07083506, -0.13401505, -2.15685751, -0.62323103,
         1.61866354],
       [-1.43711852,  1.77196017, -0.73355849, -2.30485138,  0.56345067,
        -1.37500901],
       [-1.31247347, -0.57903677,  1.38767345,  0.72430943, -2.12297246,
         0.89816626],
       [ 1.34089451, -1.98761156, -0.77408002,  0.36997069,  1.8820962 ,
        -2.04170339],
       [-1.62875716,  0.25503673,  0.29412301, -1.25643159, -1.51735247,
        -1.36018701]]), array([[-2.25626248, -0.93803584],
       [ 2.02731525, -2.00866018],
       [-0.30273573, -2.31322153],
       [-2.20895197, -0.61381662],
       [-1.56240829, -0.11155899],
       [-0.69433822,  0.6510468 ]])], [array([-0.25162612,  1.91742514, -0.29682101, -0.0276874 , -0.49038253,
       -1.17215396]), array([ 0.22323276, -1.62517936])]]]
[200, 5, -1, -1, 1, [[array([[-2.42563543, -1.37419581, -2.07552405, -0.54119064, -1.82116397,
         1.26975728],
       [ 1.99358145,  0.95647651,  1.7643133 , -1.88942863,  1.48005357,
        -0.3382613 ],
       [-1.28115285,  2.17584101,  0.57675684, -0.17547734,  0.67224297,
        -1.50494935],
       [-0.90852197,  1.03863121,  0.11140723, -0.02712444,  2.12079501,
        -1.55808551],
       [ 1.1987635 ,  1.3972569 ,  0.95682399, -0.11010166, -1.63472007,
        -1.5334263 ],
       [-2.39566108,  1.39251323, -2.36920823, -1.99065434, -2.2634121 ,
         0.9190829 ]]), array([[-2.05448539, -1.18756728],
       [ 0.3206181 , -2.05039457],
       [ 1.38814936,  2.4385731 ],
       [-1.80901852,  1.35399625],
       [-1.05358578, -1.29998853],
       [-1.79596464,  0.16351427]])], [array([-1.00710458, -1.90842847, -0.61810972, -1.46720452, -1.513462  ,
       -1.24679061]), array([-1.80235977,  1.66315971])]]]
[200, 20, -1, -1, 0, [[array([[ 0.97079553, -0.79793003,  1.72873284, -1.09462948,  0.36995474,
        -1.67984029],
       [-0.28872076, -2.39367918, -2.31564304, -0.55141633, -0.90342265,
         0.22588459],
       [ 0.80049512, -1.74609265,  0.70094866,  1.02945917,  0.30981754,
        -1.09773141],
       [-2.36968228, -1.66291926,  1.14691509,  2.14697267, -2.26281346,
        -1.30463828],
       [-1.54943085, -2.43424167,  1.24536787, -2.0305867 ,  0.42996769,
        -0.14751758],
       [-0.60141357, -1.97241939,  2.19133169, -2.30857302,  1.87359821,
        -1.41992534]]), array([[ 2.37365192,  0.51296264],
       [ 0.63572586,  2.04908668],
       [ 2.21391972, -0.97967801],
       [-2.2144172 , -0.33815317],
       [ 2.22192159, -0.90903515],
       [-0.83213446, -0.64229407]])], [array([ 0.69292442,  2.21144606, -0.19462964,  2.07105304, -1.70486453,
        0.56103838]), array([1.78585026, 1.53664716])]]]
[200, 23, -1, -1, 1, [[array([[ 0.39989121, -0.94953814, -2.42303229,  0.64341449, -0.8395831 ,
         0.07356659],
       [-0.19445395,  2.05524078, -1.15031824,  0.17733749, -1.19932244,
         1.62771987],
       [-1.32262059, -1.26221949, -1.03001106, -0.69937354,  0.05036465,
        -0.76246991],
       [-0.90242232,  2.37473414,  0.97328342, -1.2322842 , -1.6746137 ,
        -1.97250754],
       [-0.8405336 , -1.91510138,  1.29779104, -0.02487425, -2.26864571,
        -0.39434635],
       [ 2.11510469,  2.02657358, -1.29067549, -2.19866036,  1.64174713,
        -1.53234165]]), array([[-0.40873815,  1.10262654],
       [-2.06860266,  1.22151419],
       [ 0.8219773 , -0.96979565],
       [ 0.44292565,  1.35089477],
       [ 1.19014624,  2.1838264 ],
       [-0.01340357, -1.19532541]])], [array([-1.50532972, -1.62809659,  0.39992906, -1.18261901,  1.14103198,
        1.19179593]), array([-1.37511562, -1.06049942])]]]
[200, 17, -1, -1, 0, [[array([[-1.20395286, -1.0891377 , -2.30243036, -0.11154082, -1.18750323,
         0.6372289 ],
       [ 1.54442136,  2.42386426, -2.19331051,  0.30699747,  0.71142257,
        -2.30470098],
       [-0.22078196, -0.61768993, -1.36589927,  0.0707001 , -0.53473822,
         1.67734368],
       [ 1.79464299,  1.72289161,  2.29104198,  0.05740594,  1.45888497,
         1.78778014],
       [ 0.62244417, -1.37181564, -1.55490904, -1.70311436, -0.78204274,
         1.4215068 ],
       [ 2.34061132, -0.31636657,  1.10113202,  1.64654486, -1.07503913,
         0.29763352]]), array([[ 0.32942691,  1.04049201],
       [-0.08926033,  1.16178867],
       [-0.18124399, -0.67238111],
       [ 0.34085649, -0.23638003],
       [ 1.46715777,  2.40277271],
       [-2.25499494,  1.94020354]])], [array([-1.48772978, -0.86213704, -0.03993476, -1.26034277,  0.23485005,
       -0.08556878]), array([0.93492831, 0.301129  ])]]]
[200, 1, -1, -1, 1, [[array([[ 1.79771525e+00,  2.44583892e+00,  7.31110579e-01,
         1.79849690e+00,  1.87617027e+00, -1.96218782e+00],
       [ 1.15429321e+00, -8.39717256e-01, -3.72741577e-01,
        -1.91247400e-01,  9.50570773e-01,  2.04014746e+00],
       [-1.42639343e+00,  2.34870640e+00,  1.76743288e+00,
         8.78092969e-01,  1.59125909e-03,  1.69560463e+00],
       [ 1.26349874e+00, -7.78894260e-01, -1.76909840e+00,
        -2.05030545e+00, -1.79308296e+00, -9.25330892e-01],
       [-1.20943136e+00,  1.33169418e+00,  2.29078532e+00,
        -1.25744901e+00, -1.82055553e+00,  1.32212513e-02],
       [ 2.37532410e+00,  1.85687688e+00,  4.36889786e-02,
         1.55646359e+00, -2.38580348e+00,  1.63565248e+00]]), array([[ 0.69895693, -1.66646793],
       [ 2.22008209,  1.58067737],
       [ 2.0185652 , -1.03458889],
       [ 0.60278183, -2.10739722],
       [-0.48524319,  0.23288064],
       [ 1.11379319, -1.91079992]])], [array([ 1.35065108, -1.16866874,  2.40847007,  0.40843741, -0.46356176,
       -1.47058222]), array([ 0.059098  , -0.40376845])]]]
[200, 24, -1, -1, 0, [[array([[-0.25375289, -1.76339365,  1.3345819 ,  2.41770012, -2.3048022 ,
         1.45465494],
       [ 1.05157811,  0.08078388,  0.23111881, -0.3219864 , -2.05358012,
         0.73989838],
       [ 0.11590384, -1.16705324, -0.07428627,  0.7236621 , -0.36727867,
        -0.84125276],
       [ 2.21133455,  0.05199388,  1.96475232,  0.44761212,  2.26362303,
         1.74593472],
       [ 1.67467885,  1.98680399, -0.83088746, -1.92037888,  0.47336316,
        -2.43697573],
       [-2.13852725,  1.88798168, -0.8947091 , -1.50414304,  1.16216049,
         1.04714198]]), array([[-0.34553407, -2.43521786],
       [-1.26943649, -2.11193573],
       [ 0.08862579, -1.14934057],
       [ 1.15057405, -0.47317365],
       [ 1.60857391, -2.08085413],
       [ 1.9561035 , -0.3160953 ]])], [array([ 0.8115789 , -1.27013619, -1.82310811,  1.03151112,  0.95129792,
       -1.66349211]), array([-1.97881961,  2.24258469])]]]
[200, 19, -1, -1, 1, [[array([[-1.42612546,  1.73444174, -2.44706357, -0.89445778, -0.66349614,
        -0.23608593],
       [ 1.28264014,  1.94494686,  0.82391198, -1.19954097,  1.67740525,
        -0.55409739],
       [ 1.1649427 , -0.80504441,  0.09610877,  1.60209055,  0.02422184,
        -2.33998225],
       [-1.04813428, -0.91018981, -0.04182585,  2.41450093,  0.35692133,
         0.58369181],
       [-0.68802398, -2.09948629, -1.06335867,  0.24233096, -0.5152894 ,
        -1.6463579 ],
       [-2.04640717,  1.8151037 , -2.40384725,  0.62407357, -2.10587285,
         1.72129035]]), array([[ 0.43675013,  1.63658104],
       [-2.38708916, -2.0858661 ],
       [-1.97218186,  0.59305086],
       [ 0.84846765,  2.00382406],
       [ 1.02485176,  0.37253949],
       [-1.78542683, -2.32144664]])], [array([-0.30054444,  0.93427588, -1.50521129,  1.00048562,  2.27317417,
        2.17226105]), array([ 0.89512388, -2.20507503])]]]
[200, 2, -1, -1, 0, [[array([[-0.98169211,  0.9656426 ,  1.00915213,  0.56981962, -1.18454994,
         0.35324789],
       [-2.42879724, -1.5826554 , -1.98154432, -1.45544736, -1.89165083,
         0.96453973],
       [-2.1847639 ,  1.02068625, -0.85875118,  1.71340981, -0.99889976,
         2.248992  ],
       [ 1.13294353, -2.3037783 ,  1.81957237, -0.91433942,  0.25020691,
        -2.16478326],
       [ 1.37354765, -0.84501349, -1.729088  ,  0.83347681, -1.30584015,
        -0.28618113],
       [ 0.6468419 , -0.35024231,  1.76670398, -1.45205963,  0.90571111,
         0.33546286]]), array([[-1.53743819,  0.34066229],
       [-1.65506344,  1.37093359],
       [-2.44595648,  2.32339087],
       [ 1.01384204, -1.77524168],
       [ 1.94521082, -2.34509061],
       [ 1.792181  , -0.33903337]])], [array([-2.12420299, -1.22932296, -0.89705486, -1.35834798,  1.72852102,
        0.56650369]), array([-0.24217163, -2.43672803])]]]
[200, 7, -1, -1, 1, [[array([[-1.37298916e-01,  1.52059645e+00, -1.09974282e+00,
         7.75600103e-01, -1.02033683e+00, -8.10382836e-01],
       [ 2.39274676e+00, -1.88515038e+00,  2.24939152e+00,
         4.37304150e-01,  1.95272792e+00, -1.31829833e+00],
       [-1.54005422e+00, -2.30626576e+00,  1.34383540e+00,
         2.35253011e+00, -4.81259133e-02, -1.88782331e+00],
       [ 3.38947039e-01, -9.99080730e-01,  1.48959906e+00,
         1.84574717e+00,  1.13957110e+00,  2.42195369e-01],
       [ 8.64326721e-01, -1.14214568e+00, -5.43208149e-01,
        -1.78164077e+00,  1.47773346e+00, -2.19362824e+00],
       [-6.79055591e-01,  1.32908630e-03, -1.47483420e+00,
         6.24129811e-01,  1.47633130e+00, -3.88273811e-01]]), array([[ 0.20532588,  1.61111843],
       [-1.26863495,  2.37066437],
       [ 0.66925327, -1.63885098],
       [-1.15103532, -0.98113937],
       [ 1.63080054,  0.28960674],
       [-0.89478194, -1.63389503]])], [array([-1.67469628,  0.17328726, -0.14880186, -2.13550439,  0.63070682,
       -0.56662663]), array([-0.49388647, -1.40945489])]]]
[200, 9, -1, -1, 0, [[array([[-2.09941321, -2.16089666,  0.42867453, -0.37598953,  0.18826476,
        -2.23547611],
       [-0.31402422, -1.88474752, -0.062504  , -0.9288036 , -0.77491557,
         1.28667491],
       [-1.17265159, -1.67286451,  1.93893507, -2.21648821, -0.91724058,
         1.86341586],
       [-2.25762064, -0.25402363,  0.11670669, -2.42516702, -1.81952647,
         0.59022908],
       [-0.88047817,  1.89763268,  2.08314224,  0.34235116, -1.32001352,
        -1.67470833],
       [-0.77811536,  1.53175835,  2.34671715, -2.32057149,  0.65798948,
         1.76001309]]), array([[-1.11452626, -0.09310106],
       [-1.74243356,  1.36109761],
       [-2.00217139, -0.1488164 ],
       [ 0.39547242,  0.23158328],
       [-0.62582754, -2.43445617],
       [-0.33280377, -2.42034265]])], [array([ 0.94914517, -0.47579099, -0.50250916, -1.81911118,  2.39334625,
       -2.41868192]), array([-1.93705638, -0.80805828])]]]
[200, 21, -1, -1, 1, [[array([[-0.22707812, -0.75878496,  1.53742013, -2.23284079, -0.07024374,
        -2.23114325],
       [-0.69892422, -0.52554341,  0.6490358 ,  1.12111946, -1.56214854,
         1.24569774],
       [ 0.90761551, -1.68872873, -0.96448244,  1.46435959,  1.33543952,
         0.4804003 ],
       [ 2.1974662 , -0.42946384, -0.06844213,  1.8493435 ,  1.42567174,
        -0.54956062],
       [ 1.83381729,  0.64822648,  1.86647289, -2.33289234, -0.52225922,
         0.66888336],
       [-0.72256032,  2.33501616, -1.86620561, -2.04337178,  0.3158902 ,
        -1.65721376]]), array([[ 0.23233327,  2.41763241],
       [-1.47759069, -0.2799577 ],
       [-0.72391021, -0.83313565],
       [ 2.42407203,  1.64643611],
       [ 1.67294576,  2.2095539 ],
       [-0.911346  , -1.85525474]])], [array([-0.81688289,  0.2565062 ,  2.35239645,  0.65757767,  2.37416928,
       -1.72042911]), array([-1.04989843, -0.23492628])]]]
[200, 11, -1, -1, 0, [[array([[-0.79947254,  1.18102036, -1.96434166, -2.44244003, -1.91597904,
         0.5649556 ],
       [-1.71738734, -0.5774718 ,  0.08945712, -1.51486311,  1.6056    ,
        -1.64512377],
       [-0.81616047, -1.51151959, -0.16374538,  0.11358307, -1.28112086,
         0.82451853],
       [ 1.574972  ,  0.62998539,  1.99109531, -0.25079675, -0.96511396,
        -1.35993125],
       [ 1.32551032,  0.32804441,  2.4151299 ,  1.95675919, -2.1326478 ,
        -1.80127204],
       [-0.63412518, -2.09430776, -0.5280936 , -2.10568002,  2.38984585,
         1.43764988]]), array([[-0.6070339 , -1.31868411],
       [-2.05372553,  1.21308267],
       [ 2.13049897,  0.0230075 ],
       [ 1.74967066,  0.66131224],
       [-2.0363412 ,  2.23383983],
       [-0.8619838 ,  0.10399742]])], [array([-2.33880785,  0.93783805, -2.08409073, -1.79737165,  2.41281941,
        0.16873448]), array([0.75343482, 1.98117002])]]]
[25250, 16, 'birth', 9, 13, 0, [[array([[-0.90213397, -0.53148341,  0.42867453, -0.37598953,  0.18826476,
        -2.23547611],
       [ 0.95241047, -1.88474752, -0.062504  , -0.9288036 , -0.77491557,
         1.28667491],
       [-1.17265159, -1.42647069,  2.44948974, -1.68831832, -2.26904261,
         1.88777642],
       [ 0.58897566,  1.46583217, -2.24895021,  0.15474108,  0.69552214,
         1.78077425],
       [ 0.46351736,  2.2851673 , -1.0178345 , -2.16712513, -0.32742342,
         1.48569492],
       [ 2.02023002,  0.48963689, -2.44948974,  1.36977135, -2.44948974,
        -0.61549353]]), array([[-0.67901476,  0.2648517 ],
       [-0.70522937, -0.63072597],
       [-1.41421356, -1.41421356],
       [-0.159139  ,  1.20935464],
       [ 1.41421356,  1.41421356],
       [ 1.41421356, -0.10431313]])], [array([-0.4574371 , -2.17635628,  0.53066756,  0.40605024, -0.29296664,
       -1.24699159]), array([ 0.99668641, -1.41421356])]]]
[109801, 18, 'birth', 17, 5, 1, [[array([[-1.20395286, -1.0891377 , -2.30243036, -0.55010027, -1.18750323,
         0.6372289 ],
       [-0.8586511 ,  2.42386426, -2.19331051,  0.30699747,  0.71142257,
        -2.30470098],
       [-0.22078196, -0.61768993, -1.36589927,  0.0707001 , -0.53473822,
         2.44948974],
       [ 1.79464299,  1.72289161, -0.10193905,  0.05740594,  1.45888497,
         2.44948974],
       [ 0.62244417, -1.37181564, -1.55490904, -1.70311436, -0.78204274,
         1.4215068 ],
       [ 2.34061132,  2.06530139,  1.10113202,  1.64654486, -1.07503913,
         0.9190829 ]]), array([[-1.41421356, -1.18756728],
       [ 0.3206181 , -1.41421356],
       [-0.65446534,  1.41421356],
       [-1.41421356,  1.35399625],
       [-1.05358578, -1.29998853],
       [-1.41421356,  0.16351427]])], [array([-1.00710458, -2.44948974, -0.61810972, -1.46720452, -1.513462  ,
       -1.24679061]), array([-1.41421356,  1.41421356])]]]
[365103, 14, 'birth', 22, 5, 1, [[array([[-2.19312449, -2.09685693, -2.44948974,  0.66622306, -0.40222376,
        -0.31271882],
       [ 0.63882423,  2.44948974,  0.04647216, -1.94422357,  2.44948974,
         0.15733257],
       [ 0.01382011, -2.44948974,  2.4032669 ,  2.44948974,  2.17513668,
        -1.94785952],
       [ 0.96011139, -1.20149382,  0.29008952,  1.17884311,  0.74262416,
         0.24531443],
       [-1.93991557,  0.89563765,  0.63168284, -1.7406676 ,  1.40910941,
         2.19149064],
       [ 0.33941996,  1.95875821,  0.61897456, -2.24823165, -0.88022852,
        -2.23694807]]), array([[-1.41421356, -1.18756728],
       [ 0.3206181 , -1.41421356],
       [ 1.38814936,  1.41421356],
       [-1.41421356,  1.35399625],
       [ 0.86930834, -1.41421356],
       [-1.41421356,  0.16351427]])], [array([-1.00710458, -1.90842847, -0.61810972, -1.46720452, -1.513462  ,
       -1.24679061]), array([-1.41421356,  1.41421356])]]]
[460004, 10, 'birth', 24, 23, 0, [[array([[ 0.7250478 ,  1.45765707, -0.74025156,  0.64341449, -0.8395831 ,
         2.30772228],
       [-0.19445395,  2.05524078, -1.15031824,  0.17733749, -1.19932244,
         1.62771987],
       [-1.32262059, -1.26221949, -1.03001106, -0.69937354,  0.05036465,
        -0.76246991],
       [-0.90242232,  2.37473414,  0.97328342, -1.2322842 , -1.6746137 ,
        -1.97250754],
       [-0.8405336 , -1.91510138,  2.44948974, -0.02487425, -2.26864571,
        -0.39434635],
       [ 2.11510469,  2.02657358, -1.29067549, -2.19866036, -0.30981115,
        -1.53234165]]), array([[-0.40873815,  1.10262654],
       [-1.41421356,  1.22151419],
       [ 0.8219773 ,  0.33759043],
       [ 1.41421356,  1.35089477],
       [ 1.19014624,  1.41421356],
       [-0.01340357, -1.19532541]])], [array([-1.50532972, -1.62809659,  0.39992906, -1.18261901,  1.14103198,
        1.19179593]), array([-1.37511562, -1.06049942])]]]
[486454, 12, 'birth', 10, 13, 0, [[array([[ 0.7250478 ,  1.45765707, -0.74025156,  0.64341449, -0.8395831 ,
         2.30772228],
       [-0.19445395,  2.44948974, -1.94244475,  0.17733749, -1.19932244,
         2.44948974],
       [-1.32262059, -1.26221949,  1.8910816 , -0.69937354,  0.05036465,
        -0.76246991],
       [ 0.42469859,  2.37473414,  0.97328342, -1.2322842 , -1.81116699,
        -1.97250754],
       [-0.8405336 , -2.36472822,  2.44948974, -0.02487425, -2.26864571,
         1.48569492],
       [ 2.02023002, -1.47140824, -1.03406615,  1.36977135,  0.82184339,
        -0.62984569]]), array([[-0.67901476,  1.41421356],
       [-0.70522937, -0.63072597],
       [-1.41421356, -1.41421356],
       [-0.159139  ,  1.20935464],
       [ 0.29613759, -0.11093051],
       [ 1.41421356, -0.10431313]])], [array([-0.4574371 , -2.17635628,  0.53066756,  0.40605024, -0.29296664,
       -1.24699159]), array([ 0.99668641, -1.41421356])]]]
[499405, 6, 'birth', 12, 21, 1, [[array([[ 0.7250478 ,  2.42813077, -0.74025156,  0.64341449, -0.8395831 ,
         1.2620361 ],
       [-0.19445395,  2.44948974, -1.87719997,  2.44948974, -1.19932244,
         2.44948974],
       [-1.32262059, -1.26221949,  0.36738176, -0.69937354,  0.05036465,
        -0.76246991],
       [ 0.42469859,  2.37473414,  0.97328342,  1.8493435 ,  1.42567174,
        -0.54956062],
       [ 1.83381729,  0.64822648,  1.86647289, -2.33289234, -0.62782046,
         0.66888336],
       [-0.72256032,  2.33501616,  2.37071957, -2.04337178,  0.3158902 ,
        -1.65721376]]), array([[ 0.23233327,  1.41421356],
       [-1.41421356, -0.2799577 ],
       [-1.41421356, -0.83313565],
       [ 1.41421356,  1.41421356],
       [ 1.41421356,  1.41421356],
       [-0.911346  , -1.41421356]])], [array([-0.81688289,  0.2565062 ,  2.44948974,  0.65757767,  2.37416928,
       -1.72042911]), array([-1.04989843,  1.01710185])]]]
[583005, 3, 'birth', 15, 1, 0, [[array([[-1.9722822 ,  2.44948974, -1.15211505, -2.41072799, -2.13962568,
        -2.10515782],
       [ 1.76043684, -1.07083506, -0.13401505, -2.44948974, -0.62323103,
         1.55361706],
       [-1.43711852,  1.77196017, -2.38688956, -2.30485138,  2.44948974,
        -1.37500901],
       [-1.31247347, -1.81038893,  1.38767345,  0.72430943, -2.12297246,
        -2.44948974],
       [ 1.34089451, -2.44948974, -0.77408002,  0.36997069,  1.8820962 ,
        -2.04170339],
       [-0.19085438,  0.25503673, -2.44948974, -1.25643159, -1.51735247,
        -1.36018701]]), array([[-1.41421356, -0.93803584],
       [ 1.41421356, -1.41421356],
       [-0.30273573, -1.41421356],
       [-1.41421356, -0.61381662],
       [-1.41421356, -0.11155899],
       [-0.69433822,  0.6510468 ]])], [array([ 1.35065108, -1.16866874,  2.44948974,  0.40843741, -0.46356176,
       -1.47058222]), array([ 0.059098  , -0.40376845])]]]
[614306, 22, 'death']
[614606, 13, 'death']
[614856, 15, 'death']
[615156, 5, 'death']
[615406, 20, 'death']
[615706, 23, 'death']
[616006, 17, 'death']
[616256, 1, 'death']
[616506, 24, 'death']
[616756, 19, 'death']
[617056, 2, 'death']
[617356, 7, 'death']
[617656, 9, 'death']
[617956, 21, 'death']
[618206, 11, 'death']
[628706, 16, 'death']
[655956, 18, 'death']
[716807, 14, 'death']
[742007, 10, 'death']
[747107, 12, 'death']
[749107, 6, 'death']
[749457, 3, 'death']
[749457, 'Extinction!']
