[time, indiv, parent1, parent2, gender, brain]
[150, 13, -1, -1, 0, [[array([[ 2.19045975, -0.13281116, -0.69799106,  1.46704882, -1.88461006,
        -1.82930758],
       [ 1.81216328, -0.29113018, -1.03569393,  1.27599002,  0.76821062,
        -1.92719377],
       [-1.56235678,  1.34743917, -0.62522275,  1.54165611, -0.14993257,
         2.04306182],
       [-1.51552853, -1.49164207, -1.46709667, -1.5141025 , -2.0479063 ,
        -0.53141325],
       [-1.68698666,  0.03077   , -1.54450688,  2.06318958,  1.7822143 ,
        -0.76997286],
       [ 0.8381688 , -2.20414218,  1.3308393 , -0.12591173,  1.71843084,
         2.17734237]]), array([[ 1.0111481 , -0.21685169],
       [-1.43869647,  2.10389604],
       [ 2.16620061, -0.56811276],
       [ 1.62779909, -0.01174755],
       [ 0.35360029, -0.22840426],
       [ 0.82032998, -2.3892827 ]])], [array([ 0.35372076, -0.8151807 , -1.33006682, -1.88868891, -0.11886544,
       -1.34977876]), array([-1.44548026, -0.17064057])]]]
[150, 21, -1, -1, 1, [[array([[ 2.08431157,  1.76972898,  1.73773   , -1.44655658,  1.99464111,
         0.91269368],
       [-1.91169697,  1.44350757, -1.36034512, -2.15428568, -0.39199017,
        -1.97396216],
       [-2.10301605, -0.91752061,  0.62087158,  1.159532  , -0.92622869,
         1.50502384],
       [ 0.9028323 , -1.99125408,  2.02750635,  0.39683967, -0.65293863,
         1.48452287],
       [-1.51416608, -1.7722884 ,  2.29041474,  1.49568809, -0.00398717,
         1.35001785],
       [ 1.71245544, -2.10988774, -2.19804049,  2.37181048, -1.77664061,
         0.82170623]]), array([[-0.06809136, -1.09434308],
       [ 0.28816919,  0.05783592],
       [-0.17368249, -0.2053625 ],
       [ 1.58802965, -1.70667125],
       [ 1.70031742,  1.20344286],
       [-1.05681456, -0.70743338]])], [array([-1.6024814 ,  1.20520033,  0.95750109, -1.78342549,  0.47357549,
        0.86871848]), array([ 2.05605062, -1.41734522])]]]
[150, 17, -1, -1, 0, [[array([[ 0.27595718, -1.88578035, -0.92026894, -1.56126517,  0.05867343,
        -1.47846836],
       [ 0.24789985, -1.27240997,  2.02577495,  1.19853436, -0.42827418,
         0.98765263],
       [ 1.66426847, -0.23496232,  0.41682189, -0.42383545, -2.06279815,
         0.84650979],
       [-1.73526883,  2.07759526,  2.05292895, -1.34480335, -0.19362864,
        -1.88862368],
       [-0.84193547,  1.32845508, -0.03894811, -0.14191334, -1.58770565,
        -1.7465752 ],
       [-2.27463158, -0.77259678, -0.30827767, -2.22516969,  0.03160425,
        -2.2786778 ]]), array([[ 1.95751496, -0.24574276],
       [-1.53672902, -1.52662019],
       [-0.95702561, -2.13396527],
       [ 0.64165202,  0.07255216],
       [ 1.66137938, -1.68272521],
       [-1.6233938 ,  2.19835412]])], [array([ 1.15617773, -0.17603973,  1.52497585,  0.20952973,  0.51587165,
       -1.32570524]), array([ 2.37189017, -0.28921052])]]]
[150, 3, -1, -1, 1, [[array([[ 1.00006411, -0.2507097 , -0.99859522,  2.35993662,  1.23388891,
         1.03054684],
       [-1.16800486, -1.65790126, -1.93172959,  2.31586801,  0.9207614 ,
        -1.35705198],
       [-0.79523425,  0.83966024,  1.15874875,  0.25499056, -1.4845278 ,
        -0.27807923],
       [ 1.50924419,  1.42392797, -0.5732836 , -1.62279608, -1.47931066,
        -0.18342059],
       [-1.16937402,  0.00303833,  0.47298485, -1.46277236,  0.59676331,
         0.82322878],
       [-1.35186525,  1.20519015, -0.31220943, -0.85097841,  1.05529615,
        -1.57493312]]), array([[-1.98729349,  1.7922604 ],
       [ 2.22028886,  0.26109042],
       [-0.3016582 , -2.08254503],
       [-0.89468539,  1.75768761],
       [-1.45067239, -0.86534499],
       [-1.18351547, -2.30133798]])], [array([ 1.05084161,  0.36788636,  0.41494988,  1.50502653, -1.86451749,
       -2.37449436]), array([0.33916013, 0.65580042])]]]
[150, 15, -1, -1, 0, [[array([[-1.89148723, -1.27263248,  2.16237901,  0.02372828,  1.58858924,
        -2.03081483],
       [-0.07701982,  0.75015433,  1.23730543, -2.42280734, -0.86028034,
        -0.88935413],
       [-1.02651659,  2.00809538, -2.43154753,  0.02434444,  2.25387209,
         2.10857026],
       [-0.54637047, -0.86426814, -1.19030521, -1.30747642, -0.27017574,
         0.77982992],
       [ 0.98083087,  1.58878843,  0.00989102, -1.44341604,  2.12298083,
        -1.09248801],
       [-1.06597455, -0.36693913,  1.58210793, -1.45161483, -2.26454645,
         1.81988353]]), array([[-0.37988415, -2.4458504 ],
       [ 0.19418911, -1.27738579],
       [-2.05315322, -0.81370605],
       [-1.66267869,  2.25160544],
       [ 1.51281573,  1.83708959],
       [ 0.2537263 ,  0.56854212]])], [array([ 0.51120873,  2.14285074,  1.13481304,  2.08064779,  1.85360859,
       -1.28496202]), array([-0.56007669, -0.65244202])]]]
[150, 18, -1, -1, 1, [[array([[ 1.81197231,  1.02967267,  0.163337  , -2.09744601,  0.71633667,
        -0.82619414],
       [ 0.63400618, -2.18506871, -1.3522498 , -1.98214608, -1.34071287,
        -0.74899145],
       [ 1.91314356,  1.9882602 , -1.28043459, -0.34789174, -0.98286462,
        -1.61391928],
       [-2.07354037,  0.52445045,  1.83965833, -1.45853132, -2.29213094,
        -1.63029094],
       [-1.52090615, -0.97514142, -1.78718439, -2.34328768, -0.82423061,
        -1.30396907],
       [-1.32066728, -1.33842423,  1.04720195,  0.48546328,  0.79748931,
         0.5547143 ]]), array([[ 0.07548385, -1.49208351],
       [-1.88871474, -0.1291411 ],
       [-0.59083375, -0.32582308],
       [ 1.65056428,  1.01331993],
       [-2.1646083 , -1.10684057],
       [-0.00999997, -0.22664493]])], [array([ 0.98313949, -1.17845297, -0.24260665, -1.17534481, -0.77087576,
        1.61721746]), array([-2.23338446, -0.85872842])]]]
[150, 1, -1, -1, 0, [[array([[ 0.5715714 , -0.09292642, -0.54835191, -2.2156442 ,  1.50619114,
        -0.77056281],
       [ 0.67234614, -2.00936425, -1.80325967, -1.26977042,  0.82871688,
         0.79295691],
       [ 0.397996  , -1.95143133,  0.09069765, -2.41691706,  2.12770362,
         0.28184438],
       [ 1.31614892,  1.65385702,  2.15145602, -2.38241044, -0.02004001,
         2.09855281],
       [ 0.03763593, -2.24472643, -0.09522561,  0.77659555,  2.07882514,
        -0.59181721],
       [ 1.25392929,  1.2164622 ,  2.39904068,  1.03232693,  0.79846446,
        -0.69039318]]), array([[-2.29664497,  0.96326302],
       [ 0.39769617,  0.26898274],
       [-0.88823875, -1.2554633 ],
       [ 1.23198347,  0.77255263],
       [ 1.27126912,  1.38551188],
       [ 0.31139064, -0.3182034 ]])], [array([ 1.88057238, -1.30163955,  1.70133046,  0.8403365 , -1.9002421 ,
        0.4402826 ]), array([-1.6203241 ,  2.40186433])]]]
[150, 20, -1, -1, 1, [[array([[ 0.8433176 , -0.90081602,  1.90470231,  0.26248398,  1.57217185,
        -2.13644785],
       [-1.42068882, -1.71192742, -2.30805707, -2.36772277,  1.20067081,
        -2.18194475],
       [ 2.00710903, -1.55925434,  2.02140975, -1.79222842, -0.98724885,
         0.87668909],
       [ 1.63379424, -0.59837661,  1.01329154, -1.22239299, -0.84830811,
         1.6026651 ],
       [-0.56002629, -0.02413823, -0.83532468, -1.41920932,  0.05370941,
        -2.19058159],
       [ 2.12074093,  1.21382201, -2.43666394,  0.84990182, -1.43994677,
        -0.61098171]]), array([[-1.23180029, -1.54858914],
       [-1.068638  ,  2.08969742],
       [-2.21460901,  0.57894086],
       [ 0.41366878, -1.78247152],
       [-0.10070714,  1.47819595],
       [ 1.71409649,  2.35838652]])], [array([ 1.93459219,  1.59837677, -2.06914534, -1.04731296,  1.04657617,
       -0.53904169]), array([-0.79329648, -1.71034066])]]]
[150, 2, -1, -1, 0, [[array([[ 0.98224502,  1.13953853,  1.51948067,  0.72961266,  1.89646704,
         1.51520549],
       [-0.62760509,  2.41072242, -1.86979039,  1.86288832, -0.73834586,
         0.32954251],
       [ 0.23755682, -1.84394099,  1.34558495,  0.28255181,  0.30628751,
         0.67762017],
       [ 0.27166486,  2.1472921 ,  0.38904065,  1.86958889,  1.20459692,
        -1.02456165],
       [ 0.2307686 , -1.98444862, -0.56619057, -0.70868172, -0.77034557,
        -2.32587449],
       [-2.39115486, -1.59934941, -1.85163176, -1.37987597, -1.28818118,
        -1.19467776]]), array([[ 1.2837979 ,  0.57627849],
       [-1.64996808, -2.04705182],
       [-0.73912271, -0.48452704],
       [-2.04397161,  1.87160858],
       [-1.4327692 , -0.8369565 ],
       [ 1.79871121,  0.84692856]])], [array([-1.90304748,  1.7482809 , -2.4309156 ,  0.80732561,  1.114063  ,
       -2.14458369]), array([ 1.19721282, -1.13546141])]]]
[150, 4, -1, -1, 1, [[array([[-0.47037215, -1.38507597,  1.6612404 ,  1.6890892 ,  0.65552614,
        -0.65803084],
       [ 0.66966478, -2.40058651, -2.32155175,  2.31511651, -2.33179099,
        -1.04870417],
       [ 2.41164802,  0.66737437, -1.24947231,  1.82432793, -0.11499833,
         2.08644493],
       [-0.65426347,  0.79328796,  1.75129558,  0.7569971 ,  0.85214596,
        -1.73102231],
       [ 1.33691539, -0.0365327 , -1.46285889, -2.40405433,  2.43661093,
         1.29501646],
       [ 1.68535396, -1.09544832,  0.13861614, -0.22785371,  2.44037416,
         2.25474718]]), array([[ 0.65497624, -0.28397343],
       [-2.44756804, -2.25938507],
       [ 0.57469972, -1.56372025],
       [ 2.43071032,  0.06971999],
       [-0.06175938,  0.88164435],
       [-0.3638398 ,  1.05424197]])], [array([-0.01164663, -0.67318496, -0.048862  , -0.54462464, -2.12898017,
       -2.33457792]), array([-0.70618927,  1.41119686])]]]
[150, 8, -1, -1, 0, [[array([[ 1.70079185,  0.79236651,  1.27096628, -0.3831195 , -0.80566853,
        -1.49977827],
       [-0.52820537,  0.29368848,  1.87570378,  2.14847849,  1.35586543,
         2.44910963],
       [ 1.29999342, -1.68695785,  0.5253007 , -0.69661608, -1.3653566 ,
         0.93686415],
       [ 0.67312695,  2.32996929,  2.34463839,  2.3876121 , -1.14302647,
         0.83063322],
       [ 2.36162904,  0.29074901, -1.70066618,  0.32148297, -0.76604236,
         0.33480464],
       [ 1.75257098,  2.22100661,  0.44798662, -1.69559078, -2.10006163,
         1.01496307]]), array([[-1.14273841, -1.9658654 ],
       [-2.41606225,  2.34884422],
       [ 0.55922721,  0.1157782 ],
       [-1.32947263, -0.96171664],
       [ 1.37215478,  0.03614899],
       [ 1.035436  , -1.21009928]])], [array([-1.71169855, -2.12310886, -1.84294791, -0.8902531 ,  1.91551431,
        2.41190454]), array([ 0.50576161, -2.01811107])]]]
[150, 19, -1, -1, 1, [[array([[-0.35017004, -1.24313596,  2.03357965, -0.99987827, -1.33117732,
         0.4590549 ],
       [-1.6598632 ,  0.28811986, -1.45385145,  1.33798506,  0.0433963 ,
         1.15906489],
       [-0.80457129, -1.23458997,  1.2890812 , -1.15340226,  0.88782336,
        -0.70601433],
       [ 1.00906452,  0.59713136, -2.31136542,  1.55980785, -0.41530672,
        -1.40646835],
       [-0.65612567, -1.34836431,  1.52606509, -0.62922978, -0.42984553,
        -2.20713074],
       [-0.46562412,  0.52907018,  2.05349347,  0.17020736, -0.57851956,
         0.11833539]]), array([[-2.27200532, -1.83521004],
       [ 2.11769346,  0.54835781],
       [ 1.37897961,  1.88445386],
       [-2.43076323,  1.010565  ],
       [ 0.04645981, -0.08878141],
       [-1.86444547, -2.33505899]])], [array([-0.55591735,  2.2401735 , -1.58588526,  0.72373109, -0.71986155,
        1.67147114]), array([2.03677531, 1.23165037])]]]
[150, 5, -1, -1, 0, [[array([[ 1.88000572, -0.79473546, -0.45947061, -2.15384768,  2.08076849,
         0.00324142],
       [ 1.72343003, -2.42684583,  1.56837165,  1.6416799 ,  1.25558913,
         1.86931816],
       [-1.35409557, -0.82536024,  1.08679969, -0.79786233,  1.45553358,
        -0.23612485],
       [ 1.39770488, -0.37155113,  2.14597575, -1.69217827, -0.22150422,
         1.73018246],
       [ 1.62386398,  2.17863307,  1.00296013, -1.52781002, -1.98988146,
         2.44413998],
       [ 1.17841396, -1.34923052, -2.34822502, -0.49344408, -0.91430861,
        -1.81632079]]), array([[-0.62220102,  2.09552454],
       [ 1.83316459, -0.07645383],
       [ 0.89712892, -2.41975557],
       [-2.14466376, -2.37212532],
       [-1.18610672,  1.79923947],
       [ 0.83865683,  0.81342905]])], [array([-0.70497201,  1.57995055,  0.57388361, -2.33579806,  1.62872809,
        1.5128091 ]), array([ 0.48809562, -1.68737885])]]]
[150, 0, -1, -1, 1, [[array([[-1.26545314, -1.66098507, -2.2356282 , -1.15278934, -1.17592029,
         1.03562661],
       [-1.09438001,  1.45647731, -1.05577138,  1.2699796 , -0.32695334,
        -1.41089105],
       [ 1.18043651,  1.02956441,  0.47625252,  2.19649935, -0.7794334 ,
         1.59494838],
       [ 1.43105313, -0.1226167 ,  0.1414573 , -1.08914283,  1.38833309,
         1.80688755],
       [-0.87561026, -0.66122434,  2.30858546,  0.00527896, -1.54904045,
        -2.41151055],
       [ 0.56253535,  1.9235784 , -0.23395993, -0.38699085,  2.20683471,
         0.03446668]]), array([[ 0.55713218, -1.40933633],
       [-0.47879953,  1.31922605],
       [ 2.33161952,  0.42016066],
       [ 1.81390304,  0.10132292],
       [-0.75640702, -0.01762445],
       [ 1.41192979,  0.79001349]])], [array([-1.0214194 , -0.05659838, -1.24039882, -1.44073014, -0.46711881,
        2.02483473]), array([ 1.54905038, -1.24009393])]]]
[150, 24, -1, -1, 0, [[array([[-1.11808152, -0.26692347,  2.43883514, -1.04689084, -0.11335165,
         1.79007672],
       [ 2.27394871,  0.03565891, -1.01889721,  2.38419347, -1.07408707,
         0.39085639],
       [-0.03023304,  1.17702074, -2.3045767 ,  1.34206699, -1.71685706,
        -0.87163219],
       [-0.45837637, -1.83049342,  1.28503968, -0.07099057, -1.17451179,
         1.36180278],
       [ 2.14574788, -0.58967934, -1.08925543, -2.01828188, -0.16999723,
        -0.41574451],
       [-0.15834412, -0.83083978, -1.51524311,  1.00545187, -1.28677221,
         2.20661794]]), array([[ 0.45201666, -1.37440407],
       [-1.29543524, -2.4113418 ],
       [ 0.98492388,  0.35403564],
       [ 1.15330701, -0.82977806],
       [-1.52580728,  1.56788166],
       [ 0.31345428, -0.70398839]])], [array([-2.4253427 , -0.89544429,  1.25180714, -2.42136847,  2.13278205,
        0.40192827]), array([ 1.48409677, -1.52752185])]]]
[234502, 11, 'birth', 17, 21, 0, [[array([[ 0.27595718, -1.88578035, -0.92026894, -1.56126517,  1.99464111,
         0.91269368],
       [-1.91169697,  1.44350757, -1.36034512, -2.15428568,  0.53385413,
        -1.97396216],
       [-1.35694599, -0.91752061, -0.23454069,  1.159532  , -0.92622869,
         2.44948974],
       [ 0.9028323 , -1.99125408,  1.01390238,  0.39683967, -0.65293863,
         1.48452287],
       [-1.31288776, -1.7722884 ,  2.29041474,  2.44948974, -0.00398717,
         1.35001785],
       [ 1.71245544, -2.10988774, -2.19804049,  2.37181048, -1.77664061,
         0.82170623]]), array([[ 1.41421356, -0.00554118],
       [ 0.28816919, -0.59805343],
       [-0.17368249, -0.2053625 ],
       [ 1.41421356, -1.41421356],
       [ 1.41421356,  1.20344286],
       [-1.05681456,  0.26664801]])], [array([-2.09755371,  1.20520033,  0.95750109, -1.78342549, -1.93807995,
        0.86871848]), array([ 1.41421356, -1.41421356])]]]
[234502, 10, 'birth', 15, 19, 0, [[array([[-1.89148723, -1.27263248, -0.55995958,  0.02372828,  1.58858924,
        -2.03081483],
       [ 0.51633781,  0.28811986,  2.44948974,  1.33798506,  0.0433963 ,
         1.15906489],
       [-0.80457129, -1.23458997,  1.2890812 , -1.15340226,  0.88782336,
         2.44948974],
       [ 1.00906452,  0.59713136, -2.31136542,  2.44948974, -0.41530672,
        -1.40646835],
       [-0.65612567,  1.1332693 , -2.44948974,  0.41868228, -0.42984553,
        -2.20713074],
       [-0.46562412,  0.52907018,  2.05349347, -0.10822746, -0.57851956,
         0.11833539]]), array([[-1.41421356, -1.41421356],
       [ 1.41421356,  0.54835781],
       [ 1.41421356,  1.41421356],
       [-1.41421356,  0.15094026],
       [ 0.69957893, -0.08878141],
       [-1.41421356, -1.41421356]])], [array([ 0.07881566,  2.2401735 , -1.58588526,  2.44948974,  0.31236649,
        1.67147114]), array([1.41421356, 1.23165037])]]]
[296902, 23, 'birth', 10, 18, 0, [[array([[-1.01057423, -1.27263248, -0.55995958,  0.02372828,  1.58858924,
        -2.03081483],
       [ 0.51633781,  0.28811986,  2.44948974,  1.33798506,  2.44948974,
         1.15906489],
       [-0.80457129, -1.23458997,  1.2890812 , -1.15340226,  0.88782336,
         2.44948974],
       [ 1.00906452,  0.59713136, -2.31136542,  2.44948974, -0.79850576,
        -1.40646835],
       [-0.65612567,  1.1332693 , -2.44948974,  0.41868228, -0.42984553,
        -0.92502496],
       [-0.46562412,  0.52907018,  2.44948974,  2.44948974,  0.79748931,
         0.5547143 ]]), array([[ 0.07548385, -0.25436911],
       [-1.41421356, -0.1291411 ],
       [-0.59083375, -0.32582308],
       [ 1.41421356,  1.01331993],
       [-1.41421356, -1.10684057],
       [ 1.41421356, -0.22664493]])], [array([ 0.98313949,  1.32547222, -0.24260665, -1.17534481, -2.44948974,
        1.61721746]), array([-1.41421356, -0.85872842])]]]
[371053, 13, 'death']
[371203, 21, 'death']
[371353, 17, 'death']
[371503, 3, 'death']
[371653, 15, 'death']
[371803, 18, 'death']
[371953, 1, 'death']
[372103, 20, 'death']
[372253, 2, 'death']
[372403, 4, 'death']
[372553, 8, 'death']
[372703, 19, 'death']
[372853, 5, 'death']
[373003, 0, 'death']
[373153, 24, 'death']
[422904, 11, 'death']
[423054, 10, 'death']
[423254, 23, 'death']
[423254, 'Extinction!']
