[time, indiv, parent1, parent2, gender, brain]
[100, 17, -1, -1, 0, [[array([[-1.34222069, -0.80542066, -2.20054871,  1.21612787,  1.73236502,
        -0.43815725],
       [-0.80036616,  0.79760364, -0.95875138,  2.22725303,  1.69714567,
        -2.20521619],
       [ 1.75952275,  0.21219427,  2.1725722 , -0.22364858,  2.05627601,
         1.16933658],
       [ 0.75618462,  0.75517148,  1.14528074, -2.33420403,  1.34925536,
        -1.05004112],
       [-1.20003339, -1.41827706,  0.82375051,  0.33334799,  1.98620881,
        -2.19459036],
       [-1.10222906, -1.12854538, -0.48282985, -2.43240765,  1.24954492,
        -0.86065005]]), array([[ 1.006977  ,  1.35161821],
       [-2.29309463, -0.93941063],
       [-0.94541224,  1.88867848],
       [-0.1527031 ,  0.37708667],
       [-1.27209251,  1.82192073],
       [ 1.02772848,  2.1318519 ]])], [array([-0.83784776, -1.77673288, -1.63212541,  0.49119764, -0.20158657,
        2.32968548]), array([-0.68550605, -1.49447929])]]]
[100, 12, -1, -1, 1, [[array([[-1.16712687,  0.04825132,  1.3436707 , -2.23138806, -2.36581174,
        -2.15789562],
       [-1.93184409, -0.68279062, -1.56471707, -0.29330497, -0.81608303,
        -0.5251198 ],
       [-0.11122393, -0.28269129, -0.23440577, -1.72742407, -0.85941984,
        -2.35423583],
       [ 1.73974773,  1.3444219 , -1.26954026,  0.2322809 ,  1.44748201,
         2.3446511 ],
       [ 0.02736104,  1.81289972, -1.30250569, -1.88408595,  2.07249265,
        -0.88400971],
       [-1.95639981,  2.29306447, -1.74177814, -0.58075017,  0.6024268 ,
         1.3257981 ]]), array([[-0.31806208,  2.31494   ],
       [-1.44963756, -0.20744575],
       [ 1.94201526,  2.02268708],
       [ 1.32798918,  1.82604635],
       [ 0.5956357 ,  1.68735613],
       [-1.72327593,  0.47404055]])], [array([ 0.94723728,  0.31363945,  2.18483792,  0.44572038,  0.53315402,
       -0.0750719 ]), array([1.77460937, 1.00980348])]]]
[100, 24, -1, -1, 0, [[array([[ 1.02990808, -1.78273834, -2.31577399, -2.36924125, -0.64731303,
        -1.54897624],
       [ 1.55705992, -0.56430399,  0.92784884, -0.93260687, -1.37552717,
        -0.38885521],
       [-1.38675302, -1.71233312, -0.60407529, -2.42769401,  0.21819617,
        -1.86676657],
       [-0.70932369,  0.78953764, -1.98153256,  0.09852924,  0.28772506,
         1.19145052],
       [ 2.14014418,  1.3917477 , -0.80060473,  0.3217472 , -1.06489434,
        -2.36816373],
       [ 0.21717359,  0.39567055, -2.20487498, -2.2115928 ,  0.52508062,
        -1.5228967 ]]), array([[-0.12369656, -0.60882239],
       [ 1.30428758, -1.08968392],
       [-0.51588028,  0.0683615 ],
       [ 1.51297926,  1.35613842],
       [-1.833376  ,  0.2255973 ],
       [ 0.38662748,  0.19924204]])], [array([-1.90300876, -2.10088023, -1.11973311,  0.130849  ,  2.25922872,
       -2.22816642]), array([-0.56229152, -1.28780796])]]]
[100, 7, -1, -1, 1, [[array([[ 1.67137098e+00,  7.79848892e-01,  1.67723343e+00,
        -1.00078277e+00, -1.73828489e+00, -1.95682534e+00],
       [ 1.90478956e-03,  2.09871080e+00,  9.28632747e-02,
        -1.00243439e+00, -7.51203391e-02, -6.10856480e-01],
       [-6.83771707e-01,  7.63767974e-01, -9.93210487e-01,
        -1.11487588e+00,  3.08676916e-01, -1.95219499e+00],
       [ 5.09954418e-01,  2.41439134e-01, -1.78085610e+00,
        -7.34009721e-01,  1.16830538e+00,  4.50078975e-04],
       [ 5.57941984e-01,  9.99204054e-01, -2.19414406e+00,
         2.37938883e+00,  2.56967629e-01, -1.86532758e+00],
       [ 2.03592245e+00, -2.27648422e+00,  1.21868148e+00,
         2.33509099e+00,  7.54533848e-01, -9.53954343e-01]]), array([[ 0.51544578, -2.18715834],
       [ 1.03008177, -1.20401238],
       [ 0.98103629,  2.38205181],
       [ 1.36581642, -1.59640436],
       [-0.50895746,  2.21474824],
       [-1.13539288, -1.97541158]])], [array([-0.17625217, -1.98581101,  1.74758279,  1.37504841, -0.76800505,
        1.38650047]), array([ 1.40340985, -1.32400122])]]]
[100, 9, -1, -1, 0, [[array([[-1.85838541,  0.90568643,  0.90256245, -1.89859057,  0.89112631,
        -0.75545066],
       [-1.0743105 , -1.6438918 ,  2.17857814, -0.51374443, -0.3637013 ,
         1.02749686],
       [-0.63731807,  1.60276442,  2.30955985,  1.6807517 , -2.06372344,
         0.96238749],
       [-1.55896023,  0.87746503, -2.05583725,  1.97639173, -2.1032895 ,
        -0.14173882],
       [-1.15353857,  1.07250372, -0.13334296,  1.07800838, -0.64723301,
        -0.59186666],
       [ 1.07671592, -1.6960887 ,  0.12716793, -0.65566606, -0.77382583,
        -0.27237251]]), array([[ 1.92276715, -0.44725897],
       [ 0.08802924, -0.04575381],
       [ 1.28713322,  0.11986151],
       [-1.54126201, -1.03333592],
       [-1.32503936, -0.98854069],
       [ 1.51662564,  1.40578851]])], [array([ 0.20123817, -1.51872591,  2.18781005, -1.17533593, -1.55072463,
       -2.09882961]), array([ 0.42569256, -1.89964783])]]]
[100, 16, -1, -1, 1, [[array([[-1.56208637, -1.09194142, -1.71358687, -1.81866638,  2.25982646,
         0.38125608],
       [ 1.85448103, -1.72111424, -1.573754  ,  1.42235619,  1.90585481,
        -0.07480102],
       [ 0.38324135, -1.44348991, -0.34394611,  2.29160349,  1.43094344,
        -1.73456559],
       [-0.85762037, -0.564662  , -1.34524623,  0.25817487, -0.04062336,
        -1.01516877],
       [-2.25887496,  0.19561773,  1.77098226,  2.40333254,  1.32184655,
        -1.81873034],
       [-2.36041376,  0.81263675, -1.38867492, -2.10074396,  0.37630649,
        -0.33468669]]), array([[-2.19609643,  0.22610778],
       [ 0.52205731, -1.75685322],
       [-1.50297119, -2.17302639],
       [-1.01571207, -2.43010453],
       [-1.04221272,  1.87774032],
       [-1.77089285,  0.32656141]])], [array([-2.11809123,  1.38035573,  1.74601401, -1.09109605,  1.21186743,
        1.38937087]), array([-1.51509687, -1.26098417])]]]
[100, 3, -1, -1, 0, [[array([[-0.3367062 ,  1.45299937,  1.99014491, -2.28686315,  1.66337763,
        -1.95230796],
       [-1.87928033,  2.03988778,  1.55602731,  0.09402915, -0.86456417,
        -0.01418163],
       [ 2.01781034, -2.27392131,  1.91650032,  1.32215103,  0.89119826,
        -1.23760477],
       [-1.99435374, -0.78766285, -0.64180163,  0.856007  ,  0.98110563,
         2.41948947],
       [ 1.40824277, -0.25062494,  2.09438309,  1.30134678, -1.91745487,
         1.21728664],
       [ 1.62837167,  0.88730838,  0.11826662,  1.84136413, -1.62550448,
         2.29626995]]), array([[-2.29559888,  1.60895501],
       [-0.75314363, -0.14601361],
       [ 1.28312412,  0.7500258 ],
       [ 0.28619053, -1.99167157],
       [-1.7731189 , -1.17607735],
       [ 1.5131251 ,  1.343013  ]])], [array([-1.50617299,  0.03033773,  1.79951148,  0.73167645, -2.13839478,
       -1.52389689]), array([-0.82643204,  1.06629162])]]]
[100, 20, -1, -1, 1, [[array([[-0.87560258, -1.89603116,  0.8745973 ,  1.68675504, -1.03608394,
         1.62179115],
       [-1.21445923, -0.28972599, -0.34996429, -2.20808763,  2.34579754,
        -2.01888739],
       [ 0.03043607, -0.99103306, -2.11355156,  0.62172114,  2.13476804,
         1.56915212],
       [ 0.23504809,  0.83601308, -0.49645884, -1.95836358, -2.22243144,
         1.51237501],
       [ 0.28968355, -2.03605569,  1.4816253 ,  0.44720113,  0.01203476,
        -0.79173471],
       [-2.03728301,  0.53904934, -1.79485199, -2.09704232, -1.74253085,
         0.80408166]]), array([[-0.09084633, -2.40719625],
       [-1.9936759 , -0.26049087],
       [-0.01115267, -1.19393461],
       [ 2.14644272,  0.28466443],
       [-0.44532938, -0.67574802],
       [-1.01031192,  0.97245743]])], [array([-0.63832158,  1.63746412,  0.35289593,  1.86987401, -1.56934462,
       -0.05624346]), array([-0.7896658 , -0.73979973])]]]
[100, 10, -1, -1, 0, [[array([[-2.23337531,  1.16575872, -2.10676228,  2.32871175, -2.25990986,
         1.62518579],
       [-0.37554082,  0.6835571 ,  2.30452632,  1.7723521 , -0.77790376,
         1.75296129],
       [ 0.41740008, -1.76865222,  1.20637834, -1.57842904,  1.02587484,
         0.26363021],
       [-1.23642006, -2.25434997,  1.7504635 ,  0.43998712,  1.75786944,
        -1.78079889],
       [ 0.70005402, -0.15858762,  1.61645457,  1.72881027,  0.16678358,
         0.65157004],
       [ 1.6233063 , -2.0626967 , -1.99614718, -1.86922273, -1.08631243,
        -2.1044373 ]]), array([[ 0.69908203,  0.01206329],
       [-0.4756728 ,  0.59168364],
       [ 0.49067446, -1.65215828],
       [-2.4357745 ,  1.50069296],
       [-0.04698414, -1.14690309],
       [-2.34814724, -2.24106313]])], [array([-0.9434576 , -0.63892102,  0.10036074,  2.08567946, -0.0777988 ,
        2.26633493]), array([-1.1361674 ,  1.38334145])]]]
[100, 8, -1, -1, 1, [[array([[ 0.53648328,  2.40289992, -1.11837382,  0.72371899,  0.89681318,
         1.38547898],
       [-2.20679271, -0.08765327, -1.35221092,  1.08414107, -2.21977558,
        -1.01259897],
       [ 0.81052032, -1.79626585,  1.3593676 ,  1.74909802, -0.63250511,
        -0.45090857],
       [-0.80238518,  1.64801491, -1.67911397,  2.2496354 ,  1.80463117,
        -0.5078421 ],
       [-1.8360652 ,  1.58514962, -0.08338799, -1.29244194,  1.60695949,
         2.06227514],
       [ 2.29529619, -1.71434877,  1.27728505, -1.19319061, -2.13707854,
         2.37205061]]), array([[ 0.33800612, -2.20391032],
       [-0.19991663,  2.21281024],
       [ 1.31615543,  2.28712266],
       [ 0.43254485, -0.22422267],
       [-2.22863653,  2.03306914],
       [ 1.85159522, -1.76762535]])], [array([ 1.47165675, -0.356692  , -1.26802895,  0.15631954,  0.70293116,
        1.65342133]), array([ 0.67233748, -0.92852039])]]]
[100, 14, -1, -1, 0, [[array([[ 0.23877967,  0.57453508,  0.48337809,  2.22116899,  2.32811831,
        -1.59048587],
       [-2.34913151,  1.81950945,  1.59417097,  1.52646581, -1.36103817,
        -0.65316878],
       [-2.31193484,  0.32004387, -0.44660159, -1.54381609, -1.02704899,
         0.9768267 ],
       [ 2.1660254 , -1.59722177, -1.4419573 , -2.29582812,  2.02285311,
        -0.53306124],
       [-1.68669088,  0.07622098, -0.43399126,  0.50034319, -2.40888872,
        -0.18056743],
       [ 1.88254873, -0.54736844, -1.4483767 , -0.10500861,  1.84215565,
        -2.06564354]]), array([[-2.30148433,  1.13973229],
       [ 0.86204118,  1.78490076],
       [-0.79188345, -1.8220661 ],
       [ 0.85091629, -1.55896727],
       [ 0.07974737, -1.8124722 ],
       [-2.03174959, -0.89943327]])], [array([-2.43534363e+00,  1.82082988e+00, -7.15207559e-01, -6.39397896e-01,
        9.37647366e-01,  5.14882142e-04]), array([ 1.91718512, -0.68662225])]]]
[100, 2, -1, -1, 1, [[array([[ 0.29394352,  0.25196288, -0.83920161, -0.36797486, -1.69830521,
        -0.28260862],
       [ 0.1390318 , -2.31336186,  1.69890897,  1.60040932,  2.44444077,
         1.00510401],
       [-2.04071394,  1.04132737, -1.65250555, -2.27943955, -1.40032775,
         1.78388001],
       [ 0.14507091,  0.9795698 ,  1.54922471, -0.74460868,  1.79069362,
        -1.18005798],
       [ 1.76924789, -2.42083168,  1.91172077,  1.26321251,  1.16279878,
        -1.0689639 ],
       [ 0.16099233,  1.61551928,  0.01091056,  0.80671133,  0.72624314,
        -1.76280006]]), array([[ 2.14413047,  1.05460989],
       [ 1.21074425,  0.24134966],
       [ 0.17253182,  0.27586582],
       [-1.15751189,  0.77180938],
       [ 0.20664052, -0.43402321],
       [-0.09967203,  0.62756601]])], [array([ 0.99943181,  0.45130979,  1.03739811,  1.16445763, -1.16793841,
       -1.52575648]), array([-2.37268976, -0.28931628])]]]
[100, 6, -1, -1, 0, [[array([[-0.09164687,  2.32152645, -0.98151993,  1.63199056,  1.56075335,
         1.2850737 ],
       [ 0.66159512,  1.05947117, -1.90207544, -0.30145266,  0.13370757,
         0.89286672],
       [ 1.1886879 , -2.32036094, -0.24560684, -1.54429507,  1.41082474,
         0.75092349],
       [ 1.61794039,  0.26524541, -0.32356587, -0.93168823, -1.52003868,
        -2.26810894],
       [-1.23847941,  0.38521988, -1.06140337, -0.61217592,  0.2180774 ,
        -1.94893913],
       [ 0.83314544,  0.48967906, -1.09726081, -1.98139549, -1.74181689,
        -2.27035004]]), array([[ 0.22929957, -0.31269298],
       [ 1.31452653, -1.11528081],
       [ 0.53373029, -1.83654902],
       [-1.07971275,  1.51374908],
       [ 2.01554789,  1.78811498],
       [-1.48933853, -1.518195  ]])], [array([-1.25895965, -0.36440373,  1.9799046 ,  0.49432469,  1.6171824 ,
        2.39099364]), array([-0.94602133,  0.40670924])]]]
[100, 18, -1, -1, 1, [[array([[-0.56872851, -2.34268538,  0.88127577,  1.0041317 ,  1.82861697,
        -0.30063326],
       [-1.02897817,  1.47178008, -1.99702303,  1.77841076,  0.5790257 ,
         1.66818208],
       [ 1.71507541, -0.53398562, -0.671748  , -2.31384955,  1.88803179,
         0.55021808],
       [ 0.38277666,  1.79889156,  1.65866784,  1.82677215,  0.75028714,
         1.30339966],
       [-1.84303631, -0.9750286 , -2.39637281, -1.73879507,  2.17903733,
         0.22775294],
       [-0.55778354, -1.84254806, -0.34889126, -0.63275769, -2.1184036 ,
         1.90314877]]), array([[ 1.19331861, -0.38676454],
       [-1.53044615,  0.50948654],
       [-0.26687465, -0.6945366 ],
       [ 0.60322157, -2.13427898],
       [-2.07652831, -0.52246395],
       [ 2.21605131,  0.38134153]])], [array([-0.28444405, -0.12784639, -1.05555349, -0.33771355,  2.05364233,
       -1.03934359]), array([-1.94627133,  0.33891435])]]]
[100, 11, -1, -1, 0, [[array([[ 1.38491926, -2.15823646,  1.04582634, -0.96568499, -2.23124862,
        -1.36449532],
       [ 1.23505348, -0.57938499,  1.97383482,  1.68426583, -1.65577799,
         0.66452469],
       [ 1.48155218, -1.50475627, -1.70632526, -1.74188633,  0.9586347 ,
        -1.75256921],
       [ 1.67643823, -0.43832295, -0.7193919 ,  0.14675262, -0.59436783,
         0.42381803],
       [ 0.26663108, -0.10619462,  0.05604165, -1.66606672, -0.46924769,
         0.85698925],
       [ 2.23652544, -0.14092679, -0.99293567, -1.66172105,  1.85797102,
        -2.44575626]]), array([[ 1.20160897, -1.74932594],
       [-1.93564134, -0.64457163],
       [-0.06014222,  2.00361045],
       [ 2.3429052 , -1.16101474],
       [-2.1443468 ,  0.07080155],
       [ 0.85037279,  0.96856121]])], [array([ 2.01199896, -1.33174535,  1.82428952, -0.36181051,  0.98155317,
        0.85232504]), array([-0.486895  ,  1.22553662])]]]
[23650, 13, 'birth', 24, 20, 1, [[array([[-0.51467165, -1.78273834, -2.31577399, -2.36924125, -0.64731303,
        -1.54897624],
       [ 1.55705992, -0.56430399,  0.92784884, -0.93260687, -1.37552717,
        -2.01888739],
       [-2.44948974, -0.99103306, -2.44948974,  0.62172114,  2.13476804,
         1.56915212],
       [ 0.23504809,  0.83601308, -0.42393746, -0.50028463, -2.44948974,
         1.51237501],
       [ 1.15171292, -2.03605569,  2.44948974,  0.44720113,  0.01203476,
        -0.53070181],
       [-2.03728301,  0.53904934, -2.44948974, -2.44948974, -2.44948974,
         0.80408166]]), array([[-0.09084633, -1.41421356],
       [-1.41421356, -1.41421356],
       [-1.41421356, -1.19393461],
       [ 1.41421356,  0.28466443],
       [-0.44532938, -0.67574802],
       [-1.01031192,  0.97245743]])], [array([-0.63832158,  2.44948974,  0.35289593,  1.86987401, -1.56934462,
        2.10835478]), array([-0.7896658 , -0.73979973])]]]
[97650, 4, 'birth', 14, 7, 1, [[array([[ 0.23877967,  0.06987851,  0.48337809,  2.22116899,  2.32811831,
         0.35711214],
       [-2.34913151,  1.81950945,  2.44948974,  1.52646581, -1.36103817,
        -0.65316878],
       [-2.31193484, -1.903786  , -0.44660159, -1.54381609,  0.48478537,
         0.9768267 ],
       [ 2.1660254 , -1.59722177, -1.4419573 , -2.29582812,  2.02285311,
        -0.53306124],
       [-1.21824632,  0.07622098, -0.43399126, -2.44948974, -2.40888872,
        -1.86532758],
       [-2.44948974, -2.27648422,  1.21868148,  2.44948974,  0.75453385,
        -0.95395434]]), array([[ 0.51544578, -1.41421356],
       [-0.11476799, -1.20401238],
       [ 0.98103629,  1.41421356],
       [ 1.36581642,  0.0484331 ],
       [ 1.10516673,  1.41421356],
       [-1.13539288, -1.41421356]])], [array([-0.17625217, -1.98581101,  1.74758279, -0.12118339,  2.44948974,
        1.38650047]), array([ 1.40340985, -1.32400122])]]]
[103801, 0, 'birth', 9, 2, 0, [[array([[-1.85838541,  0.90568643,  0.90256245, -1.89859057,  0.89112631,
        -0.75545066],
       [-0.43913753, -2.44948974,  2.17857814, -0.51374443, -0.3637013 ,
         1.02749686],
       [-0.63731807,  1.60276442,  2.30955985,  1.6807517 , -2.06372344,
         0.96238749],
       [-1.55896023, -2.44948974, -2.05583725,  1.45985607,  2.44948974,
        -2.05121081],
       [-1.73073227,  1.07250372, -0.13334296, -0.09330174, -0.13984277,
        -0.59186666],
       [ 1.07671592, -1.6960887 ,  0.12716793, -0.65566606, -0.77382583,
        -0.27237251]]), array([[ 1.41421356,  1.41421356],
       [ 1.04059855, -1.41421356],
       [ 1.28713322,  0.11986151],
       [-0.68064994,  0.77180938],
       [ 0.20664052, -1.29618949],
       [-0.09967203, -0.75287709]])], [array([ 0.99943181,  0.45130979,  2.44948974,  1.16445763, -0.20506743,
       -1.52575648]), array([-1.41421356,  0.99423674])]]]
[136651, 15, 'birth', 11, 18, 1, [[array([[ 2.28736197, -2.15823646,  1.04582634, -0.96568499, -2.23124862,
        -1.93577808],
       [ 2.44948974, -0.57938499,  1.97383482,  1.68426583, -1.65577799,
         0.66452469],
       [ 1.48155218, -1.50475627, -1.70632526, -1.74188633,  0.9586347 ,
        -1.75256921],
       [ 1.67643823, -0.43832295, -0.7193919 ,  0.14675262, -0.59436783,
         0.42381803],
       [ 0.26663108,  1.59567619, -2.39637281, -1.73879507,  2.17903733,
         0.22775294],
       [-0.55778354, -1.84254806, -0.34889126, -0.63275769, -2.1184036 ,
         1.90314877]]), array([[ 1.19331861, -0.38676454],
       [-1.41421356,  0.50948654],
       [-0.26687465, -0.6945366 ],
       [ 0.60322157, -1.41421356],
       [-1.41421356, -0.52246395],
       [ 1.41421356,  0.49217687]])], [array([-0.28444405, -0.12784639, -1.05555349, -0.33771355,  2.05364233,
       -1.03934359]), array([-1.41421356,  0.33891435])]]]
[177501, 21, 'birth', 11, 4, 1, [[array([[ 1.38491926, -2.15823646,  2.44948974, -0.15926008, -2.23124862,
        -2.44948974],
       [ 1.23505348, -0.57938499,  2.44948974,  1.68426583, -1.65577799,
         0.66452469],
       [ 1.48155218, -1.50475627, -1.70632526, -1.74188633,  2.44948974,
        -1.75256921],
       [ 1.67643823, -0.43832295, -0.7193919 ,  0.14675262, -0.59436783,
         0.42381803],
       [ 0.26663108,  0.1150704 ,  0.05604165, -1.66606672, -0.46924769,
         0.85698925],
       [ 2.23652544, -1.97301182, -0.99293567, -1.66172105,  2.44948974,
        -2.44575626]]), array([[ 1.20160897, -1.41421356],
       [ 0.97548557, -0.64457163],
       [-0.06014222,  1.41421356],
       [ 1.41421356, -1.16101474],
       [-1.41421356,  0.07080155],
       [ 0.85037279,  0.96856121]])], [array([-0.17625217, -2.44948974,  1.74758279, -2.44948974,  2.44948974,
        1.38650047]), array([ 1.40340985, -1.32400122])]]]
[199502, 1, 'birth', 3, 7, 0, [[array([[-3.36706204e-01,  1.45299937e+00,  1.99014491e+00,
        -2.28686315e+00,  1.66337763e+00, -1.39582234e+00],
       [-2.44948974e+00,  2.03988778e+00,  2.44948974e+00,
         9.40291497e-02, -8.64564170e-01, -1.41816342e-02],
       [-6.83771707e-01,  7.63767974e-01, -9.93210487e-01,
        -1.11487588e+00,  3.08676916e-01,  3.75168361e-01],
       [ 5.09954418e-01,  2.41439134e-01, -1.78085610e+00,
        -7.34009721e-01,  1.16830538e+00,  4.50078975e-04],
       [ 1.49269382e+00,  9.99204054e-01, -2.19414406e+00,
         2.37938883e+00,  2.56967629e-01, -1.86532758e+00],
       [ 2.03592245e+00, -2.27648422e+00,  1.21868148e+00,
         2.33509099e+00,  7.54533848e-01, -9.53954343e-01]]), array([[ 0.51544578, -1.41421356],
       [ 1.03008177, -1.41421356],
       [ 0.98103629,  1.41421356],
       [ 1.36581642, -1.41421356],
       [-0.50895746,  1.41421356],
       [-1.13539288, -1.41421356]])], [array([ 1.15143237, -1.98581101,  2.44948974,  1.37504841, -0.76800505,
        1.38650047]), array([ 1.40340985, -1.32400122])]]]
[358853, 17, 'death']
[359003, 12, 'death']
[359153, 24, 'death']
[359303, 7, 'death']
[359453, 9, 'death']
[359603, 16, 'death']
[359753, 3, 'death']
[359903, 20, 'death']
[360053, 10, 'death']
[360203, 8, 'death']
[360353, 14, 'death']
[360503, 2, 'death']
[360653, 6, 'death']
[360803, 18, 'death']
[360953, 11, 'death']
[367853, 13, 'death']
[391403, 4, 'death']
[393103, 0, 'death']
[399254, 15, 'death']
[404504, 21, 'death']
[404704, 1, 'death']
[404704, 'Extinction!']
