[time, indiv, parent1, parent2, gender, brain]
[200, 9, -1, -1, 0, [[array([[-0.95602683, -0.13293799,  0.59175993, -2.43281204,  0.30650599,
         0.11728803],
       [-0.31023343,  2.17516617,  1.02929482,  0.19907628, -0.00852752,
         1.86552379],
       [ 0.60016973, -1.81092917, -1.09694566, -1.98745758,  0.05681428,
        -0.01383582],
       [ 0.30869349, -0.83725422, -2.08914677, -1.35438865,  0.95306619,
        -1.87307096],
       [-1.42732075, -0.43476541,  1.56449081,  2.19904181, -0.98572794,
        -1.63788938],
       [-2.41246433, -0.22218544, -0.72935314,  1.51119107,  0.2326723 ,
        -0.15845177]]), array([[-1.44488636, -1.54023352],
       [ 0.30382388,  0.0434612 ],
       [-1.34432746, -0.4217416 ],
       [-0.60987158, -0.54385136],
       [ 0.70516152, -1.93629285],
       [ 1.39524125,  1.49943048]])], [array([-1.47162638, -1.0550394 , -0.38475666,  2.02517719,  0.4151246 ,
       -0.8826821 ]), array([-1.76061755,  0.41369018])]]]
[200, 20, -1, -1, 1, [[array([[ 2.14233585,  1.68298554, -1.0165775 , -1.84641497, -0.70308344,
        -1.68921743],
       [ 1.71109399,  2.30422286,  0.68705246,  1.07997642,  0.84414776,
         1.63790601],
       [ 1.56917057,  2.02442602, -0.29528597,  0.49732621, -0.46705392,
         0.9952054 ],
       [ 2.06766821, -0.06815621,  0.02599428, -1.93315601, -0.88487612,
        -0.51348464],
       [ 2.31987965,  0.46294507, -0.177872  ,  2.01930075, -1.1802647 ,
        -0.19590557],
       [ 1.97243657, -1.46598433, -1.98961914, -0.42694559, -1.77859221,
         0.8664042 ]]), array([[-1.06265434, -0.41008799],
       [ 0.05251238, -0.87115667],
       [ 0.05346562,  2.39981821],
       [-0.61162891,  0.50926156],
       [ 0.92971589,  0.58831931],
       [ 1.20873815,  0.70652401]])], [array([ 1.89952883, -1.96020039,  0.00596385,  1.68756888, -2.01476415,
       -2.25793909]), array([-1.36346271, -0.79215783])]]]
[200, 15, -1, -1, 0, [[array([[-0.42258901,  0.11926277,  2.25486734,  1.28550432,  1.45534262,
        -1.32423239],
       [ 1.7051691 , -1.44903   , -2.36736011, -0.27022643, -1.13834921,
        -1.68857415],
       [ 1.07952165,  1.51672757,  0.02563361, -0.72512463, -1.97798075,
         1.51418103],
       [-2.06473711,  1.60821855, -0.26224611, -2.44745238, -1.63740779,
         1.1480244 ],
       [-0.2328874 ,  0.939371  , -2.02854836,  0.32215387, -0.17885868,
        -0.31893384],
       [ 1.76193811, -2.05789228, -2.00361503, -1.36664218,  0.57386603,
        -2.09071773]]), array([[ 1.34714065, -2.26212814],
       [ 2.03953997, -2.12094902],
       [ 2.02517193,  1.23249874],
       [-1.18893459,  0.84085343],
       [-0.85007526, -1.39629184],
       [ 0.02338447, -1.82538617]])], [array([ 0.00746209,  2.29961142,  1.8956363 , -1.56474031,  1.89096831,
        2.37439881]), array([ 0.24693071, -2.2055576 ])]]]
[200, 8, -1, -1, 1, [[array([[-0.01452862, -1.76136177, -1.45456786, -0.18731522,  0.08392258,
        -1.22854224],
       [ 1.75232293, -1.05884981,  0.58963806,  0.38717018, -0.41287394,
        -2.26841825],
       [ 2.37402522, -1.5113329 ,  0.64328163,  1.61283857,  1.43321469,
         1.49520346],
       [-1.11945791, -1.36874823,  2.13223283,  0.61889516,  2.23110059,
         2.12990123],
       [-1.71542026,  0.437634  ,  1.32860981,  1.45442261, -1.48609985,
        -1.82113663],
       [-0.95918515,  2.09713006,  1.22766898,  2.0484058 , -0.05832191,
        -1.76078928]]), array([[-1.9213746 ,  2.12096583],
       [-0.81463954,  1.77595125],
       [ 0.96522138,  0.55652669],
       [ 1.02938517, -0.33368549],
       [ 0.88578909,  1.73148608],
       [ 2.2293034 , -0.90553074]])], [array([-1.04884008, -1.61171151,  0.64479053, -1.75802471,  1.48105758,
        0.94122664]), array([0.50049566, 0.72713751])]]]
[200, 23, -1, -1, 0, [[array([[ 1.03767233, -1.87621385,  0.04010061,  0.20564644, -1.14353015,
         1.25254138],
       [-0.90681   , -0.71054367, -1.4221343 , -0.50946933,  0.4596437 ,
        -0.5732971 ],
       [ 2.22970505,  1.39919017,  2.11627137, -0.20330014,  1.06138654,
        -2.3594771 ],
       [ 0.77968535, -0.69761582,  0.32103993,  1.04776818,  0.77592133,
        -0.39673132],
       [ 0.42976461,  1.05917692,  1.77633755, -2.36324972,  0.0818931 ,
        -0.31281564],
       [ 0.95907273, -1.29528406,  0.30430743,  0.79900343, -0.29287696,
         0.67437741]]), array([[ 0.89292589, -0.27664555],
       [ 2.11279891, -1.32288299],
       [ 2.05922038, -0.93472208],
       [ 1.635159  ,  1.466756  ],
       [-0.58436299,  2.26833516],
       [ 0.52835862,  0.46412831]])], [array([-0.82799732,  1.50169965,  0.16889937, -0.49326581, -0.2100851 ,
        1.24616698]), array([-1.91839031, -1.26812394])]]]
[200, 21, -1, -1, 1, [[array([[-0.48382464, -1.86522414,  1.17619211,  0.28676398, -1.26002646,
         1.28213018],
       [-1.00298026,  1.70260707,  1.27351962, -1.41627638,  1.49510039,
         0.28583125],
       [ 0.19196081, -0.32992886,  1.23993049, -1.50391282,  0.34261429,
         0.60650246],
       [-0.25553425, -1.33886412, -1.17249628, -1.63079669,  0.56986645,
        -0.64653824],
       [ 0.19378168, -0.68669657, -1.96506154, -0.05236311,  1.82546333,
         1.90645832],
       [ 0.63580401,  1.8417013 , -1.73165643,  2.06976152, -0.91799053,
        -1.17383813]]), array([[-1.3385809 ,  1.25323537],
       [-2.15541853,  2.25374735],
       [ 2.26410505,  2.33021999],
       [-1.32358053, -0.0370247 ],
       [-0.99269574,  2.06284424],
       [-0.01847333, -2.11535661]])], [array([-0.6257995 ,  0.03352759,  0.86824161,  2.19411919,  2.27659337,
       -1.92474641]), array([-0.98257037, -0.3296544 ])]]]
[200, 10, -1, -1, 0, [[array([[-1.69807154,  0.12141444,  2.1455285 , -2.41432648, -2.13716799,
        -2.15207123],
       [ 2.19141081, -1.48536767, -1.2077641 ,  1.29726713,  1.05827456,
         2.02433058],
       [-0.97787447,  0.01740745, -1.30429193,  2.14245739,  0.58868281,
         2.02510143],
       [ 0.28155672,  0.76988517, -0.53646336, -1.57728238,  1.39800623,
        -2.098794  ],
       [ 1.82253267, -0.05553511, -1.36280639, -2.10969604,  1.61508982,
        -1.08983953],
       [-2.09365688,  1.68223205, -2.09836285,  0.12336996, -0.48303603,
         1.44499061]]), array([[-0.81281736, -2.32788837],
       [-0.31805004, -0.14642792],
       [ 1.35107762,  0.66283051],
       [-1.89274051,  0.69992457],
       [ 0.78053405, -2.00761884],
       [-0.18696814, -1.57416976]])], [array([-1.05364688,  2.05492317,  0.26832217,  1.60881209,  1.58762785,
       -1.45019016]), array([-1.02944301,  1.80253078])]]]
[200, 18, -1, -1, 1, [[array([[-0.49587057,  1.51373514,  1.94005375, -2.01302496,  0.38533754,
         0.374474  ],
       [-0.09402988, -0.18549994,  0.77248949,  1.11048166,  0.17409733,
         1.17113076],
       [-1.36552701,  1.87736894, -1.5672069 , -1.75940126,  0.25941492,
         0.2450484 ],
       [ 1.14685799,  1.22251731, -0.27440534, -2.04173261, -2.09045391,
         2.42335035],
       [ 0.09008414, -0.85190274,  1.63884568, -0.95985752, -1.78876391,
         0.35981926],
       [-0.8817308 ,  1.07739583, -0.24163954,  1.55250819,  0.95369653,
         0.75238277]]), array([[-1.73651973,  1.87880714],
       [ 0.35869329, -1.56137482],
       [ 1.26759905,  1.29397721],
       [-1.00689634, -0.15638167],
       [ 0.75947033, -0.97403031],
       [ 1.02196108, -0.19787454]])], [array([-2.05729626, -0.88718931, -1.64136886,  0.94047901,  1.69670208,
       -1.63968516]), array([-1.58257148,  0.0115112 ])]]]
[200, 4, -1, -1, 0, [[array([[ 1.57972138,  1.02731432,  1.04320305,  0.30840338,  1.65271144,
        -1.79304461],
       [-0.62564264,  1.82895837, -0.3114535 , -0.75901143, -1.15375126,
         1.21829355],
       [-2.44315393,  0.33720108,  0.84991393,  0.04257129,  1.20094522,
         1.10336088],
       [ 2.11602199, -0.31395362, -2.42511166,  0.22898111, -1.87946355,
        -2.32323134],
       [ 1.86386838,  1.46163306, -0.65129967, -0.94960377, -0.54802105,
        -1.10970798],
       [ 2.38205208, -0.4824743 , -1.33751246,  2.07914683, -1.67637462,
        -0.85717619]]), array([[ 0.37004732, -0.06480437],
       [-1.00711129,  1.56266003],
       [ 1.4188784 ,  2.23888115],
       [ 0.75031138,  1.21163283],
       [-2.16017942,  2.43777816],
       [-2.00213091,  0.64498892]])], [array([-1.34371183, -1.91634513,  1.32053194, -0.93759095,  1.75580535,
        0.31084812]), array([ 0.53509649, -0.71677864])]]]
[200, 16, -1, -1, 1, [[array([[ 0.11621498,  2.43802911,  2.28237843, -0.16932543,  1.62557134,
        -0.21394196],
       [-0.04773125, -2.16828613,  1.10244163, -1.11405766, -2.40634296,
        -2.01341904],
       [ 0.92265567, -1.88655166, -1.51794587,  1.54469431,  0.85669535,
         0.01777184],
       [ 1.72597064, -1.10148209,  2.03526898, -2.05057118, -1.95197333,
         0.07400195],
       [-1.75590802, -0.50635023,  1.1299258 , -1.2149267 , -2.22742588,
         1.82436044],
       [ 2.43656929, -2.39664199, -1.21942771, -2.42900003,  1.29410061,
        -0.46793683]]), array([[ 1.50043862, -1.83525751],
       [-1.62316618, -0.77391805],
       [ 1.67308173,  0.62766807],
       [-1.61121713, -1.15119285],
       [ 0.60237536,  0.07038521],
       [-0.39692282,  0.05075013]])], [array([-1.04131418, -2.38193346,  1.58577964, -0.2594166 ,  0.31405465,
       -0.9639912 ]), array([-1.71766444, -1.72366429])]]]
[200, 11, -1, -1, 0, [[array([[ 0.4349691 , -0.72323815,  1.74209646,  1.26740448,  0.74070009,
        -2.01557647],
       [-0.21981594, -1.86549   , -0.20729895,  1.26820751,  1.7388576 ,
        -0.70242138],
       [-2.315374  , -1.5341374 , -0.43596806, -1.44075092, -1.94155552,
         2.18780499],
       [ 0.92329591,  0.67330745, -1.14100073, -0.75638687, -1.97958823,
         1.09527864],
       [-2.2192227 , -1.84162732,  1.43275894,  0.52418203,  1.55466281,
        -1.84515125],
       [-1.2088556 , -2.39146134,  0.31118293,  1.3863257 ,  2.03744086,
         1.04554773]]), array([[-1.89124814,  1.3786029 ],
       [ 1.54417941,  1.24094   ],
       [ 0.7767846 ,  1.08058995],
       [ 0.85530304,  1.60798565],
       [-0.97757182, -0.13858323],
       [ 1.78123945,  1.9538045 ]])], [array([-0.45224707, -1.04569901,  2.32993586, -1.72623795,  0.33050989,
       -2.20817636]), array([ 0.56278647, -1.35929325])]]]
[200, 2, -1, -1, 1, [[array([[ 0.21157224, -0.39565472, -0.32298452,  2.23255461,  1.03917809,
         1.50920915],
       [ 0.62279913, -2.37224959,  0.08162098, -1.24172427, -1.36945191,
         0.05527517],
       [-2.06282358,  1.74228339, -2.00733796, -0.31671082,  0.04755304,
        -1.06665998],
       [-0.8047572 ,  0.96142563,  1.36420725,  0.92225289, -1.70798708,
        -1.2821962 ],
       [-0.02066969, -1.53891045, -2.11300839,  1.27679775, -2.43202674,
         1.46199538],
       [-0.79121137, -1.01882013,  1.80417091, -0.91128082,  2.10958555,
        -1.7921029 ]]), array([[-0.2589895 , -1.31080976],
       [-1.63211188,  0.44515367],
       [ 2.3383161 , -0.87895978],
       [ 1.45404903,  0.35698928],
       [ 1.78350211, -2.24331587],
       [-0.58927343, -2.43067354]])], [array([ 0.65487549, -1.8432848 ,  1.75667961, -2.42541766,  0.57337943,
        1.59082936]), array([2.31994563, 0.26242559])]]]
[200, 19, -1, -1, 0, [[array([[ 1.64857562,  0.08157131,  1.51597106, -2.12364214, -0.92340594,
        -0.32247516],
       [ 1.62801274, -2.10628539,  2.3869182 , -1.91307597, -1.46301567,
        -0.22910443],
       [-0.6109551 , -1.37061051,  1.31196631, -0.60229606, -2.44858779,
        -0.65417808],
       [ 2.05056548,  0.10987857, -0.7866055 ,  0.51251517, -0.89136918,
        -0.91477233],
       [ 1.26451247, -2.33698222, -1.22229104, -2.09752795, -1.98267514,
         0.00512659],
       [-1.83367283,  2.2775589 ,  1.12327167,  1.64034867,  1.62137178,
         1.46786323]]), array([[-0.41149167,  1.31107501],
       [-0.68257485,  1.59031575],
       [ 2.14207819, -2.05120751],
       [-1.72014321, -0.51703232],
       [ 2.11101089,  1.7256311 ],
       [ 2.27584187,  0.09604263]])], [array([-1.34522196, -1.23353029,  2.35664062,  2.02060882,  1.74833615,
        0.38438635]), array([-2.01882158, -1.13376977])]]]
[200, 5, -1, -1, 1, [[array([[ 1.5102885 , -0.05266746, -0.65966434, -0.75757967, -0.52159955,
        -1.73228731],
       [ 2.04416733, -2.24726269, -0.57920179, -1.33815262, -2.04672405,
         1.22589177],
       [-0.68774287, -2.33653007, -1.686568  , -0.05215331, -0.42209436,
        -2.27303217],
       [ 1.76724887,  1.2402916 ,  1.99908762,  2.38464948, -1.77279048,
         0.45037741],
       [ 1.95810507,  2.34070558, -0.04747174, -2.33908998, -0.79117806,
         1.85164961],
       [ 1.39023223,  0.79450056,  2.29909589,  1.09229616,  1.77692105,
         0.82120238]]), array([[ 0.95684848, -1.5150181 ],
       [ 2.02288963,  1.02300161],
       [-2.13566948,  2.17848864],
       [-0.55922743, -0.01715905],
       [-0.93093054,  1.16917772],
       [-0.1258899 ,  0.38659805]])], [array([ 0.28655716,  1.41931309,  1.98720114, -2.15565088,  2.19243847,
       -2.17328776]), array([ 0.82916907, -0.52590163])]]]
[200, 17, -1, -1, 0, [[array([[ 1.89017462,  2.30744013, -0.66436157,  1.26640242, -0.08772294,
        -1.38987952],
       [-1.00876518, -0.57563356, -1.27907962,  0.61053473, -1.12123429,
         0.57306179],
       [ 1.29411069, -0.12686848, -1.89617174, -1.14090311, -2.14316947,
         0.53418398],
       [-0.09927466,  2.29220108,  1.40150416,  0.73702899, -0.41977414,
        -0.56623195],
       [-0.89918305, -1.17699588,  0.67594929,  2.36324137,  0.63874368,
        -0.84513963],
       [-0.09625008, -1.90495694,  0.20288874, -1.70814543,  0.81288325,
         1.35615688]]), array([[ 1.07127733,  0.89212923],
       [ 0.76053816, -0.79013083],
       [-2.18716855, -0.72794275],
       [ 1.36439963, -1.90496205],
       [ 0.12609564,  0.41695689],
       [ 0.79584474,  0.32838127]])], [array([-0.22579639,  0.79277538,  1.36591407, -1.29301853,  1.53196987,
        2.44909578]), array([1.89538497, 2.30014736])]]]
[132951, 7, 'birth', 10, 21, 1, [[array([[-1.69807154,  2.44948974,  2.1455285 , -2.41432648, -2.13716799,
        -2.15207123],
       [ 2.19141081,  1.70260707, -0.01308945, -1.41627638,  2.44948974,
         0.28583125],
       [ 0.19196081, -0.32992886,  1.23993049, -1.50391282,  0.34261429,
         0.60650246],
       [-0.25553425, -1.33886412, -1.17249628, -1.63079669,  0.56986645,
        -0.64653824],
       [ 0.19378168, -1.77502439, -1.96506154,  1.52430553,  1.82546333,
         1.90645832],
       [ 0.63580401,  2.44948974, -2.44948974,  2.06976152, -2.44948974,
        -2.44948974]]), array([[-1.3385809 ,  1.25323537],
       [-1.41421356,  1.41421356],
       [ 1.41421356,  1.41421356],
       [-1.32358053,  1.41421356],
       [-0.99269574,  1.41421356],
       [-0.01847333, -1.41421356]])], [array([-0.6257995 , -1.47143971,  0.86824161,  2.19411919,  2.07498834,
       -1.92474641]), array([-0.98257037, -0.3296544 ])]]]
[263302, 14, 'birth', 15, 2, 0, [[array([[-0.42258901, -2.44948974,  2.25486734,  1.28550432,  1.45534262,
        -2.44948974],
       [ 1.7051691 , -1.44903   , -2.36736011, -0.27022643,  0.60837622,
        -1.68857415],
       [ 1.07952165,  1.51672757,  0.02563361, -0.72512463, -1.97798075,
         1.51418103],
       [-2.06473711,  1.60821855,  0.91946669, -2.44948974, -1.63740779,
         1.1480244 ],
       [-0.2328874 ,  0.939371  , -2.02854836,  0.32215387, -2.43202674,
         1.46199538],
       [-0.79121137, -1.01882013,  1.80417091, -0.91128082,  2.10958555,
        -1.7921029 ]]), array([[-0.2589895 , -1.31080976],
       [-1.41421356,  0.44515367],
       [ 1.41421356, -0.87895978],
       [ 1.41421356,  0.35698928],
       [ 1.41421356, -1.41421356],
       [-0.58927343, -1.41421356]])], [array([ 0.65487549, -1.8432848 ,  1.75667961, -2.42541766,  0.57337943,
        1.59082936]), array([1.41421356, 0.26242559])]]]
[287352, 13, 'birth', 9, 21, 1, [[array([[-0.32174906,  2.44948974,  0.59175993, -2.43281204,  0.30650599,
         0.11728803],
       [-0.31023343,  2.17516617,  1.87828362,  0.19907628, -0.00852752,
         1.86552379],
       [ 0.60016973, -1.81092917, -1.86912204, -1.98745758,  0.05681428,
        -0.01383582],
       [ 0.30869349, -0.83725422, -2.08914677, -1.35438865,  0.95306619,
        -1.87307096],
       [-1.42732075, -0.43476541,  1.56449081,  2.19904181, -0.98572794,
        -1.63788938],
       [-2.41246433, -0.22218544, -0.72935314,  1.51119107,  0.2326723 ,
        -0.15845177]]), array([[-1.3385809 ,  1.25323537],
       [-1.41421356,  1.41421356],
       [-0.38882851,  1.41421356],
       [-1.32358053, -0.0370247 ],
       [-0.99269574,  1.41421356],
       [-0.01847333, -1.41421356]])], [array([-0.6257995 ,  0.03352759, -1.05398087,  0.63558041,  2.44948974,
        2.44948974]), array([-0.90817504, -0.3296544 ])]]]
[369453, 22, 'birth', 23, 7, 0, [[array([[ 1.03767233,  1.3447736 ,  2.1455285 , -2.41432648, -2.13716799,
        -2.15207123],
       [ 2.44948974,  1.70260707, -0.01308945, -1.41627638,  2.44948974,
         0.28583125],
       [ 0.19196081, -0.32992886,  1.23993049, -1.50391282,  0.34261429,
        -2.44948974],
       [-0.25553425, -1.33886412, -2.44948974,  1.33028465, -2.44948974,
        -0.64653824],
       [ 0.19378168, -0.35634385, -2.44948974,  1.52430553,  1.82546333,
         1.90645832],
       [ 0.63580401,  2.44948974, -2.44948974,  2.06976152, -2.44948974,
        -2.44948974]]), array([[-1.3385809 ,  0.05814898],
       [-1.41421356,  1.41421356],
       [-0.64207214,  1.41421356],
       [-1.32358053,  1.41421356],
       [-0.99269574,  1.41421356],
       [ 0.88455993, -1.41421356]])], [array([-0.6257995 , -1.47143971,  0.86824161,  2.19411919,  2.07498834,
       -1.92474641]), array([-0.98257037, -0.3296544 ])]]]
[626156, 0, 'birth', 4, 20, 1, [[array([[-2.44948974,  1.02731432,  2.44948974,  0.30840338,  1.65271144,
        -1.79304461],
       [-0.62564264,  1.82895837, -0.3114535 , -0.75901143, -1.15375126,
         1.21829355],
       [-2.44315393,  0.33720108,  1.41110569,  0.04257129,  2.44948974,
         2.44948974],
       [ 2.06766821, -0.06815621, -1.31599785, -1.4109684 , -0.88487612,
        -0.51348464],
       [ 2.31987965,  0.46294507, -0.177872  ,  2.01930075, -1.1802647 ,
        -0.19590557],
       [ 2.44948974, -2.44948974, -1.98961914, -0.42694559, -1.77859221,
         0.8664042 ]]), array([[-1.06265434, -0.41008799],
       [ 0.05251238, -0.87115667],
       [ 0.05346562,  1.41421356],
       [-0.61162891,  0.50926156],
       [ 0.92971589,  0.58831931],
       [ 0.4312579 ,  0.70652401]])], [array([ 0.93021179, -2.44948974,  0.00596385,  1.68756888, -2.01476415,
       -2.25793909]), array([-1.36346271, -0.79215783])]]]
[640606, 9, 'death']
[640906, 20, 'death']
[641206, 15, 'death']
[641506, 8, 'death']
[641806, 23, 'death']
[642106, 21, 'death']
[642406, 10, 'death']
[642706, 18, 'death']
[643006, 4, 'death']
[643256, 16, 'death']
[643556, 11, 'death']
[643856, 2, 'death']
[644156, 19, 'death']
[644456, 5, 'death']
[644756, 17, 'death']
[693606, 7, 'death']
[723607, 14, 'death']
[729257, 13, 'death']
[740707, 22, 'death']
[741107, 0, 'death']
[741107, 'Extinction!']
