[time, indiv, gender, coords]
[6750, 'popsize', 15, 'queuesize', 0]
[7550, 17, 0, [3.5340495109558105, -8.796208381652832]]
[7550, 24, 0, [6.620636463165283, -6.234589576721191]]
[7550, 9, 0, [5.896442413330078, -11.247057914733887]]
[7550, 3, 0, [1.2114506959915161, -1.225926399230957]]
[7550, 10, 0, [1.467394471168518, -6.192480087280273]]
[7550, 14, 0, [1.1245261430740356, -3.696183443069458]]
[7550, 6, 0, [1.4795528650283813, -8.75888442993164]]
[7550, 11, 0, [6.240623950958252, -1.2037359476089478]]
[7550, 12, 1, [11.441394805908203, -8.752018928527832]]
[7550, 7, 1, [3.3742284774780273, -1.2386606931686401]]
[7550, 16, 1, [8.415844917297363, -8.737820625305176]]
[7550, 20, 1, [8.443486213684082, -6.23980712890625]]
[7550, 8, 1, [11.1931791305542, -6.2706427574157715]]
[7550, 2, 1, [1.221315622329712, -11.258883476257324]]
[7550, 18, 1, [3.9928696155548096, -3.7400143146514893]]
[12150, 'popsize', 15, 'queuesize', 0]
[13050, 17, 0, [3.4710605144500732, -8.828268051147461]]
[13050, 24, 0, [7.062244892120361, -6.177309989929199]]
[13050, 9, 0, [5.746654033660889, -11.244050979614258]]
[13050, 3, 0, [1.2640535831451416, -1.243481993675232]]
[13050, 10, 0, [1.712171196937561, -5.918737411499023]]
[13050, 14, 0, [1.1230095624923706, -3.563228130340576]]
[13050, 6, 0, [1.8954145908355713, -8.81174373626709]]
[13050, 11, 0, [6.340757369995117, -0.7608674764633179]]
[13050, 12, 1, [11.730725288391113, -8.603331565856934]]
[13050, 7, 1, [2.921530246734619, -1.18695867061615]]
[13050, 16, 1, [8.527767181396484, -8.7808256149292]]
[13050, 20, 1, [7.993442058563232, -6.191256046295166]]
[13050, 8, 1, [11.210477828979492, -6.279650688171387]]
[13050, 2, 1, [1.3442680835723877, -11.143178939819336]]
[13050, 18, 1, [4.446207046508789, -3.6827356815338135]]
[22400, 'popsize', 15, 'queuesize', 0]
[23550, 17, 0, [3.5013248920440674, -8.50859546661377]]
[23550, 24, 0, [7.593133449554443, -5.90889310836792]]
[23550, 9, 0, [5.7049880027771, -11.252360343933105]]
[23550, 3, 0, [1.0312528610229492, -1.0044262409210205]]
[23550, 10, 0, [1.7799164056777954, -5.6479573249816895]]
[23550, 14, 0, [1.124101996421814, -3.554755449295044]]
[23550, 6, 0, [2.6803932189941406, -9.038578987121582]]
[23550, 11, 0, [6.520672798156738, -0.12333446741104126]]
[23550, 12, 1, [12.376120567321777, -8.399646759033203]]
[23550, 7, 1, [2.084261655807495, -0.9786248803138733]]
[23550, 16, 1, [8.243741035461426, -8.610505104064941]]
[23550, 20, 1, [7.60822057723999, -6.061364650726318]]
[23550, 8, 1, [11.32637882232666, -6.602512359619141]]
[23550, 2, 1, [1.6982089281082153, -10.832917213439941]]
[23550, 18, 1, [5.290017127990723, -3.456346035003662]]
[32300, 'popsize', 16, 'queuesize', 0]
[33150, 17, 0, [3.575394630432129, -8.278932571411133]]
[33150, 24, 0, [7.912520885467529, -5.990208148956299]]
[33150, 9, 0, [5.642732620239258, -11.25338363647461]]
[33150, 3, 0, [1.011672019958496, -0.9421661496162415]]
[33150, 10, 0, [1.7524137496948242, -5.707606792449951]]
[33150, 14, 0, [1.258223533630371, -3.415987968444824]]
[33150, 6, 0, [3.3335344791412354, -9.374845504760742]]
[33150, 11, 0, [6.5262908935546875, -0.12333732843399048]]
[33150, 12, 1, [12.376337051391602, -8.387006759643555]]
[33150, 7, 1, [1.4493613243103027, -0.7309629321098328]]
[33150, 16, 1, [8.241020202636719, -8.645575523376465]]
[33150, 20, 1, [7.767695426940918, -6.005613327026367]]
[33150, 8, 1, [11.319347381591797, -6.557707786560059]]
[33150, 2, 1, [1.9525045156478882, -10.630949020385742]]
[33150, 18, 1, [6.002229690551758, -3.1092352867126465]]
[33150, 13, 1, [3.405097007751465, -11.241303443908691]]
[38050, 'popsize', 16, 'queuesize', 0]
[38900, 17, 0, [3.6973583698272705, -7.819644927978516]]
[38900, 24, 0, [8.096972465515137, -5.879395008087158]]
[38900, 9, 0, [5.6387152671813965, -11.306194305419922]]
[38900, 3, 0, [1.01974618434906, -0.8987080454826355]]
[38900, 10, 0, [2.0447275638580322, -5.6085205078125]]
[38900, 14, 0, [1.2915472984313965, -3.2806003093719482]]
[38900, 6, 0, [3.689607620239258, -9.635592460632324]]
[38900, 11, 0, [6.529507637023926, -0.12334337085485458]]
[38900, 12, 1, [12.376357078552246, -8.381782531738281]]
[38900, 7, 1, [1.414887547492981, -0.8310651779174805]]
[38900, 16, 1, [7.931034564971924, -8.296850204467773]]
[38900, 20, 1, [7.9490556716918945, -5.90509033203125]]
[38900, 8, 1, [11.527087211608887, -6.537384033203125]]
[38900, 2, 1, [1.9832522869110107, -10.642069816589355]]
[38900, 18, 1, [6.39813756942749, -2.838334321975708]]
[38900, 13, 1, [2.923717737197876, -11.180280685424805]]
[44950, 'popsize', 16, 'queuesize', 0]
[45800, 17, 0, [3.771092653274536, -7.255836009979248]]
[45800, 24, 0, [8.36271858215332, -5.710792541503906]]
[45800, 9, 0, [5.600368976593018, -11.284573554992676]]
[45800, 3, 0, [1.0331202745437622, -0.7993972897529602]]
[45800, 10, 0, [2.253452777862549, -5.3575615882873535]]
[45800, 14, 0, [1.2985080480575562, -3.2918643951416016]]
[45800, 6, 0, [3.7056174278259277, -9.633088111877441]]
[45800, 11, 0, [6.533740997314453, -0.12333664298057556]]
[45800, 12, 1, [12.376362800598145, -8.374287605285645]]
[45800, 7, 1, [1.2167903184890747, -1.2218358516693115]]
[45800, 16, 1, [7.572001934051514, -7.844268798828125]]
[45800, 20, 1, [8.193099975585938, -5.797271728515625]]
[45800, 8, 1, [11.49691390991211, -6.562926292419434]]
[45800, 2, 1, [2.097317934036255, -10.608846664428711]]
[45800, 18, 1, [6.830697059631348, -2.4546170234680176]]
[45800, 13, 1, [2.361241579055786, -11.043810844421387]]
[50750, 'popsize', 16, 'queuesize', 0]
[51600, 17, 0, [3.785141706466675, -6.771966457366943]]
[51600, 24, 0, [8.825919151306152, -5.734644889831543]]
[51600, 9, 0, [5.650466442108154, -11.312968254089355]]
[51600, 3, 0, [1.058059573173523, -0.7542070150375366]]
[51600, 10, 0, [2.3902628421783447, -5.330530643463135]]
[51600, 14, 0, [1.2930272817611694, -3.2790567874908447]]
[51600, 6, 0, [3.383345603942871, -9.26913833618164]]
[51600, 11, 0, [6.535604953765869, -0.12333179265260696]]
[51600, 12, 1, [12.376355171203613, -8.367776870727539]]
[51600, 7, 1, [1.2285817861557007, -1.0297008752822876]]
[51600, 16, 1, [7.314387321472168, -7.427035331726074]]
[51600, 20, 1, [8.642058372497559, -5.634027004241943]]
[51600, 8, 1, [11.512163162231445, -6.573257923126221]]
[51600, 2, 1, [2.539402723312378, -10.420607566833496]]
[51600, 18, 1, [7.156862258911133, -2.099285125732422]]
[51600, 13, 1, [2.241889715194702, -10.938765525817871]]
[56500, 'popsize', 16, 'queuesize', 0]
[57350, 17, 0, [3.7660655975341797, -6.369907855987549]]
[57350, 24, 0, [9.288219451904297, -5.706789016723633]]
[57350, 9, 0, [5.625850677490234, -11.297224998474121]]
[57350, 3, 0, [1.07944917678833, -0.7576481699943542]]
[57350, 10, 0, [2.6207869052886963, -5.024657249450684]]
[57350, 14, 0, [1.2691723108291626, -3.2145817279815674]]
[57350, 6, 0, [3.10093092918396, -8.879225730895996]]
[57350, 11, 0, [6.5379862785339355, -0.12333900481462479]]
[57350, 12, 1, [12.376358032226562, -8.361374855041504]]
[57350, 7, 1, [1.3551422357559204, -1.354709267616272]]
[57350, 16, 1, [7.1038055419921875, -7.001791954040527]]
[57350, 20, 1, [9.00283432006836, -5.509289264678955]]
[57350, 8, 1, [11.536229133605957, -6.717412948608398]]
[57350, 2, 1, [2.7621402740478516, -10.369418144226074]]
[57350, 18, 1, [7.4019856452941895, -1.77501380443573]]
[57350, 13, 1, [2.1743359565734863, -10.8422212600708]]
[62250, 'popsize', 16, 'queuesize', 0]
[63100, 17, 0, [3.7399981021881104, -6.168068885803223]]
[63100, 24, 0, [9.759098052978516, -5.623477458953857]]
[63100, 9, 0, [5.615721225738525, -11.353732109069824]]
[63100, 3, 0, [1.0773087739944458, -0.7725039720535278]]
[63100, 10, 0, [2.660672187805176, -4.96413516998291]]
[63100, 14, 0, [1.1953922510147095, -3.2797157764434814]]
[63100, 6, 0, [2.8583154678344727, -8.462032318115234]]
[63100, 11, 0, [6.540640830993652, -0.12333349138498306]]
[63100, 12, 1, [12.376350402832031, -8.354658126831055]]
[63100, 7, 1, [1.4527411460876465, -1.8234446048736572]]
[63100, 16, 1, [6.985052585601807, -6.9784111976623535]]
[63100, 20, 1, [9.223427772521973, -5.2534685134887695]]
[63100, 8, 1, [11.517390251159668, -6.817123889923096]]
[63100, 2, 1, [2.7273483276367188, -10.536160469055176]]
[63100, 18, 1, [7.356978416442871, -1.789021611213684]]
[63100, 13, 1, [2.5105278491973877, -10.499783515930176]]
[68000, 'popsize', 16, 'queuesize', 0]
[68850, 17, 0, [3.711332321166992, -6.101107597351074]]
[68850, 24, 0, [10.213119506835938, -5.488664627075195]]
[68850, 9, 0, [5.622671127319336, -11.329906463623047]]
[68850, 3, 0, [1.1068193912506104, -0.7804818153381348]]
[68850, 10, 0, [2.8318309783935547, -4.726435661315918]]
[68850, 14, 0, [1.0246645212173462, -3.185070514678955]]
[68850, 6, 0, [2.6508398056030273, -8.025681495666504]]
[68850, 11, 0, [6.544496059417725, -0.1233355775475502]]
[68850, 12, 1, [12.37635612487793, -8.348323822021484]]
[68850, 7, 1, [1.5002851486206055, -2.3022892475128174]]
[68850, 16, 1, [6.812611103057861, -7.429200172424316]]
[68850, 20, 1, [9.270483016967773, -4.8920817375183105]]
[68850, 8, 1, [11.62432861328125, -6.86134147644043]]
[68850, 2, 1, [3.043239116668701, -10.523883819580078]]
[68850, 18, 1, [7.599751949310303, -1.6719874143600464]]
[68850, 13, 1, [2.8595850467681885, -10.42767333984375]]
[73750, 'popsize', 16, 'queuesize', 0]
[74600, 17, 0, [3.7475738525390625, -6.083835124969482]]
[74600, 24, 0, [10.649092674255371, -5.304765701293945]]
[74600, 9, 0, [5.562882900238037, -11.313997268676758]]
[74600, 3, 0, [1.0854665040969849, -0.739147424697876]]
[74600, 10, 0, [2.7666304111480713, -4.687899589538574]]
[74600, 14, 0, [1.038741946220398, -3.1323447227478027]]
[74600, 6, 0, [2.479116201400757, -7.579209804534912]]
[74600, 11, 0, [6.547780990600586, -0.12333264201879501]]
[74600, 12, 1, [12.376343727111816, -8.342514038085938]]
[74600, 7, 1, [1.485591173171997, -2.447357416152954]]
[74600, 16, 1, [6.601757049560547, -7.864952087402344]]
[74600, 20, 1, [9.23586654663086, -4.4798688888549805]]
[74600, 8, 1, [11.689467430114746, -6.8577704429626465]]
[74600, 2, 1, [3.5255227088928223, -10.554595947265625]]
[74600, 18, 1, [7.741585731506348, -1.4906009435653687]]
[74600, 13, 1, [3.3403244018554688, -10.387640953063965]]
[79500, 'popsize', 16, 'queuesize', 0]
[80350, 17, 0, [3.7627522945404053, -6.0325117111206055]]
[80350, 24, 0, [11.067662239074707, -5.070278644561768]]
[80350, 9, 0, [5.592846393585205, -11.360017776489258]]
[80350, 3, 0, [1.1313257217407227, -0.7341098189353943]]
[80350, 10, 0, [2.5470399856567383, -4.9685258865356445]]
[80350, 14, 0, [1.0353490114212036, -3.049440383911133]]
[80350, 6, 0, [2.351717948913574, -7.111713886260986]]
[80350, 11, 0, [6.55086612701416, -0.12333393841981888]]
[80350, 12, 1, [12.376360893249512, -8.338168144226074]]
[80350, 7, 1, [1.4834046363830566, -2.564443588256836]]
[80350, 16, 1, [6.357540607452393, -8.280916213989258]]
[80350, 20, 1, [9.144301414489746, -4.396453857421875]]
[80350, 8, 1, [11.760600090026855, -6.897984504699707]]
[80350, 2, 1, [3.9994101524353027, -10.63725471496582]]
[80350, 18, 1, [7.541225433349609, -1.082015037536621]]
[80350, 13, 1, [3.8252131938934326, -10.397313117980957]]
[85250, 'popsize', 16, 'queuesize', 0]
[86100, 17, 0, [3.8566372394561768, -5.897274017333984]]
[86100, 24, 0, [10.996590614318848, -4.93607759475708]]
[86100, 9, 0, [5.539260387420654, -11.350136756896973]]
[86100, 3, 0, [1.1096980571746826, -0.73403400182724]]
[86100, 10, 0, [2.6265335083007812, -5.0262980461120605]]
[86100, 14, 0, [1.0455645322799683, -3.131596565246582]]
[86100, 6, 0, [2.264906167984009, -6.633142471313477]]
[86100, 11, 0, [6.554812431335449, -0.12333875149488449]]
[86100, 12, 1, [12.37635326385498, -8.332795143127441]]
[86100, 7, 1, [1.417898178100586, -3.041691780090332]]
[86100, 16, 1, [6.158041954040527, -8.569202423095703]]
[86100, 20, 1, [8.949199676513672, -4.762624740600586]]
[86100, 8, 1, [11.820660591125488, -6.867252349853516]]
[86100, 2, 1, [4.464504241943359, -10.769607543945312]]
[86100, 18, 1, [7.321043968200684, -0.6633845567703247]]
[86100, 13, 1, [4.3044939041137695, -10.459110260009766]]
[91000, 'popsize', 16, 'queuesize', 0]
[91850, 17, 0, [3.887852430343628, -5.708959102630615]]
[91850, 24, 0, [10.974156379699707, -4.88052225112915]]
[91850, 9, 0, [5.577125549316406, -11.393058776855469]]
[91850, 3, 0, [1.116326928138733, -0.7735609412193298]]
[91850, 10, 0, [2.8268680572509766, -4.837222099304199]]
[91850, 14, 0, [1.0935289859771729, -3.00296688079834]]
[91850, 6, 0, [2.224388360977173, -6.149535655975342]]
[91850, 11, 0, [6.558991432189941, -0.12319596856832504]]
[91850, 12, 1, [12.37635612487793, -8.328465461730957]]
[91850, 7, 1, [1.350904107093811, -3.378481864929199]]
[91850, 16, 1, [6.146062850952148, -8.632124900817871]]
[91850, 20, 1, [8.751068115234375, -5.201956272125244]]
[91850, 8, 1, [11.917951583862305, -6.864794731140137]]
[91850, 2, 1, [4.9149274826049805, -10.95055866241455]]
[91850, 18, 1, [7.267958641052246, -0.4326420724391937]]
[91850, 13, 1, [4.774036407470703, -10.572287559509277]]
[96750, 'popsize', 16, 'queuesize', 0]
[97600, 17, 0, [4.248572826385498, -5.507058143615723]]
[97600, 24, 0, [10.9694185256958, -4.899307727813721]]
[97600, 9, 0, [5.563049793243408, -11.409587860107422]]
[97600, 3, 0, [1.2100151777267456, -0.6507861614227295]]
[97600, 10, 0, [2.847238063812256, -4.8355512619018555]]
[97600, 14, 0, [1.087244987487793, -2.9406328201293945]]
[97600, 6, 0, [2.231656074523926, -5.664743900299072]]
[97600, 11, 0, [6.561083793640137, -0.12328140437602997]]
[97600, 12, 1, [12.376325607299805, -8.32380199432373]]
[97600, 7, 1, [1.2919797897338867, -3.037534713745117]]
[97600, 16, 1, [6.145013809204102, -8.686511993408203]]
[97600, 20, 1, [8.565726280212402, -5.544185638427734]]
[97600, 8, 1, [11.972556114196777, -6.781815052032471]]
[97600, 2, 1, [5.341662883758545, -11.172298431396484]]
[97600, 18, 1, [7.528349876403809, -0.12384510040283203]]
[97600, 13, 1, [4.925505638122559, -10.613511085510254]]
[102851, 'popsize', 17, 'queuesize', 0]
[103751, 17, 0, [4.382004261016846, -5.4039201736450195]]
[103751, 24, 0, [11.048506736755371, -4.723209857940674]]
[103751, 9, 0, [5.634112358093262, -11.485783576965332]]
[103751, 3, 0, [1.3505843877792358, -0.5277972221374512]]
[103751, 10, 0, [2.8532824516296387, -4.839827537536621]]
[103751, 14, 0, [1.078094482421875, -2.9073660373687744]]
[103751, 6, 0, [2.2884609699249268, -5.155183792114258]]
[103751, 11, 0, [6.562918186187744, -0.12332984805107117]]
[103751, 12, 1, [12.376363754272461, -8.317802429199219]]
[103751, 7, 1, [1.257554292678833, -2.549879312515259]]
[103751, 16, 1, [6.150175094604492, -8.745641708374023]]
[103751, 20, 1, [8.90617847442627, -5.714116096496582]]
[103751, 8, 1, [11.938407897949219, -6.747246742248535]]
[103751, 2, 1, [5.474217414855957, -11.379914283752441]]
[103751, 18, 1, [7.349637031555176, -0.10806042701005936]]
[103751, 13, 1, [5.202680587768555, -10.189599990844727]]
[103751, 4, 1, [10.97898006439209, -3.744481086730957]]
[109301, 'popsize', 18, 'queuesize', 0]
[110601, 17, 0, [4.693353652954102, -5.432791233062744]]
[110601, 24, 0, [11.260976791381836, -4.651941299438477]]
[110601, 9, 0, [5.750477313995361, -11.608297348022461]]
[110601, 3, 0, [1.2817010879516602, -0.5464609861373901]]
[110601, 10, 0, [2.8544938564300537, -4.838648319244385]]
[110601, 14, 0, [1.1233490705490112, -2.785778760910034]]
[110601, 6, 0, [2.402817487716675, -4.628541946411133]]
[110601, 11, 0, [6.565747261047363, -0.12333513051271439]]
[110601, 0, 0, [11.271178245544434, -1.1861127614974976]]
[110601, 12, 1, [12.376323699951172, -8.311604499816895]]
[110601, 7, 1, [1.26869797706604, -2.0150861740112305]]
[110601, 16, 1, [6.15965461730957, -8.804033279418945]]
[110601, 20, 1, [9.392182350158691, -5.956512451171875]]
[110601, 8, 1, [11.966355323791504, -6.744838237762451]]
[110601, 2, 1, [5.591913223266602, -11.497668266296387]]
[110601, 18, 1, [7.151057720184326, -0.10914506018161774]]
[110601, 13, 1, [5.557321071624756, -9.747642517089844]]
[110601, 4, 1, [10.420819282531738, -3.6869568824768066]]
[116301, 'popsize', 18, 'queuesize', 0]
[117251, 17, 0, [5.276334762573242, -5.402773857116699]]
[117251, 24, 0, [11.75316047668457, -4.3525071144104]]
[117251, 9, 0, [5.919975757598877, -11.7135009765625]]
[117251, 3, 0, [1.289296269416809, -0.5518566966056824]]
[117251, 10, 0, [2.8365674018859863, -4.834286689758301]]
[117251, 14, 0, [1.0577709674835205, -2.8125085830688477]]
[117251, 6, 0, [2.5875351428985596, -4.075645923614502]]
[117251, 11, 0, [6.5699052810668945, -0.12334223091602325]]
[117251, 0, 0, [11.674739837646484, -0.7998735308647156]]
[117251, 12, 1, [12.37632942199707, -8.305758476257324]]
[117251, 7, 1, [1.341530442237854, -1.4315799474716187]]
[117251, 16, 1, [6.149728775024414, -8.81245231628418]]
[117251, 20, 1, [9.89682388305664, -6.2594523429870605]]
[117251, 8, 1, [12.018082618713379, -6.713080406188965]]
[117251, 2, 1, [5.738309860229492, -11.650390625]]
[117251, 18, 1, [7.107527732849121, -0.12131663411855698]]
[117251, 13, 1, [5.954529285430908, -9.345123291015625]]
[117251, 4, 1, [9.867708206176758, -3.5663938522338867]]
[122751, 'popsize', 18, 'queuesize', 0]
[123701, 17, 0, [5.698798179626465, -5.368860721588135]]
[123701, 24, 0, [12.162579536437988, -4.017076015472412]]
[123701, 9, 0, [6.052351951599121, -11.696642875671387]]
[123701, 3, 0, [1.263870358467102, -0.5559821724891663]]
[123701, 10, 0, [2.835538387298584, -4.8356122970581055]]
[123701, 14, 0, [0.8489893674850464, -2.7156965732574463]]
[123701, 6, 0, [2.8189141750335693, -3.5901620388031006]]
[123701, 11, 0, [6.573659420013428, -0.12333062291145325]]
[123701, 0, 0, [12.100919723510742, -0.4712696671485901]]
[123701, 12, 1, [12.3763427734375, -8.297706604003906]]
[123701, 7, 1, [1.4621459245681763, -0.9052884578704834]]
[123701, 16, 1, [6.145880699157715, -8.827173233032227]]
[123701, 20, 1, [10.32896614074707, -6.58486795425415]]
[123701, 8, 1, [12.060331344604492, -6.6989359855651855]]
[123701, 2, 1, [5.85498571395874, -11.816595077514648]]
[123701, 18, 1, [7.054994583129883, -0.11096853762865067]]
[123701, 13, 1, [6.2840046882629395, -9.063279151916504]]
[123701, 4, 1, [9.352034568786621, -3.3965625762939453]]
[129201, 'popsize', 18, 'queuesize', 0]
[130151, 17, 0, [5.783024787902832, -5.569746017456055]]
[130151, 24, 0, [12.389521598815918, -3.7505266666412354]]
[130151, 9, 0, [6.093400955200195, -11.726177215576172]]
[130151, 3, 0, [1.265770673751831, -0.5972135663032532]]
[130151, 10, 0, [2.8354239463806152, -4.836113452911377]]
[130151, 14, 0, [0.6674716472625732, -2.872403144836426]]
[130151, 6, 0, [3.0916411876678467, -3.122939348220825]]
[130151, 11, 0, [6.576667785644531, -0.12333858758211136]]
[130151, 0, 0, [12.37582778930664, -0.31185126304626465]]
[130151, 12, 1, [12.376351356506348, -8.291993141174316]]
[130151, 7, 1, [1.6090831756591797, -0.9067607522010803]]
[130151, 16, 1, [6.17657470703125, -8.86428451538086]]
[130151, 20, 1, [10.721904754638672, -6.960299015045166]]
[130151, 8, 1, [12.248798370361328, -7.005446434020996]]
[130151, 2, 1, [5.927820205688477, -11.760808944702148]]
[130151, 18, 1, [6.954891681671143, -0.10570594668388367]]
[130151, 13, 1, [6.317026138305664, -9.054701805114746]]
[130151, 4, 1, [8.857563018798828, -3.181196451187134]]
[135651, 'popsize', 18, 'queuesize', 0]
[136601, 17, 0, [5.80600643157959, -5.527623653411865]]
[136601, 24, 0, [12.394254684448242, -3.6505188941955566]]
[136601, 9, 0, [6.25899600982666, -11.920571327209473]]
[136601, 3, 0, [1.2802677154541016, -0.5817375779151917]]
[136601, 10, 0, [2.8375258445739746, -4.838069915771484]]
[136601, 14, 0, [0.6174341440200806, -2.9905712604522705]]
[136601, 6, 0, [3.414524555206299, -2.689563274383545]]
[136601, 11, 0, [6.581270217895508, -0.12333705276250839]]
[136601, 0, 0, [12.375843048095703, -0.3059982359409332]]
[136601, 12, 1, [12.376358985900879, -8.28498363494873]]
[136601, 7, 1, [1.8635387420654297, -1.3793078660964966]]
[136601, 16, 1, [6.188058853149414, -8.881941795349121]]
[136601, 20, 1, [11.06466293334961, -7.381538391113281]]
[136601, 8, 1, [12.263055801391602, -7.355153560638428]]
[136601, 2, 1, [6.166929244995117, -11.809532165527344]]
[136601, 18, 1, [6.866642475128174, -0.1060015931725502]]
[136601, 13, 1, [6.3334479331970215, -9.062686920166016]]
[136601, 4, 1, [8.387670516967773, -2.9092562198638916]]
[142451, 'popsize', 19, 'queuesize', 0]
[143451, 17, 0, [5.859561920166016, -5.759129524230957]]
[143451, 24, 0, [12.393941879272461, -3.5587382316589355]]
[143451, 9, 0, [5.975287437438965, -12.060892105102539]]
[143451, 3, 0, [1.307434320449829, -0.6654359102249146]]
[143451, 10, 0, [2.978095531463623, -4.803552627563477]]
[143451, 14, 0, [0.6227117776870728, -2.996999502182007]]
[143451, 6, 0, [3.811030387878418, -2.2807164192199707]]
[143451, 11, 0, [6.584962844848633, -0.12333393841981888]]
[143451, 0, 0, [12.37584400177002, -0.29943475127220154]]
[143451, 12, 1, [12.376357078552246, -8.27902889251709]]
[143451, 7, 1, [2.0698344707489014, -1.9066498279571533]]
[143451, 16, 1, [6.1941423416137695, -8.90159797668457]]
[143451, 20, 1, [11.3484525680542, -7.8173346519470215]]
[143451, 8, 1, [12.027360916137695, -7.811400890350342]]
[143451, 2, 1, [6.119099140167236, -12.050657272338867]]
[143451, 18, 1, [6.773940086364746, -0.10598384588956833]]
[143451, 13, 1, [6.336043834686279, -9.079806327819824]]
[143451, 4, 1, [7.928924560546875, -2.5659573078155518]]
[143451, 15, 1, [8.712981224060059, -1.2605724334716797]]
[149251, 'popsize', 19, 'queuesize', 0]
[150251, 17, 0, [5.791635513305664, -5.9338884353637695]]
[150251, 24, 0, [12.393970489501953, -3.464432954788208]]
[150251, 9, 0, [5.837492942810059, -12.033013343811035]]
[150251, 3, 0, [1.3135250806808472, -0.614518404006958]]
[150251, 10, 0, [3.1844542026519775, -4.416768550872803]]
[150251, 14, 0, [0.5604540109634399, -3.0454654693603516]]
[150251, 6, 0, [4.245110988616943, -1.9135596752166748]]
[150251, 11, 0, [6.575182914733887, -0.12335826456546783]]
[150251, 0, 0, [12.375853538513184, -0.29345911741256714]]
[150251, 12, 1, [12.376350402832031, -8.273848533630371]]
[150251, 7, 1, [2.2110795974731445, -2.455913543701172]]
[150251, 16, 1, [6.200265884399414, -8.922926902770996]]
[150251, 20, 1, [11.731843948364258, -8.166520118713379]]
[150251, 8, 1, [11.944266319274902, -7.876317024230957]]
[150251, 2, 1, [6.018454074859619, -12.0154447555542]]
[150251, 18, 1, [6.757128715515137, -0.106390081346035]]
[150251, 13, 1, [6.339099884033203, -9.098814010620117]]
[150251, 4, 1, [7.5180158615112305, -2.174546003341675]]
[150251, 15, 1, [8.695318222045898, -1.3351144790649414]]
[156051, 'popsize', 19, 'queuesize', 0]
[157051, 17, 0, [5.393319606781006, -5.992491245269775]]
[157051, 24, 0, [12.274271011352539, -3.2784740924835205]]
[157051, 9, 0, [5.6917314529418945, -11.858918190002441]]
[157051, 3, 0, [1.3262401819229126, -0.6349690556526184]]
[157051, 10, 0, [3.228346109390259, -4.312857627868652]]
[157051, 14, 0, [0.3271414637565613, -3.0037271976470947]]
[157051, 6, 0, [4.719386577606201, -1.5901566743850708]]
[157051, 11, 0, [6.557590007781982, -0.12332432717084885]]
[157051, 0, 0, [12.375847816467285, -0.28746160864830017]]
[157051, 12, 1, [12.37633991241455, -8.268516540527344]]
[157051, 7, 1, [2.2873101234436035, -3.017371416091919]]
[157051, 16, 1, [6.125083923339844, -8.835124015808105]]
[157051, 20, 1, [12.080853462219238, -8.444794654846191]]
[157051, 8, 1, [11.988600730895996, -7.860052585601807]]
[157051, 2, 1, [5.7940897941589355, -11.968812942504883]]
[157051, 18, 1, [6.739994525909424, -0.10609050840139389]]
[157051, 13, 1, [6.2815327644348145, -9.056732177734375]]
[157051, 4, 1, [7.151488304138184, -1.7314366102218628]]
[157051, 15, 1, [8.661480903625488, -1.3683804273605347]]
[162851, 'popsize', 19, 'queuesize', 0]
[163851, 17, 0, [5.619792938232422, -6.234077453613281]]
[163851, 24, 0, [12.108047485351562, -3.011303663253784]]
[163851, 9, 0, [5.565999984741211, -11.545183181762695]]
[163851, 3, 0, [1.1945968866348267, -0.26151585578918457]]
[163851, 10, 0, [3.101074457168579, -4.14348030090332]]
[163851, 14, 0, [0.3402900993824005, -2.940591335296631]]
[163851, 6, 0, [5.216911315917969, -1.3112127780914307]]
[163851, 11, 0, [6.54015588760376, -0.12333625555038452]]
[163851, 0, 0, [12.375850677490234, -0.28073835372924805]]
[163851, 12, 1, [12.376361846923828, -8.261024475097656]]
[163851, 7, 1, [2.1609275341033936, -3.043416738510132]]
[163851, 16, 1, [6.151664733886719, -8.912976264953613]]
[163851, 20, 1, [12.375846862792969, -8.482407569885254]]
[163851, 8, 1, [12.066131591796875, -7.9695820808410645]]
[163851, 2, 1, [5.708981990814209, -11.666186332702637]]
[163851, 18, 1, [6.722394943237305, -0.1060737743973732]]
[163851, 13, 1, [6.306771755218506, -9.041838645935059]]
[163851, 4, 1, [6.836833953857422, -1.2535055875778198]]
[163851, 15, 1, [8.669034004211426, -1.3635084629058838]]
[169651, 'popsize', 19, 'queuesize', 0]
[170651, 17, 0, [5.70493745803833, -6.246163845062256]]
[170651, 24, 0, [12.380775451660156, -3.1520509719848633]]
[170651, 9, 0, [5.462257385253906, -11.391202926635742]]
[170651, 3, 0, [1.1521399021148682, -0.16504274308681488]]
[170651, 10, 0, [3.107198476791382, -4.155961513519287]]
[170651, 14, 0, [0.14036065340042114, -2.9646286964416504]]
[170651, 6, 0, [5.743120193481445, -1.0976495742797852]]
[170651, 11, 0, [6.522594928741455, -0.12332130968570709]]
[170651, 0, 0, [12.375842094421387, -0.27369946241378784]]
[170651, 12, 1, [12.376354217529297, -8.255758285522461]]
[170651, 7, 1, [1.7889645099639893, -2.6156527996063232]]
[170651, 16, 1, [6.198719024658203, -9.026991844177246]]
[170651, 20, 1, [12.375846862792969, -8.475141525268555]]
[170651, 8, 1, [12.084383964538574, -7.980915546417236]]
[170651, 2, 1, [5.673523426055908, -11.4566068649292]]
[170651, 18, 1, [6.704836368560791, -0.10609415173530579]]
[170651, 13, 1, [6.358561992645264, -9.136696815490723]]
[170651, 4, 1, [6.575603485107422, -0.7450090050697327]]
[170651, 15, 1, [8.715950965881348, -1.4133362770080566]]
[176451, 'popsize', 19, 'queuesize', 0]
[177451, 17, 0, [6.077125549316406, -6.523773670196533]]
[177451, 24, 0, [12.384238243103027, -3.1756527423858643]]
[177451, 9, 0, [5.487311840057373, -11.34117603302002]]
[177451, 3, 0, [1.183929443359375, -0.18249094486236572]]
[177451, 10, 0, [3.1269607543945312, -4.163700580596924]]
[177451, 14, 0, [0.12334930151700974, -2.9474499225616455]]
[177451, 6, 0, [6.291423320770264, -0.941756546497345]]
[177451, 11, 0, [6.506906032562256, -0.12331786006689072]]
[177451, 0, 0, [12.375836372375488, -0.2670168876647949]]
[177451, 12, 1, [12.37635612487793, -8.250004768371582]]
[177451, 7, 1, [1.4676930904388428, -2.1520607471466064]]
[177451, 16, 1, [6.183948516845703, -9.040757179260254]]
[177451, 20, 1, [12.375845909118652, -8.468266487121582]]
[177451, 8, 1, [12.092591285705566, -7.965174198150635]]
[177451, 2, 1, [5.695754051208496, -11.4470796585083]]
[177451, 18, 1, [6.688839912414551, -0.10645801573991776]]
[177451, 13, 1, [6.360390663146973, -9.111845970153809]]
[177451, 4, 1, [6.40923547744751, -0.3119502365589142]]
[177451, 15, 1, [8.962148666381836, -1.6061124801635742]]
[183601, 'popsize', 20, 'queuesize', 0]
[184651, 17, 0, [6.299814701080322, -6.575281143188477]]
[184651, 24, 0, [12.385258674621582, -3.2017743587493896]]
[184651, 9, 0, [5.442172527313232, -11.350574493408203]]
[184651, 3, 0, [1.100462794303894, -0.16645200550556183]]
[184651, 10, 0, [2.9767885208129883, -4.185290813446045]]
[184651, 14, 0, [0.12335271388292313, -2.9392101764678955]]
[184651, 6, 0, [6.883734226226807, -0.8340288996696472]]
[184651, 11, 0, [6.495824337005615, -0.12331339716911316]]
[184651, 0, 0, [12.375843048095703, -0.259792298078537]]
[184651, 12, 1, [12.37634563446045, -8.242636680603027]]
[184651, 7, 1, [1.1897878646850586, -1.6207548379898071]]
[184651, 16, 1, [6.139373779296875, -9.050621032714844]]
[184651, 20, 1, [12.37588119506836, -8.46107292175293]]
[184651, 8, 1, [12.098812103271484, -7.953939914703369]]
[184651, 2, 1, [5.835925579071045, -11.460851669311523]]
[184651, 18, 1, [6.673635005950928, -0.11094599217176437]]
[184651, 13, 1, [6.322213172912598, -9.066427230834961]]
[184651, 4, 1, [6.398172855377197, -0.2872965633869171]]
[184651, 15, 1, [8.94859790802002, -1.6095106601715088]]
[184651, 21, 1, [6.4388604164123535, -8.948957443237305]]
[190751, 'popsize', 20, 'queuesize', 0]
[191801, 17, 0, [6.747000694274902, -6.9295654296875]]
[191801, 24, 0, [12.386490821838379, -3.220101833343506]]
[191801, 9, 0, [5.500067234039307, -11.300734519958496]]
[191801, 3, 0, [1.0736689567565918, -0.15050473809242249]]
[191801, 10, 0, [2.8613979816436768, -4.197925090789795]]
[191801, 14, 0, [0.12334246933460236, -2.932551145553589]]
[191801, 6, 0, [7.481328010559082, -0.7837589979171753]]
[191801, 11, 0, [6.484338283538818, -0.12327220290899277]]
[191801, 0, 0, [12.375858306884766, -0.2529723346233368]]
[191801, 12, 1, [12.376358985900879, -8.235943794250488]]
[191801, 7, 1, [0.9864073991775513, -1.0570836067199707]]
[191801, 16, 1, [6.115204334259033, -9.066004753112793]]
[191801, 20, 1, [12.375836372375488, -8.45440673828125]]
[191801, 8, 1, [12.189311981201172, -7.955122947692871]]
[191801, 2, 1, [6.0301971435546875, -11.549649238586426]]
[191801, 18, 1, [6.656795501708984, -0.11502792686223984]]
[191801, 13, 1, [6.302684783935547, -9.037874221801758]]
[191801, 4, 1, [6.381392955780029, -0.2831762135028839]]
[191801, 15, 1, [8.960153579711914, -1.627166509628296]]
[191801, 21, 1, [6.422580718994141, -8.899971961975098]]
[198401, 'popsize', 20, 'queuesize', 0]
[199452, 17, 0, [6.9314374923706055, -7.19764518737793]]
[199452, 24, 0, [12.389530181884766, -3.2635486125946045]]
[199452, 9, 0, [5.496014595031738, -11.339459419250488]]
[199452, 3, 0, [0.9947751760482788, -0.20829211175441742]]
[199452, 10, 0, [3.030324935913086, -4.143643856048584]]
[199452, 14, 0, [0.12336098402738571, -2.9241068363189697]]
[199452, 6, 0, [8.108691215515137, -0.829102098941803]]
[199452, 11, 0, [6.482056140899658, -0.12331871688365936]]
[199452, 0, 0, [12.375847816467285, -0.24627774953842163]]
[199452, 12, 1, [12.376327514648438, -8.228803634643555]]
[199452, 7, 1, [0.847193717956543, -0.44026926159858704]]
[199452, 16, 1, [6.1177592277526855, -9.086373329162598]]
[199452, 20, 1, [12.375856399536133, -8.446978569030762]]
[199452, 8, 1, [12.197925567626953, -7.934848308563232]]
[199452, 2, 1, [6.082428455352783, -11.528084754943848]]
[199452, 18, 1, [6.666146755218506, -0.10447506606578827]]
[199452, 13, 1, [6.29737663269043, -9.024765968322754]]
[199452, 4, 1, [6.371128082275391, -0.2757663428783417]]
[199452, 15, 1, [9.042375564575195, -1.56560218334198]]
[199452, 21, 1, [6.388805866241455, -8.873309135437012]]
[205902, 'popsize', 21, 'queuesize', 0]
[207002, 17, 0, [6.770248889923096, -7.0507330894470215]]
[207002, 24, 0, [12.392045021057129, -3.344642400741577]]
[207002, 9, 0, [5.512190818786621, -11.28031063079834]]
[207002, 3, 0, [1.0809653997421265, -0.31606343388557434]]
[207002, 10, 0, [3.105663776397705, -3.6979758739471436]]
[207002, 14, 0, [0.12334781885147095, -2.9158968925476074]]
[207002, 6, 0, [8.720653533935547, -0.9835017323493958]]
[207002, 11, 0, [6.459962844848633, -0.12412882596254349]]
[207002, 0, 0, [12.375835418701172, -0.23922426998615265]]
[207002, 1, 0, [10.9097900390625, -11.24349594116211]]
[207002, 12, 1, [12.376354217529297, -8.222820281982422]]
[207002, 7, 1, [0.9138346314430237, -0.30265578627586365]]
[207002, 16, 1, [6.113418102264404, -9.1094970703125]]
[207002, 20, 1, [12.375853538513184, -8.440510749816895]]
[207002, 8, 1, [12.247825622558594, -7.983428955078125]]
[207002, 2, 1, [5.831691265106201, -11.57766056060791]]
[207002, 18, 1, [6.632957935333252, -0.09514259546995163]]
[207002, 13, 1, [6.2766828536987305, -9.012024879455566]]
[207002, 4, 1, [6.361801624298096, -0.26898521184921265]]
[207002, 15, 1, [9.044426918029785, -1.5646131038665771]]
[207002, 21, 1, [6.351076126098633, -8.820873260498047]]
[213402, 'popsize', 21, 'queuesize', 0]
[214502, 17, 0, [6.966072082519531, -6.578402996063232]]
[214502, 24, 0, [12.392117500305176, -3.4272778034210205]]
[214502, 9, 0, [5.428466796875, -11.277588844299316]]
[214502, 3, 0, [1.204383373260498, -0.37632352113723755]]
[214502, 10, 0, [3.1284635066986084, -3.744645833969116]]
[214502, 14, 0, [0.12334176152944565, -2.9082465171813965]]
[214502, 6, 0, [9.312750816345215, -1.2024325132369995]]
[214502, 11, 0, [6.445417404174805, -0.12358301132917404]]
[214502, 0, 0, [12.375845909118652, -0.23193426430225372]]
[214502, 1, 0, [10.529447555541992, -11.261283874511719]]
[214502, 12, 1, [12.37634563446045, -8.2162446975708]]
[214502, 7, 1, [1.0300148725509644, -0.39683040976524353]]
[214502, 16, 1, [6.12165641784668, -9.128021240234375]]
[214502, 20, 1, [12.375863075256348, -8.4332857131958]]
[214502, 8, 1, [12.333551406860352, -7.724769592285156]]
[214502, 2, 1, [5.718795299530029, -11.560141563415527]]
[214502, 18, 1, [6.608788013458252, -0.09515678137540817]]
[214502, 13, 1, [6.261658668518066, -8.999908447265625]]
[214502, 4, 1, [6.347639560699463, -0.2573634684085846]]
[214502, 15, 1, [9.0167236328125, -1.6029824018478394]]
[214502, 21, 1, [6.301669120788574, -8.801704406738281]]
[220902, 'popsize', 21, 'queuesize', 0]
[222002, 17, 0, [7.081576824188232, -5.975162982940674]]
[222002, 24, 0, [12.39201545715332, -3.5080442428588867]]
[222002, 9, 0, [5.600609302520752, -11.13636589050293]]
[222002, 3, 0, [1.238732099533081, -0.29259154200553894]]
[222002, 10, 0, [3.1037445068359375, -3.6903979778289795]]
[222002, 14, 0, [0.12335213273763657, -2.900791883468628]]
[222002, 6, 0, [9.870698928833008, -1.4844368696212769]]
[222002, 11, 0, [6.448099136352539, -0.12360835820436478]]
[222002, 0, 0, [12.375872611999512, -0.2252345234155655]]
[222002, 1, 0, [10.483205795288086, -11.270116806030273]]
[222002, 12, 1, [12.376354217529297, -8.208078384399414]]
[222002, 7, 1, [1.069631576538086, -0.425362229347229]]
[222002, 16, 1, [6.132572650909424, -9.14462661743164]]
[222002, 20, 1, [12.375868797302246, -8.426525115966797]]
[222002, 8, 1, [12.358696937561035, -7.767309665679932]]
[222002, 2, 1, [5.485267162322998, -11.514348983764648]]
[222002, 18, 1, [6.61043643951416, -0.09748732298612595]]
[222002, 13, 1, [6.246339321136475, -8.991915702819824]]
[222002, 4, 1, [6.343423843383789, -0.24860090017318726]]
[222002, 15, 1, [8.883378028869629, -1.5640826225280762]]
[222002, 21, 1, [6.238049507141113, -8.798843383789062]]
[228402, 'popsize', 21, 'queuesize', 0]
[229502, 17, 0, [7.103924751281738, -5.365276336669922]]
[229502, 24, 0, [12.392120361328125, -3.590669870376587]]
[229502, 9, 0, [5.7194719314575195, -11.02060604095459]]
[229502, 3, 0, [1.235243797302246, -0.3186724781990051]]
[229502, 10, 0, [3.0795645713806152, -3.569157361984253]]
[229502, 14, 0, [0.12335663288831711, -2.893035650253296]]
[229502, 6, 0, [10.382447242736816, -1.8509202003479004]]
[229502, 11, 0, [6.45265007019043, -0.12360934913158417]]
[229502, 0, 0, [12.375840187072754, -0.21799463033676147]]
[229502, 1, 0, [10.408866882324219, -11.356687545776367]]
[229502, 12, 1, [12.37635326385498, -8.201338768005371]]
[229502, 7, 1, [0.7798458933830261, -0.7803826928138733]]
[229502, 16, 1, [6.143370628356934, -9.167791366577148]]
[229502, 20, 1, [12.375839233398438, -8.419451713562012]]
[229502, 8, 1, [12.360831260681152, -7.760168552398682]]
[229502, 2, 1, [5.502614974975586, -11.497546195983887]]
[229502, 18, 1, [6.613544940948486, -0.10032770037651062]]
[229502, 13, 1, [6.21911096572876, -8.99328899383545]]
[229502, 4, 1, [6.341056823730469, -0.2384692281484604]]
[229502, 15, 1, [8.936543464660645, -1.6802928447723389]]
[229502, 21, 1, [6.17383337020874, -8.794737815856934]]
[240302, 'popsize', 21, 'queuesize', 0]
[242302, 17, 0, [6.9550700187683105, -4.403358459472656]]
[242302, 24, 0, [12.392104148864746, -3.722665309906006]]
[242302, 9, 0, [5.456984043121338, -11.075888633728027]]
[242302, 3, 0, [1.2694079875946045, -0.2988901734352112]]
[242302, 10, 0, [3.0854244232177734, -3.583845615386963]]
[242302, 14, 0, [0.12335092574357986, -2.8818538188934326]]
[242302, 6, 0, [11.111979484558105, -2.611337184906006]]
[242302, 11, 0, [6.4610819816589355, -0.12361446022987366]]
[242302, 0, 0, [12.375835418701172, -0.2056111842393875]]
[242302, 1, 0, [9.501564025878906, -11.128670692443848]]
[242302, 12, 1, [12.376357078552246, -8.188738822937012]]
[242302, 7, 1, [1.1105951070785522, -0.8884612917900085]]
[242302, 16, 1, [6.174589157104492, -9.180791854858398]]
[242302, 20, 1, [12.375848770141602, -8.4071626663208]]
[242302, 8, 1, [12.236307144165039, -7.780243396759033]]
[242302, 2, 1, [5.473019599914551, -11.262444496154785]]
[242302, 18, 1, [6.617717266082764, -0.10614635795354843]]
[242302, 13, 1, [6.188209056854248, -8.991975784301758]]
[242302, 4, 1, [6.3396759033203125, -0.22232550382614136]]
[242302, 15, 1, [8.952571868896484, -1.6392308473587036]]
[242302, 21, 1, [6.082457542419434, -8.87288761138916]]
[250152, 'popsize', 21, 'queuesize', 0]
[251252, 17, 0, [6.8590803146362305, -4.1061692237854]]
[251252, 24, 0, [12.392117500305176, -3.829005479812622]]
[251252, 9, 0, [5.34609842300415, -11.17365550994873]]
[251252, 3, 0, [1.2749966382980347, -0.3235326111316681]]
[251252, 10, 0, [3.0550875663757324, -3.426992416381836]]
[251252, 14, 0, [0.12335778772830963, -2.87089204788208]]
[251252, 6, 0, [11.526777267456055, -3.2583742141723633]]
[251252, 11, 0, [6.467292308807373, -0.12393941730260849]]
[251252, 0, 0, [12.375845909118652, -0.19569654762744904]]
[251252, 1, 0, [9.401947975158691, -11.191937446594238]]
[251252, 12, 1, [12.376352310180664, -8.180232048034668]]
[251252, 7, 1, [1.7361301183700562, -0.9886788725852966]]
[251252, 16, 1, [6.199620246887207, -9.182754516601562]]
[251252, 20, 1, [12.3758544921875, -8.398134231567383]]
[251252, 8, 1, [12.382908821105957, -7.558459758758545]]
[251252, 2, 1, [5.475950717926025, -11.356245994567871]]
[251252, 18, 1, [6.623970031738281, -0.10871929675340652]]
[251252, 13, 1, [6.166115760803223, -8.995899200439453]]
[251252, 4, 1, [6.34086799621582, -0.2152257114648819]]
[251252, 15, 1, [8.852201461791992, -1.5651957988739014]]
[251252, 21, 1, [6.035276889801025, -8.868965148925781]]
[257652, 'popsize', 21, 'queuesize', 0]
[258752, 17, 0, [6.918076515197754, -4.443355560302734]]
[258752, 24, 0, [12.392026901245117, -3.9103710651397705]]
[258752, 9, 0, [5.327591896057129, -11.14909553527832]]
[258752, 3, 0, [1.326738715171814, -0.27879825234413147]]
[258752, 10, 0, [3.0770022869110107, -3.2946078777313232]]
[258752, 14, 0, [0.1233537569642067, -2.864006757736206]]
[258752, 6, 0, [11.792771339416504, -3.83353590965271]]
[258752, 11, 0, [6.473424434661865, -0.12418821454048157]]
[258752, 0, 0, [12.375862121582031, -0.18854141235351562]]
[258752, 1, 0, [9.379823684692383, -11.155070304870605]]
[258752, 12, 1, [12.376354217529297, -8.172812461853027]]
[258752, 7, 1, [1.6510717868804932, -0.5558493137359619]]
[258752, 16, 1, [6.22017765045166, -9.180339813232422]]
[258752, 20, 1, [12.37586498260498, -8.391246795654297]]
[258752, 8, 1, [12.3552827835083, -7.505953788757324]]
[258752, 2, 1, [5.5157999992370605, -11.389022827148438]]
[258752, 18, 1, [6.630620002746582, -0.11111719906330109]]
[258752, 13, 1, [6.1490960121154785, -9.003870964050293]]
[258752, 4, 1, [6.343369007110596, -0.2101392149925232]]
[258752, 15, 1, [8.871047019958496, -1.5486021041870117]]
[258752, 21, 1, [5.9910101890563965, -8.915331840515137]]
[265152, 'popsize', 21, 'queuesize', 0]
[266252, 17, 0, [6.949343204498291, -4.44664192199707]]
[266252, 24, 0, [12.392057418823242, -3.9936153888702393]]
[266252, 9, 0, [5.303199768066406, -11.088940620422363]]
[266252, 3, 0, [1.3630049228668213, -0.36054807901382446]]
[266252, 10, 0, [3.0442426204681396, -3.278521776199341]]
[266252, 14, 0, [0.12334781885147095, -2.8564870357513428]]
[266252, 6, 0, [11.985946655273438, -4.435038089752197]]
[266252, 11, 0, [6.4858622550964355, -0.12473250925540924]]
[266252, 0, 0, [12.375847816467285, -0.18095852434635162]]
[266252, 1, 0, [9.368062019348145, -11.161810874938965]]
[266252, 12, 1, [12.376331329345703, -8.165994644165039]]
[266252, 7, 1, [1.6721924543380737, -0.4046478569507599]]
[266252, 16, 1, [6.239861011505127, -9.171664237976074]]
[266252, 20, 1, [12.3758544921875, -8.384964942932129]]
[266252, 8, 1, [12.379700660705566, -7.529647350311279]]
[266252, 2, 1, [5.356429576873779, -11.21849536895752]]
[266252, 18, 1, [6.637432098388672, -0.1174788773059845]]
[266252, 13, 1, [6.1298112869262695, -9.016185760498047]]
[266252, 4, 1, [6.3500800132751465, -0.20119360089302063]]
[266252, 15, 1, [8.93821907043457, -1.6569362878799438]]
[266252, 21, 1, [5.9580841064453125, -8.91049575805664]]
[274402, 'popsize', 21, 'queuesize', 0]
[275502, 17, 0, [6.9189887046813965, -4.358206272125244]]
[275502, 24, 0, [12.392094612121582, -4.094208717346191]]
[275502, 9, 0, [5.167270183563232, -10.890349388122559]]
[275502, 3, 0, [1.338530421257019, -0.26779884099960327]]
[275502, 10, 0, [3.050204277038574, -3.0628533363342285]]
[275502, 14, 0, [0.12335620075464249, -2.8468451499938965]]
[275502, 6, 0, [12.125847816467285, -5.196454048156738]]
[275502, 11, 0, [6.508609771728516, -0.1248871460556984]]
[275502, 0, 0, [12.375850677490234, -0.17156116664409637]]
[275502, 1, 0, [9.38918399810791, -11.189353942871094]]
[275502, 12, 1, [12.376351356506348, -8.157876968383789]]
[275502, 7, 1, [1.5609619617462158, -0.15080147981643677]]
[275502, 16, 1, [6.260772705078125, -9.157222747802734]]
[275502, 20, 1, [12.375869750976562, -8.37597370147705]]
[275502, 8, 1, [12.383474349975586, -7.596436023712158]]
[275502, 2, 1, [5.120694160461426, -11.03955078125]]
[275502, 18, 1, [6.806909561157227, -0.16964693367481232]]
[275502, 13, 1, [6.115062236785889, -9.035619735717773]]
[275502, 4, 1, [6.366278171539307, -0.18874524533748627]]
[275502, 15, 1, [8.905956268310547, -1.6985127925872803]]
[275502, 21, 1, [5.889143466949463, -8.982754707336426]]
[282652, 'popsize', 21, 'queuesize', 0]
[283752, 17, 0, [6.908730506896973, -4.3851823806762695]]
[283752, 24, 0, [12.392038345336914, -4.184579849243164]]
[283752, 9, 0, [5.202469348907471, -10.863648414611816]]
[283752, 3, 0, [1.159226655960083, -0.1726432740688324]]
[283752, 10, 0, [3.040034770965576, -2.9177205562591553]]
[283752, 14, 0, [0.12333643436431885, -2.8402366638183594]]
[283752, 6, 0, [12.149752616882324, -5.889225482940674]]
[283752, 11, 0, [6.554182529449463, -0.1236371174454689]]
[283752, 0, 0, [12.375856399536133, -0.1634925901889801]]
[283752, 1, 0, [8.934553146362305, -10.802727699279785]]
[283752, 12, 1, [12.376357078552246, -8.151054382324219]]
[283752, 7, 1, [1.340657353401184, -0.28708747029304504]]
[283752, 16, 1, [6.274652004241943, -9.140080451965332]]
[283752, 20, 1, [12.375848770141602, -8.369009971618652]]
[283752, 8, 1, [12.350578308105469, -7.537190914154053]]
[283752, 2, 1, [4.967864036560059, -10.868165016174316]]
[283752, 18, 1, [7.432048320770264, -0.30381110310554504]]
[283752, 13, 1, [6.10597562789917, -9.051944732666016]]
[283752, 4, 1, [6.400799751281738, -0.16319812834262848]]
[283752, 15, 1, [8.926456451416016, -1.7034735679626465]]
[283752, 21, 1, [5.925165176391602, -9.019332885742188]]
[290752, 'popsize', 21, 'queuesize', 0]
[292252, 17, 0, [6.933462619781494, -4.317775726318359]]
[292252, 24, 0, [12.392057418823242, -4.274868488311768]]
[292252, 9, 0, [5.2323102951049805, -10.89763355255127]]
[292252, 3, 0, [1.2406429052352905, -0.14912572503089905]]
[292252, 10, 0, [3.0002715587615967, -2.9469854831695557]]
[292252, 14, 0, [0.12334617972373962, -2.8323562145233154]]
[292252, 6, 0, [12.059977531433105, -6.593964576721191]]
[292252, 11, 0, [6.598422050476074, -0.12330430001020432]]
[292252, 0, 0, [12.375868797302246, -0.1547878384590149]]
[292252, 1, 0, [8.866573333740234, -10.87279987335205]]
[292252, 12, 1, [12.37635612487793, -8.14426326751709]]
[292252, 7, 1, [1.3608276844024658, -0.2462671995162964]]
[292252, 16, 1, [6.296391010284424, -9.129338264465332]]
[292252, 20, 1, [12.375844955444336, -8.360615730285645]]
[292252, 8, 1, [12.352849960327148, -7.537485599517822]]
[292252, 2, 1, [4.9640889167785645, -10.859130859375]]
[292252, 18, 1, [8.127082824707031, -0.3264896869659424]]
[292252, 13, 1, [6.124943733215332, -9.051277160644531]]
[292252, 4, 1, [6.443961143493652, -0.14194901287555695]]
[292252, 15, 1, [8.980188369750977, -1.7173404693603516]]
[292252, 21, 1, [5.941654205322266, -9.015399932861328]]
[298652, 'popsize', 21, 'queuesize', 0]
[299753, 17, 0, [6.926945686340332, -4.3715715408325195]]
[299753, 24, 0, [12.392021179199219, -4.360633373260498]]
[299753, 9, 0, [5.215224742889404, -10.935684204101562]]
[299753, 3, 0, [1.1895369291305542, -0.14206767082214355]]
[299753, 10, 0, [3.0203866958618164, -2.9747066497802734]]
[299753, 14, 0, [0.1233404278755188, -2.8230514526367188]]
[299753, 6, 0, [11.879597663879395, -7.1980695724487305]]
[299753, 11, 0, [6.628714561462402, -0.12329120934009552]]
[299753, 0, 0, [12.37585163116455, -0.14765869081020355]]
[299753, 1, 0, [8.721667289733887, -11.065245628356934]]
[299753, 12, 1, [12.37635326385498, -8.137742042541504]]
[299753, 7, 1, [1.4245034456253052, -0.3354213833808899]]
[299753, 16, 1, [6.318187713623047, -9.1193208694458]]
[299753, 20, 1, [12.37586498260498, -8.35268783569336]]
[299753, 8, 1, [12.365474700927734, -7.519562244415283]]
[299753, 2, 1, [4.959945201873779, -10.829541206359863]]
[299753, 18, 1, [8.734214782714844, -0.2568633258342743]]
[299753, 13, 1, [6.1424031257629395, -9.048715591430664]]
[299753, 4, 1, [6.473720073699951, -0.13909763097763062]]
[299753, 15, 1, [8.971270561218262, -1.747994065284729]]
[299753, 21, 1, [5.957276344299316, -9.010951042175293]]
[306153, 'popsize', 21, 'queuesize', 0]
[307253, 17, 0, [7.0371222496032715, -4.892752647399902]]
[307253, 24, 0, [12.392122268676758, -4.443027496337891]]
[307253, 9, 0, [5.189553737640381, -10.88476848602295]]
[307253, 3, 0, [1.2345492839813232, -0.14163397252559662]]
[307253, 10, 0, [3.0613319873809814, -2.9704761505126953]]
[307253, 14, 0, [0.12334191054105759, -2.8155274391174316]]
[307253, 6, 0, [11.625534057617188, -7.762868404388428]]
[307253, 11, 0, [6.657991409301758, -0.12328360974788666]]
[307253, 0, 0, [12.375836372375488, -0.139894500374794]]
[307253, 1, 0, [8.700715065002441, -11.080733299255371]]
[307253, 12, 1, [12.37635326385498, -8.130194664001465]]
[307253, 7, 1, [1.0921574831008911, -0.8691015839576721]]
[307253, 16, 1, [6.332637786865234, -9.106833457946777]]
[307253, 20, 1, [12.375872611999512, -8.345364570617676]]
[307253, 8, 1, [12.378055572509766, -7.505792617797852]]
[307253, 2, 1, [5.023756504058838, -10.888946533203125]]
[307253, 18, 1, [9.303088188171387, -0.09866787493228912]]
[307253, 13, 1, [6.154715538024902, -9.041001319885254]]
[307253, 4, 1, [6.502752304077148, -0.13894762098789215]]
[307253, 15, 1, [8.937747955322266, -1.7540758848190308]]
[307253, 21, 1, [5.968391418457031, -9.00892162322998]]
[313653, 'popsize', 21, 'queuesize', 0]
[314753, 17, 0, [7.217560768127441, -5.47416877746582]]
[314753, 24, 0, [12.392051696777344, -4.522787094116211]]
[314753, 9, 0, [5.261774063110352, -10.864128112792969]]
[314753, 3, 0, [1.2795588970184326, -0.14441734552383423]]
[314753, 10, 0, [2.9761760234832764, -2.5909483432769775]]
[314753, 14, 0, [0.12335394322872162, -2.8076171875]]
[314753, 6, 0, [11.303565979003906, -8.302824974060059]]
[314753, 11, 0, [6.687514781951904, -0.12328627705574036]]
[314753, 0, 0, [12.375852584838867, -0.13210958242416382]]
[314753, 1, 0, [8.722454071044922, -11.012077331542969]]
[314753, 12, 1, [12.376360893249512, -8.124557495117188]]
[314753, 7, 1, [0.696882963180542, -1.3579391241073608]]
[314753, 16, 1, [6.3501081466674805, -9.093764305114746]]
[314753, 20, 1, [12.37586498260498, -8.339014053344727]]
[314753, 8, 1, [12.298842430114746, -7.510997295379639]]
[314753, 2, 1, [5.153025150299072, -11.002275466918945]]
[314753, 18, 1, [9.408268928527832, -0.10787934809923172]]
[314753, 13, 1, [6.170965194702148, -9.033154487609863]]
[314753, 4, 1, [6.532486915588379, -0.1388932317495346]]
[314753, 15, 1, [8.912654876708984, -1.7320255041122437]]
[314753, 21, 1, [5.983538627624512, -9.004865646362305]]
[321153, 'popsize', 21, 'queuesize', 0]
[322253, 17, 0, [7.226707935333252, -5.582189083099365]]
[322253, 24, 0, [12.392106056213379, -4.604216575622559]]
[322253, 9, 0, [5.2913384437561035, -10.76159381866455]]
[322253, 3, 0, [1.3113712072372437, -0.1804318130016327]]
[322253, 10, 0, [2.7317466735839844, -2.4038844108581543]]
[322253, 14, 0, [0.1233430951833725, -2.800163984298706]]
[322253, 6, 0, [10.912598609924316, -8.792957305908203]]
[322253, 11, 0, [6.71727180480957, -0.12328632175922394]]
[322253, 0, 0, [12.375862121582031, -0.12498839199542999]]
[322253, 1, 0, [8.66259765625, -11.06131649017334]]
[322253, 12, 1, [12.37634563446045, -8.116891860961914]]
[322253, 7, 1, [0.38590821623802185, -1.6692248582839966]]
[322253, 16, 1, [6.3705620765686035, -9.08181095123291]]
[322253, 20, 1, [12.37586498260498, -8.3326416015625]]
[322253, 8, 1, [12.3662109375, -7.7392659187316895]]
[322253, 2, 1, [5.163918495178223, -10.892391204833984]]
[322253, 18, 1, [9.489916801452637, -0.10797914117574692]]
[322253, 13, 1, [6.1884660720825195, -9.030660629272461]]
[322253, 4, 1, [6.561943054199219, -0.13870379328727722]]
[322253, 15, 1, [8.920865058898926, -1.695639967918396]]
[322253, 21, 1, [5.998868942260742, -9.004000663757324]]
[328653, 'popsize', 21, 'queuesize', 0]
[329753, 17, 0, [7.247178554534912, -5.502466201782227]]
[329753, 24, 0, [12.392020225524902, -4.686936855316162]]
[329753, 9, 0, [5.229249000549316, -10.661270141601562]]
[329753, 3, 0, [1.513810396194458, -0.14252156019210815]]
[329753, 10, 0, [2.761681318283081, -2.3885128498077393]]
[329753, 14, 0, [0.12334897369146347, -2.7926931381225586]]
[329753, 6, 0, [10.460281372070312, -9.23122787475586]]
[329753, 11, 0, [6.746428966522217, -0.12329544872045517]]
[329753, 0, 0, [12.376348495483398, -0.12835316359996796]]
[329753, 1, 0, [8.484770774841309, -11.21034049987793]]
[329753, 12, 1, [12.37635326385498, -8.109755516052246]]
[329753, 7, 1, [0.6375651359558105, -1.5358914136886597]]
[329753, 16, 1, [6.396944046020508, -9.071256637573242]]
[329753, 20, 1, [12.375838279724121, -8.325508117675781]]
[329753, 8, 1, [12.359415054321289, -7.708429336547852]]
[329753, 2, 1, [5.23402738571167, -10.841534614562988]]
[329753, 18, 1, [9.573173522949219, -0.10788453370332718]]
[329753, 13, 1, [6.210690975189209, -9.040093421936035]]
[329753, 4, 1, [6.5912275314331055, -0.13889405131340027]]
[329753, 15, 1, [8.95419692993164, -1.688654899597168]]
[329753, 21, 1, [6.018733978271484, -9.011175155639648]]
[336153, 'popsize', 21, 'queuesize', 0]
[337253, 17, 0, [7.223789691925049, -5.4765496253967285]]
[337253, 24, 0, [12.392111778259277, -4.768616676330566]]
[337253, 9, 0, [5.286242485046387, -10.567301750183105]]
[337253, 3, 0, [1.5235332250595093, -0.1515415459871292]]
[337253, 10, 0, [2.621645450592041, -2.0088448524475098]]
[337253, 14, 0, [0.12335127592086792, -2.7839572429656982]]
[337253, 6, 0, [9.952522277832031, -9.603239059448242]]
[337253, 11, 0, [6.775955677032471, -0.12330722063779831]]
[337253, 0, 0, [12.376350402832031, -0.1284765899181366]]
[337253, 1, 0, [8.830832481384277, -10.710824966430664]]
[337253, 12, 1, [12.37635612487793, -8.103909492492676]]
[337253, 7, 1, [0.7846186757087708, -1.4441832304000854]]
[337253, 16, 1, [6.453014373779297, -9.061406135559082]]
[337253, 20, 1, [12.375846862792969, -8.318000793457031]]
[337253, 8, 1, [12.346242904663086, -7.754064559936523]]
[337253, 2, 1, [5.197333812713623, -10.736027717590332]]
[337253, 18, 1, [9.655261993408203, -0.1079379990696907]]
[337253, 13, 1, [6.267655849456787, -9.084573745727539]]
[337253, 4, 1, [6.620708465576172, -0.1387147605419159]]
[337253, 15, 1, [8.972466468811035, -1.7147748470306396]]
[337253, 21, 1, [6.075033664703369, -9.057114601135254]]
[343653, 'popsize', 21, 'queuesize', 0]
[344753, 17, 0, [7.484903335571289, -5.588151931762695]]
[344753, 24, 0, [12.392024040222168, -4.851265907287598]]
[344753, 9, 0, [5.355137825012207, -10.533392906188965]]
[344753, 3, 0, [1.480988621711731, -0.1932414472103119]]
[344753, 10, 0, [2.568382978439331, -1.8861584663391113]]
[344753, 14, 0, [0.1233498752117157, -2.7758798599243164]]
[344753, 6, 0, [9.402192115783691, -9.911463737487793]]
[344753, 11, 0, [6.8049635887146, -0.12330179661512375]]
[344753, 0, 0, [12.376349449157715, -0.12847307324409485]]
[344753, 1, 0, [9.238253593444824, -10.231411933898926]]
[344753, 12, 1, [12.376355171203613, -8.097258567810059]]
[344753, 7, 1, [1.2748799324035645, -1.175860047340393]]
[344753, 16, 1, [6.470552444458008, -9.047807693481445]]
[344753, 20, 1, [12.375846862792969, -8.310371398925781]]
[344753, 8, 1, [12.373371124267578, -7.843946933746338]]
[344753, 2, 1, [5.2593865394592285, -10.68803882598877]]
[344753, 18, 1, [9.739027976989746, -0.10795861482620239]]
[344753, 13, 1, [6.288794040679932, -9.103395462036133]]
[344753, 4, 1, [6.649577617645264, -0.13887983560562134]]
[344753, 15, 1, [8.997514724731445, -1.704986333847046]]
[344753, 21, 1, [6.09572696685791, -9.095221519470215]]
[351203, 'popsize', 21, 'queuesize', 0]
[352303, 17, 0, [7.1445088386535645, -5.6860575675964355]]
[352303, 24, 0, [12.392125129699707, -4.933934688568115]]
[352303, 9, 0, [5.475912570953369, -10.347973823547363]]
[352303, 3, 0, [1.4600110054016113, -0.2385905236005783]]
[352303, 10, 0, [2.537686586380005, -1.89484703540802]]
[352303, 14, 0, [0.12333928048610687, -2.7678802013397217]]
[352303, 6, 0, [8.81734848022461, -10.153975486755371]]
[352303, 11, 0, [6.834085941314697, -0.1232905313372612]]
[352303, 0, 0, [12.376348495483398, -0.12847644090652466]]
[352303, 1, 0, [9.409372329711914, -10.0510892868042]]
[352303, 12, 1, [12.376446723937988, -8.128378868103027]]
[352303, 7, 1, [1.8291999101638794, -1.3777087926864624]]
[352303, 16, 1, [6.470257759094238, -9.034730911254883]]
[352303, 20, 1, [12.375837326049805, -8.304312705993652]]
[352303, 8, 1, [12.239102363586426, -8.066272735595703]]
[352303, 2, 1, [5.393428802490234, -10.481204986572266]]
[352303, 18, 1, [9.820560455322266, -0.1079271137714386]]
[352303, 13, 1, [6.294598579406738, -9.108088493347168]]
[352303, 4, 1, [6.678825378417969, -0.13869984447956085]]
[352303, 15, 1, [9.059958457946777, -1.6452988386154175]]
[352303, 21, 1, [6.101700782775879, -9.118350982666016]]
[358703, 'popsize', 21, 'queuesize', 0]
[361303, 0, 0, [12.376349449157715, -0.12846896052360535]]
[361303, 1, 0, [9.181689262390137, -10.231344223022461]]
[361303, 13, 1, [6.303650379180908, -9.11788558959961]]
[361303, 4, 1, [6.716214179992676, -0.1389106959104538]]
[361303, 15, 1, [9.041994094848633, -1.620627760887146]]
[361303, 21, 1, [6.086460113525391, -9.13273811340332]]
[363203, 'popsize', 6, 'queuesize', 0]
[363553, 0, 0, [12.376348495483398, -0.12846656143665314]]
[363553, 1, 0, [9.221562385559082, -10.263150215148926]]
[363553, 13, 1, [6.301517009735107, -9.11872673034668]]
[363553, 4, 1, [6.731752395629883, -0.13559377193450928]]
[363553, 15, 1, [9.014446258544922, -1.5819069147109985]]
[363553, 21, 1, [6.099903583526611, -9.134549140930176]]
[365453, 'popsize', 6, 'queuesize', 0]
[365803, 0, 0, [12.376349449157715, -0.12846970558166504]]
[365803, 1, 0, [9.172279357910156, -10.281896591186523]]
[365803, 13, 1, [6.295050621032715, -9.120582580566406]]
[365803, 4, 1, [6.748785495758057, -0.13158921897411346]]
[365803, 15, 1, [8.990296363830566, -1.5890476703643799]]
[365803, 21, 1, [6.096688747406006, -9.154593467712402]]
[367703, 'popsize', 6, 'queuesize', 0]
[368153, 0, 0, [12.376347541809082, -0.12847012281417847]]
[368153, 1, 0, [9.182965278625488, -10.23117446899414]]
[368153, 4, 1, [6.767955780029297, -0.12750038504600525]]
[368153, 15, 1, [8.970781326293945, -1.5620046854019165]]
[368153, 21, 1, [6.101491928100586, -9.148789405822754]]
[369753, 'popsize', 5, 'queuesize', 0]
[370053, 0, 0, [12.376348495483398, -0.12847498059272766]]
[370053, 1, 0, [9.221902847290039, -10.260709762573242]]
[370053, 4, 1, [6.7838006019592285, -0.12416556477546692]]
[370053, 15, 1, [8.951275825500488, -1.5583600997924805]]
[370053, 21, 1, [6.089331150054932, -9.155196189880371]]
[371653, 'popsize', 5, 'queuesize', 0]
[371953, 0, 0, [12.376349449157715, -0.12846994400024414]]
[371953, 1, 0, [9.184029579162598, -10.237783432006836]]
[371953, 4, 1, [6.800042152404785, -0.1211337223649025]]
[371953, 15, 1, [8.944621086120605, -1.527644395828247]]
[371953, 21, 1, [6.098238468170166, -9.139372825622559]]
[373553, 'popsize', 5, 'queuesize', 0]
[373853, 0, 0, [12.376350402832031, -0.12846699357032776]]
[373853, 1, 0, [9.159201622009277, -10.2130708694458]]
[373853, 4, 1, [6.817815780639648, -0.11769258975982666]]
[373853, 15, 1, [8.904993057250977, -1.514356017112732]]
[373853, 21, 1, [6.101563453674316, -9.137338638305664]]
[376053, 'popsize', 5, 'queuesize', 0]
[376353, 0, 0, [12.376348495483398, -0.12847064435482025]]
[376353, 1, 0, [9.200888633728027, -10.175569534301758]]
[376353, 4, 1, [6.83981466293335, -0.11451356112957001]]
[376353, 15, 1, [8.864354133605957, -1.5098788738250732]]
[376353, 21, 1, [6.054862022399902, -9.131026268005371]]
[377953, 'popsize', 5, 'queuesize', 0]
[378253, 0, 0, [12.376351356506348, -0.12846167385578156]]
[378253, 1, 0, [9.205828666687012, -10.20495891571045]]
[378253, 4, 1, [6.85518217086792, -0.11312373727560043]]
[378253, 15, 1, [8.849135398864746, -1.5170100927352905]]
[378253, 21, 1, [6.056396961212158, -9.182137489318848]]
[379853, 'popsize', 5, 'queuesize', 0]
[380153, 0, 0, [12.376348495483398, -0.1284780204296112]]
[380153, 1, 0, [9.08279037475586, -10.109585762023926]]
[380153, 4, 1, [6.872687339782715, -0.11193772405385971]]
[380153, 15, 1, [8.826764106750488, -1.4940078258514404]]
[380153, 21, 1, [6.10396671295166, -9.166560173034668]]
[381753, 'popsize', 5, 'queuesize', 0]
[382053, 0, 0, [12.376348495483398, -0.12847831845283508]]
[382053, 1, 0, [8.961396217346191, -10.005447387695312]]
[382053, 4, 1, [6.888130187988281, -0.11152200400829315]]
[382053, 15, 1, [8.806796073913574, -1.497791051864624]]
[382053, 21, 1, [6.0747551918029785, -9.126871109008789]]
[383653, 'popsize', 5, 'queuesize', 0]
[383953, 0, 0, [12.376349449157715, -0.12846574187278748]]
[383953, 1, 0, [8.85452651977539, -9.91279411315918]]
[383953, 4, 1, [6.905123233795166, -0.11163700371980667]]
[383953, 15, 1, [8.796005249023438, -1.4717143774032593]]
[383953, 21, 1, [6.042890548706055, -9.16569995880127]]
[385553, 'popsize', 5, 'queuesize', 0]
[385853, 0, 0, [12.376348495483398, -0.1284698098897934]]
[385853, 1, 0, [8.831761360168457, -9.895037651062012]]
[385853, 4, 1, [6.921341419219971, -0.11194303631782532]]
[385853, 15, 1, [8.753524780273438, -1.4631389379501343]]
[385853, 21, 1, [6.089144229888916, -9.188385009765625]]
[387453, 'popsize', 5, 'queuesize', 0]
[387753, 0, 0, [12.376349449157715, -0.12847016751766205]]
[387753, 1, 0, [8.848487854003906, -9.850020408630371]]
[387753, 4, 1, [6.938686847686768, -0.11294328421354294]]
[387753, 15, 1, [8.757205963134766, -1.4566328525543213]]
[387753, 21, 1, [6.107880592346191, -9.166223526000977]]
[389353, 'popsize', 5, 'queuesize', 0]
[389653, 0, 0, [12.376348495483398, -0.12847067415714264]]
[389653, 1, 0, [8.889424324035645, -9.873229026794434]]
[389653, 4, 1, [6.9541144371032715, -0.11428305506706238]]
[389653, 15, 1, [8.70993423461914, -1.4406485557556152]]
[389653, 21, 1, [6.069437503814697, -9.158381462097168]]
[391253, 'popsize', 5, 'queuesize', 0]
[391653, 0, 0, [12.376348495483398, -0.12847375869750977]]
[391653, 1, 0, [8.850278854370117, -9.853292465209961]]
[391653, 15, 1, [8.696612358093262, -1.4467825889587402]]
[391653, 21, 1, [6.068083763122559, -9.209627151489258]]
[392953, 'popsize', 4, 'queuesize', 0]
[393303, 1, 0, [8.818221092224121, -9.834050178527832]]
[393303, 15, 1, [8.676409721374512, -1.428874135017395]]
[393303, 21, 1, [6.1113057136535645, -9.198083877563477]]
[394303, 'popsize', 3, 'queuesize', 0]
[394503, 1, 0, [8.821824073791504, -9.801037788391113]]
[394503, 15, 1, [8.641500473022461, -1.4327501058578491]]
[394503, 21, 1, [6.109457492828369, -9.172332763671875]]
[395503, 'popsize', 3, 'queuesize', 0]
[395703, 1, 0, [8.854190826416016, -9.79071044921875]]
[395703, 15, 1, [8.617329597473145, -1.4570597410202026]]
[395703, 21, 1, [6.084859848022461, -9.157634735107422]]
[396703, 'popsize', 3, 'queuesize', 0]
[396903, 1, 0, [8.876790046691895, -9.814135551452637]]
[396903, 15, 1, [8.613340377807617, -1.4905575513839722]]
[396903, 21, 1, [6.05728006362915, -9.180299758911133]]
[397903, 'popsize', 3, 'queuesize', 0]
[398104, 1, 0, [8.845105171203613, -9.808697700500488]]
[398104, 15, 1, [8.62918758392334, -1.5180790424346924]]
[398104, 21, 1, [6.06524133682251, -9.215620994567871]]
[399104, 'popsize', 3, 'queuesize', 0]
[399404, 1, 0, [8.757838249206543, -9.743802070617676]]
[399404, 21, 1, [6.103867530822754, -9.21753978729248]]
[400104, 'popsize', 2, 'queuesize', 0]
[400254, 1, 0, [8.706546783447266, -9.701717376708984]]
[400254, 21, 1, [6.116235256195068, -9.194278717041016]]
[400954, 'popsize', 2, 'queuesize', 0]
[401104, 1, 0, [8.678811073303223, -9.690593719482422]]
[401104, 21, 1, [6.109912395477295, -9.176310539245605]]
[401804, 'popsize', 2, 'queuesize', 0]
[401954, 1, 0, [8.611715316772461, -9.666556358337402]]
[401954, 21, 1, [6.090012073516846, -9.167088508605957]]
[402654, 'popsize', 2, 'queuesize', 0]
[402804, 1, 0, [8.54453182220459, -9.64269733428955]]
[402804, 21, 1, [6.065566062927246, -9.174786567687988]]
[403504, 'popsize', 2, 'queuesize', 0]
[403654, 1, 0, [8.476570129394531, -9.617390632629395]]
[403654, 21, 1, [6.052489757537842, -9.19686508178711]]
[404354, 'popsize', 2, 'queuesize', 0]
[404604, 1, 0, [8.401679992675781, -9.588048934936523]]
