[time, indiv, gender, coords]
[11750, 'popsize', 15, 'queuesize', 0]
[13350, 13, 0, [4.43658971786499, -11.171708106994629]]
[13350, 24, 0, [6.913779258728027, -6.1993865966796875]]
[13350, 2, 0, [0.6150389313697815, -11.216629981994629]]
[13350, 6, 0, [1.2551425695419312, -8.756507873535156]]
[13350, 11, 0, [5.670644760131836, -1.2166231870651245]]
[13350, 23, 0, [6.8047285079956055, -3.7047741413116455]]
[13350, 22, 0, [3.2155044078826904, -6.219973087310791]]
[13350, 3, 0, [1.3094866275787354, -1.4012739658355713]]
[13350, 9, 1, [6.927978992462158, -11.188824653625488]]
[13350, 12, 1, [11.2361421585083, -8.793227195739746]]
[13350, 17, 1, [3.7075068950653076, -8.765817642211914]]
[13350, 1, 1, [11.846848487854004, -11.203357696533203]]
[13350, 10, 1, [1.0775820016860962, -6.3481574058532715]]
[13350, 14, 1, [0.7004626989364624, -3.719099998474121]]
[13350, 4, 1, [11.760372161865234, -3.7116217613220215]]
[24050, 'popsize', 15, 'queuesize', 0]
[25650, 13, 0, [5.400317668914795, -10.901580810546875]]
[25650, 24, 0, [7.888595104217529, -5.931430339813232]]
[25650, 2, 0, [0.12333061546087265, -11.128307342529297]]
[25650, 6, 0, [1.2578480243682861, -8.776623725891113]]
[25650, 11, 0, [4.6637420654296875, -0.9855238795280457]]
[25650, 23, 0, [7.781894207000732, -3.435633897781372]]
[25650, 22, 0, [2.3048298358917236, -5.9993896484375]]
[25650, 3, 0, [0.9531020522117615, -1.7964117527008057]]
[25650, 9, 1, [7.915754795074463, -10.933778762817383]]
[25650, 12, 1, [11.254344940185547, -8.798120498657227]]
[25650, 17, 1, [3.6385762691497803, -8.711891174316406]]
[25650, 1, 1, [11.96693229675293, -11.361313819885254]]
[25650, 10, 1, [0.6530319452285767, -7.26693058013916]]
[25650, 14, 1, [0.12333279848098755, -3.6265814304351807]]
[25650, 4, 1, [12.38354206085205, -3.520439386367798]]
[36300, 'popsize', 15, 'queuesize', 0]
[37900, 13, 0, [6.285619258880615, -10.40566635131836]]
[37900, 24, 0, [8.01203441619873, -5.88792610168457]]
[37900, 2, 0, [0.12332991510629654, -11.123111724853516]]
[37900, 6, 0, [1.2490392923355103, -8.797355651855469]]
[37900, 11, 0, [3.725137948989868, -0.566357433795929]]
[37900, 23, 0, [8.681921005249023, -2.9551074504852295]]
[37900, 22, 0, [2.41318678855896, -5.712006092071533]]
[37900, 3, 0, [0.3527137041091919, -2.6313343048095703]]
[37900, 9, 1, [8.811766624450684, -10.458478927612305]]
[37900, 12, 1, [11.241997718811035, -8.811193466186523]]
[37900, 17, 1, [3.6289620399475098, -8.73299503326416]]
[37900, 1, 1, [11.55674934387207, -12.278416633605957]]
[37900, 10, 1, [0.6158087849617004, -7.751540660858154]]
[37900, 14, 1, [0.12333251535892487, -3.621917963027954]]
[37900, 4, 1, [12.386483192443848, -3.4038355350494385]]
[48600, 'popsize', 15, 'queuesize', 0]
[50200, 13, 0, [6.750542163848877, -9.637868881225586]]
[50200, 24, 0, [8.9194974899292, -5.417402744293213]]
[50200, 2, 0, [0.12333028018474579, -11.116569519042969]]
[50200, 6, 0, [1.2398840188980103, -8.800777435302734]]
[50200, 11, 0, [3.1163158416748047, -0.12385565042495728]]
[50200, 23, 0, [9.461747169494629, -2.294508218765259]]
[50200, 22, 0, [2.6628167629241943, -4.71329402923584]]
[50200, 3, 0, [0.19046159088611603, -2.9990901947021484]]
[50200, 9, 1, [9.560922622680664, -9.762490272521973]]
[50200, 12, 1, [11.22615909576416, -8.810685157775879]]
[50200, 17, 1, [3.6175320148468018, -8.706791877746582]]
[50200, 1, 1, [11.682357788085938, -11.93100643157959]]
[50200, 10, 1, [0.17074817419052124, -7.35661506652832]]
[50200, 14, 1, [0.12333478778600693, -3.6177868843078613]]
[50200, 4, 1, [12.332098960876465, -3.3683695793151855]]
[60200, 'popsize', 15, 'queuesize', 0]
[61700, 13, 0, [6.4271745681762695, -8.873947143554688]]
[61700, 24, 0, [9.661897659301758, -4.806053161621094]]
[61700, 2, 0, [0.12333174049854279, -11.109086036682129]]
[61700, 6, 0, [1.2009860277175903, -8.796199798583984]]
[61700, 11, 0, [3.1026320457458496, -0.12365027517080307]]
[61700, 23, 0, [10.01724624633789, -1.5280983448028564]]
[61700, 22, 0, [3.058088779449463, -3.9357903003692627]]
[61700, 3, 0, [0.21104936301708221, -3.0844759941101074]]
[61700, 9, 1, [10.069774627685547, -8.953723907470703]]
[61700, 12, 1, [11.208645820617676, -8.774142265319824]]
[61700, 17, 1, [3.6867518424987793, -8.665602684020996]]
[61700, 1, 1, [11.572463035583496, -12.190852165222168]]
[61700, 10, 1, [0.11570703238248825, -7.276172637939453]]
[61700, 14, 1, [0.12333442270755768, -3.612962484359741]]
[61700, 4, 1, [12.296481132507324, -3.393573760986328]]
[71400, 'popsize', 15, 'queuesize', 0]
[72800, 13, 0, [6.023360252380371, -8.67894172668457]]
[72800, 24, 0, [9.759906768798828, -4.715938091278076]]
[72800, 2, 0, [0.1233324334025383, -11.103647232055664]]
[72800, 6, 0, [1.1977064609527588, -8.752367973327637]]
[72800, 11, 0, [3.092437744140625, -0.12364038825035095]]
[72800, 23, 0, [10.39373779296875, -0.6961662173271179]]
[72800, 22, 0, [3.2334249019622803, -4.544581413269043]]
[72800, 3, 0, [0.4128381609916687, -3.1532256603240967]]
[72800, 9, 1, [10.371186256408691, -8.073443412780762]]
[72800, 12, 1, [11.269827842712402, -8.770622253417969]]
[72800, 17, 1, [3.641143798828125, -8.67830753326416]]
[72800, 1, 1, [11.52293872833252, -12.296517372131348]]
[72800, 10, 1, [0.11427079886198044, -7.248286724090576]]
[72800, 14, 1, [0.12333299964666367, -3.609248399734497]]
[72800, 4, 1, [12.359349250793457, -3.4001288414001465]]
[81900, 'popsize', 15, 'queuesize', 0]
[83400, 13, 0, [5.939622402191162, -8.388031005859375]]
[83400, 24, 0, [9.823156356811523, -4.66618537902832]]
[83400, 2, 0, [0.12333148717880249, -11.099894523620605]]
[83400, 6, 0, [1.2530179023742676, -8.765951156616211]]
[83400, 11, 0, [3.0826234817504883, -0.12364951521158218]]
[83400, 23, 0, [10.57939624786377, -0.12207389622926712]]
[83400, 22, 0, [3.171053647994995, -5.428659915924072]]
[83400, 3, 0, [0.6939358115196228, -3.107767343521118]]
[83400, 9, 1, [10.488114356994629, -7.213824272155762]]
[83400, 12, 1, [11.236977577209473, -8.766339302062988]]
[83400, 17, 1, [3.6248137950897217, -8.686912536621094]]
[83400, 1, 1, [11.616470336914062, -11.997552871704102]]
[83400, 10, 1, [0.11101138591766357, -7.202610969543457]]
[83400, 14, 1, [0.12333786487579346, -3.6061010360717773]]
[83400, 4, 1, [12.379435539245605, -3.4072012901306152]]
[92450, 'popsize', 15, 'queuesize', 0]
[93950, 13, 0, [6.074431896209717, -8.301607131958008]]
[93950, 24, 0, [10.006141662597656, -4.471807479858398]]
[93950, 2, 0, [0.12333057075738907, -11.096108436584473]]
[93950, 6, 0, [1.2030709981918335, -8.800850868225098]]
[93950, 11, 0, [3.0727694034576416, -0.1236383467912674]]
[93950, 23, 0, [10.590314865112305, -0.12325545400381088]]
[93950, 22, 0, [2.958869457244873, -6.286214351654053]]
[93950, 3, 0, [0.4085705578327179, -3.945237398147583]]
[93950, 9, 1, [10.440069198608398, -6.336764335632324]]
[93950, 12, 1, [11.23682689666748, -8.804612159729004]]
[93950, 17, 1, [3.615834951400757, -8.678956031799316]]
[93950, 1, 1, [11.648369789123535, -11.896720886230469]]
[93950, 10, 1, [0.10798950493335724, -7.090449810028076]]
[93950, 14, 1, [0.12333202362060547, -3.6014153957366943]]
[93950, 4, 1, [12.336928367614746, -3.4440042972564697]]
[103501, 'popsize', 15, 'queuesize', 0]
[104951, 13, 0, [6.223562717437744, -8.399555206298828]]
[104951, 24, 0, [10.160837173461914, -4.407837867736816]]
[104951, 2, 0, [0.12333018332719803, -11.089388847351074]]
[104951, 6, 0, [1.193347454071045, -8.760433197021484]]
[104951, 11, 0, [3.063106060028076, -0.12364651262760162]]
[104951, 23, 0, [10.599954605102539, -0.12314388900995255]]
[104951, 22, 0, [2.592745304107666, -7.135779857635498]]
[104951, 3, 0, [0.1756429523229599, -4.453785419464111]]
[104951, 9, 1, [10.218295097351074, -5.453057765960693]]
[104951, 12, 1, [11.209016799926758, -8.8128023147583]]
[104951, 17, 1, [3.653494119644165, -8.606523513793945]]
[104951, 1, 1, [11.554261207580566, -12.146733283996582]]
[104951, 10, 1, [0.10798492282629013, -6.969120979309082]]
[104951, 14, 1, [0.12333391606807709, -3.594871997833252]]
[104951, 4, 1, [12.349261283874512, -3.4272708892822266]]
[114751, 'popsize', 15, 'queuesize', 0]
[116301, 13, 0, [6.145954132080078, -8.649249076843262]]
[116301, 24, 0, [9.40672492980957, -4.508169174194336]]
[116301, 2, 0, [0.12333464622497559, -11.083148956298828]]
[116301, 6, 0, [1.2318675518035889, -8.74202823638916]]
[116301, 11, 0, [3.0533432960510254, -0.12365073710680008]]
[116301, 23, 0, [10.60590934753418, -0.12313912063837051]]
[116301, 22, 0, [2.0714590549468994, -7.917723178863525]]
[116301, 3, 0, [0.3659795820713043, -4.017070293426514]]
[116301, 9, 1, [9.80315113067627, -4.631939888000488]]
[116301, 12, 1, [11.215616226196289, -8.768213272094727]]
[116301, 17, 1, [3.625958204269409, -8.640420913696289]]
[116301, 1, 1, [11.532587051391602, -12.212759971618652]]
[116301, 10, 1, [0.10746248811483383, -6.879782676696777]]
[116301, 14, 1, [0.12334153056144714, -3.588730573654175]]
[116301, 4, 1, [12.384265899658203, -3.5542612075805664]]
[126501, 'popsize', 15, 'queuesize', 0]
[127951, 13, 0, [5.857039928436279, -8.528694152832031]]
[127951, 24, 0, [8.469285011291504, -4.7679243087768555]]
[127951, 2, 0, [0.12333308905363083, -11.075178146362305]]
[127951, 6, 0, [1.2474286556243896, -8.77492904663086]]
[127951, 11, 0, [3.04259991645813, -0.12363501638174057]]
[127951, 23, 0, [10.613504409790039, -0.12314674258232117]]
[127951, 22, 0, [1.3847631216049194, -8.603386878967285]]
[127951, 3, 0, [0.4497320353984833, -3.339202404022217]]
[127951, 9, 1, [9.155056953430176, -3.899831533432007]]
[127951, 12, 1, [11.263212203979492, -8.818474769592285]]
[127951, 17, 1, [3.6112093925476074, -8.626397132873535]]
[127951, 1, 1, [11.662201881408691, -11.874483108520508]]
[127951, 10, 1, [0.1286398023366928, -6.852327823638916]]
[127951, 14, 1, [0.12333323061466217, -3.5845425128936768]]
[127951, 4, 1, [12.368706703186035, -3.5070271492004395]]
[136951, 'popsize', 15, 'queuesize', 0]
[138451, 13, 0, [6.035691261291504, -8.268162727355957]]
[138451, 24, 0, [7.717846870422363, -5.176320552825928]]
[138451, 2, 0, [0.12333134561777115, -11.071354866027832]]
[138451, 6, 0, [1.2034988403320312, -8.839658737182617]]
[138451, 11, 0, [3.0329678058624268, -0.12364298105239868]]
[138451, 23, 0, [10.61877155303955, -0.12315595149993896]]
[138451, 22, 0, [0.914526641368866, -8.568978309631348]]
[138451, 3, 0, [0.4527760148048401, -3.389347791671753]]
[138451, 9, 1, [8.636910438537598, -3.6995482444763184]]
[138451, 12, 1, [11.257505416870117, -8.777856826782227]]
[138451, 17, 1, [3.6056501865386963, -8.657238960266113]]
[138451, 1, 1, [11.560795783996582, -12.095063209533691]]
[138451, 10, 1, [0.1400124430656433, -6.825660228729248]]
[138451, 14, 1, [0.12333370000123978, -3.580662727355957]]
[138451, 4, 1, [12.37118911743164, -3.5014870166778564]]
[147051, 'popsize', 15, 'queuesize', 0]
[147851, 13, 0, [6.2244110107421875, -8.503150939941406]]
[147851, 24, 0, [7.077783107757568, -5.7075371742248535]]
[147851, 2, 0, [0.12333007901906967, -11.065465927124023]]
[147851, 6, 0, [1.2714831829071045, -8.843459129333496]]
[147851, 11, 0, [3.023869752883911, -0.12364145368337631]]
[147851, 23, 0, [10.62401008605957, -0.12314849346876144]]
[147851, 22, 0, [0.6269596815109253, -7.818635940551758]]
[147851, 3, 0, [0.6037347912788391, -3.3461599349975586]]
[147851, 9, 1, [8.671462059020996, -4.043140888214111]]
[147851, 12, 1, [11.288917541503906, -8.845900535583496]]
[147851, 17, 1, [3.598074436187744, -8.579567909240723]]
[147851, 1, 1, [11.536109924316406, -12.14944839477539]]
[147851, 10, 1, [0.0982014611363411, -6.617826461791992]]
[147851, 14, 1, [0.12333299964666367, -3.573106050491333]]
[147851, 4, 1, [12.385066032409668, -3.498436689376831]]
[153951, 'popsize', 15, 'queuesize', 0]
[154751, 13, 0, [6.118488788604736, -8.611848831176758]]
[154751, 24, 0, [6.691425800323486, -6.133293628692627]]
[154751, 2, 0, [0.12333446741104126, -11.06263256072998]]
[154751, 6, 0, [1.2644466161727905, -8.832074165344238]]
[154751, 11, 0, [3.0178134441375732, -0.12364016473293304]]
[154751, 23, 0, [10.632012367248535, -0.1231650859117508]]
[154751, 22, 0, [0.49564892053604126, -7.254655838012695]]
[154751, 3, 0, [0.44615790247917175, -3.3913073539733887]]
[154751, 9, 1, [8.923317909240723, -4.004743576049805]]
[154751, 12, 1, [11.271026611328125, -8.837026596069336]]
[154751, 17, 1, [3.5738179683685303, -8.65630054473877]]
[154751, 1, 1, [11.509241104125977, -12.203311920166016]]
[154751, 10, 1, [0.10800191015005112, -6.5462446212768555]]
[154751, 14, 1, [0.12333695590496063, -3.5695667266845703]]
[154751, 4, 1, [12.339512825012207, -3.4779622554779053]]
[162651, 'popsize', 15, 'queuesize', 0]
[164001, 13, 0, [5.8722734451293945, -8.497231483459473]]
[164001, 24, 0, [6.2682695388793945, -6.7262725830078125]]
[164001, 2, 0, [0.12333748489618301, -11.055733680725098]]
[164001, 6, 0, [1.2107107639312744, -8.84792423248291]]
[164001, 11, 0, [3.0104856491088867, -0.1236523911356926]]
[164001, 23, 0, [10.639383316040039, -0.12316159158945084]]
[164001, 22, 0, [0.4179881811141968, -6.4931960105896]]
[164001, 3, 0, [0.46990886330604553, -4.16429328918457]]
[164001, 9, 1, [8.87309455871582, -3.7028160095214844]]
[164001, 12, 1, [11.274663925170898, -8.822122573852539]]
[164001, 17, 1, [3.5783181190490723, -8.596111297607422]]
[164001, 1, 1, [11.488824844360352, -12.243584632873535]]
[164001, 10, 1, [0.10798568278551102, -6.4482598304748535]]
[164001, 14, 1, [0.12333422899246216, -3.567070722579956]]
[164001, 4, 1, [12.361515045166016, -3.533017635345459]]
[174301, 'popsize', 15, 'queuesize', 0]
[175851, 13, 0, [6.0747809410095215, -8.229287147521973]]
[175851, 24, 0, [6.206290245056152, -6.805256366729736]]
[175851, 2, 0, [0.1233304888010025, -11.051084518432617]]
[175851, 6, 0, [1.2351393699645996, -8.82564926147461]]
[175851, 11, 0, [2.9996023178100586, -0.12364551424980164]]
[175851, 23, 0, [10.646836280822754, -0.12316500395536423]]
[175851, 22, 0, [0.5129745006561279, -5.509743690490723]]
[175851, 3, 0, [0.3080323338508606, -5.143415927886963]]
[175851, 9, 1, [8.566658020019531, -3.9224984645843506]]
[175851, 12, 1, [11.275252342224121, -8.780556678771973]]
[175851, 17, 1, [3.5587821006774902, -8.623246192932129]]
[175851, 1, 1, [11.584566116333008, -11.949399948120117]]
[175851, 10, 1, [0.10788609832525253, -6.317819595336914]]
[175851, 14, 1, [0.12333265691995621, -3.5594418048858643]]
[175851, 4, 1, [12.372614860534668, -3.408172369003296]]
[185851, 'popsize', 15, 'queuesize', 0]
[187251, 13, 0, [6.134073257446289, -8.252199172973633]]
[187251, 24, 0, [5.761465072631836, -7.6466851234436035]]
[187251, 2, 0, [0.12333288043737411, -11.043328285217285]]
[187251, 6, 0, [1.6415526866912842, -9.414239883422852]]
[187251, 11, 0, [2.987619161605835, -0.1236448884010315]]
[187251, 23, 0, [10.655678749084473, -0.12316836416721344]]
[187251, 22, 0, [0.8027805685997009, -4.993497848510742]]
[187251, 3, 0, [0.13934436440467834, -5.686601638793945]]
[187251, 9, 1, [8.934571266174316, -4.009505748748779]]
[187251, 12, 1, [11.260796546936035, -8.802651405334473]]
[187251, 17, 1, [3.5483198165893555, -8.618223190307617]]
[187251, 1, 1, [11.476991653442383, -12.215216636657715]]
[187251, 10, 1, [0.10789645463228226, -6.190274715423584]]
[187251, 14, 1, [0.1233307346701622, -3.554760217666626]]
[187251, 4, 1, [12.37073040008545, -3.2951385974884033]]
[197401, 'popsize', 15, 'queuesize', 0]
[199001, 13, 0, [6.242272853851318, -8.398770332336426]]
[199001, 24, 0, [5.586410999298096, -8.154436111450195]]
[199001, 2, 0, [0.12333015352487564, -11.038619995117188]]
[199001, 6, 0, [2.3150229454040527, -10.075507164001465]]
[199001, 11, 0, [2.978309392929077, -0.12364490330219269]]
[199001, 23, 0, [10.663778305053711, -0.12316811829805374]]
[199001, 22, 0, [0.7139607071876526, -5.29580545425415]]
[199001, 3, 0, [0.3264371156692505, -5.642350196838379]]
[199001, 9, 1, [8.72988510131836, -3.692600727081299]]
[199001, 12, 1, [11.25922679901123, -8.825807571411133]]
[199001, 17, 1, [3.576197862625122, -8.537992477416992]]
[199001, 1, 1, [11.593008041381836, -11.915721893310547]]
[199001, 10, 1, [0.1242552325129509, -6.145750045776367]]
[199001, 14, 1, [0.12333051860332489, -3.547348737716675]]
[199001, 4, 1, [12.361186981201172, -3.204831600189209]]
[208852, 'popsize', 15, 'queuesize', 0]
[210252, 13, 0, [6.015905380249023, -8.589838027954102]]
[210252, 24, 0, [5.332658290863037, -8.793201446533203]]
[210252, 2, 0, [0.12333659082651138, -11.029501914978027]]
[210252, 6, 0, [2.275385856628418, -10.415778160095215]]
[210252, 11, 0, [2.9672048091888428, -0.12365411221981049]]
[210252, 23, 0, [10.675758361816406, -0.12316130846738815]]
[210252, 22, 0, [0.3357381522655487, -5.697051048278809]]
[210252, 3, 0, [0.29529446363449097, -5.88916015625]]
[210252, 9, 1, [8.635892868041992, -4.071481227874756]]
[210252, 12, 1, [11.2351655960083, -8.789133071899414]]
[210252, 17, 1, [3.5504372119903564, -8.56725788116455]]
[210252, 1, 1, [11.486050605773926, -12.175244331359863]]
[210252, 10, 1, [0.1264779418706894, -6.125290870666504]]
[210252, 14, 1, [0.12333402037620544, -3.540109157562256]]
[210252, 4, 1, [12.319540023803711, -3.2048110961914062]]
[220102, 'popsize', 16, 'queuesize', 0]
[221702, 13, 0, [5.691751956939697, -8.200376510620117]]
[221702, 24, 0, [5.393715858459473, -8.269495964050293]]
[221702, 2, 0, [0.12333058565855026, -11.025214195251465]]
[221702, 6, 0, [1.7055491209030151, -11.120044708251953]]
[221702, 11, 0, [2.956576108932495, -0.12364134937524796]]
[221702, 23, 0, [10.686817169189453, -0.12316393852233887]]
[221702, 22, 0, [0.25916430354118347, -5.841044902801514]]
[221702, 3, 0, [0.1366136074066162, -5.939149379730225]]
[221702, 21, 0, [5.818602085113525, -7.985636234283447]]
[221702, 9, 1, [8.87466049194336, -4.083998203277588]]
[221702, 12, 1, [11.296568870544434, -8.793312072753906]]
[221702, 17, 1, [3.5344364643096924, -8.56758975982666]]
[221702, 1, 1, [11.62434196472168, -11.854432106018066]]
[221702, 10, 1, [0.13333460688591003, -6.1327972412109375]]
[221702, 14, 1, [0.12333353608846664, -3.5344438552856445]]
[221702, 4, 1, [12.319025993347168, -3.2469899654388428]]
[230752, 'popsize', 16, 'queuesize', 0]
[232352, 13, 0, [5.378249645233154, -8.002799987792969]]
[232352, 24, 0, [5.461191177368164, -8.424033164978027]]
[232352, 2, 0, [0.12332990765571594, -11.019402503967285]]
[232352, 6, 0, [1.329092264175415, -11.89245319366455]]
[232352, 11, 0, [2.94743013381958, -0.12364068627357483]]
[232352, 23, 0, [10.696939468383789, -0.12318140268325806]]
[232352, 22, 0, [0.23697414994239807, -5.913956642150879]]
[232352, 3, 0, [0.10891248285770416, -6.0050048828125]]
[232352, 21, 0, [6.250026702880859, -7.923647880554199]]
[232352, 9, 1, [8.939787864685059, -3.764824867248535]]
[232352, 12, 1, [11.238901138305664, -8.835805892944336]]
[232352, 17, 1, [3.5300724506378174, -8.600573539733887]]
[232352, 1, 1, [11.48481559753418, -12.153069496154785]]
[232352, 10, 1, [0.1240144595503807, -6.1926116943359375]]
[232352, 14, 1, [0.12333517521619797, -3.5313432216644287]]
[232352, 4, 1, [12.308305740356445, -3.231633186340332]]
[241652, 'popsize', 16, 'queuesize', 0]
[243052, 13, 0, [5.1105804443359375, -8.103206634521484]]
[243052, 24, 0, [5.4635844230651855, -9.301655769348145]]
[243052, 2, 0, [0.1233302652835846, -11.00753402709961]]
[243052, 6, 0, [1.2119553089141846, -12.337623596191406]]
[243052, 11, 0, [2.936967134475708, -0.12367242574691772]]
[243052, 23, 0, [10.704761505126953, -0.12316161394119263]]
[243052, 22, 0, [0.2296096533536911, -5.968090057373047]]
[243052, 3, 0, [0.10504943132400513, -6.063162326812744]]
[243052, 21, 0, [7.148460865020752, -7.872546195983887]]
[243052, 9, 1, [8.76850700378418, -3.671586513519287]]
[243052, 12, 1, [11.248302459716797, -8.78283405303955]]
[243052, 17, 1, [3.509624719619751, -8.48546028137207]]
[243052, 1, 1, [11.625486373901367, -11.833149909973145]]
[243052, 10, 1, [0.12474317103624344, -6.248412132263184]]
[243052, 14, 1, [0.12333454936742783, -3.5252654552459717]]
[243052, 4, 1, [12.381207466125488, -3.2898197174072266]]
[253702, 'popsize', 17, 'queuesize', 0]
[255402, 13, 0, [5.089285373687744, -8.842753410339355]]
[255402, 24, 0, [5.169463157653809, -10.238910675048828]]
[255402, 2, 0, [0.12333358079195023, -11.001321792602539]]
[255402, 6, 0, [1.1794307231903076, -12.377776145935059]]
[255402, 11, 0, [2.925616502761841, -0.12364373356103897]]
[255402, 23, 0, [10.715521812438965, -0.12316294014453888]]
[255402, 22, 0, [0.2305617779493332, -6.022669792175293]]
[255402, 3, 0, [0.10528402030467987, -6.116881847381592]]
[255402, 21, 0, [8.166459083557129, -8.019768714904785]]
[255402, 8, 0, [11.78441333770752, -6.214583873748779]]
[255402, 9, 1, [9.4649658203125, -3.227714776992798]]
[255402, 12, 1, [11.288309097290039, -8.816682815551758]]
[255402, 17, 1, [3.4792792797088623, -8.48245906829834]]
[255402, 1, 1, [11.493082046508789, -12.12197494506836]]
[255402, 10, 1, [0.12443356961011887, -6.304001331329346]]
[255402, 14, 1, [0.12333556264638901, -3.518472671508789]]
[255402, 4, 1, [12.345564842224121, -3.2931153774261475]]
[265602, 'popsize', 17, 'queuesize', 0]
[267202, 13, 0, [5.400992393493652, -9.171009063720703]]
[267202, 24, 0, [4.617741107940674, -11.022708892822266]]
[267202, 2, 0, [0.12333054095506668, -10.993919372558594]]
[267202, 6, 0, [1.0870617628097534, -12.343762397766113]]
[267202, 11, 0, [2.9157886505126953, -0.12364255636930466]]
[267202, 23, 0, [10.724924087524414, -0.12315763533115387]]
[267202, 22, 0, [0.2256866693496704, -6.069692611694336]]
[267202, 3, 0, [0.10391629487276077, -6.167884826660156]]
[267202, 21, 0, [9.097330093383789, -8.36860179901123]]
[267202, 8, 0, [12.382058143615723, -6.050053596496582]]
[267202, 9, 1, [10.114616394042969, -2.514016628265381]]
[267202, 12, 1, [11.271763801574707, -8.86030387878418]]
[267202, 17, 1, [3.4693174362182617, -8.512758255004883]]
[267202, 1, 1, [11.744274139404297, -12.320145606994629]]
[267202, 10, 1, [0.12383811920881271, -6.357676029205322]]
[267202, 14, 1, [0.12324304133653641, -3.5105884075164795]]
[267202, 4, 1, [12.313215255737305, -3.2736048698425293]]
[277602, 'popsize', 17, 'queuesize', 0]
[279252, 13, 0, [5.383543014526367, -9.18557071685791]]
[279252, 24, 0, [5.0057196617126465, -10.628620147705078]]
[279252, 2, 0, [0.12333041429519653, -10.988045692443848]]
[279252, 6, 0, [1.0960859060287476, -12.315096855163574]]
[279252, 11, 0, [2.903799533843994, -0.12364690750837326]]
[279252, 23, 0, [10.732378959655762, -0.12317483127117157]]
[279252, 22, 0, [0.21937616169452667, -6.1230669021606445]]
[279252, 3, 0, [0.10200100392103195, -6.226569175720215]]
[279252, 21, 0, [9.956785202026367, -8.904804229736328]]
[279252, 8, 0, [12.39419174194336, -5.891487121582031]]
[279252, 9, 1, [10.515806198120117, -1.6591345071792603]]
[279252, 12, 1, [11.244222640991211, -8.848094940185547]]
[279252, 17, 1, [3.4822139739990234, -8.535916328430176]]
[279252, 1, 1, [12.381712913513184, -12.147866249084473]]
[279252, 10, 1, [0.12346243858337402, -6.417054176330566]]
[279252, 14, 1, [0.12333495914936066, -3.5040979385375977]]
[279252, 4, 1, [12.351962089538574, -3.2921621799468994]]
[287502, 'popsize', 17, 'queuesize', 0]
[288402, 13, 0, [5.539607048034668, -9.091825485229492]]
[288402, 24, 0, [5.233455181121826, -10.347100257873535]]
[288402, 2, 0, [0.12333029508590698, -10.981611251831055]]
[288402, 6, 0, [1.1475850343704224, -12.36524486541748]]
[288402, 11, 0, [2.8948731422424316, -0.12364538758993149]]
[288402, 23, 0, [10.73723316192627, -0.1231643334031105]]
[288402, 22, 0, [0.2161376029253006, -6.165155410766602]]
[288402, 3, 0, [0.10113757848739624, -6.270988464355469]]
[288402, 21, 0, [10.52331829071045, -9.437337875366211]]
[288402, 8, 0, [12.394010543823242, -5.7664103507995605]]
[288402, 9, 1, [10.660380363464355, -0.8730096817016602]]
[288402, 12, 1, [11.290472030639648, -8.795208930969238]]
[288402, 17, 1, [3.534912586212158, -8.492527961730957]]
[288402, 1, 1, [12.394378662109375, -12.025923728942871]]
[288402, 10, 1, [0.12338992953300476, -6.462380409240723]]
[288402, 14, 1, [0.1233322024345398, -3.500208616256714]]
[288402, 4, 1, [12.347021102905273, -3.287774085998535]]
[295702, 'popsize', 17, 'queuesize', 0]
[297203, 13, 0, [5.49453067779541, -9.621824264526367]]
[297203, 24, 0, [5.150273323059082, -10.460237503051758]]
[297203, 2, 0, [0.12333081662654877, -10.97815227508545]]
[297203, 6, 0, [1.1327694654464722, -12.311023712158203]]
[297203, 11, 0, [2.8868589401245117, -0.12366920709609985]]
[297203, 23, 0, [10.779314041137695, -0.11285685002803802]]
[297203, 22, 0, [0.21156620979309082, -6.216851234436035]]
[297203, 3, 0, [0.09988569468259811, -6.3272247314453125]]
[297203, 21, 0, [10.96891975402832, -10.025960922241211]]
[297203, 8, 0, [12.393994331359863, -5.646852016448975]]
[297203, 9, 1, [10.66100025177002, -0.2705990970134735]]
[297203, 12, 1, [11.279459953308105, -8.788402557373047]]
[297203, 17, 1, [3.51509952545166, -8.545231819152832]]
[297203, 1, 1, [12.393935203552246, -11.91006851196289]]
[297203, 10, 1, [0.12398771196603775, -6.517462253570557]]
[297203, 14, 1, [0.12333100289106369, -3.4948441982269287]]
[297203, 4, 1, [12.346344947814941, -3.299025058746338]]
[309503, 'popsize', 18, 'queuesize', 0]
[311353, 13, 0, [6.198802947998047, -10.399856567382812]]
[311353, 24, 0, [5.562594890594482, -9.958951950073242]]
[311353, 2, 0, [0.12333965301513672, -10.966336250305176]]
[311353, 6, 0, [1.1708292961120605, -12.300863265991211]]
[311353, 11, 0, [2.8727991580963135, -0.12365064024925232]]
[311353, 23, 0, [10.97745418548584, -0.10796818882226944]]
[311353, 22, 0, [0.20733070373535156, -6.298287391662598]]
[311353, 3, 0, [0.09850520640611649, -6.411722660064697]]
[311353, 21, 0, [11.464159965515137, -11.086211204528809]]
[311353, 8, 0, [12.393949508666992, -5.454525470733643]]
[311353, 9, 1, [10.563100814819336, -0.12193802744150162]]
[311353, 12, 1, [11.278700828552246, -8.794172286987305]]
[311353, 17, 1, [3.4889636039733887, -8.533684730529785]]
[311353, 1, 1, [12.393939018249512, -11.723011016845703]]
[311353, 10, 1, [0.12448886781930923, -6.602230072021484]]
[311353, 14, 1, [0.12333300709724426, -3.4876914024353027]]
[311353, 4, 1, [12.366867065429688, -3.3236007690429688]]
[311353, 15, 1, [8.745869636535645, -1.254465103149414]]
[323553, 'popsize', 18, 'queuesize', 0]
[325403, 13, 0, [6.7274065017700195, -10.388614654541016]]
[325403, 24, 0, [5.650568962097168, -9.859259605407715]]
[325403, 2, 0, [0.12333167344331741, -10.960809707641602]]
[325403, 6, 0, [1.161482572555542, -12.375855445861816]]
[325403, 11, 0, [2.858940362930298, -0.12364920228719711]]
[325403, 23, 0, [11.132478713989258, -0.1079014465212822]]
[325403, 22, 0, [0.20577336847782135, -6.379168510437012]]
[325403, 3, 0, [0.09811379760503769, -6.493256092071533]]
[325403, 21, 0, [11.463418960571289, -11.54019832611084]]
[325403, 8, 0, [12.393989562988281, -5.263463973999023]]
[325403, 9, 1, [10.410964965820312, -0.10567305237054825]]
[325403, 12, 1, [11.267464637756348, -8.800326347351074]]
[325403, 17, 1, [3.4815776348114014, -8.493570327758789]]
[325403, 1, 1, [12.394241333007812, -11.531217575073242]]
[325403, 10, 1, [0.12471934407949448, -6.684294700622559]]
[325403, 14, 1, [0.12333399802446365, -3.4831786155700684]]
[325403, 4, 1, [12.333468437194824, -3.3343186378479004]]
[325403, 15, 1, [8.7105131149292, -1.2449030876159668]]
[337303, 'popsize', 18, 'queuesize', 0]
[339153, 13, 0, [7.520965576171875, -9.677541732788086]]
[339153, 24, 0, [6.248282432556152, -9.204154968261719]]
[339153, 2, 0, [0.12333127111196518, -10.952878952026367]]
[339153, 6, 0, [1.0934795141220093, -12.380160331726074]]
[339153, 11, 0, [2.845642566680908, -0.1236492320895195]]
[339153, 23, 0, [11.286144256591797, -0.10787669569253922]]
[339153, 22, 0, [0.20519909262657166, -6.458600044250488]]
[339153, 3, 0, [0.09795211255550385, -6.5732879638671875]]
[339153, 21, 0, [10.345999717712402, -11.245688438415527]]
[339153, 8, 0, [12.3939847946167, -5.075830459594727]]
[339153, 9, 1, [10.223134994506836, -0.1060163676738739]]
[339153, 12, 1, [11.300751686096191, -8.788853645324707]]
[339153, 17, 1, [3.5365521907806396, -8.462367057800293]]
[339153, 1, 1, [12.3939790725708, -11.343886375427246]]
[339153, 10, 1, [0.12487838417291641, -6.764214515686035]]
[339153, 14, 1, [0.12333323061466217, -3.474989414215088]]
[339153, 4, 1, [12.39222526550293, -3.511683940887451]]
[339153, 15, 1, [8.697165489196777, -1.2707936763763428]]
[351153, 'popsize', 18, 'queuesize', 0]
[353053, 13, 0, [7.725070953369141, -8.752083778381348]]
[353053, 24, 0, [6.162015914916992, -8.420318603515625]]
[353053, 2, 0, [0.12333270162343979, -10.9412202835083]]
[353053, 6, 0, [1.096571922302246, -12.37381649017334]]
[353053, 11, 0, [2.835223436355591, -0.12364034354686737]]
[353053, 23, 0, [11.440139770507812, -0.10792931169271469]]
[353053, 22, 0, [0.2043844312429428, -6.538388729095459]]
[353053, 3, 0, [0.09764811396598816, -6.653519153594971]]
[353053, 21, 0, [9.32839298248291, -10.6900053024292]]
[353053, 8, 0, [12.393972396850586, -4.887556552886963]]
[353053, 9, 1, [10.03492259979248, -0.10601728409528732]]
[353053, 12, 1, [11.304022789001465, -8.800914764404297]]
[353053, 17, 1, [3.492450714111328, -8.48936939239502]]
[353053, 1, 1, [12.393941879272461, -11.156902313232422]]
[353053, 10, 1, [0.12483712285757065, -6.84451150894165]]
[353053, 14, 1, [0.12333806604146957, -3.4692142009735107]]
[353053, 4, 1, [12.39211368560791, -3.6616716384887695]]
[353053, 15, 1, [8.721359252929688, -1.3045774698257446]]
[364703, 'popsize', 18, 'queuesize', 0]
[366453, 13, 0, [7.538816452026367, -9.023149490356445]]
[366453, 24, 0, [6.314286231994629, -7.343971252441406]]
[366453, 2, 0, [0.1233302652835846, -10.935578346252441]]
[366453, 6, 0, [1.1155741214752197, -12.35439682006836]]
[366453, 11, 0, [2.825056552886963, -0.12364306300878525]]
[366453, 23, 0, [11.587108612060547, -0.10794840008020401]]
[366453, 22, 0, [0.20442359149456024, -6.616373062133789]]
[366453, 3, 0, [0.09775350987911224, -6.731913089752197]]
[366453, 21, 0, [8.499690055847168, -9.917519569396973]]
[366453, 8, 0, [12.39394760131836, -4.704129695892334]]
[366453, 9, 1, [9.850634574890137, -0.10601130872964859]]
[366453, 12, 1, [11.326255798339844, -8.809103965759277]]
[366453, 17, 1, [3.5679755210876465, -8.506733894348145]]
[366453, 1, 1, [12.393972396850586, -10.974506378173828]]
[366453, 10, 1, [0.12486902624368668, -6.922543048858643]]
[366453, 14, 1, [0.12333156168460846, -3.464860677719116]]
[366453, 4, 1, [12.392029762268066, -3.812218427658081]]
[366453, 15, 1, [8.490996360778809, -1.6478520631790161]]
[377703, 'popsize', 18, 'queuesize', 0]
[379403, 13, 0, [7.642350196838379, -9.060759544372559]]
[379403, 24, 0, [6.428895950317383, -7.061755657196045]]
[379403, 2, 0, [0.12333174794912338, -10.926429748535156]]
[379403, 6, 0, [1.1192373037338257, -12.348016738891602]]
[379403, 11, 0, [2.8127734661102295, -0.12363365292549133]]
[379403, 23, 0, [11.72895336151123, -0.10796843469142914]]
[379403, 22, 0, [0.20448365807533264, -6.69004487991333]]
[379403, 3, 0, [0.09766670316457748, -6.80487585067749]]
[379403, 21, 0, [7.922262668609619, -9.007689476013184]]
[379403, 8, 0, [12.394250869750977, -4.52803373336792]]
[379403, 9, 1, [9.673940658569336, -0.10607154667377472]]
[379403, 12, 1, [11.280360221862793, -8.851593971252441]]
[379403, 17, 1, [3.558331251144409, -8.507170677185059]]
[379403, 1, 1, [12.39397144317627, -10.79901123046875]]
[379403, 10, 1, [0.1248955950140953, -6.9964728355407715]]
[379403, 14, 1, [0.12333519756793976, -3.4582953453063965]]
[379403, 4, 1, [12.39205265045166, -3.953678846359253]]
[379403, 15, 1, [8.388751983642578, -1.7547931671142578]]
[389953, 'popsize', 18, 'queuesize', 0]
[391453, 13, 0, [7.500853061676025, -8.59598159790039]]
[391453, 24, 0, [6.253198623657227, -7.949561595916748]]
[391453, 2, 0, [0.12333463132381439, -10.920570373535156]]
[391453, 6, 0, [1.107425570487976, -12.366204261779785]]
[391453, 11, 0, [2.800352096557617, -0.1236504539847374]]
[391453, 23, 0, [11.862104415893555, -0.10796770453453064]]
[391453, 22, 0, [0.20423898100852966, -6.761322975158691]]
[391453, 3, 0, [0.09765152633190155, -6.876302719116211]]
[391453, 21, 0, [7.37460994720459, -8.725420951843262]]
[391453, 8, 0, [12.39394474029541, -4.362804412841797]]
[391453, 9, 1, [9.505125999450684, -0.10575149953365326]]
[391453, 12, 1, [11.229231834411621, -8.80916690826416]]
[391453, 17, 1, [3.5091629028320312, -8.411083221435547]]
[391453, 1, 1, [12.394007682800293, -10.634721755981445]]
[391453, 10, 1, [0.12493636459112167, -7.067748546600342]]
[391453, 14, 1, [0.1233338862657547, -3.45432710647583]]
[391453, 4, 1, [12.392024993896484, -4.088430404663086]]
[391453, 15, 1, [8.047652244567871, -2.056627035140991]]
[402904, 'popsize', 19, 'queuesize', 0]
[404554, 13, 0, [7.0717244148254395, -8.636016845703125]]
[404554, 24, 0, [6.002755641937256, -7.8833723068237305]]
[404554, 2, 0, [0.12333723902702332, -10.91275405883789]]
[404554, 6, 0, [1.108493447303772, -12.367520332336426]]
[404554, 11, 0, [2.7868621349334717, -0.12365005165338516]]
[404554, 23, 0, [12.004353523254395, -0.10788184404373169]]
[404554, 22, 0, [0.20456965267658234, -6.835807800292969]]
[404554, 3, 0, [0.09778634458780289, -6.9508819580078125]]
[404554, 21, 0, [7.1777567863464355, -8.657371520996094]]
[404554, 8, 0, [12.390890121459961, -4.299192428588867]]
[404554, 7, 0, [3.197037696838379, -1.1630390882492065]]
[404554, 9, 1, [9.328701972961426, -0.10600432753562927]]
[404554, 12, 1, [11.301076889038086, -8.788125038146973]]
[404554, 17, 1, [3.478039026260376, -8.496136665344238]]
[404554, 1, 1, [12.393951416015625, -10.45855712890625]]
[404554, 10, 1, [0.12484399974346161, -7.142098903656006]]
[404554, 14, 1, [0.12333472073078156, -3.450657367706299]]
[404554, 4, 1, [12.390323638916016, -4.133782386779785]]
[404554, 15, 1, [7.152061939239502, -1.559374451637268]]
[414854, 'popsize', 19, 'queuesize', 0]
[416704, 13, 0, [6.7552337646484375, -8.563223838806152]]
[416704, 24, 0, [5.589468479156494, -7.131341934204102]]
[416704, 2, 0, [0.12333756685256958, -10.90545654296875]]
[416704, 6, 0, [1.0878026485443115, -12.373103141784668]]
[416704, 11, 0, [2.7759039402008057, -0.12365426123142242]]
[416704, 23, 0, [12.13665771484375, -0.10793546587228775]]
[416704, 22, 0, [0.20409545302391052, -6.906313896179199]]
[416704, 3, 0, [0.09760597348213196, -7.021270275115967]]
[416704, 21, 0, [6.879626750946045, -8.67294692993164]]
[416704, 8, 0, [12.00037956237793, -4.363397598266602]]
[416704, 7, 0, [2.3986661434173584, -0.6118823289871216]]
[416704, 9, 1, [9.166459083557129, -0.10603306442499161]]
[416704, 12, 1, [11.264351844787598, -8.819843292236328]]
[416704, 17, 1, [3.468857526779175, -8.48027515411377]]
[416704, 1, 1, [12.393974304199219, -10.294240951538086]]
[416704, 10, 1, [0.124897301197052, -7.21282434463501]]
[416704, 14, 1, [0.12333063036203384, -3.4460856914520264]]
[416704, 4, 1, [12.37602424621582, -4.083436489105225]]
[416704, 15, 1, [6.5148749351501465, -1.0895042419433594]]
[426104, 'popsize', 19, 'queuesize', 0]
[427104, 13, 0, [6.46188497543335, -8.459797859191895]]
[427104, 24, 0, [5.019380569458008, -6.4002299308776855]]
[427104, 2, 0, [0.12333663552999496, -10.900840759277344]]
[427104, 6, 0, [1.059708833694458, -12.329082489013672]]
[427104, 11, 0, [2.7671825885772705, -0.12364703416824341]]
[427104, 23, 0, [12.25600814819336, -0.10790786147117615]]
[427104, 22, 0, [0.20392106473445892, -6.968605995178223]]
[427104, 3, 0, [0.0976104661822319, -7.083624839782715]]
[427104, 21, 0, [6.106372356414795, -8.398759841918945]]
[427104, 8, 0, [11.856730461120605, -4.4833083152771]]
[427104, 7, 0, [2.1132984161376953, -0.12409897893667221]]
[427104, 9, 1, [9.01407241821289, -0.10602404177188873]]
[427104, 12, 1, [11.25415325164795, -8.79776668548584]]
[427104, 17, 1, [3.546788454055786, -8.457950592041016]]
[427104, 1, 1, [12.393974304199219, -10.147027015686035]]
[427104, 10, 1, [0.12492798268795013, -7.275537490844727]]
[427104, 14, 1, [0.12322696298360825, -3.4402668476104736]]
[427104, 4, 1, [12.332991600036621, -4.10717248916626]]
[427104, 15, 1, [6.549036502838135, -1.069351315498352]]
[436504, 'popsize', 19, 'queuesize', 0]
[438354, 13, 0, [5.615177631378174, -8.547941207885742]]
[438354, 24, 0, [4.346591949462891, -5.835596561431885]]
[438354, 2, 0, [0.12333604693412781, -10.89474105834961]]
[438354, 6, 0, [1.113053798675537, -12.320268630981445]]
[438354, 11, 0, [2.7583768367767334, -0.12364344298839569]]
[438354, 23, 0, [12.376861572265625, -0.10790219157934189]]
[438354, 22, 0, [0.2044251710176468, -7.032785415649414]]
[438354, 3, 0, [0.09773338586091995, -7.14799690246582]]
[438354, 21, 0, [5.302141189575195, -7.917706489562988]]
[438354, 8, 0, [12.104705810546875, -5.010452747344971]]
[438354, 7, 0, [2.1017849445343018, -0.12413372844457626]]
[438354, 9, 1, [8.871661186218262, -0.10601375252008438]]
[438354, 12, 1, [11.280174255371094, -8.851391792297363]]
[438354, 17, 1, [3.5570058822631836, -8.46385383605957]]
[438354, 1, 1, [12.394006729125977, -10.001270294189453]]
[438354, 10, 1, [0.1248590424656868, -7.338888645172119]]
[438354, 14, 1, [0.12333277612924576, -3.4367380142211914]]
[438354, 4, 1, [12.378317832946777, -4.056315898895264]]
[438354, 15, 1, [6.530927658081055, -1.0902221202850342]]
[450904, 'popsize', 19, 'queuesize', 0]
[452754, 13, 0, [4.614463806152344, -8.993584632873535]]
[452754, 24, 0, [4.870494842529297, -6.281519889831543]]
[452754, 2, 0, [0.12333448976278305, -10.88685417175293]]
[452754, 6, 0, [1.035784125328064, -12.379084587097168]]
[452754, 11, 0, [2.74593448638916, -0.12364550679922104]]
[452754, 23, 0, [12.390905380249023, -0.10802382975816727]]
[452754, 22, 0, [0.20394521951675415, -7.116019248962402]]
[452754, 3, 0, [0.09760142117738724, -7.231163024902344]]
[452754, 21, 0, [5.040908336639404, -7.522656440734863]]
[452754, 8, 0, [11.742194175720215, -5.092138767242432]]
[452754, 7, 0, [2.0879406929016113, -0.12414457648992538]]
[452754, 9, 1, [8.67615795135498, -0.10600610822439194]]
[452754, 12, 1, [11.266490936279297, -8.830955505371094]]
[452754, 17, 1, [3.4973599910736084, -8.475669860839844]]
[452754, 1, 1, [12.393921852111816, -9.806443214416504]]
[452754, 10, 1, [0.12494956701993942, -7.422347068786621]]
[452754, 14, 1, [0.12333288043737411, -3.428696632385254]]
[452754, 4, 1, [12.354314804077148, -4.007824420928955]]
[452754, 15, 1, [6.477479457855225, -1.1159793138504028]]
[465654, 'popsize', 19, 'queuesize', 0]
[467604, 13, 0, [5.076383113861084, -8.278056144714355]]
[467604, 24, 0, [5.103862762451172, -6.537693500518799]]
[467604, 2, 0, [0.12333401292562485, -10.878305435180664]]
[467604, 6, 0, [1.0064404010772705, -12.380247116088867]]
[467604, 11, 0, [2.7347300052642822, -0.12363982200622559]]
[467604, 23, 0, [12.390976905822754, -0.10810725390911102]]
[467604, 22, 0, [0.203853577375412, -7.201677322387695]]
[467604, 3, 0, [0.09753546118736267, -7.317204475402832]]
[467604, 21, 0, [5.530032634735107, -7.42080545425415]]
[467604, 8, 0, [11.109148025512695, -6.092377662658691]]
[467604, 7, 0, [2.0736937522888184, -0.12415261566638947]]
[467604, 9, 1, [8.472618103027344, -0.10591153800487518]]
[467604, 12, 1, [11.289165496826172, -8.876114845275879]]
[467604, 17, 1, [3.5182690620422363, -8.522626876831055]]
[467604, 1, 1, [12.39398193359375, -9.606614112854004]]
[467604, 10, 1, [0.12491980940103531, -7.507954120635986]]
[467604, 14, 1, [0.12333306670188904, -3.420319080352783]]
[467604, 4, 1, [12.325309753417969, -4.075351715087891]]
[467604, 15, 1, [6.528249740600586, -1.1132222414016724]]
[480004, 'popsize', 19, 'queuesize', 0]
[481954, 13, 0, [5.24994421005249, -8.145194053649902]]
[481954, 24, 0, [4.344728469848633, -5.620065689086914]]
[481954, 2, 0, [0.12333455681800842, -10.868481636047363]]
[481954, 6, 0, [0.9591443538665771, -12.377784729003906]]
[481954, 11, 0, [2.724740982055664, -0.12364178150892258]]
[481954, 23, 0, [12.391056060791016, -0.10819876194000244]]
[481954, 22, 0, [0.20393159985542297, -7.285388469696045]]
[481954, 3, 0, [0.09752857685089111, -7.400819301605225]]
[481954, 21, 0, [5.527132987976074, -7.882932662963867]]
[481954, 8, 0, [10.828776359558105, -7.211221694946289]]
[481954, 7, 0, [2.0591940879821777, -0.12413544207811356]]
[481954, 9, 1, [8.277878761291504, -0.10600251704454422]]
[481954, 12, 1, [11.274295806884766, -8.884594917297363]]
[481954, 17, 1, [3.5570812225341797, -8.523417472839355]]
[481954, 1, 1, [12.394025802612305, -9.4102783203125]]
[481954, 10, 1, [0.12490745633840561, -7.591850280761719]]
[481954, 14, 1, [0.12333563715219498, -3.4099113941192627]]
[481954, 4, 1, [12.339333534240723, -4.087461948394775]]
[481954, 15, 1, [6.522862911224365, -1.065359354019165]]
[494304, 'popsize', 19, 'queuesize', 0]
[496004, 13, 0, [4.991402626037598, -8.410480499267578]]
[496004, 24, 0, [4.081909656524658, -5.407984733581543]]
[496004, 2, 0, [0.12333802878856659, -10.861638069152832]]
[496004, 6, 0, [0.9188764691352844, -12.36408519744873]]
[496004, 11, 0, [2.7123684883117676, -0.1236407533288002]]
[496004, 23, 0, [12.391134262084961, -0.10828833281993866]]
[496004, 22, 0, [0.20432190597057343, -7.368113040924072]]
[496004, 3, 0, [0.09771833568811417, -7.4827775955200195]]
[496004, 21, 0, [4.362887382507324, -7.680185794830322]]
[496004, 8, 0, [10.864330291748047, -8.0647554397583]]
[496004, 7, 0, [2.045952081680298, -0.12414465099573135]]
[496004, 9, 1, [8.084543228149414, -0.10607726871967316]]
[496004, 12, 1, [11.273907661437988, -8.877803802490234]]
[496004, 17, 1, [3.5657198429107666, -8.565587997436523]]
[496004, 1, 1, [12.39394474029541, -9.217931747436523]]
[496004, 10, 1, [0.12491004168987274, -7.674810409545898]]
[496004, 14, 1, [0.12333054840564728, -3.4041714668273926]]
[496004, 4, 1, [12.395171165466309, -4.241159439086914]]
[496004, 15, 1, [6.533477306365967, -1.087695598602295]]
[507955, 'popsize', 19, 'queuesize', 0]
[509905, 13, 0, [5.190400123596191, -8.110624313354492]]
[509905, 24, 0, [4.305583477020264, -5.600690841674805]]
[509905, 2, 0, [0.12333335727453232, -10.854146003723145]]
[509905, 6, 0, [0.9249943494796753, -12.362091064453125]]
[509905, 11, 0, [2.6982390880584717, -0.1236552968621254]]
[509905, 23, 0, [12.391263008117676, -0.1084328442811966]]
[509905, 22, 0, [0.204323872923851, -7.448669910430908]]
[509905, 3, 0, [0.0976928323507309, -7.563979148864746]]
[509905, 21, 0, [3.29463529586792, -7.218395233154297]]
[509905, 8, 0, [11.294922828674316, -7.67337703704834]]
[509905, 7, 0, [2.0323398113250732, -0.12415006756782532]]
[509905, 9, 1, [7.89838171005249, -0.10601962357759476]]
[509905, 12, 1, [11.23941707611084, -8.889005661010742]]
[509905, 17, 1, [3.5446150302886963, -8.584470748901367]]
[509905, 1, 1, [12.394018173217773, -9.032995223999023]]
[509905, 10, 1, [0.12485101073980331, -7.754787445068359]]
[509905, 14, 1, [0.12333061546087265, -3.3972511291503906]]
[509905, 4, 1, [12.358935356140137, -4.328490257263184]]
[509905, 15, 1, [6.5314249992370605, -1.0629273653030396]]
[522205, 'popsize', 19, 'queuesize', 0]
[524105, 13, 0, [5.019069194793701, -7.132931232452393]]
[524105, 24, 0, [3.426346778869629, -4.81643009185791]]
[524105, 2, 0, [0.12333561480045319, -10.848705291748047]]
[524105, 6, 0, [0.9658825397491455, -12.358614921569824]]
[524105, 11, 0, [2.6868948936462402, -0.12364857643842697]]
[524105, 23, 0, [12.391414642333984, -0.10860183089971542]]
[524105, 22, 0, [0.20396076142787933, -7.5318756103515625]]
[524105, 3, 0, [0.09759300947189331, -7.647480487823486]]
[524105, 21, 0, [2.3541576862335205, -6.489159107208252]]
[524105, 8, 0, [10.2621431350708, -7.28546667098999]]
[524105, 7, 0, [2.018024444580078, -0.1241435781121254]]
[524105, 9, 1, [7.70552396774292, -0.1060253158211708]]
[524105, 12, 1, [11.221572875976562, -8.903340339660645]]
[524105, 17, 1, [3.5337750911712646, -8.517663955688477]]
[524105, 1, 1, [12.39395809173584, -8.840510368347168]]
[524105, 10, 1, [0.12490139901638031, -7.838301658630371]]
[524105, 14, 1, [0.12333300709724426, -3.390070676803589]]
[524105, 4, 1, [12.314179420471191, -4.315500259399414]]
[524105, 15, 1, [6.580900192260742, -0.9053142666816711]]
[536105, 'popsize', 19, 'queuesize', 0]
[538005, 13, 0, [4.09942102432251, -6.8465752601623535]]
[538005, 24, 0, [2.406461238861084, -4.273117542266846]]
[538005, 2, 0, [0.12333128601312637, -10.842497825622559]]
[538005, 6, 0, [0.9756575226783752, -12.328836441040039]]
[538005, 11, 0, [2.6763713359832764, -0.12364278733730316]]
[538005, 23, 0, [12.391668319702148, -0.10887495428323746]]
[538005, 22, 0, [0.20477405190467834, -7.611545562744141]]
[538005, 3, 0, [0.09782849252223969, -7.7265496253967285]]
[538005, 21, 0, [1.6428824663162231, -5.563752174377441]]
[538005, 8, 0, [9.152976036071777, -7.215781211853027]]
[538005, 7, 0, [2.0048670768737793, -0.12415055930614471]]
[538005, 9, 1, [7.513879776000977, -0.10572969913482666]]
[538005, 12, 1, [11.171672821044922, -8.900579452514648]]
[538005, 17, 1, [3.500789165496826, -8.45130443572998]]
[538005, 1, 1, [12.394023895263672, -8.652287483215332]]
[538005, 10, 1, [0.1248549297451973, -7.917581558227539]]
[538005, 14, 1, [0.12333106249570847, -3.385362386703491]]
[538005, 4, 1, [12.270723342895508, -5.034912586212158]]
[538005, 15, 1, [6.692017555236816, -0.4642307162284851]]
[549355, 'popsize', 19, 'queuesize', 0]
[550905, 13, 0, [3.28886342048645, -7.409732341766357]]
[550905, 24, 0, [2.2767221927642822, -4.212692737579346]]
[550905, 2, 0, [0.12333216518163681, -10.832526206970215]]
[550905, 6, 0, [0.9646300673484802, -12.317468643188477]]
[550905, 11, 0, [2.664696455001831, -0.12363558262586594]]
[550905, 23, 0, [12.391942024230957, -0.1091606467962265]]
[550905, 22, 0, [0.20493736863136292, -7.687328338623047]]
[550905, 3, 0, [0.0978441834449768, -7.801483631134033]]
[550905, 21, 0, [1.1857763528823853, -4.563498497009277]]
[550905, 8, 0, [8.146617889404297, -7.474283218383789]]
[550905, 7, 0, [1.9915491342544556, -0.12415595352649689]]
[550905, 9, 1, [7.334022045135498, -0.10598672926425934]]
[550905, 12, 1, [11.135771751403809, -8.869271278381348]]
[550905, 17, 1, [3.4050040245056152, -8.45738697052002]]
[550905, 1, 1, [12.394044876098633, -8.470683097839355]]
[550905, 10, 1, [0.12477120757102966, -7.993423938751221]]
[550905, 14, 1, [0.12333204597234726, -3.3785388469696045]]
[550905, 4, 1, [12.382920265197754, -6.090796947479248]]
[550905, 15, 1, [6.688835144042969, -0.4639059007167816]]
[560655, 'popsize', 19, 'queuesize', 0]
[561655, 13, 0, [3.112062931060791, -7.851802349090576]]
[561655, 24, 0, [1.951666235923767, -4.103402614593506]]
[561655, 2, 0, [0.12333154678344727, -10.827347755432129]]
[561655, 6, 0, [0.9554193615913391, -12.371940612792969]]
[561655, 11, 0, [2.6549899578094482, -0.12364072352647781]]
[561655, 23, 0, [12.392205238342285, -0.10942904651165009]]
[561655, 22, 0, [0.20523783564567566, -7.7505669593811035]]
[561655, 3, 0, [0.09795089066028595, -7.864658355712891]]
[561655, 21, 0, [0.9838809967041016, -3.673180341720581]]
[561655, 8, 0, [7.360056400299072, -7.878264904022217]]
[561655, 7, 0, [1.9805620908737183, -0.12414044886827469]]
[561655, 9, 1, [7.1810688972473145, -0.10602573305368423]]
[561655, 12, 1, [11.228741645812988, -8.841540336608887]]
[561655, 17, 1, [3.3797686100006104, -8.496243476867676]]
[561655, 1, 1, [12.33462142944336, -8.49642562866211]]
[561655, 10, 1, [0.12485012412071228, -8.056472778320312]]
[561655, 14, 1, [0.12333334237337112, -3.3738293647766113]]
[561655, 4, 1, [12.369987487792969, -6.16932487487793]]
[561655, 15, 1, [6.743313789367676, -0.4526475667953491]]
[569355, 'popsize', 19, 'queuesize', 0]
[570405, 13, 0, [2.8660130500793457, -8.246079444885254]]
[570405, 24, 0, [2.064114570617676, -4.142964839935303]]
[570405, 2, 0, [0.12333493679761887, -10.82065200805664]]
[570405, 6, 0, [0.9529047608375549, -12.377809524536133]]
[570405, 11, 0, [2.6473870277404785, -0.12364207208156586]]
[570405, 23, 0, [12.392501831054688, -0.10972337424755096]]
[570405, 22, 0, [0.20528803765773773, -7.801356315612793]]
[570405, 3, 0, [0.09796113520860672, -7.915619373321533]]
[570405, 21, 0, [0.9402176737785339, -2.9426350593566895]]
[570405, 8, 0, [6.925560474395752, -8.208760261535645]]
[570405, 7, 0, [1.9721263647079468, -0.12415803968906403]]
[570405, 9, 1, [7.06300687789917, -0.10603362321853638]]
[570405, 12, 1, [11.189407348632812, -8.8370943069458]]
[570405, 17, 1, [3.3391079902648926, -8.419510841369629]]
[570405, 1, 1, [12.245203971862793, -8.580098152160645]]
[570405, 10, 1, [0.12471533566713333, -8.107653617858887]]
[570405, 14, 1, [0.12333434075117111, -3.3709120750427246]]
[570405, 4, 1, [12.336581230163574, -6.150747776031494]]
[570405, 15, 1, [6.582019805908203, -0.37884026765823364]]
[581905, 'popsize', 19, 'queuesize', 0]
[583505, 13, 0, [3.0217599868774414, -8.057782173156738]]
[583505, 24, 0, [2.2818400859832764, -4.222485542297363]]
[583505, 2, 0, [0.12333394587039948, -10.81598949432373]]
[583505, 6, 0, [0.9012697339057922, -12.381664276123047]]
[583505, 11, 0, [2.637610673904419, -0.12364102154970169]]
[583505, 23, 0, [12.393020629882812, -0.1102188304066658]]
[583505, 22, 0, [0.2050129771232605, -7.874862194061279]]
[583505, 3, 0, [0.09789939969778061, -7.989353656768799]]
[583505, 21, 0, [1.0803345441818237, -1.8714878559112549]]
[583505, 8, 0, [6.688302516937256, -7.971493721008301]]
[583505, 7, 0, [1.9595353603363037, -0.12413163483142853]]
[583505, 9, 1, [6.891556262969971, -0.1060464009642601]]
[583505, 12, 1, [11.18844985961914, -8.851336479187012]]
[583505, 17, 1, [3.342423439025879, -8.41782283782959]]
[583505, 1, 1, [12.08403205871582, -7.8019585609436035]]
[583505, 10, 1, [0.12469886243343353, -8.181260108947754]]
[583505, 14, 1, [0.12333302199840546, -3.366267681121826]]
[583505, 4, 1, [12.33884334564209, -6.158999443054199]]
[583505, 15, 1, [6.296319961547852, -0.12111955881118774]]
[596005, 'popsize', 19, 'queuesize', 0]
[600906, 21, 0, [1.6004446744918823, -0.5071065425872803]]
[600906, 8, 0, [5.298429012298584, -7.895163059234619]]
[600906, 7, 0, [1.941953182220459, -0.12413787096738815]]
[600906, 15, 1, [6.238709449768066, -0.1243816539645195]]
[603756, 'popsize', 4, 'queuesize', 0]
[604156, 21, 0, [1.7372418642044067, -0.26698336005210876]]
[604156, 8, 0, [5.346155643463135, -7.89818000793457]]
[604156, 7, 0, [1.9389383792877197, -0.12414008378982544]]
[604156, 15, 1, [6.233038902282715, -0.13641586899757385]]
[606956, 'popsize', 4, 'queuesize', 0]
[607456, 21, 0, [1.7958914041519165, -0.1871912181377411]]
[607456, 8, 0, [5.545701503753662, -7.973606109619141]]
[607456, 7, 0, [1.9507389068603516, -0.12489894777536392]]
[607456, 15, 1, [6.216333866119385, -0.12224423140287399]]
[610106, 'popsize', 4, 'queuesize', 0]
[610406, 21, 0, [1.8171945810317993, -0.17807047069072723]]
[610406, 8, 0, [5.676743030548096, -8.129709243774414]]
[610406, 7, 0, [1.9649231433868408, -0.12489642947912216]]
[610406, 15, 1, [6.201575756072998, -0.18173055350780487]]
[613056, 'popsize', 4, 'queuesize', 0]
[613506, 21, 0, [1.8270668983459473, -0.17069976031780243]]
[613506, 8, 0, [5.722114562988281, -8.323641777038574]]
[613506, 7, 0, [1.9773892164230347, -0.12469754368066788]]
[613506, 15, 1, [6.250443935394287, -0.13349871337413788]]
[616206, 'popsize', 4, 'queuesize', 0]
[616706, 21, 0, [1.8382114171981812, -0.1629941165447235]]
[616706, 8, 0, [5.666815280914307, -8.52981948852539]]
[616706, 7, 0, [1.9906649589538574, -0.12426287680864334]]
[616706, 15, 1, [6.2045793533325195, -0.17278358340263367]]
[619256, 'popsize', 4, 'queuesize', 0]
[619756, 21, 0, [1.8502856492996216, -0.15576738119125366]]
[619756, 8, 0, [5.528217315673828, -8.67346477508545]]
[619756, 7, 0, [2.0047309398651123, -0.12402091175317764]]
[619756, 15, 1, [6.257059574127197, -0.14265112578868866]]
[622256, 'popsize', 4, 'queuesize', 0]
[622706, 21, 0, [1.8640767335891724, -0.14830021560192108]]
[622706, 8, 0, [5.339422225952148, -8.734947204589844]]
[622706, 7, 0, [2.019712209701538, -0.12364332377910614]]
[622706, 15, 1, [6.202170372009277, -0.1624782830476761]]
[625406, 'popsize', 4, 'queuesize', 0]
[625706, 21, 0, [1.876630425453186, -0.14199469983577728]]
[625706, 8, 0, [5.143439292907715, -8.699028015136719]]
[625706, 7, 0, [2.03226375579834, -0.1233004480600357]]
[625706, 15, 1, [6.2633280754089355, -0.15524372458457947]]
[628056, 'popsize', 4, 'queuesize', 0]
[628556, 21, 0, [1.8851765394210815, -0.141687273979187]]
[628556, 8, 0, [4.99852991104126, -8.588235855102539]]
[628556, 7, 0, [2.041146755218506, -0.12331905961036682]]
[628556, 15, 1, [6.201306343078613, -0.14700964093208313]]
[631106, 'popsize', 4, 'queuesize', 0]
[631556, 21, 0, [1.8942269086837769, -0.14165060222148895]]
[631556, 8, 0, [4.910910129547119, -8.40735912322998]]
[631556, 7, 0, [2.0499041080474854, -0.12328577041625977]]
[631556, 15, 1, [6.2584123611450195, -0.17401595413684845]]
[634156, 'popsize', 4, 'queuesize', 0]
[634656, 21, 0, [1.9029583930969238, -0.14178606867790222]]
[634656, 8, 0, [4.919585704803467, -8.204928398132324]]
[634656, 7, 0, [2.0587923526763916, -0.12327896803617477]]
[634656, 15, 1, [6.2066569328308105, -0.1380302757024765]]
[637056, 'popsize', 4, 'queuesize', 0]
[637506, 21, 0, [1.9117283821105957, -0.1416902244091034]]
[637506, 8, 0, [5.010527610778809, -8.045037269592285]]
[637506, 7, 0, [2.0674877166748047, -0.12328777462244034]]
[637506, 15, 1, [6.244637489318848, -0.18500058352947235]]
[639806, 'popsize', 4, 'queuesize', 0]
[640206, 21, 0, [1.9203591346740723, -0.14167897403240204]]
[640206, 8, 0, [5.162823677062988, -7.942305564880371]]
[640206, 7, 0, [2.076390266418457, -0.12327249348163605]]
[640206, 15, 1, [6.225220203399658, -0.1253911256790161]]
[642656, 'popsize', 4, 'queuesize', 0]
[643156, 21, 0, [1.9297596216201782, -0.14168402552604675]]
[643156, 8, 0, [5.351873397827148, -7.915807723999023]]
[643156, 7, 0, [2.0854220390319824, -0.12329714745283127]]
[643156, 15, 1, [6.221457481384277, -0.18944621086120605]]
[645656, 'popsize', 4, 'queuesize', 0]
[646056, 21, 0, [1.9381710290908813, -0.14179040491580963]]
[646056, 8, 0, [5.5385541915893555, -7.976818561553955]]
[646056, 7, 0, [2.093914747238159, -0.12328460812568665]]
[646056, 15, 1, [6.244904041290283, -0.13035480678081512]]
[648506, 'popsize', 4, 'queuesize', 0]
[648906, 21, 0, [1.9468820095062256, -0.14169730246067047]]
[648906, 8, 0, [5.672717571258545, -8.110103607177734]]
[648906, 7, 0, [2.1027021408081055, -0.12326700985431671]]
[648906, 15, 1, [6.205080986022949, -0.17929866909980774]]
[651056, 'popsize', 4, 'queuesize', 0]
[651406, 21, 0, [1.9547598361968994, -0.1418876349925995]]
[651406, 8, 0, [5.7302565574646, -8.268704414367676]]
[651406, 7, 0, [2.1102800369262695, -0.12330083549022675]]
[651406, 15, 1, [6.263238430023193, -0.15593475103378296]]
[653806, 'popsize', 4, 'queuesize', 0]
[654256, 21, 0, [1.9633673429489136, -0.14168782532215118]]
[654256, 8, 0, [5.711994647979736, -8.451175689697266]]
[654256, 7, 0, [2.1192171573638916, -0.12327030301094055]]
[654256, 15, 1, [6.200356960296631, -0.14623703062534332]]
[656506, 'popsize', 4, 'queuesize', 0]
[657106, 8, 0, [5.617006778717041, -8.612984657287598]]
[657106, 7, 0, [2.1266403198242188, -0.12328696250915527]]
[657106, 15, 1, [6.254993915557861, -0.17641545832157135]]
[659006, 'popsize', 3, 'queuesize', 0]
[659256, 8, 0, [5.498536109924316, -8.697101593017578]]
[659256, 7, 0, [2.1273179054260254, -0.12333220988512039]]
[659256, 15, 1, [6.235565662384033, -0.1277351975440979]]
[660806, 'popsize', 3, 'queuesize', 0]
[661156, 8, 0, [5.382558822631836, -8.730341911315918]]
[661156, 7, 0, [2.1279544830322266, -0.12333910912275314]]
[661156, 15, 1, [6.198671340942383, -0.16269813477993011]]
[662806, 'popsize', 3, 'queuesize', 0]
[663206, 7, 0, [2.128758430480957, -0.12333318591117859]]
[663206, 15, 1, [6.247502326965332, -0.1856389194726944]]
[664406, 'popsize', 2, 'queuesize', 0]
[664606, 7, 0, [2.1292619705200195, -0.12333576381206512]]
[664606, 15, 1, [6.257307052612305, -0.14795617759227753]]
[665606, 'popsize', 2, 'queuesize', 0]
[665806, 7, 0, [2.129767894744873, -0.12333941459655762]]
[665806, 15, 1, [6.225236415863037, -0.12880226969718933]]
[666856, 'popsize', 2, 'queuesize', 0]
[667006, 7, 0, [2.1301791667938232, -0.12333783507347107]]
[667006, 15, 1, [6.195005416870117, -0.15203078091144562]]
[668156, 'popsize', 2, 'queuesize', 0]
[668306, 7, 0, [2.1306049823760986, -0.12333620339632034]]
[668306, 15, 1, [6.207036972045898, -0.18731257319450378]]
[669406, 'popsize', 2, 'queuesize', 0]
[669656, 7, 0, [2.1310856342315674, -0.1233346164226532]]
