[time, indiv, parent1, parent2, gender, brain]
[200, 24, -1, -1, 0, [[array([[ 1.07560519, -0.65619724,  0.65966535, -0.35454708,  0.03033571,
        -2.00475228],
       [ 0.29609801,  2.15799987,  0.39594395,  0.88111738,  0.64314848,
        -1.32607063],
       [-1.06379259,  1.90871738, -1.91081229, -0.81492576, -2.22275826,
         1.13172553],
       [-1.44507222,  0.42935664,  1.98030753,  0.61641743, -0.60501522,
        -1.79279917],
       [-1.8190956 ,  0.59157868, -1.21156736,  2.3629543 ,  0.4542693 ,
        -0.57587905],
       [-0.26078827, -0.60327914,  0.10761611,  1.33076296, -0.9234192 ,
        -0.43323595]]), array([[-1.84548096,  1.29866566],
       [-2.37659012, -2.41431136],
       [-2.01926918, -0.14334946],
       [ 0.41281445, -0.42464865],
       [ 1.01697788, -0.58425293],
       [-2.24570387, -1.19154137]])], [array([ 2.16724214, -2.43917522, -1.45936365,  1.43730864,  1.32012959,
       -0.7361919 ]), array([ 0.99008199, -1.49665016])]]]
[200, 19, -1, -1, 1, [[array([[-1.85038073,  2.26013622, -1.12909132,  0.79631855, -1.89925457,
         0.832044  ],
       [-0.12242854, -0.35055024,  2.18799015, -1.02086367,  0.93435717,
         0.83878944],
       [-0.65599251, -0.33798127,  1.29722295,  0.71565718,  2.09533343,
        -1.78303201],
       [-1.54895531, -0.8410103 , -2.15912463, -1.51361244, -1.27620674,
         0.01181192],
       [-0.30796253,  1.97181852,  1.0921039 ,  0.09251078,  1.47842921,
         0.0264767 ],
       [ 1.21208904, -1.09439948,  1.32616547,  0.51357395, -0.76500799,
         0.35209747]]), array([[ 1.01703319, -0.7720017 ],
       [ 1.32406716, -1.5194747 ],
       [ 1.31355884, -0.12672213],
       [-0.94601336,  2.12173283],
       [ 2.41126802,  2.05291151],
       [ 1.34881595,  2.1710583 ]])], [array([ 0.27058406, -2.08476451, -1.71923932,  2.39850189, -0.09538097,
        0.11119375]), array([-2.15148756, -0.91690324])]]]
[200, 3, -1, -1, 0, [[array([[-2.29969446, -2.24584969, -1.49299709, -1.86634286, -1.67749876,
         0.25265579],
       [-1.29916872, -0.05946068,  0.16512964, -0.65123319, -1.01101237,
        -0.12099465],
       [ 0.78154723,  1.05052737,  1.92051149,  0.32839328, -1.4630678 ,
        -2.28923436],
       [-1.31560599,  1.39478267,  2.32133968,  1.7252673 ,  2.00000676,
         0.5244607 ],
       [ 2.05788748, -1.97644449, -0.87786832,  2.38102154, -0.46270817,
         0.80322679],
       [ 0.49594356, -0.09211138,  2.13288663,  1.9487263 , -0.99586554,
        -2.30576423]]), array([[-0.77313999, -2.40805714],
       [ 0.11071285, -0.27856787],
       [ 1.30576642, -0.8172479 ],
       [-0.34252103, -0.19602562],
       [-0.75703147, -0.55860208],
       [ 1.18831129, -0.58597808]])], [array([ 0.56186567,  0.25803684,  0.4202841 , -2.32678846, -0.24352576,
       -2.30821609]), array([-0.03628606, -0.04193184])]]]
[200, 21, -1, -1, 1, [[array([[-1.97353052, -0.4369274 , -0.37860181, -0.3223047 , -1.34770199,
        -0.68599338],
       [-0.53625983, -1.24686118,  2.25300996, -2.20604254,  1.65803467,
        -2.21367888],
       [ 2.2428881 , -2.05812682, -0.2205967 , -1.6975928 ,  1.01319555,
        -2.39057849],
       [-1.19895551,  0.9301504 , -1.77207373,  0.85623078, -1.04342043,
         0.44841873],
       [ 1.2324815 ,  1.95563441,  0.66720137, -0.15013221, -1.14709294,
         0.53813935],
       [ 1.19475538, -2.19056674,  2.38544967, -0.38392719,  0.9638959 ,
        -0.3579329 ]]), array([[-0.93229469, -1.91137614],
       [-0.22006352,  0.75607446],
       [-2.30521311, -1.5199696 ],
       [-1.99222549,  0.45188441],
       [-0.90998891,  1.28362931],
       [-2.41062675,  2.00416308]])], [array([-1.08420442,  0.06911432,  1.16803365, -0.97053399, -0.46928155,
       -0.80796544]), array([-2.18297689,  0.38272816])]]]
[200, 23, -1, -1, 0, [[array([[ 0.92208887,  1.80144436,  0.88807933,  1.93810162,  0.79547545,
        -0.39007327],
       [ 0.60048573, -1.89891499, -1.80849749, -0.78638433,  1.92949493,
        -1.29073578],
       [ 0.00492222,  0.8838532 ,  1.27149741, -0.62267442,  1.41012841,
         1.43267269],
       [-0.99727908, -1.03990585,  0.44435369, -1.73382077,  0.14998995,
        -0.76274845],
       [ 0.34784683,  0.93314552, -1.89297773, -1.43362004, -0.01655315,
        -2.15457417],
       [ 1.24373483,  1.35121087, -0.97192728, -0.73469081,  1.36269156,
         1.90009241]]), array([[ 1.9392132 ,  0.49904958],
       [ 0.92264817, -1.45645802],
       [ 2.17228448, -1.57988653],
       [-1.43205984,  0.05559851],
       [-1.31716324,  1.35899551],
       [ 0.05404808,  0.08915602]])], [array([-1.49571053,  1.65343967,  2.21643821, -1.93124065, -1.2193607 ,
        0.80981785]), array([-0.69055572,  0.11833177])]]]
[200, 14, -1, -1, 1, [[array([[-1.41708532, -1.45789109,  2.40335387,  2.39613625,  0.60520881,
         0.79973719],
       [-0.93575523,  1.41693684, -0.30871846,  0.88761767,  0.00460291,
        -1.91976812],
       [ 1.03663126,  0.45788886,  1.00183436, -2.02558397, -1.85513205,
         0.57128421],
       [ 1.20895874,  2.36107603,  1.31756071,  1.27024297, -0.89282704,
         1.48931237],
       [-1.68025254,  2.15077192,  0.51399741,  0.5441251 , -1.83817665,
         0.30947282],
       [-1.31148324, -1.2436193 , -1.30289209, -2.30568273, -1.43120076,
        -0.60991726]]), array([[ 0.96391268, -1.29844783],
       [ 1.38054104,  1.26065744],
       [-2.06850298, -0.14397045],
       [ 2.12694018, -0.20505219],
       [ 0.634692  ,  0.98589976],
       [-1.00158247,  2.14386778]])], [array([ 2.14917253,  1.70494896,  0.65571872, -0.99285568, -0.17609336,
        0.18621642]), array([ 1.04897911, -0.34431038])]]]
[200, 16, -1, -1, 0, [[array([[-0.08363808,  1.93396699,  0.91458496, -1.60400015, -0.31695741,
        -1.52306361],
       [ 0.7711834 , -0.10022038, -2.18733603, -1.44893003,  1.49124969,
        -0.56386986],
       [-0.42986158,  1.18869311,  0.67645464,  0.84041978, -0.3934954 ,
         0.04200282],
       [ 0.46120683, -2.11775394, -0.0516953 , -0.03425386,  2.44447383,
         0.53651952],
       [-1.1098372 , -2.09085554,  0.23262073,  2.32213264,  2.24703576,
        -1.31376237],
       [-0.65322151,  1.25136503, -1.3974113 ,  1.83323164, -2.08948292,
        -0.6817767 ]]), array([[-0.3774288 , -1.50962546],
       [-1.78752558,  0.06842817],
       [ 0.40539787,  0.86200998],
       [-0.94512684,  0.70005836],
       [-0.92180585,  0.5433982 ],
       [-1.8829066 ,  2.13565464]])], [array([ 0.83520989, -1.40050201, -0.27228341,  2.20353828,  2.3426871 ,
       -2.13434829]), array([-1.14266184, -1.32827534])]]]
[200, 22, -1, -1, 1, [[array([[-0.21683071,  0.31861019,  0.97486098, -0.22402437, -0.42387516,
        -1.24121467],
       [ 1.00592302,  1.49752596, -0.47152076,  0.60548547, -1.50269745,
        -0.12190479],
       [ 1.28178565,  1.63034724,  1.22592212,  2.02528208, -0.22586098,
        -0.04767701],
       [ 2.43671031, -0.94008305, -1.25292185,  2.29240757,  1.46900378,
        -1.67421595],
       [-0.69316082,  1.5393821 , -2.41072629, -2.20311032, -0.85044484,
        -1.43636227],
       [ 0.36816398, -0.6493764 , -1.79017532, -0.15463523,  2.25736948,
        -1.57779683]]), array([[ 0.31140809,  0.41168654],
       [-0.3939845 , -2.12047233],
       [-0.52044595,  2.32829594],
       [-0.46676251,  1.06984274],
       [ 2.44298459, -0.20813836],
       [ 1.57612866, -2.06165458]])], [array([ 0.73754977, -1.97313178, -2.3673255 ,  1.53769868,  0.94160491,
        2.20123337]), array([0.48482394, 1.49767546])]]]
[200, 10, -1, -1, 0, [[array([[ 2.26067255, -1.58297508,  1.14791126, -1.02482349, -0.42525203,
        -0.84117263],
       [-0.65343578,  1.83036994, -2.22121334,  2.04542523,  1.24812961,
        -2.39542963],
       [-0.67657155, -1.72443448, -0.61148626, -0.72368538, -1.55934094,
         0.27248624],
       [-2.21368031, -0.58914103,  2.0946498 ,  1.93790951, -1.68582643,
         0.35827111],
       [ 1.55275189, -0.49712128, -1.30336684, -0.57988614, -1.15938015,
        -0.33688859],
       [-0.44879406,  0.88343571,  1.83842164, -1.26205288,  0.48089223,
        -1.03020324]]), array([[ 1.74490317, -1.54617033],
       [ 0.78487522,  0.43751152],
       [ 1.49744762,  0.01752747],
       [-0.23151657,  1.11157267],
       [ 2.13896268,  2.00149299],
       [-2.13307736,  0.29857864]])], [array([ 0.52919448, -1.73306459, -2.144567  ,  0.58003833, -0.78405611,
        2.02886556]), array([ 0.5174657 , -1.42722977])]]]
[200, 5, -1, -1, 1, [[array([[ 0.23307161,  1.841185  , -1.27337777, -1.9756688 ,  1.07553071,
        -2.35410037],
       [ 0.21966141,  1.10277748, -2.27031261, -1.78138999, -1.80043995,
         1.37311329],
       [-1.40360966,  1.29773168, -0.36369051,  0.98670748,  2.38938555,
         2.326392  ],
       [-1.82736613,  0.32332705, -1.48149761, -0.5741172 , -1.480638  ,
         1.21938569],
       [ 0.72810862, -2.38938663,  0.40677406,  2.10665001, -0.31799547,
         0.72747454],
       [-0.1407426 ,  0.61659178, -0.27706896,  0.93920684, -2.03201798,
        -2.19241288]]), array([[-2.06052936,  0.37072102],
       [ 0.38486274, -0.05336417],
       [-0.97521789,  0.62368807],
       [ 0.14064606,  2.10892301],
       [-2.29853747,  2.39585077],
       [-0.12161195,  0.14750193]])], [array([ 0.58946715,  2.19334209, -2.39839418,  0.67139031, -0.35071367,
        0.12691219]), array([-0.1762442 ,  0.44001007])]]]
[200, 15, -1, -1, 0, [[array([[ 1.32505312, -0.5248211 ,  0.44659781,  1.68959302, -0.63150437,
        -1.75308749],
       [ 0.54142827,  0.82387176, -2.42148997, -2.08694324, -1.5127075 ,
        -0.33934982],
       [-1.13306612,  0.96915412,  2.25827374, -1.24304636, -1.31166637,
         2.05493923],
       [-0.65884564, -0.6372458 , -1.73885813, -2.43164463, -0.68230769,
         1.24093132],
       [-0.23859253,  1.72978688,  1.77458905, -1.32280258,  2.10678159,
        -1.8200585 ],
       [ 0.78234727, -0.42189717, -1.36970214,  1.84515545,  2.30599665,
        -0.02269412]]), array([[-2.37024908,  0.43682836],
       [ 1.15286449, -0.04878936],
       [-2.44186163,  1.93179471],
       [-0.72599608,  0.15135099],
       [ 1.88277824,  0.91026337],
       [-0.11424186,  2.01447928]])], [array([ 2.01890159,  0.27625692, -0.15677089,  2.1508066 ,  0.3127662 ,
        0.66229491]), array([-2.33130852,  1.70870542])]]]
[200, 11, -1, -1, 1, [[array([[-0.29723922, -0.44352688, -0.45983299,  1.78098709, -1.50414026,
         0.375069  ],
       [-0.84726541, -1.8551338 ,  0.00237269,  2.29866268, -1.6700487 ,
         2.0223712 ],
       [-0.28054741, -0.04063176,  2.03990057, -0.09513561, -1.4914961 ,
         0.67159576],
       [ 0.86470655, -1.98536553, -1.0147559 ,  1.01772099, -0.94235811,
        -0.55787765],
       [-0.85882049,  1.80999633, -0.19393658, -0.01549941, -2.02514285,
        -1.55890671],
       [-1.08859612,  0.65986731, -1.43639551,  0.33631519, -1.32246632,
        -1.34381629]]), array([[ 2.35436453, -0.00754858],
       [-0.62915464, -0.6044088 ],
       [-1.43204195,  2.38323361],
       [ 0.40703279,  0.20010015],
       [ 2.07393891, -0.53157256],
       [ 0.98349958,  1.59061596]])], [array([-0.52778017, -1.8963132 ,  0.46454721,  2.20025951, -0.50201968,
        1.23493563]), array([-2.24783079,  1.42454785])]]]
[200, 6, -1, -1, 0, [[array([[-0.04363777, -2.03088811,  0.96527444, -1.5672636 ,  0.1338078 ,
         0.98993092],
       [ 1.05181703, -1.6836637 , -2.02696135, -2.26880896,  0.43328901,
        -1.07733546],
       [-2.41339012, -1.81682956,  2.3744718 , -1.17110534, -1.16629082,
         0.77053987],
       [-0.20028999, -0.9251038 ,  1.60954072, -1.42960969,  0.87001168,
         1.62561991],
       [ 0.91180768, -0.04464265, -1.31736671,  0.12976442, -2.30625053,
        -0.64129754],
       [ 1.69154744,  1.43078503, -1.33512555,  0.11005925,  1.59671451,
         0.10441078]]), array([[-0.53867569,  1.4512093 ],
       [-1.9226997 ,  2.12994949],
       [ 0.31353263, -0.84942353],
       [ 1.96821792, -0.66823922],
       [-0.37638098, -0.25572408],
       [ 2.32826283, -0.84001043]])], [array([ 1.71360827,  0.00741928, -2.07703158,  0.64690097,  1.49534536,
       -0.47199184]), array([-0.21268589,  1.19268508])]]]
[200, 20, -1, -1, 1, [[array([[-1.02069269,  0.84162341,  1.64015047, -2.01622122,  2.29097386,
        -0.98876546],
       [ 2.44813959, -1.63191106,  0.86125196,  2.40229283,  1.90593643,
         0.74841261],
       [ 0.09369589,  1.65242647, -1.57153771, -0.442555  ,  2.44507024,
         2.03211539],
       [-1.24366846,  2.16394878,  0.13995606,  1.93268029,  1.31335164,
        -1.815255  ],
       [ 1.3610591 , -1.42628152,  0.3830485 , -0.24479409,  1.23476839,
         1.3908849 ],
       [ 1.76425777, -0.67968372, -1.78402938,  1.98457097, -1.56987361,
        -0.59155201]]), array([[-1.7604502 ,  0.85753013],
       [ 1.62688429, -0.39006685],
       [ 1.85894615, -2.43529053],
       [-0.838525  , -0.29767581],
       [ 0.22042976,  1.73978759],
       [ 0.8383352 , -1.3310509 ]])], [array([-2.03944508e+00,  6.89570532e-04,  6.15214557e-01,  2.71380033e-01,
       -1.89977131e+00, -7.50596031e-01]), array([ 1.15003472, -1.1535576 ])]]]
[200, 8, -1, -1, 0, [[array([[-1.67254543,  2.43222008, -1.40424159, -0.24563952,  0.26314423,
        -0.42823333],
       [-2.3073442 ,  2.10556971, -0.2754983 , -1.31874603,  2.18933648,
        -1.51152859],
       [-1.93727274,  1.7694418 , -0.49893335, -1.63301537, -2.42214112,
         0.60224402],
       [ 1.4004613 , -2.38270089,  1.11276005,  1.70862506,  0.13112806,
        -0.28241558],
       [-1.60062764,  1.1814555 , -0.41168637, -0.52233617, -1.64152272,
        -0.89182991],
       [ 1.841575  , -1.27564285, -1.91781938, -1.78150274,  1.20669917,
         0.20851145]]), array([[ 2.28235352, -2.35046359],
       [ 1.14790924, -2.34298518],
       [-0.67293782,  1.49313511],
       [ 2.30359665,  0.2341961 ],
       [ 1.46727851, -2.14161998],
       [ 0.40866462,  0.74742171]])], [array([-2.22433025,  1.51028485,  1.46192977, -1.2928164 , -2.3735014 ,
       -1.39899332]), array([-0.01801128, -1.49842215])]]]
[200, 17, -1, -1, 1, [[array([[-1.78450379, -1.41867198,  0.3747406 ,  0.00306733, -1.249322  ,
         2.31188684],
       [ 2.43198894, -0.6285615 , -1.1773342 ,  0.12308069, -0.83918597,
        -2.13787983],
       [ 1.9034006 , -1.00724466,  1.11240983,  1.88846778, -1.12209753,
         0.39926029],
       [-0.01053444,  0.73054254, -0.99061857,  2.34728486,  0.36535001,
         2.11348282],
       [-0.97464069, -1.3948693 ,  0.29283193,  1.95358213, -0.37781808,
        -0.60314001],
       [ 2.40047155, -1.75001524,  0.34548152,  1.71363247, -0.49915086,
         1.31201471]]), array([[ 1.17456909,  0.16506094],
       [-1.62340046,  1.9014949 ],
       [-0.94739567, -1.73844677],
       [-0.4113568 , -0.24421017],
       [ 0.55088674, -1.72735795],
       [-0.57023153, -0.60009109]])], [array([-0.7139133 ,  0.68404723, -1.92949355,  1.25957663,  0.38714957,
       -1.27648785]), array([1.02286006, 2.1708139 ])]]]
[200, 0, -1, -1, 0, [[array([[-1.24234803,  1.36670608, -1.01691104, -1.39932999,  1.10959847,
         0.49539491],
       [ 1.3986321 ,  1.42724095,  1.15520659, -0.31908874,  1.87558956,
        -0.24501466],
       [ 1.37045197, -1.5381167 ,  0.45129994,  1.98010401,  1.21787142,
         0.53332308],
       [-1.67015007, -1.19409071, -2.18779287, -0.39423967, -0.28521017,
        -0.33440859],
       [ 2.44829984, -0.39934521, -0.6324758 ,  1.83588582,  0.55055563,
        -2.16125169],
       [-1.00994258,  0.46853   , -1.05633341,  1.47124544, -2.26440603,
         0.30651657]]), array([[-1.84217727,  1.79863018],
       [ 1.26152245,  2.01639161],
       [-1.24875665,  2.41057828],
       [ 1.89554814, -1.0894017 ],
       [ 0.36360708,  0.0471013 ],
       [ 0.68959589, -0.59562216]])], [array([-0.50563754, -0.67031284, -2.03719872, -0.51134338,  0.85703471,
        1.85619584]), array([-0.18453093, -1.13786969])]]]
[200, 18, -1, -1, 1, [[array([[ 1.85828712,  1.89400448, -0.68679289, -1.8147354 , -1.51406159,
         2.1118247 ],
       [ 0.85709564,  2.04262469, -1.15326954, -1.34007733,  1.42182559,
         0.69953727],
       [-0.98158296,  1.09770181, -1.56002906, -0.05604998, -0.32793015,
        -0.94155946],
       [-1.32021902, -2.13308928, -2.2842668 ,  0.83215975, -0.97371315,
         2.32957222],
       [-1.74882056, -0.68525129, -1.98854574, -1.1306546 , -0.33772953,
         0.40602514],
       [-2.12501786,  1.74766051, -2.02232778, -2.22573244, -0.84465774,
         1.97054874]]), array([[-0.18652844, -2.29487261],
       [ 0.11651193, -1.28200334],
       [-1.62150218,  0.42899665],
       [ 0.39992116, -2.1924683 ],
       [ 0.27739085,  1.22641222],
       [-2.07749963, -0.11636039]])], [array([ 2.34377694,  0.10978883,  1.42381901,  0.86341682,  1.92345095,
       -2.41559399]), array([1.3304529 , 0.55539167])]]]
[200, 1, -1, -1, 0, [[array([[-0.6325858 , -1.82046036,  1.77180331, -2.04572587, -1.23270863,
        -0.0927225 ],
       [ 1.92452372, -1.39373986, -1.95017133, -0.80391854, -0.29356279,
        -0.69249045],
       [-2.12709088,  0.73882879, -0.82446151, -0.17595531, -0.28146754,
         0.91424269],
       [-2.02825339,  1.75777759, -1.59849906, -2.1807939 , -1.94771871,
        -1.66576857],
       [-1.8521892 , -1.20472261, -1.43156725, -2.16003497, -2.31331778,
        -0.55161186],
       [-0.47029582,  0.76347792, -1.38973998,  0.90967193, -0.47304104,
         0.64231841]]), array([[-2.29950067, -1.95151376],
       [ 1.80663174,  1.77281544],
       [ 0.95613068,  0.1264663 ],
       [-0.85303404, -0.19600157],
       [ 2.2579474 ,  0.92923401],
       [-2.06097409, -1.1313098 ]])], [array([ 1.86435264, -0.08655379,  2.06994377,  0.43338097,  0.27426674,
       -0.60307122]), array([1.69775674, 1.85455684])]]]
[200, 12, -1, -1, 1, [[array([[ 0.85849727, -2.23333502,  2.20927201,  1.90520991,  0.75200912,
         1.76150028],
       [ 1.74541861, -1.32514112,  0.64618237,  0.94853374,  1.4721096 ,
        -0.39497979],
       [ 2.04437105,  0.18866318, -0.44819801,  0.90031969, -1.70404328,
         0.7337372 ],
       [-1.64378778, -0.73418669,  0.37419845,  0.08081289,  2.24431088,
         0.44420427],
       [-0.63545924, -0.81198434,  2.10547448, -0.59905995, -1.73835895,
         1.64681138],
       [ 2.10530587, -0.76579679,  1.84523156, -1.79763076,  1.34118532,
         1.082915  ]]), array([[ 1.56081751, -2.04599439],
       [-1.31696629,  1.53609659],
       [ 1.64658623,  2.00767141],
       [-1.78039415, -0.29658224],
       [-0.5270851 ,  1.21202423],
       [ 0.28089118, -2.06248778]])], [array([ 0.23219603, -1.75518626,  0.42247838,  0.40866403, -1.57916229,
        2.21420095]), array([-1.25334851, -1.48072321])]]]
[200, 13, -1, -1, 0, [[array([[-0.3235702 ,  1.34618284,  1.05406721, -0.79569592,  2.02671494,
        -2.03255109],
       [-2.08167022,  0.95527104, -0.04815162,  1.28840652, -0.0725128 ,
         0.56762404],
       [-0.04102049, -0.98871443,  0.16897702, -2.41940861,  0.30487208,
         1.31661141],
       [-0.03301581,  1.56283529,  0.87709795,  2.4167327 ,  1.39845579,
         2.3838428 ],
       [-2.08807697,  1.40349274, -1.87747302,  1.56803388, -1.17210332,
        -2.25485594],
       [ 0.18556258, -1.57423273, -1.05698344, -0.93616521, -0.14008388,
         1.74513944]]), array([[ 0.69706166, -1.31662207],
       [ 1.36948032, -0.60113121],
       [-2.35189218,  0.09652801],
       [ 2.2007309 ,  1.56765121],
       [ 0.58028075, -0.81251937],
       [-1.32789789,  2.32919274]])], [array([ 0.51828398,  1.88974869,  1.64286717, -0.72369148, -1.50548303,
       -0.21549879]), array([1.56536523, 0.49101982])]]]
[200, 7, -1, -1, 1, [[array([[-1.81958213, -0.04927921, -1.19928709,  1.37145949,  1.18006034,
         2.40916453],
       [ 1.19972642, -1.99665768, -2.33550707,  2.33734695, -1.73578755,
         1.59252791],
       [-1.09415618,  0.50313088, -0.02113756, -1.69022811, -1.55508536,
         0.75737191],
       [ 0.08344831,  0.42858579,  0.05377384, -0.81322956,  0.56793296,
        -1.16702906],
       [ 0.34890937, -0.05323012, -0.68742994,  1.93843447,  1.36418105,
        -0.60738231],
       [-2.26352363, -2.2952372 , -2.32575987,  0.98232891, -1.11546601,
        -1.61468352]]), array([[-0.63286905,  0.26006691],
       [-2.31761827, -1.72321319],
       [ 0.38747554,  0.61257043],
       [ 0.84568661, -1.73693372],
       [ 1.28490428,  1.42842648],
       [ 1.48775595, -0.98077473]])], [array([-1.14798918, -1.15783357, -2.10827466, -2.19760953,  0.54929967,
        0.12244089]), array([-2.27394833, -0.36305911])]]]
[200, 2, -1, -1, 0, [[array([[ 0.8604484 , -1.86069805, -1.28031735, -0.41735944,  2.32220855,
         0.79415014],
       [ 0.19915387, -1.88413272,  0.9472696 ,  0.9640231 ,  1.21222105,
        -0.15631765],
       [-0.40090893, -1.14521131, -1.52369029, -0.51003183, -0.01000812,
         0.27541091],
       [-0.38743236,  2.10990131,  1.66304281, -0.81389021, -2.40924918,
        -2.3857535 ],
       [ 0.97413747, -0.40405323, -2.05864424,  2.3814899 , -1.20907209,
         1.63584169],
       [-2.20613997, -0.15869992, -0.3791177 , -1.73756241,  0.43478397,
         2.16072531]]), array([[ 1.11892468,  0.30323409],
       [-2.30492121, -0.96431812],
       [-1.81150082,  0.26236885],
       [-0.87535775,  2.16528599],
       [-1.12336429,  1.54082742],
       [-0.48160914, -2.2656751 ]])], [array([ 2.26480481, -0.50885302,  0.97632227, -1.33379413, -2.36169239,
       -2.40092309]), array([0.69245616, 0.11848779])]]]
[200, 4, -1, -1, 1, [[array([[-1.9961207 , -0.72030713,  0.90208985,  1.20423356,  1.66918029,
         0.06634989],
       [ 0.74439243, -0.37482444,  0.02058275, -2.28411488, -2.43023445,
         0.29417326],
       [ 0.39311208,  1.70074503, -0.12811853,  0.07671705,  1.17639889,
        -1.04099112],
       [-0.38901052, -1.52698679, -2.1112957 ,  2.1647514 , -2.06448867,
         1.88261689],
       [-0.91523184,  1.2456052 , -1.36242784, -0.46238131, -1.47582035,
        -0.39501814],
       [-1.17795092, -2.19245293,  1.46498269, -1.7740854 ,  1.3268031 ,
        -1.39933578]]), array([[-1.7614009 , -2.07005294],
       [-0.62520597, -0.29529812],
       [-1.56639198, -0.3677784 ],
       [ 2.26127523, -1.04672464],
       [-0.64068474,  2.43595699],
       [ 0.19684416,  1.8672656 ]])], [array([-0.37108747,  2.3842236 , -0.85436811, -0.31421048, -1.81160768,
       -0.4782954 ]), array([ 1.01848859, -2.00825275])]]]
[200, 9, -1, -1, 0, [[array([[-0.0160677 ,  0.7409502 ,  0.95228931, -0.84340572, -2.33369181,
        -0.42432557],
       [ 1.69715683,  1.04458731,  0.19248983,  1.8482397 ,  0.93146168,
         1.96109144],
       [-2.06021864,  1.07103004,  0.96996683, -2.07257222, -2.41908126,
         1.25295419],
       [ 0.72584066, -2.38776268, -1.05044025,  1.76506022, -1.04740539,
        -0.40422324],
       [-1.51833323,  0.17009697, -0.67884846,  0.58824597, -0.51479469,
         2.13013286],
       [-1.09759212,  0.7520445 , -1.82227131,  0.45052022,  0.12628435,
        -0.72464081]]), array([[ 2.14677618,  2.22701916],
       [ 2.20790127,  0.4154334 ],
       [ 2.23130058,  1.10026184],
       [ 0.27726803, -1.24215239],
       [ 2.23412396,  0.88738889],
       [-1.02743854, -1.85826336]])], [array([-0.47994963, -2.24710392, -0.28034832,  1.11145282,  1.80539487,
       -0.56113828]), array([-1.0321137 ,  1.08853507])]]]
[577005, 24, 'death']
[577155, 19, 'death']
[577305, 3, 'death']
[577455, 21, 'death']
[577605, 23, 'death']
[577805, 14, 'death']
[577955, 16, 'death']
[578105, 22, 'death']
[578255, 10, 'death']
[578405, 5, 'death']
[578555, 15, 'death']
[578705, 11, 'death']
[578855, 6, 'death']
[579005, 20, 'death']
[579205, 8, 'death']
[579355, 17, 'death']
[579505, 0, 'death']
[579655, 18, 'death']
[579805, 1, 'death']
[579955, 12, 'death']
[580105, 13, 'death']
[580255, 7, 'death']
[580405, 2, 'death']
[580555, 4, 'death']
[580705, 9, 'death']
[580805, 15, 'birth', 2, 22, 1, [[array([[ 0.8604484 , -1.86069805, -1.28031735, -0.28489458,  2.32220855,
         0.79415014],
       [ 2.44948974,  2.44948974,  0.9472696 ,  0.9640231 ,  1.21222105,
        -2.44948974],
       [-0.40090893, -1.14521131, -1.52369029, -0.51003183, -0.01000812,
         0.27541091],
       [-0.38743236,  2.10990131,  2.12552329, -2.44948974, -2.40924918,
        -2.3857535 ],
       [ 0.97413747, -0.40405323, -2.05864424, -2.43329718, -1.20907209,
        -1.10571744],
       [-2.44948974, -0.15869992, -1.83933568, -1.73756241, -1.2064432 ,
         2.16072531]]), array([[ 1.11892468,  0.30323409],
       [-1.41421356, -1.41421356],
       [-1.41421356,  0.26236885],
       [-0.87535775,  1.41421356],
       [-1.12336429,  1.41421356],
       [-0.48160914, -1.41421356]])], [array([ 2.26480481, -2.44948974,  0.97632227, -1.33379413, -2.36169239,
        2.20123337]), array([0.48482394, 1.41421356])]]]
[580805, 16, 'birth', 24, 20, 0, [[array([[ 1.07560519, -0.65619724, -1.37704044, -0.35454708,  0.03033571,
        -2.00475228],
       [ 0.29609801,  2.15799987,  0.39594395,  0.88111738,  0.64314848,
        -1.32607063],
       [-1.06379259,  0.38679995, -2.44948974, -0.81492576, -2.22275826,
         1.13172553],
       [-1.44507222,  2.44948974,  1.98030753,  0.61641743, -0.60501522,
        -1.79279917],
       [-1.8190956 ,  0.59157868, -1.21156736,  2.3629543 ,  0.4542693 ,
        -0.57587905],
       [-0.26078827, -0.60327914,  0.10761611,  1.33076296, -0.9234192 ,
        -0.43323595]]), array([[-1.41421356,  1.29866566],
       [-1.41421356, -1.41421356],
       [-0.71577971, -0.14334946],
       [ 0.41281445, -0.42464865],
       [ 1.01697788,  0.39206193],
       [-1.41421356, -1.19154137]])], [array([ 2.16724214e+00,  6.89570532e-04,  6.15214557e-01,  2.71380033e-01,
       -1.47582330e+00, -7.50596031e-01]), array([ 1.15003472, -1.1535576 ])]]]
[580805, 1, 'birth', 6, 17, 0, [[array([[-0.04363777, -2.03088811, -0.91270492, -1.5672636 ,  2.44948974,
         2.44948974],
       [ 1.05181703, -1.6836637 , -2.02696135, -2.26880896, -0.96129174,
         2.44948974],
       [-2.41339012, -1.81682956,  2.3744718 , -1.17110534, -1.16629082,
         0.77053987],
       [-0.20028999, -0.9251038 ,  1.60954072, -1.42960969,  0.87001168,
         1.62561991],
       [ 0.91180768, -0.04464265, -1.31736671,  0.12976442,  0.1995774 ,
        -0.64129754],
       [ 1.69154744,  1.43078503, -1.33512555,  0.11005925,  1.59671451,
         0.10441078]]), array([[-0.53867569,  0.16506094],
       [-1.41421356,  1.41421356],
       [-0.94739567, -1.41421356],
       [-0.4113568 , -0.24421017],
       [ 0.55088674,  0.39129687],
       [-0.57023153, -0.60009109]])], [array([-0.7139133 ,  0.68404723, -1.92949355,  1.25957663,  0.38714957,
       -1.27648785]), array([1.02286006, 1.41421356])]]]
[580805, 23, 'birth', 13, 22, 0, [[array([[-0.3235702 ,  1.34618284,  1.05406721, -0.20882906,  2.02671494,
        -2.28398087],
       [-2.44948974,  0.95527104, -0.04815162,  1.28840652, -0.0725128 ,
         0.56762404],
       [-0.06225177,  2.44948974,  1.22592212,  2.02528208,  2.1185582 ,
         2.44948974],
       [ 2.43671031, -2.44948974, -1.25292185,  2.29240757,  1.46900378,
         2.12342236],
       [ 2.44948974, -0.78661316, -2.41072629, -2.44948974, -0.85044484,
        -1.43636227],
       [ 0.36816398, -0.6493764 , -1.79017532, -0.15463523,  2.44948974,
        -0.64696099]]), array([[-1.35841959,  0.41168654],
       [-0.3939845 , -1.41421356],
       [-0.52044595,  1.41421356],
       [-0.46676251,  1.06984274],
       [ 1.41421356, -0.20813836],
       [ 1.41421356, -1.41421356]])], [array([ 0.73754977, -1.97313178, -2.3673255 ,  1.53769868, -0.26588609,
        2.20123337]), array([0.80936235, 1.41421356])]]]
[580805, 2, 'birth', 10, 21, 1, [[array([[ 2.26067255, -1.58297508,  2.35321484, -1.02482349, -0.42525203,
        -0.84117263],
       [-0.65343578,  1.83036994,  0.38733658, -2.20604254,  1.65803467,
        -2.21367888],
       [ 2.2428881 , -2.05812682, -0.2205967 , -0.64486482,  1.01319555,
        -2.39057849],
       [ 0.14298821,  0.9301504 , -1.77207373,  0.85623078, -1.04342043,
         0.44841873],
       [ 1.2324815 ,  1.65354587,  1.33869553, -0.15013221, -1.14709294,
         2.44948974],
       [ 1.19475538, -2.19056674,  2.44948974, -0.38392719,  0.9638959 ,
        -0.3579329 ]]), array([[-0.93229469, -1.41421356],
       [-0.22006352,  0.75607446],
       [-1.41421356, -1.41421356],
       [-1.0270826 , -1.05263548],
       [-0.90998891,  1.28362931],
       [-1.41421356,  1.41421356]])], [array([-1.08420442,  0.06911432,  2.44948974, -0.97053399, -0.46928155,
       -0.80796544]), array([-1.41421356,  0.38272816])]]]
[580805, 3, 'birth', 8, 19, 0, [[array([[-1.67254543,  2.43222008, -1.40424159, -2.44948974,  0.26314423,
        -0.71834869],
       [-2.3073442 , -0.35055024,  2.18799015, -1.02086367, -0.62803625,
         0.83878944],
       [-0.65599251, -0.33798127,  1.29722295,  0.71565718,  2.09533343,
        -1.78303201],
       [-1.54895531, -0.8410103 , -2.15912463, -1.51361244, -1.27620674,
         0.01181192],
       [-0.30796253,  1.97181852,  1.0921039 ,  0.6594541 ,  1.47842921,
         0.0264767 ],
       [ 2.44948974, -1.09439948, -0.46634066, -1.10924323, -0.76500799,
         0.35209747]]), array([[ 1.01703319, -0.7720017 ],
       [ 1.32406716, -1.41421356],
       [ 1.31355884, -0.12672213],
       [-0.94601336,  1.41421356],
       [ 1.41421356,  1.41421356],
       [ 1.34881595,  1.41421356]])], [array([ 0.27058406, -2.08476451, -1.71923932,  2.39850189,  2.44948974,
        0.11119375]), array([-1.41421356, -0.91690324])]]]
[580805, 12, 'birth', 2, 11, 1, [[array([[ 0.8604484 , -1.86069805, -1.28031735, -0.41735944,  2.32220855,
         0.79415014],
       [ 0.19915387, -1.88413272,  0.9472696 ,  2.44948974,  0.75669917,
        -0.15631765],
       [ 2.24382167, -1.14521131, -1.52369029,  2.44948974, -1.4914961 ,
         0.67159576],
       [ 0.86470655, -0.11929901, -1.0147559 ,  1.01772099, -0.94235811,
        -0.55787765],
       [-0.85882049,  2.09986265, -0.19393658, -0.01549941, -0.83473114,
        -1.55890671],
       [-1.08859612, -1.60123084, -2.44948974, -0.11387667, -1.32246632,
        -1.34381629]]), array([[ 1.41421356, -0.00754858],
       [-0.62915464,  0.7637421 ],
       [-1.41421356,  1.41421356],
       [ 0.40703279,  0.20010015],
       [ 1.41421356, -0.53157256],
       [ 0.98349958,  1.41421356]])], [array([-0.52778017, -1.8963132 ,  0.46454721,  2.20025951, -0.50201968,
        1.23493563]), array([-0.883066  ,  1.41421356])]]]
[580805, 11, 'birth', 3, 22, 0, [[array([[ 0.27379257, -2.24584969, -2.44948974, -1.86634286, -1.67749876,
         0.25265579],
       [-1.29916872, -0.05946068,  0.16512964, -0.65123319, -1.01101237,
        -0.12099465],
       [ 0.78154723,  1.48019943,  1.92051149,  0.32839328, -1.4630678 ,
        -2.28923436],
       [-1.31560599,  1.39478267,  0.37960248,  1.7252673 ,  2.00000676,
         0.5244607 ],
       [ 1.68872542,  1.5393821 , -2.41072629, -2.20311032, -0.85044484,
         1.14033641],
       [ 0.36816398, -0.6493764 , -1.79017532, -0.15463523, -2.44948974,
        -1.57779683]]), array([[-0.20849717,  0.41168654],
       [-0.10128947, -0.86296963],
       [-0.52044595,  1.41421356],
       [-1.23581178,  1.06984274],
       [ 1.41421356, -0.20813836],
       [ 1.41421356, -1.41421356]])], [array([ 2.44948974, -1.97313178, -2.3673255 ,  1.53769868,  0.94160491,
        2.20123337]), array([0.48482394, 1.41421356])]]]
[580805, 19, 'birth', 15, 18, 1, [[array([[ 1.32505312, -0.5248211 ,  0.44659781,  1.68959302, -0.63150437,
        -1.75308749],
       [ 0.54142827,  0.82387176, -2.42148997, -0.99808769, -1.5127075 ,
        -0.33934982],
       [ 2.44948974,  0.96915412,  2.44948974, -1.24304636, -1.31166637,
         2.05493923],
       [-0.65884564, -0.6372458 , -1.73885813, -2.43164463, -0.68230769,
         1.24093132],
       [-1.85696133,  1.72978688,  1.77458905, -1.32280258,  2.10678159,
         0.40602514],
       [-2.12501786,  1.74766051, -2.02232778, -2.44948974,  2.44948974,
         1.97054874]]), array([[-0.18652844, -1.41421356],
       [ 0.11651193, -1.41421356],
       [-1.41421356,  0.42899665],
       [ 0.39992116, -1.41421356],
       [ 0.27739085,  1.22641222],
       [-0.55925542, -0.11636039]])], [array([ 2.34377694,  0.10978883,  1.42381901,  0.86341682,  1.92345095,
       -2.41559399]), array([ 1.3304529 , -0.26491381])]]]
[580805, 6, 'birth', 10, 22, 0, [[array([[ 2.26067255, -1.58297508, -1.25917425, -1.13724153, -0.42525203,
        -0.84117263],
       [-2.44948974,  1.83036994, -2.22121334,  2.19377605,  1.24812961,
        -2.39542963],
       [ 0.5531418 , -1.72443448, -0.61148626, -0.72368538, -1.55934094,
         0.27248624],
       [-2.21368031, -0.58914103,  2.0946498 ,  1.93790951,  1.46900378,
        -1.67421595],
       [-0.69316082,  1.5393821 , -2.41072629, -2.20311032, -0.85044484,
        -1.43636227],
       [ 0.36816398, -0.98399327, -2.44948974,  1.51926148,  2.25736948,
        -1.57779683]]), array([[ 0.31140809,  0.41168654],
       [-0.0594429 , -1.41421356],
       [-1.41421356,  0.5517545 ],
       [-0.46676251,  1.06984274],
       [ 0.73372041, -0.20813836],
       [ 1.41421356, -1.41421356]])], [array([ 2.44948974, -1.97313178, -2.3673255 ,  1.53769868,  0.94160491,
        2.20123337]), array([0.48482394, 1.41421356])]]]
[580805, 24, 'birth', 3, 14, 0, [[array([[-2.29969446, -2.2643697 , -1.49299709, -2.44948974, -1.67749876,
         2.44948974],
       [-1.29916872, -0.05946068,  0.16512964, -0.65123319, -1.01101237,
        -0.12099465],
       [ 0.78154723,  1.05052737,  2.44948974, -0.64294013, -1.4630678 ,
        -2.28923436],
       [-1.31560599,  1.39478267,  2.32133968,  1.7252673 ,  2.00000676,
        -2.18580629],
       [ 2.05788748, -2.44948974, -0.87786832,  2.38102154, -0.46270817,
         1.89803832],
       [ 0.49594356, -0.09211138,  2.44948974,  1.9487263 , -0.99586554,
        -2.44948974]]), array([[-0.77313999, -0.13182847],
       [ 1.38054104,  1.26065744],
       [-1.41421356, -0.14397045],
       [ 1.41421356, -0.20505219],
       [ 0.634692  ,  0.43512278],
       [-0.65540594,  1.41421356]])], [array([ 2.14917253,  2.07788704,  0.65571872, -0.99285568, -0.17609336,
        2.44948974]), array([ 1.04897911, -0.34431038])]]]
[580805, 0, 'birth', 3, 4, 1, [[array([[-2.29969446, -2.24584969,  0.90208985,  1.20423356,  1.66918029,
        -1.89206007],
       [ 0.74439243, -0.37482444, -2.44948974, -2.28411488, -2.43023445,
         0.29417326],
       [ 0.39311208,  1.70074503, -0.12811853,  0.07671705,  1.17639889,
        -1.04099112],
       [-0.38901052, -2.44948974, -2.1112957 ,  2.1647514 , -2.06448867,
         1.37550434],
       [-0.91523184,  1.2456052 , -1.36242784, -0.50831653, -1.47582035,
        -1.2841954 ],
       [-1.17795092, -2.19245293,  1.46498269, -2.44948974,  2.44948974,
        -1.39933578]]), array([[-1.41421356, -1.41421356],
       [-0.62520597, -0.29529812],
       [-1.41421356, -0.3677784 ],
       [ 1.41421356, -1.04672464],
       [-0.64068474,  1.41421356],
       [ 0.19684416,  1.41421356]])], [array([-0.37108747,  2.3842236 , -0.85436811, -2.44948974, -1.81160768,
       -0.4782954 ]), array([ 1.01848859, -1.41421356])]]]
[580805, 17, 'birth', 3, 21, 1, [[array([[-2.29969446, -2.44948974, -1.49299709, -2.44948974, -0.40228855,
         0.25265579],
       [-1.29916872, -0.05946068,  0.16512964, -0.65123319, -1.01101237,
        -0.12099465],
       [ 0.78154723,  1.05052737,  1.92051149, -2.44948974, -1.4630678 ,
        -2.28923436],
       [-1.31560599,  1.39478267,  2.32133968,  2.44948974,  2.00000676,
         0.5244607 ],
       [ 2.05788748, -1.97644449, -0.87786832, -0.15013221, -1.81333003,
         0.53813935],
       [ 1.19475538, -2.44948974,  2.38544967, -0.38392719,  0.9638959 ,
        -0.3579329 ]]), array([[-0.93229469, -1.41421356],
       [-0.22006352,  0.75607446],
       [-1.41421356, -1.41421356],
       [-1.28321457,  0.45188441],
       [-0.90998891,  1.28362931],
       [-1.41421356,  1.41421356]])], [array([-0.81760825,  0.06911432,  1.16803365,  1.53448858, -0.46928155,
       -0.80796544]), array([-1.41421356, -0.79334063])]]]
[580805, 10, 'birth', 3, 20, 0, [[array([[-0.74361559, -2.24584969,  2.44948974, -1.86634286, -1.67749876,
         1.43398145],
       [-1.29916872, -0.05946068,  0.16512964, -2.44948974, -1.01101237,
        -2.44948974],
       [ 0.78154723,  1.26836157,  1.92051149, -0.442555  ,  2.44507024,
         2.03211539],
       [-1.24366846,  2.16394878,  0.13995606,  1.93268029,  1.31335164,
        -1.815255  ],
       [ 2.44948974, -1.42628152, -1.99946523, -0.24479409,  1.23476839,
         1.3908849 ],
       [ 2.44948974, -2.44948974, -1.78402938,  1.98457097, -1.56987361,
        -0.59155201]]), array([[-1.41421356,  0.85753013],
       [ 1.41421356, -0.39006685],
       [ 1.11449016, -1.41421356],
       [-0.90342552, -0.29767581],
       [ 0.22042976, -0.3622716 ],
       [ 0.8383352 , -1.3310509 ]])], [array([-3.05492068e-01,  6.89570532e-04,  6.15214557e-01,  2.71380033e-01,
       -2.44948974e+00, -7.50596031e-01]), array([1.15003472, 1.41421356])]]]
[627256, 14, 'birth', 16, 12, 1, [[array([[ 0.58200803, -0.65619724, -1.37704044, -0.35454708,  0.03033571,
        -2.00475228],
       [-1.99930637,  2.15799987,  0.39594395,  0.88111738,  0.64314848,
        -2.35952759],
       [-1.06379259,  0.38679995, -2.44948974,  1.47417657, -2.22275826,
         1.13172553],
       [-1.44507222,  2.44948974,  1.98030753,  0.61641743, -1.45354172,
        -1.79279917],
       [-1.8190956 ,  0.59157868, -1.21156736,  2.44948974,  0.4542693 ,
        -0.57587905],
       [-0.26078827, -0.60327914,  0.10761611,  1.33076296, -1.32246632,
        -1.34381629]]), array([[ 1.41421356, -0.00754858],
       [ 0.41942792,  0.7637421 ],
       [-1.41421356,  1.41421356],
       [ 0.40703279,  0.20010015],
       [ 1.41421356, -0.53157256],
       [ 0.98349958,  1.41421356]])], [array([-0.52778017, -1.8963132 ,  0.46454721,  2.20025951, -0.50201968,
        1.23493563]), array([-0.883066  ,  1.41421356])]]]
[731307, 22, 'birth', 16, 0, 0, [[array([[ 1.07560519, -0.65619724, -1.37704044, -0.35454708,  0.03033571,
        -2.00475228],
       [ 0.694701  ,  2.15799987,  0.39594395, -1.08775893,  0.64314848,
         0.29417326],
       [ 1.31810688,  1.70074503, -0.12811853,  0.07671705,  1.17639889,
        -1.04099112],
       [-0.38901052, -2.44948974, -2.1112957 ,  2.1647514 ,  0.33728921,
         1.37550434],
       [-0.91523184,  1.2456052 , -1.36242784, -0.50831653, -1.47582035,
        -1.2841954 ],
       [-1.11401214, -2.19245293,  1.46498269, -2.44948974,  2.44948974,
        -1.39933578]]), array([[-1.41421356, -1.41421356],
       [-1.41421356, -0.29529812],
       [-1.41421356, -0.3677784 ],
       [ 1.41421356, -1.04672464],
       [-0.64068474,  0.5767374 ],
       [ 0.19684416,  1.41421356]])], [array([-0.37108747,  2.3842236 , -0.85436811, -2.44948974, -1.81160768,
       -0.4782954 ]), array([ 1.01848859, -1.41421356])]]]
[938059, 15, 'death']
[938209, 16, 'death']
[938359, 1, 'death']
[938509, 23, 'death']
[938659, 2, 'death']
[938809, 3, 'death']
[938959, 12, 'death']
[939109, 11, 'death']
[939259, 19, 'death']
[939409, 6, 'death']
[939559, 24, 'death']
[939709, 0, 'death']
[939859, 17, 'death']
[940009, 10, 'death']
[947509, 14, 'death']
[947709, 22, 'death']
[947709, 'Extinction!']
