[time, indiv, parent1, parent2, gender, brain]
[150, 2, -1, -1, 0, [[array([[ 0.98225329,  0.13740448,  2.04072614, -2.16395784, -0.36042589,
        -0.89228222],
       [-1.67778786, -1.73821494,  2.05525042,  0.86252283,  0.78937253,
        -1.87283585],
       [-1.82701557,  0.89909885,  0.42049601,  1.53935169,  1.72332052,
         0.84587555],
       [-0.26884606,  0.31434735, -1.69292502, -0.96530555, -1.34367903,
         1.7221026 ],
       [-0.59164621,  0.75042908,  2.29200849, -0.21042011, -0.10501553,
         1.5694379 ],
       [-0.51693906, -0.34019786,  0.03885265,  0.68024417, -1.65613773,
        -0.77192557]]), array([[ 1.29194536,  1.1011417 ],
       [ 1.14048124, -0.37010031],
       [ 0.20343886,  1.40361441],
       [-0.82153483, -2.15171262],
       [-0.88192848, -1.82099423],
       [-1.91847896,  2.19168529]])], [array([-0.76746544, -0.37779492,  0.11094294,  1.0907639 ,  1.90636836,
       -0.41417673]), array([-2.12768959,  2.38296896])]]]
[150, 24, -1, -1, 1, [[array([[-1.3666575 , -1.43374395, -1.93589326, -2.27888159, -0.70495826,
         0.01693893],
       [ 0.93117626,  2.03993516, -1.32913471, -1.19457941, -2.39069737,
        -2.31016515],
       [ 2.15547479, -0.92098111, -0.23449912,  1.41003644,  1.53779102,
        -2.06662917],
       [-1.72007195, -1.68051801,  0.3909203 , -1.70268308,  0.87633976,
         2.11481589],
       [ 2.01887237, -0.03451833,  0.05992148,  1.83742148,  1.00526532,
        -1.64094349],
       [ 0.52351515,  1.17117304, -1.56922839, -1.73038147, -1.10417342,
        -2.1442366 ]]), array([[ 2.12279026,  0.69706967],
       [-0.24627367,  1.28581117],
       [ 0.15562235, -2.40188691],
       [-2.40600276, -0.20952826],
       [-0.67060516,  0.42478897],
       [ 1.11140573, -0.72980596]])], [array([-2.11847798,  2.43207908,  1.48361599, -0.61348158, -0.84250646,
       -1.24381837]), array([-1.97572684, -0.30633376])]]]
[150, 0, -1, -1, 0, [[array([[-0.97060788, -1.72024845,  0.98527514,  1.5887039 ,  1.0249359 ,
         0.31987091],
       [ 0.77655959,  0.85978912, -2.38252328, -1.16308317,  0.64996404,
        -2.15178132],
       [ 0.86895286, -0.57060262, -1.23233271, -2.06005944,  0.98286202,
         0.60901397],
       [-0.35449701,  0.03525913,  1.00144748, -1.95514638, -0.7596851 ,
         1.00740625],
       [ 2.02684389,  2.13007143, -0.99898255, -2.444654  , -1.25014707,
         0.8925618 ],
       [-2.27459876,  2.12589685,  1.93123304, -0.49780571,  0.23574533,
        -1.75126934]]), array([[ 0.84315331,  1.54098668],
       [-0.00690958, -1.11774029],
       [ 1.26430822,  1.93603893],
       [-0.61633043, -2.24281474],
       [-0.09278191, -1.05548776],
       [-1.98615326,  0.31214902]])], [array([-1.53955338,  0.82181105,  0.49641092, -0.40725426,  0.50227565,
        1.03331359]), array([ 2.14072301, -1.56505011])]]]
[150, 20, -1, -1, 1, [[array([[ 1.53045202, -0.05275576,  1.61164423,  1.42537954,  1.81318532,
        -0.84090796],
       [-2.3079756 ,  0.59721058, -0.36806868, -0.52122572,  2.41216863,
         1.33437069],
       [ 0.50382869,  1.44728043, -1.29810155,  2.34888795,  0.93664363,
        -0.12497664],
       [ 2.24824988, -0.60322705, -1.10268577,  0.99242438,  0.74594478,
        -1.49751453],
       [-0.64448212,  0.78534598,  1.5174142 , -0.64440187, -0.50642537,
         1.7659639 ],
       [ 1.00523022,  1.36073274, -0.77224991, -0.7146497 ,  0.69695373,
        -1.41510927]]), array([[-1.53233255,  1.04061779],
       [-1.37016093,  2.40744194],
       [ 1.45446908,  1.2487777 ],
       [ 0.16973007, -0.10159734],
       [ 1.83892732,  1.42401968],
       [ 0.84189931, -0.22692157]])], [array([-0.4355085 , -2.42386524, -0.22386793,  1.03236902, -2.28630473,
        0.30594539]), array([-1.10558907, -2.39177804])]]]
[150, 12, -1, -1, 0, [[array([[-1.0117019 , -0.04536137, -1.17155301,  0.18645289,  1.76388292,
         1.9909745 ],
       [ 1.83339363,  1.64736745, -0.66715622, -1.04221302, -0.93255717,
         0.55876448],
       [ 2.26995089,  2.40801736,  2.10728542,  1.10742249, -0.51515629,
         1.79263962],
       [-2.22049465, -1.62195979, -2.34219115,  0.72730556, -0.96029117,
        -0.89827673],
       [ 2.04454581, -2.32384512, -0.70348078, -0.28224566, -1.25726283,
        -0.35943333],
       [ 0.10982478,  2.02062324,  1.38784174, -0.40768025, -2.38210357,
        -1.27433118]]), array([[-2.13468769, -1.01800393],
       [-1.2046988 ,  0.03430169],
       [-2.20729429,  2.23547287],
       [-1.74696171,  2.10997303],
       [-0.03672959,  2.40043435],
       [ 1.95359231,  0.74678666]])], [array([-1.11461809, -0.15013314,  0.45004437, -2.30545678,  1.60605591,
       -1.51018023]), array([1.55137725, 0.71190736])]]]
[150, 21, -1, -1, 1, [[array([[-2.09268552, -1.30199649,  1.75957924,  1.07733887, -1.23817677,
        -0.41765241],
       [-0.43443937,  1.13442474, -0.91911545, -0.28404223, -0.6988231 ,
         1.11251382],
       [ 1.22623763, -0.77474051,  1.90600623, -1.87872411,  0.31428777,
        -0.70775748],
       [ 1.89542086,  2.07562448,  0.40750743, -1.03094615,  0.31676055,
        -1.89258846],
       [ 2.21662237,  1.50285745, -0.67215314,  0.52271804,  0.8401428 ,
        -1.0218249 ],
       [-0.03980495,  1.81800064,  2.21249819, -2.43392361, -0.25765847,
        -1.3466381 ]]), array([[-1.31385105, -0.23300119],
       [ 0.23642836, -0.33447166],
       [-0.73882015, -1.99789084],
       [-0.65622193,  1.4782917 ],
       [ 0.75744354,  1.11697079],
       [-1.84408074, -1.0207483 ]])], [array([ 0.63351005,  0.03451571, -2.40865677,  2.14596357,  0.40460561,
       -0.20693686]), array([ 0.99277094, -0.03692981])]]]
[150, 6, -1, -1, 0, [[array([[ 1.23648941,  1.92867625,  0.08480569,  0.51079507,  0.98457024,
         1.86645505],
       [ 0.17209985, -1.72029635,  2.35031979,  0.59348288,  1.04715001,
         1.46896778],
       [-1.86015984, -0.79013526, -0.31872373, -0.52274328,  0.09825467,
         2.21723711],
       [-0.17662091,  1.45991924,  0.23443385,  1.98087661,  0.1695318 ,
         0.56694667],
       [ 2.17434578,  1.21340964, -1.33636505,  1.17594132,  1.0086471 ,
        -2.06856878],
       [-1.48326898, -1.86659425, -2.35565529, -0.2914356 ,  0.57100841,
         0.47403157]]), array([[ 1.19675709,  1.92792405],
       [ 0.01318307,  0.12826495],
       [-2.06530325, -0.2401542 ],
       [-1.59736794, -2.16987958],
       [ 2.15460385, -0.26750742],
       [ 2.2902863 ,  2.36507844]])], [array([ 2.0007148 ,  0.36397854, -1.5895189 , -0.59753252, -2.39381075,
        1.79673483]), array([ 2.17132522, -1.81513213])]]]
[150, 10, -1, -1, 1, [[array([[ 1.51496139, -0.37746091,  1.12834666, -0.94315299,  1.72028926,
         2.41501958],
       [-2.43213172, -1.25388613, -1.20696494, -0.01576502,  0.33820119,
         2.33662704],
       [ 1.42934964,  0.15692945, -1.40391817,  2.36973476, -0.19399183,
        -1.39991464],
       [-0.44470109,  0.26530662,  2.28106914, -1.28393175, -0.03270461,
         0.27485148],
       [-1.39465888,  1.30079638, -1.07477292, -0.70686528, -1.55771363,
        -1.51150982],
       [-1.27923741,  2.335045  ,  1.92603949, -0.17398205, -0.95031833,
        -1.29834788]]), array([[-0.12448438, -0.91457992],
       [ 1.23677838,  2.4361217 ],
       [-0.5774588 , -0.63349275],
       [ 1.52688093, -1.57994492],
       [-1.64264577,  1.19275367],
       [ 0.71740207, -0.1882315 ]])], [array([ 1.15613681,  0.77936444, -0.04216555, -1.04108367, -0.15310829,
        0.36209563]), array([-1.34428897, -1.51337253])]]]
[150, 1, -1, -1, 0, [[array([[ 0.12656969,  2.02336156, -0.2285172 ,  0.54857544, -2.42118724,
         1.75881925],
       [ 1.89897695, -0.03561358, -2.2302373 , -1.23438142,  2.19526623,
         0.47656139],
       [ 0.10336963, -1.27580464, -1.40747973, -1.39451151, -1.38920866,
         1.29722017],
       [-1.41734478, -1.92139716,  0.68784768, -2.01530054,  0.48596606,
        -1.17646214],
       [ 0.01930076, -0.2917549 , -0.51494726, -0.55485279,  1.50502694,
        -0.28816184],
       [-0.72474343, -0.22800375,  0.69744589, -0.26185848, -1.10686979,
        -2.29296626]]), array([[ 0.94352798,  0.87508958],
       [-1.24964408,  2.3047339 ],
       [ 0.12206881, -1.36864777],
       [-1.53802894, -1.7440115 ],
       [ 1.76670559, -1.85851171],
       [ 0.2331409 , -1.43241326]])], [array([-2.15674106,  0.90088835, -0.85402602, -0.153896  , -0.2814388 ,
       -0.06881598]), array([1.16700724, 2.31140083])]]]
[150, 5, -1, -1, 1, [[array([[ 0.86421615, -1.21490573,  0.61661716, -2.28857133, -0.4423816 ,
        -1.23178474],
       [-1.22115275,  1.61736118,  1.37644631, -2.09479383, -1.21939533,
        -1.48335413],
       [-2.06578336,  1.50527008,  0.77173946,  1.37334247, -1.86990836,
        -0.18759126],
       [ 0.45696015,  1.21845386, -1.21913809,  1.68355757,  2.13555205,
         0.44454764],
       [ 1.11702135, -2.39858862,  1.68426006,  0.31919735,  0.23008143,
        -1.82613505],
       [ 0.87026738, -0.39803604, -1.65333082, -2.09457969,  0.73617298,
         1.78967032]]), array([[ 2.25482338,  0.55367532],
       [-0.33166534, -1.54643399],
       [-1.79880813,  1.8567204 ],
       [ 2.16434448,  0.30329183],
       [-1.58680202,  2.11001801],
       [-1.09750998, -1.0730442 ]])], [array([-0.21672148, -1.11242555, -0.03390142,  1.99299119, -2.20554769,
        0.7855103 ]), array([-0.18642758, -2.10992323])]]]
[150, 9, -1, -1, 0, [[array([[-1.02050736,  0.37031471, -1.99473358, -2.01846205, -1.41303282,
        -1.12114431],
       [-1.01166872,  1.71864417, -1.38613032, -1.1548563 , -1.40606625,
         0.92860871],
       [-0.6561953 , -1.10629149, -0.72992587, -1.43231129,  1.4868915 ,
        -1.29756482],
       [ 1.27104263, -1.51137675,  1.66952808, -1.59605354, -1.95258726,
        -1.80651137],
       [-0.7751838 ,  1.89103527,  2.10621354,  0.32774012,  1.73034066,
         0.90394574],
       [-1.52543965, -2.10842954,  2.34262328,  2.10704741, -2.14145957,
        -1.94040524]]), array([[ 1.63945297,  1.39192087],
       [ 0.62706171, -0.45146681],
       [-0.17428291, -1.24976843],
       [ 0.14860498,  2.27397099],
       [ 2.42952906,  1.65334259],
       [ 1.14869434, -1.76620765]])], [array([-0.55929963, -0.84901883,  0.44495898, -0.24714906,  1.55382894,
        0.50877002]), array([-1.86250133, -2.0044499 ])]]]
[150, 8, -1, -1, 1, [[array([[-2.43733912, -0.32411411,  0.36453767, -1.31210594,  1.6748383 ,
        -1.22025679],
       [ 0.27566773, -1.94567481, -0.57169839, -0.92778243, -0.61337684,
        -2.31874105],
       [ 1.33147538, -1.72989107,  0.93249653, -2.23108496, -0.96801154,
        -0.47952333],
       [-0.33979036,  1.91613677, -1.20760034, -0.97554952,  0.45042858,
         1.83874713],
       [ 0.54458623,  2.28244967, -0.8343543 , -0.01997236,  1.05148858,
         0.66983303],
       [ 1.13494866,  2.01658238, -2.1222473 , -1.19730157, -1.44136768,
         0.13053659]]), array([[ 1.57880707, -0.87379137],
       [ 1.5431998 , -1.91641027],
       [-1.56935038,  0.967742  ],
       [ 0.71198328, -2.26985951],
       [ 1.55813286, -0.79298859],
       [-0.6949227 , -0.79011056]])], [array([-1.75548664,  0.54806322, -1.56535049, -0.74813472, -2.19111   ,
        0.95333506]), array([-0.38642081,  2.26185366])]]]
[150, 23, -1, -1, 0, [[array([[ 1.00612292,  1.93748933, -1.42920443,  1.88121789,  1.46168271,
         0.63222153],
       [-2.12822856,  0.46050284, -1.92828391,  0.55566504, -2.09102811,
        -1.2444565 ],
       [-0.88871863, -0.87001135,  1.46354138, -2.12468951,  0.44071494,
         0.65287016],
       [-0.19787932,  1.02987851, -0.11283708, -1.88153849, -1.62943965,
         2.41647461],
       [ 1.02848751, -2.30283963,  1.60463413, -1.88827417,  1.74901454,
        -1.30181241],
       [ 0.59614722, -0.43541301, -1.72437079, -0.34885635, -0.81708343,
         1.61563722]]), array([[ 1.2240003 , -1.10428019],
       [ 2.12102997,  1.69659599],
       [ 1.78025647,  0.61223935],
       [ 1.31767297,  0.28082844],
       [-0.53922871,  1.39672311],
       [ 1.37813867,  1.0597233 ]])], [array([ 1.48640188, -0.18665159,  0.53896668,  0.47179525,  0.88426562,
        0.29348747]), array([-2.2240658 ,  1.70006802])]]]
[150, 19, -1, -1, 1, [[array([[-1.63232234,  1.76021868,  0.20666836, -1.11490466,  1.97762238,
        -1.36021208],
       [ 0.12243447, -2.19485003,  1.17656235,  1.58160517, -0.41695596,
        -1.857535  ],
       [-0.22658242, -1.48798055, -1.08964015, -1.72628459, -0.8446151 ,
         2.27901971],
       [-0.33270269,  0.97413528,  2.21778174,  1.59999718, -2.38116121,
         1.65765396],
       [ 2.20918803,  0.31092717, -0.7002485 ,  1.80676965, -1.27375177,
        -1.21844562],
       [ 0.08334711,  0.27151127,  0.8529792 ,  2.0276397 ,  1.7388077 ,
         2.32374976]]), array([[-0.41511886,  2.27668189],
       [-0.04140017,  1.94499004],
       [-1.5140737 ,  1.86337015],
       [ 2.42425266,  1.27421654],
       [ 0.74898868,  1.15262915],
       [ 1.2030688 ,  2.07768633]])], [array([ 1.96659873,  1.74088393, -1.94478535,  0.33928858,  0.32967108,
        2.33611498]), array([-1.50529118, -0.6832573 ])]]]
[150, 22, -1, -1, 0, [[array([[ 0.96208752, -1.81990833, -1.65588036, -0.38424701, -1.67691879,
         1.89886829],
       [-0.61373769,  1.98641031,  1.12747729,  2.21711906,  1.17528044,
        -1.95326885],
       [ 0.67311876, -0.54050174,  1.04815317,  1.73208519, -0.37134581,
         1.09622463],
       [ 0.96483169,  1.67982947, -1.66259804, -2.19478817,  2.29340212,
        -1.55576366],
       [ 1.50324935,  1.26423938,  2.17739195, -1.31246017, -1.57005364,
        -0.74237749],
       [-0.08109273,  1.21299049, -0.58458263,  2.13525814,  0.43740203,
         0.46796219]]), array([[ 1.88551393, -0.75457333],
       [ 1.36662308,  1.41118956],
       [-0.33075115,  0.88371266],
       [ 1.05815752,  2.17839827],
       [ 0.40566289, -0.71938219],
       [-1.49014879, -1.81231478]])], [array([-0.8747427 ,  2.00719911,  0.96025865,  1.45274832, -1.82736321,
       -1.58830357]), array([2.41562443, 1.79842887])]]]
[150, 15, -1, -1, 1, [[array([[-0.42664225,  1.23512605,  1.96600199, -0.55936731,  1.44438414,
         0.1664374 ],
       [ 0.56052531, -2.41105837, -0.56691939,  2.28122207, -0.02160118,
         1.58841451],
       [-1.08045003, -0.90885352, -0.65189846, -0.60798287, -1.19876187,
         0.15259171],
       [-1.02811949, -1.4895981 , -0.36439026,  0.09457093,  2.29998271,
         1.10823084],
       [ 0.62905192, -2.12540539, -1.68540938, -0.19022155,  2.0429929 ,
        -0.15516573],
       [-1.6373747 , -0.67078819, -2.22753963, -2.20522131, -2.33674476,
         1.34934931]]), array([[ 1.18174826,  0.4073842 ],
       [ 0.45776529,  2.05629768],
       [ 2.20885312, -2.31483212],
       [-0.96315628,  0.48753458],
       [ 1.2184894 ,  2.13134389],
       [-1.47467983, -2.20564856]])], [array([-2.22195082,  2.23751196, -0.16727649,  0.55020427,  2.34084219,
        1.68370493]), array([-0.27882206, -2.15231204])]]]
[150, 17, -1, -1, 0, [[array([[-0.98191578,  0.69785965,  0.99740722, -1.52140699, -1.22558964,
         0.10727569],
       [-0.10998435,  0.2708973 , -1.71287414, -1.87102714, -1.86993802,
         1.58808043],
       [ 0.20755327,  0.05297735,  2.26982612,  1.74852787, -0.10718042,
        -0.45782518],
       [-1.25431309, -0.20570349, -1.3704333 , -1.39092816,  0.52419744,
        -1.83419843],
       [-1.90886433,  2.15221017,  1.06929376,  1.05719404,  0.21652954,
        -1.64978252],
       [-0.59244373, -0.61205521, -0.51908094, -0.84287139, -0.55149045,
         2.02900913]]), array([[ 1.0770456 ,  1.33862554],
       [-1.20939954,  0.85949819],
       [ 1.18540212,  1.49098373],
       [ 2.40325086, -0.48210755],
       [-1.38747364,  0.61451102],
       [ 1.82693194,  1.43544318]])], [array([ 0.24772682, -1.68058719, -0.25956015,  1.90654353, -0.29070419,
       -2.05544182]), array([-1.91568555,  1.694172  ])]]]
[150, 7, -1, -1, 1, [[array([[-1.85220865, -0.73083039,  2.01733535, -0.29633385, -0.39206984,
        -2.43913707],
       [ 0.06779244, -0.36245991, -1.85713498,  0.97606414, -2.40211613,
         2.1104081 ],
       [ 1.4521944 ,  0.0671344 , -0.2335104 , -0.77142823, -2.0866908 ,
         1.7329061 ],
       [ 0.02429668, -0.04755801,  1.60476281, -1.23088471,  2.43784162,
         2.30750321],
       [ 1.32076436, -1.88983201,  1.97804131,  1.46700172, -1.61765765,
         0.5079177 ],
       [-2.21260241, -0.42998137, -1.64931582, -2.17952464, -0.67348187,
         0.12335992]]), array([[-0.75683519, -0.33615475],
       [ 0.46212748, -0.89007488],
       [ 2.32162655,  1.62524129],
       [-0.81256219,  0.12858159],
       [-2.25910399,  0.55604438],
       [ 0.30409055,  1.54400039]])], [array([ 0.58445423, -0.81404008, -1.99696816, -0.68781138,  0.13043661,
        0.39839526]), array([0.53463934, 1.04392553])]]]
[150, 3, -1, -1, 0, [[array([[-2.1401322 , -0.89442057, -0.46119661, -1.48440891,  1.16460444,
        -0.33144657],
       [-0.26748313,  1.24654458,  1.52122766, -0.45014338,  1.86175748,
        -0.05924289],
       [-0.56111852,  2.08432672,  1.35418746, -1.88803065,  0.15324532,
         1.30874246],
       [ 1.56695452, -2.20563827, -2.40713384, -0.5965334 ,  0.7152228 ,
        -0.54305403],
       [ 0.06030973, -1.1309603 , -0.67706862,  0.21474739,  1.0558638 ,
        -2.08150929],
       [ 1.9657748 , -1.77257788, -0.23346272,  2.40167612, -0.31967016,
         0.15980573]]), array([[-1.92274284, -0.09619692],
       [-0.66441445, -2.09409774],
       [ 2.37650439,  1.45400735],
       [ 1.1968035 ,  0.89072323],
       [ 0.63816506,  1.76254141],
       [-1.55083122, -0.78190805]])], [array([-0.02620878, -0.98425304, -2.10276736, -0.03533109,  0.36658828,
       -1.24556953]), array([-0.49674568,  0.25137548])]]]
[150, 14, -1, -1, 1, [[array([[-0.2550998 , -1.27868731,  1.74520931,  0.04692978,  1.44421621,
        -0.99847293],
       [-0.60357825,  1.9995859 ,  2.27668782,  1.01670787, -0.54027536,
        -2.34153532],
       [ 2.39083988,  1.55142038, -2.20211757, -2.36013681,  2.2146707 ,
        -0.38615557],
       [-1.58976262,  0.76515657, -0.89877981,  0.34686261,  0.7580783 ,
        -1.17951786],
       [-2.43595679,  1.11430839, -2.03617463, -2.33659485, -0.83899175,
         1.04600063],
       [-1.26833016, -2.22203669, -0.39656072, -2.32589698,  1.44798448,
         1.48780598]]), array([[ 2.39883372, -0.83417905],
       [-1.37471758,  0.18832169],
       [ 1.75832494,  0.09189098],
       [-0.10330616,  1.24748401],
       [-0.30005711, -0.80287501],
       [-1.22018976,  0.21632955]])], [array([ 0.40210991,  0.21425064, -1.03094591,  2.42673009,  0.50851994,
        0.80755975]), array([2.29456043, 0.49028489])]]]
[150, 18, -1, -1, 0, [[array([[ 2.23753468,  2.03743392, -1.51596256,  2.12454412, -2.39885028,
        -0.66362537],
       [ 1.193064  ,  1.99823195, -1.73699602,  1.65294156,  0.74390001,
        -0.78143659],
       [ 1.71540915, -1.62377911,  2.35637198,  0.60983182, -2.11590798,
        -1.32007176],
       [-0.25856689, -1.63031569,  0.55705358, -0.79271262,  0.55678905,
        -1.35628613],
       [-0.58977292, -1.39514792,  2.24824264, -1.5166057 , -1.44243161,
        -0.74802737],
       [ 0.9735325 , -0.43293995, -0.56544911, -2.23518381,  0.28888118,
         0.22949261]]), array([[-0.65417945,  1.34187967],
       [ 0.55440192,  2.02563033],
       [ 1.69120086, -1.1682831 ],
       [ 1.43791551,  0.25947141],
       [-0.95191603,  1.24799268],
       [ 1.78063101,  0.07972303]])], [array([ 0.23108106, -0.47187159, -2.06937745,  2.42867164,  0.48944055,
       -0.01695069]), array([-0.05510989,  0.48425261])]]]
[150, 4, -1, -1, 1, [[array([[-1.5895579 , -1.85263127, -1.46795356, -0.53094742, -0.9483984 ,
        -2.37447938],
       [-1.70014268, -0.98491672,  0.59050275, -1.94507036,  0.03818644,
        -1.77801357],
       [-0.32333823,  1.29577983, -0.15626845, -1.42799425, -0.99136383,
        -2.19286809],
       [-1.41527548, -1.9443333 , -1.18227563,  1.05744895, -1.59171941,
         2.08911393],
       [-0.25332612,  0.66497827,  1.30979321,  0.31161926, -0.80430366,
        -2.32088844],
       [ 1.99629019, -0.95218562,  2.35845841, -1.33344661,  0.85904423,
         2.30955512]]), array([[-2.04625076, -0.66031698],
       [-2.35383272, -0.96834883],
       [-2.41481196, -2.32765835],
       [-2.4147257 ,  1.33356233],
       [ 1.70549336, -1.73988289],
       [ 0.89223672, -0.16112263]])], [array([-0.18334841, -0.5503293 ,  0.82843456,  2.1492568 , -1.99841448,
       -1.44734269]), array([ 2.29785739, -1.39373026])]]]
[150, 13, -1, -1, 0, [[array([[-0.54841228, -0.20471916, -1.18474723, -2.06642259, -0.88230495,
        -0.14901017],
       [-0.58017508,  0.26672087, -0.61806593, -0.94285143,  1.0253052 ,
         1.6387743 ],
       [-1.85900442, -0.8463806 ,  0.34680645,  2.04080805,  1.11031645,
         1.89796025],
       [-0.25027413,  2.42115207,  2.31667065, -2.23137149, -1.05764081,
         0.40896891],
       [-1.36875819, -1.84505198, -1.37621008,  2.08816169,  0.54269221,
        -0.82461788],
       [ 1.68446956, -1.78681519,  0.23594503, -0.57737612,  0.87033183,
         2.32088786]]), array([[ 2.14411828,  0.11994297],
       [ 1.02576551, -1.02024235],
       [ 1.48236819, -2.20818617],
       [ 2.22617485, -2.21014439],
       [-0.39970307,  0.12798858],
       [ 0.17756969, -0.12760959]])], [array([ 2.04129631,  1.47364042, -2.15287691, -2.02203295,  0.65895671,
       -1.89378352]), array([-1.90369611,  2.28810097])]]]
[150, 16, -1, -1, 1, [[array([[ 2.07455973, -0.54814764, -2.05721759,  0.89152109, -0.94073159,
         1.79657748],
       [-1.26340468, -0.74572452, -2.02414538, -1.43939088,  1.86569151,
         1.44722669],
       [ 0.83087544, -1.61543772,  0.53470623, -1.04701215, -0.10422514,
         1.49062241],
       [-0.07801948, -1.34640238,  0.83391026,  0.17329506, -2.30449038,
         1.93836956],
       [ 1.89853251,  1.40118444,  0.04893522,  2.41810229, -0.39294032,
         2.00663474],
       [ 1.231237  ,  1.56378373,  1.87315999, -1.43445851, -0.11656802,
        -1.37544472]]), array([[ 1.78165089, -2.07946752],
       [ 1.85113543,  0.6170154 ],
       [-1.7630864 ,  1.38120256],
       [-1.10983195, -2.26869166],
       [ 1.4659459 ,  0.25411959],
       [-1.93256906, -0.44625877]])], [array([ 0.34686158, -0.37712877, -2.4000787 ,  0.25163449, -1.12832296,
        1.73004805]), array([-1.48746906, -2.25336855])]]]
[150, 11, -1, -1, 0, [[array([[ 2.19352056,  0.64611878, -2.16807156, -2.02400062, -2.1407533 ,
         1.26118001],
       [ 1.38134719, -0.09520792,  2.40622309,  2.43426189, -2.08139296,
        -1.06085915],
       [-0.92742368,  1.40975276, -1.06453097,  0.18828342, -2.01676221,
        -1.02478546],
       [ 0.64850617,  0.84027307,  0.83196318, -1.26269215, -1.16708541,
        -0.04413342],
       [ 1.12841486,  1.86022645,  2.39885727, -2.42859172,  1.45962792,
         1.02990783],
       [ 1.40953643,  0.32574105,  0.63769381,  1.07079186, -0.81858909,
         0.48451695]]), array([[ 2.40590614, -0.29611087],
       [-1.32363148,  0.53353756],
       [ 2.05195735,  2.30258066],
       [ 1.63798715, -1.69740154],
       [ 2.30299231,  1.09517592],
       [-0.73280346,  0.205217  ]])], [array([-1.06252715,  0.34296951, -2.42753355,  1.11498893,  1.68857861,
       -0.31881962]), array([1.58146932, 0.15573757])]]]
[574855, 2, 'death']
[575005, 24, 'death']
[575155, 0, 'death']
[575305, 20, 'death']
[575455, 12, 'death']
[575605, 21, 'death']
[575755, 6, 'death']
[575905, 10, 'death']
[576055, 1, 'death']
[576205, 5, 'death']
[576355, 9, 'death']
[576505, 8, 'death']
[576655, 23, 'death']
[576805, 19, 'death']
[576955, 22, 'death']
[577105, 15, 'death']
[577255, 17, 'death']
[577405, 7, 'death']
[577555, 3, 'death']
[577705, 14, 'death']
[577855, 18, 'death']
[578005, 4, 'death']
[578155, 13, 'death']
[578305, 16, 'death']
[578455, 11, 'death']
[578555, 7, 'birth', 12, 16, 0, [[array([[-1.0117019 , -0.04536137, -1.77947906,  0.18645289,  1.76388292,
         1.9909745 ],
       [ 2.44948974,  1.64736745, -0.66715622, -1.04221302, -2.44948974,
         0.55876448],
       [ 2.26995089,  2.40801736,  2.10728542,  1.32291398, -0.51515629,
         1.79263962],
       [-2.22049465, -1.43681893, -2.34219115,  0.72730556, -0.96029117,
        -0.89827673],
       [ 2.04454581, -2.32384512, -0.70348078, -0.28224566, -0.39294032,
         0.10634138],
       [ 1.231237  ,  1.56378373,  1.87315999, -1.43445851, -0.11656802,
        -1.37544472]]), array([[ 1.41421356, -1.41421356],
       [ 1.41421356,  0.6170154 ],
       [-1.41421356,  1.38120256],
       [-1.10983195, -1.41421356],
       [ 1.41421356, -1.41421356],
       [-1.41421356, -0.44625877]])], [array([ 0.34686158, -0.37712877, -2.13663403,  0.25163449, -1.12832296,
        1.73004805]), array([-1.41421356, -1.41421356])]]]
[578555, 11, 'birth', 9, 5, 1, [[array([[-1.02050736,  0.37031471, -1.99473358, -2.01846205, -1.41303282,
        -1.12114431],
       [-0.41899754,  2.44948974, -1.38613032, -1.1548563 , -1.40606625,
         0.92860871],
       [-0.6561953 , -1.10629149, -0.52510584, -1.43231129,  1.4868915 ,
        -1.29756482],
       [ 1.27104263, -1.51137675,  1.66952808, -1.59605354, -1.41680838,
        -1.80651137],
       [-0.7751838 ,  1.89103527,  2.10621354,  0.32774012,  1.73034066,
         0.90394574],
       [-2.09074858, -2.10842954,  2.34262328,  2.44948974,  1.37603323,
        -1.94040524]]), array([[ 1.41421356,  1.39192087],
       [ 0.62706171, -0.45146681],
       [-0.17428291, -1.24976843],
       [ 0.14860498,  1.41421356],
       [ 1.41421356,  1.41421356],
       [-1.09750998, -1.41421356]])], [array([-0.21672148, -2.44948974, -0.03390142,  1.99299119, -2.20554769,
        2.30875733]), array([-0.18642758, -1.41421356])]]]
[578555, 15, 'birth', 3, 7, 0, [[array([[-2.44948974, -0.89442057, -0.46119661, -1.48440891,  1.16460444,
        -0.33144657],
       [-1.6923054 , -0.36245991, -2.33677819,  0.97606414, -2.40211613,
         2.1104081 ],
       [ 1.4521944 ,  0.0671344 , -0.2335104 , -2.44948974, -2.0866908 ,
         1.7329061 ],
       [ 0.02429668, -0.04755801,  1.60476281, -1.23088471,  2.43784162,
         2.30750321],
       [ 1.32076436, -1.82438451,  1.97804131,  1.46700172, -1.61765765,
         0.5079177 ],
       [-2.21260241, -0.42998137, -1.64931582, -0.84733826, -0.67348187,
        -1.65149014]]), array([[-0.75683519, -0.33615475],
       [ 0.46212748, -0.89007488],
       [ 1.41421356,  1.41421356],
       [-0.81256219,  0.12858159],
       [-1.41421356,  0.55604438],
       [ 0.30409055,  1.41421356]])], [array([ 0.58445423, -0.81404008, -2.44948974, -0.68781138,  0.13043661,
        0.1662364 ]), array([-1.41421356,  1.04392553])]]]
[578555, 23, 'birth', 23, 10, 1, [[array([[ 1.00612292,  1.93748933,  1.12834666, -0.94315299,  1.72028926,
         2.41501958],
       [-2.43213172, -1.25388613, -1.20696494, -0.01576502,  0.33820119,
         2.33662704],
       [ 1.42934964, -0.32144966, -1.40391817,  2.36973476, -0.19399183,
        -1.39991464],
       [-2.44948974,  0.26530662,  2.28106914, -1.28393175, -0.03270461,
         0.27485148],
       [-1.39465888,  2.36696709, -1.07477292, -0.70686528, -1.55771363,
        -1.51150982],
       [-1.27923741, -0.09881454, -2.44948974, -0.17398205, -0.95031833,
        -1.29834788]]), array([[-0.12448438, -0.91457992],
       [ 1.23677838,  1.41421356],
       [-0.5774588 , -0.63349275],
       [ 1.41421356, -1.41421356],
       [-1.41421356, -1.07340654],
       [ 0.71740207, -0.1882315 ]])], [array([-2.44948974, -0.95416091, -0.04216555, -1.04108367, -0.15310829,
        2.44948974]), array([-1.34428897, -1.41421356])]]]
[578555, 17, 'birth', 6, 24, 1, [[array([[ 1.23648941,  1.92867625, -0.42633884, -1.43711539,  0.98457024,
         1.86645505],
       [ 0.17209985, -2.44948974,  2.35031979,  0.59348288,  1.04715001,
         1.46896778],
       [-1.25026165, -0.79013526, -0.31872373, -0.52274328,  1.88025672,
         2.34875678],
       [ 2.44948974, -1.68051801,  0.3909203 , -1.70268308,  0.87633976,
         2.11481589],
       [ 2.01887237,  1.46137647,  1.21223256,  2.44948974,  1.00526532,
        -1.64094349],
       [ 0.52351515,  1.17117304, -1.56922839, -1.04147789, -1.10417342,
        -2.1442366 ]]), array([[ 0.93781605,  0.69706967],
       [-0.24627367,  1.28581117],
       [ 1.41421356, -1.41421356],
       [-1.41421356,  1.41421356],
       [-0.67060516,  0.42478897],
       [ 1.11140573, -0.72980596]])], [array([-2.11847798,  2.43207908,  1.48361599, -0.61348158, -1.55492054,
       -1.24381837]), array([-1.41421356, -0.30633376])]]]
[578555, 2, 'birth', 13, 7, 0, [[array([[-0.54841228, -0.20471916, -1.18474723, -2.06642259, -0.88230495,
        -0.14901017],
       [-0.58017508,  0.26672087, -0.61806593, -0.94285143,  1.0253052 ,
         1.6387743 ],
       [-2.44948974, -0.8463806 ,  0.34680645,  2.04080805,  1.11031645,
         1.89796025],
       [-0.25027413,  2.42115207,  2.31667065, -2.23137149, -0.22111786,
         0.40896891],
       [-1.36875819, -0.65830838, -0.28292586,  2.08816169,  0.54269221,
        -0.82461788],
       [ 2.44948974, -1.78681519,  0.23594503, -0.57737612,  0.87033183,
         2.44948974]]), array([[ 1.41421356,  0.11994297],
       [ 1.02576551, -1.02024235],
       [ 1.41421356, -1.41421356],
       [ 1.41421356, -1.41421356],
       [-0.39970307,  0.12798858],
       [ 0.17756969, -1.17792991]])], [array([ 2.04129631, -0.81404008, -1.99696816, -0.68781138,  0.13043661,
        0.39839526]), array([0.53463934, 1.41421356])]]]
[676106, 9, 'birth', 7, 17, 1, [[array([[-1.0117019 , -0.04536137,  1.00769772,  0.18645289,  1.76388292,
         1.9909745 ],
       [ 2.44948974,  1.64736745, -0.66715622, -1.04221302, -2.44948974,
         0.55876448],
       [ 2.26995089,  2.40801736, -2.44948974,  1.32291398,  1.97204587,
         2.44948974],
       [ 2.44948974, -1.68051801,  0.3909203 , -1.70268308,  0.87633976,
         2.11481589],
       [ 2.01887237,  1.46137647,  1.21223256,  2.44948974,  1.00526532,
        -1.64094349],
       [ 0.52351515,  1.17117304, -1.56922839, -1.04147789, -1.10417342,
        -2.1442366 ]]), array([[ 1.41421356,  0.69706967],
       [-0.24627367,  1.28581117],
       [ 1.41421356, -1.41421356],
       [-1.41421356,  1.41421356],
       [-0.67060516,  0.42478897],
       [ 1.11140573, -0.72980596]])], [array([-2.11847798,  2.43207908,  1.48361599, -0.61348158, -1.55492054,
       -1.24381837]), array([-1.41421356, -0.30633376])]]]
[728757, 7, 'death']
[728907, 11, 'death']
[729057, 15, 'death']
[729207, 23, 'death']
[729357, 17, 'death']
[729507, 2, 'death']
[729707, 9, 'death']
[729707, 'Extinction!']
