[time, indiv, parent1, parent2, gender, brain]
[150, 7, -1, -1, 0, [[array([[ 1.79015479, -0.93325684,  0.74256941, -0.65105495, -0.42947152,
        -0.00682458],
       [ 1.79074239, -0.43105546,  1.47707655,  1.44990063, -0.3374333 ,
        -0.550601  ],
       [-2.14586938,  0.82418865, -0.93839359,  1.03677255, -0.35374021,
         2.40995289],
       [-1.84780334, -1.50292745,  2.21152366, -2.22833684,  1.87548653,
        -0.03536064],
       [ 0.12589769, -1.63980092, -0.93047691,  2.04935221, -0.56703649,
        -2.15735403],
       [ 2.44718162,  2.08243218, -2.01427085, -2.19036802,  1.51442141,
         2.21729444]]), array([[ 0.18247175,  0.63271357],
       [-1.10452256,  1.98643966],
       [ 0.85691459, -0.94683206],
       [-0.71071354, -1.0899894 ],
       [ 0.30780845, -0.94263669],
       [-2.38326189, -0.62190175]])], [array([ 1.87258194,  2.12197951,  1.01628125, -1.81896409,  2.4092148 ,
       -1.40382183]), array([1.62140837, 0.256972  ])]]]
[150, 14, -1, -1, 1, [[array([[-1.32212148, -1.39171966, -1.02815568,  1.54734497,  0.8643734 ,
        -0.08122012],
       [-1.72063182,  1.12464699,  0.5107176 , -1.14440875, -0.88753653,
         1.90561962],
       [ 0.46413839,  0.94717838,  2.0341059 ,  1.85935181,  0.1209292 ,
        -1.13067691],
       [ 1.9715245 ,  1.74753399, -1.7152301 , -0.88071179,  1.66045474,
        -1.2804475 ],
       [ 1.25754608, -1.55931298,  0.44309788,  1.46689105, -2.05506953,
         2.42459426],
       [ 2.44142576, -2.0433958 ,  1.64300761, -1.18083292,  0.77313733,
        -0.66637508]]), array([[ 1.71056478,  0.95737193],
       [-1.27918432, -0.82491682],
       [-1.7993426 , -0.38575941],
       [ 2.2453363 , -1.23885486],
       [-2.07467932, -1.634647  ],
       [ 2.43024827, -1.34881941]])], [array([-1.55709181, -0.67256725, -1.46323542,  0.47188842,  2.16328837,
       -1.4507229 ]), array([-2.28233375,  1.9229387 ])]]]
[150, 12, -1, -1, 0, [[array([[ 1.47539722,  1.78293759, -2.06921166, -1.43527527, -0.20199174,
         2.19949607],
       [-1.76555281,  0.20729801,  0.61951087,  1.82630565,  2.15776768,
         0.62782524],
       [-1.51481973,  0.19993713,  2.44117259, -1.61733746,  2.08919938,
         1.1911439 ],
       [-1.76528565,  0.59100964, -0.75363249, -0.02051405, -0.00826885,
        -0.46199847],
       [ 0.94309517,  0.62275417,  0.18874449,  1.02179551, -1.2756276 ,
        -0.46268979],
       [ 1.1993052 ,  0.86671409,  1.08720417,  1.20675194,  1.04954842,
        -0.24265992]]), array([[ 1.23831934, -0.06755914],
       [-1.37114067,  0.81425521],
       [ 0.83726618, -0.97472513],
       [-1.0044509 , -0.59478642],
       [ 1.81720677, -1.38594213],
       [-1.09540983, -1.17091948]])], [array([-1.92162772, -2.17154823,  1.56387442, -1.36544774,  2.02873512,
        2.15782989]), array([-2.18356038, -0.39486612])]]]
[150, 21, -1, -1, 1, [[array([[ 2.13407555,  1.73855269,  0.05605287,  0.18663067,  1.46377554,
        -1.54354166],
       [-1.65051505,  0.96481878,  0.54793549,  0.66882998,  1.30749129,
        -2.08902673],
       [-0.45105588, -1.32041484,  0.13059707, -2.22694898, -1.46347705,
        -1.64789145],
       [ 1.94756518,  1.8452771 ,  0.22334339, -0.76391295, -2.21214607,
         1.86782146],
       [-0.18529892, -0.8410759 , -1.7347426 , -1.0481414 ,  1.92397707,
        -0.1413597 ],
       [ 1.5102362 ,  0.07454524,  2.41325945,  2.28184177, -0.3307573 ,
         2.33934204]]), array([[ 1.51975861, -1.27632594],
       [-0.86271812, -1.01208771],
       [ 2.43857487,  0.82969937],
       [ 1.30791963,  0.99363713],
       [ 1.19161128, -1.96359668],
       [ 1.79257717, -1.17335831]])], [array([ 1.93638726, -1.54842307, -1.54477914,  0.57828174, -2.1084889 ,
       -1.68363459]), array([ 1.71995493, -0.68127615])]]]
[150, 6, -1, -1, 0, [[array([[ 2.19952803, -2.01953058,  0.58761288, -1.29628313, -0.39358248,
        -1.19787224],
       [ 0.31375835,  2.23237104,  1.05312342,  0.81738466,  2.15583329,
        -1.95966777],
       [-2.12763519,  0.96455243, -0.03703487, -1.7420472 ,  0.78816195,
        -0.34842786],
       [-0.9925643 , -0.16905305,  0.74388337, -0.668367  ,  0.21254152,
         0.51874309],
       [-0.01823357, -1.04736466, -2.25468524,  1.97032201, -2.44201793,
        -1.16075237],
       [ 0.8706188 , -0.55051611,  0.01487714, -1.54204766, -1.39923449,
         1.90647999]]), array([[ 1.82389584, -1.68339557],
       [ 0.75833706, -1.27184368],
       [ 0.78712698, -1.16286066],
       [ 0.0681145 , -1.53842824],
       [-1.56255808, -1.03582518],
       [ 0.9809221 ,  2.40382559]])], [array([-1.19061155, -1.07387298,  0.95531153, -0.85683514, -2.42576921,
       -0.73909966]), array([ 2.23231666, -0.87807931])]]]
[150, 23, -1, -1, 1, [[array([[-0.17540673,  2.19686437, -0.19748422, -0.93470012, -2.25401291,
         0.70650536],
       [-1.57369048, -1.18904419, -1.68596916, -0.32207518,  2.32269657,
        -0.85869519],
       [ 0.60120992, -0.63470677,  0.49653893, -2.43825334,  0.9560641 ,
         0.99484261],
       [ 2.39513479,  1.86476871, -1.5779013 ,  1.6001088 ,  0.04323309,
        -0.61914037],
       [ 0.93890164,  1.2922784 ,  0.83910064,  2.37226031, -1.98932371,
         0.67354475],
       [-1.98208949,  0.18621532,  1.03106568, -2.15781128,  0.32051416,
        -1.39251714]]), array([[-0.51315905,  2.19905471],
       [-0.11001738, -0.91834543],
       [ 0.08976682,  2.19695064],
       [-0.8138851 , -0.56463038],
       [ 1.66278114,  1.00203507],
       [-1.3004476 , -2.34601443]])], [array([-1.60400215,  1.19794419, -0.32296219, -1.36518795, -1.45707383,
       -1.57293572]), array([0.23666254, 1.28803887])]]]
[150, 5, -1, -1, 0, [[array([[-1.26976303, -0.5828686 ,  1.77659555,  0.01016251,  1.99388112,
         0.02430418],
       [ 1.42916351, -1.92803731,  2.19687032, -2.36476854,  1.22902231,
         1.62399156],
       [-2.08275402, -1.918373  , -0.43895727, -0.35817022, -1.54798883,
         1.59910122],
       [ 1.89049971, -2.08518344,  1.54902539, -0.85836561, -0.45892993,
        -0.57748946],
       [ 0.14474685, -0.76016472, -0.32403491,  1.25867895, -2.14213868,
         2.17934094],
       [-1.03032615,  1.59500251, -1.26499866, -0.93427859, -0.19394532,
        -0.84786574]]), array([[ 0.91859198, -0.67892489],
       [ 1.45890398, -2.2299339 ],
       [-0.11693696, -0.9285566 ],
       [ 1.31173348, -0.57283818],
       [ 1.43194397,  0.3646482 ],
       [ 0.34096638,  1.75032273]])], [array([ 1.73377999,  0.5752843 ,  1.44278781, -2.4039563 ,  1.67346582,
       -0.23291194]), array([ 1.57778641, -1.39982209])]]]
[150, 15, -1, -1, 1, [[array([[ 0.1843659 ,  1.14111517, -1.78155079,  1.58614034, -1.41482007,
         2.09617002],
       [ 1.88086269,  0.07180841,  1.02361868, -0.34862182,  0.69476681,
        -0.47077815],
       [ 2.29761088,  0.62027476,  1.0792494 , -0.83755728,  2.01428607,
         0.71280918],
       [ 1.45104   ,  0.14672618, -0.29363795,  1.66957467,  0.9922734 ,
        -0.43022754],
       [-0.70540707, -0.6741146 , -0.13015432, -0.16355854, -0.6285905 ,
        -0.81796943],
       [-0.15131759,  0.36952158,  1.55859761, -1.7534661 , -1.60352904,
        -2.25546625]]), array([[ 0.13123909,  0.76076742],
       [ 0.04674175, -0.16106932],
       [-1.76213121, -0.86557521],
       [ 1.20212097,  1.02199155],
       [-1.93584041,  1.31650159],
       [-1.49356685, -0.09309059]])], [array([1.8025532 , 0.99542134, 1.97079979, 1.22898526, 1.48693988,
       2.34260694]), array([-2.00015071, -0.71401236])]]]
[150, 11, -1, -1, 0, [[array([[-1.96979331,  1.19058041,  0.66494575,  0.85355221,  0.3216708 ,
        -0.09449498],
       [-1.70086582, -1.99381617, -1.59634035, -0.28297086,  0.53949483,
         0.89092634],
       [-0.03777694, -0.33594991,  1.74613359, -0.50072678, -0.04965863,
        -1.30220364],
       [-2.28243676,  0.38617166,  0.29081579, -0.33333026, -1.29118387,
         2.24092116],
       [ 0.55699818, -0.47527052, -1.50276385, -0.44619688, -2.110913  ,
        -1.29637506],
       [-2.16726012, -1.91205604,  1.02128775,  1.35163825,  2.26844894,
         2.01839928]]), array([[ 0.6941799 , -1.77709487],
       [-0.18086281,  0.80838506],
       [ 0.74027524, -1.4169159 ],
       [ 2.21372007, -1.28642609],
       [ 0.78942817,  1.92804708],
       [ 0.4022546 , -1.53318682]])], [array([ 0.37966862,  0.20883332, -2.1657284 ,  0.18580056, -1.72779325,
        2.39216122]), array([1.62467822, 0.6032522 ])]]]
[150, 24, -1, -1, 1, [[array([[-1.69742883,  0.01286623, -1.31184563,  1.33528436,  2.21067312,
        -1.58092154],
       [-1.34792443, -1.8839767 ,  1.60398428,  1.96343087, -1.50331107,
        -0.55176454],
       [ 2.26972486, -1.51897273,  2.40962835,  1.871232  , -0.4740905 ,
        -1.61269511],
       [-1.30334819, -0.75840601,  0.95895541, -2.06952296, -0.30598892,
        -2.25220958],
       [-1.6312366 ,  2.44874287, -1.07685388,  1.88953412,  0.94404142,
         1.90364714],
       [-0.21852129, -2.26547664, -1.11404668, -0.21729034, -0.85621773,
        -1.17860195]]), array([[-0.51253706, -2.35517844],
       [ 1.19604891,  1.92312861],
       [-1.57073125,  0.78406997],
       [-0.9530905 ,  1.81359577],
       [ 0.11562573,  2.0593477 ],
       [-0.35566174, -0.63618977]])], [array([ 0.36169448,  0.59655818,  2.40552359,  0.60741383, -1.50807308,
       -0.10773749]), array([ 0.47768806, -1.8126464 ])]]]
[150, 13, -1, -1, 0, [[array([[-1.30073346, -1.43450204,  0.79732725,  2.32736078,  0.79224349,
        -1.70372299],
       [-1.31216606, -1.69827297, -2.23064031, -0.55050223, -1.91129341,
         1.9203812 ],
       [-1.07768108, -0.76644103, -2.11029173,  0.81506466,  1.10838751,
         1.34651059],
       [ 0.67880495,  2.23983642, -0.23730179,  0.03320061,  2.38830627,
         0.32528266],
       [ 1.10640421, -2.028563  , -1.94597564, -0.03147892,  0.88798453,
        -0.62024354],
       [ 1.91404333, -0.78815748, -2.02759309, -0.40946086, -1.53826627,
        -2.02238548]]), array([[ 0.87400719,  2.03275178],
       [ 1.06053882, -2.41810638],
       [-0.54846153, -1.16983844],
       [ 0.82623566, -1.4006182 ],
       [ 0.67699224,  0.1729351 ],
       [ 2.11849128,  1.26726491]])], [array([ 1.31338873,  0.97129796, -0.19195797,  1.15307104,  0.98250208,
       -1.19634079]), array([-1.14945978,  1.39529311])]]]
[150, 0, -1, -1, 1, [[array([[ 1.65395763, -1.60954639,  0.33355906,  0.30664716, -2.22080498,
        -2.05844618],
       [ 0.2040584 , -1.79711009,  1.75675806,  2.05554832, -0.76118494,
         2.3815477 ],
       [ 2.05456089,  0.44040943,  1.08203728, -2.27982848, -0.03943081,
        -1.12865119],
       [ 1.50863365,  0.21304178,  1.31601603, -0.12212013,  0.54304252,
        -0.80191459],
       [-2.00831103, -1.08436787,  0.51337964,  1.1859856 , -0.51758029,
         2.44307412],
       [-2.02829424, -1.39724765, -0.07107058, -0.34084131,  0.18228945,
         1.94803897]]), array([[-0.2662474 , -1.43597357],
       [ 2.27094956, -2.14501467],
       [ 0.38846393,  2.1878835 ],
       [ 0.22648227,  0.50697397],
       [ 2.12755996,  1.16679369],
       [ 1.44315971,  1.19213154]])], [array([ 1.60043739,  0.25194401,  2.39784984,  2.11374913, -0.63869117,
        0.83815651]), array([ 1.65498347, -1.73929377])]]]
[150, 17, -1, -1, 0, [[array([[-2.34833501,  1.67230471, -1.7731907 , -1.1864926 , -1.59519045,
        -0.18974354],
       [-0.44360055, -1.89835627, -0.4630982 , -1.23414171,  0.90811699,
        -0.55842236],
       [ 0.16721233, -1.01116488, -0.28130436,  0.23686179, -1.14781072,
         1.69110699],
       [-1.66120546, -1.92472935, -1.46018533,  2.01454771, -1.3770997 ,
         1.59804937],
       [ 2.00367141, -0.69412002,  0.24266962, -1.70127618,  0.20291278,
        -2.35667452],
       [ 0.8560557 , -1.76864459, -0.0177901 , -0.65582711,  0.32541267,
        -0.56007302]]), array([[ 1.68657514,  0.03548644],
       [ 1.26065541, -2.25112721],
       [-0.35410653,  0.33689146],
       [-0.99623285,  1.91407595],
       [ 1.75289408, -1.0181144 ],
       [ 0.50783675,  2.19924305]])], [array([ 2.11786939, -0.40174324, -2.23967744, -1.93478392,  0.73685518,
        1.02035803]), array([-0.84790488,  0.19085244])]]]
[150, 19, -1, -1, 1, [[array([[-2.29676671,  2.37884377, -0.01828135,  2.26500776, -0.18949615,
        -2.22567498],
       [-2.25697502,  0.70180881, -2.14182645,  2.26635088,  0.82967765,
        -0.57829627],
       [-0.25573805, -0.11568457,  2.23954517, -2.29861663,  1.9912392 ,
        -1.96665115],
       [ 1.93404429, -0.76354471, -0.0463776 ,  0.16875281, -0.44692866,
        -0.45527834],
       [-2.37259859,  0.86363173,  1.0593834 ,  0.37529987,  0.76289597,
        -1.46850081],
       [ 1.51396788, -1.91211031, -1.57910272, -2.12425361,  1.49767016,
         1.7225311 ]]), array([[ 0.89802745, -0.61690605],
       [ 1.85807655, -0.0073043 ],
       [ 1.82383536,  0.95300182],
       [-0.89924776, -2.37377205],
       [-1.11952736, -1.3699602 ],
       [-0.83451203,  0.01913089]])], [array([-2.37251488, -2.26280847, -1.3614765 ,  2.04425178,  1.06562096,
       -2.38649644]), array([ 1.77000086, -0.63372537])]]]
[150, 10, -1, -1, 0, [[array([[ 0.99609685, -0.54253269, -0.9342631 ,  0.71299806, -0.34599677,
        -2.22825584],
       [ 1.57109456,  1.67935465, -1.95612935, -2.10313084,  2.04169594,
         1.21586463],
       [-0.81945774, -2.40004301,  1.77624524,  0.04629876,  1.48684997,
         0.20196604],
       [-0.5615871 ,  1.52092951,  1.01248495, -0.22737212, -1.15440885,
        -1.04798576],
       [-0.67287783,  1.30878494, -1.93335253, -1.42273328, -0.71509377,
         1.6170125 ],
       [-0.97291906,  2.26863852, -0.89643062,  1.19872301, -0.9949722 ,
        -2.02378594]]), array([[ 0.00652161, -1.31416464],
       [-1.34077277, -1.67790351],
       [-1.82359004, -0.43237675],
       [ 1.86574839, -0.83763293],
       [ 1.77634457, -1.83100527],
       [-2.1482934 , -0.80390805]])], [array([-0.34295687,  0.53027451,  1.3109924 ,  0.36553137, -0.65344976,
       -0.68403452]), array([1.43796794, 0.70648781])]]]
[150, 3, -1, -1, 1, [[array([[ 1.53440938,  0.74281759, -1.96278741,  1.38654473, -1.11660658,
        -1.4869786 ],
       [ 1.96445103,  0.57894317, -0.68280096, -0.93689143,  1.77448738,
        -1.65852076],
       [-0.50265611, -0.8675355 , -0.11635818, -2.14455752,  1.06807589,
         0.7442233 ],
       [-1.88258542,  2.25887917,  2.24093323,  1.52444989,  1.34273055,
        -2.19993452],
       [ 0.06361901, -1.06189084,  1.26403484, -0.27799551,  1.36989521,
        -1.79096934],
       [ 2.29026212,  0.95320367,  0.39110741,  0.37363897, -1.47304285,
         1.24029687]]), array([[-0.40019253, -2.05680885],
       [ 0.75773435, -1.17736253],
       [-2.07867699, -0.12326165],
       [ 0.60436394,  1.18646709],
       [ 2.06102389, -0.063593  ],
       [-2.32793513,  0.67053701]])], [array([-0.01276339,  1.374423  ,  0.75373862,  0.88560673, -2.19240963,
        1.03194938]), array([1.18967987, 2.41035415])]]]
[150, 18, -1, -1, 0, [[array([[-1.49994091,  2.32929883, -2.30898494, -1.350311  , -1.80793193,
         1.85634166],
       [-2.38334637, -0.20458928, -0.27242955,  1.34865369,  1.77821029,
         2.27078705],
       [ 0.15449023,  1.42421963,  1.21788377, -2.36654093, -2.07104287,
        -0.17240279],
       [ 0.85876733, -1.18054077,  0.04080913, -1.79785328, -0.63276489,
         0.3087769 ],
       [ 2.43465224,  2.39831374,  2.199849  ,  2.1033083 ,  0.31129372,
        -0.32427685],
       [-0.05697005,  0.22359517, -2.06199588,  1.82599925, -0.90633058,
         1.19017763]]), array([[ 1.99806281, -0.51559293],
       [-0.56218104, -0.50429701],
       [ 0.22982672, -2.35100502],
       [-1.29296044,  2.37840893],
       [-1.34495921, -1.26421449],
       [ 0.58734053, -1.82423422]])], [array([ 0.22877295, -1.18002427, -0.87616548,  0.19253542,  0.9765058 ,
        2.18796653]), array([2.20484442, 0.0686679 ])]]]
[150, 16, -1, -1, 1, [[array([[ 0.00514171, -1.77674806, -1.54702994, -1.29474975,  2.15160035,
        -2.42567482],
       [-1.8352596 , -1.37367107, -0.91003695, -0.53606012,  0.78157491,
         0.03380353],
       [ 1.59609745,  0.70376337,  0.54709959, -1.9819213 ,  0.89888014,
         0.30728312],
       [ 1.37930082, -0.23006347,  0.66997803, -0.18359772,  0.16562672,
        -1.57634682],
       [ 1.66093228, -2.13265371,  1.02629812, -2.23971085, -1.2553329 ,
         1.01693925],
       [-1.01669984,  1.37044932,  1.38156976, -1.37543358, -0.75861154,
         0.19118702]]), array([[ 2.30253783, -0.39871033],
       [ 1.7178429 , -2.19377676],
       [ 1.66229132,  1.10750444],
       [-2.06399321, -2.18420118],
       [-0.16485942,  0.64889945],
       [-0.2976656 , -0.84087522]])], [array([ 0.19486704,  2.2343052 ,  1.08976247, -1.80551148, -2.21171957,
       -1.5789472 ]), array([ 0.32622479, -1.24207929])]]]
[150, 2, -1, -1, 0, [[array([[ 2.42784111,  0.29888255,  1.0082949 ,  0.86824385, -0.94681185,
         1.48600138],
       [-2.44776964, -1.35308316,  1.50423958, -1.93385262, -0.63181777,
        -0.35164201],
       [ 0.01737053,  2.24748406,  0.67636878, -1.07909393,  0.99352244,
         1.85828985],
       [-2.31409855, -2.25009422,  2.26863854,  1.11102553,  1.9548552 ,
         0.55133317],
       [-0.21966354,  0.74977166, -1.64598215, -2.13893358,  0.12463705,
        -0.59567975],
       [ 1.65490707, -1.30820135, -0.85442693, -0.42160762, -0.27543165,
         1.62487153]]), array([[-1.47169561, -0.45749433],
       [ 1.6763394 , -1.90543919],
       [ 2.33546799,  2.30724069],
       [ 1.6227389 , -0.95348282],
       [ 1.68181918, -0.23704829],
       [-1.35462075,  1.30985715]])], [array([ 0.67357692,  2.08380511,  0.17151588,  0.27228248,  2.21507974,
       -0.92780458]), array([ 1.18147167, -2.08794694])]]]
[150, 20, -1, -1, 1, [[array([[-0.84337488, -2.01410462,  1.30242492, -0.38813077,  0.80344074,
        -2.10618503],
       [ 0.00772818,  1.50188108, -0.6757733 ,  2.24786142,  0.5021326 ,
         1.02223106],
       [ 1.36610668, -0.65951055, -1.82212237,  0.97378193, -0.12093893,
         0.4983057 ],
       [-1.37079928,  1.71970868, -1.13699936,  0.39968377,  2.28607773,
        -2.18912177],
       [ 1.90936068, -0.15482352,  2.23588578,  2.33237544,  1.43463904,
        -0.52975986],
       [ 1.10480827, -0.07374262,  2.37561021,  2.19101697, -1.58549249,
        -1.93936907]]), array([[-1.71081749e+00,  1.13130200e-01],
       [-1.36163949e-03, -2.44569878e+00],
       [-5.04393437e-01,  4.60575283e-01],
       [ 1.11231173e+00,  9.02443900e-01],
       [ 2.43031579e+00,  1.57788985e+00],
       [-7.22156903e-01, -2.15437396e+00]])], [array([-0.70330286, -1.72669209,  0.99954846, -0.74593788,  1.34458144,
       -2.37971384]), array([ 1.37592005, -0.72470356])]]]
[150, 4, -1, -1, 0, [[array([[ 1.63713987,  1.40725168, -1.46864519,  1.58428276,  1.84599397,
         0.15015214],
       [ 0.40259589,  0.43027449, -0.82189693,  1.79559448,  1.40323856,
         2.04327703],
       [ 1.17348444, -1.47036154, -1.40399908, -1.77241064,  1.62282831,
        -0.66787071],
       [ 2.39196208, -1.06614618, -0.95737178,  0.72043323,  1.89114459,
        -1.1320755 ],
       [ 2.09863277,  1.7499562 ,  1.03845862, -1.36001884,  1.28765509,
         1.72213081],
       [ 1.69672825,  2.2527471 , -1.07010591,  0.22083858, -1.05559548,
        -0.35454567]]), array([[ 0.07738947,  0.00924117],
       [ 1.16903018,  1.05707367],
       [-0.01598513, -0.21571489],
       [ 1.76517936, -1.53102045],
       [-1.12858721,  0.35683787],
       [ 0.59065118,  2.30869761]])], [array([ 0.78663503, -0.75383381, -1.78628198, -0.62742297, -1.56686272,
       -2.0466663 ]), array([2.30418064, 1.56464738])]]]
[150, 8, -1, -1, 1, [[array([[-1.49846782, -2.39111771, -0.77046957, -0.60078177,  1.61841398,
        -0.54354822],
       [ 0.57742189,  0.48826142, -2.07100777, -2.2706747 , -1.27686695,
        -1.11157626],
       [-0.09190315,  1.40007372,  0.44220904,  2.1064816 , -0.38652147,
         0.07944144],
       [-1.63490824, -2.12888073,  1.9697687 , -0.72329951,  0.6071037 ,
        -0.53870985],
       [ 0.93617512, -0.4802338 ,  2.33215538,  1.83571494,  1.18862944,
         0.70296758],
       [ 0.21500326,  2.35037174,  0.40679824, -0.70193463, -1.72444848,
         0.92510645]]), array([[ 2.255687  , -1.46414314],
       [ 1.33808966,  0.76941208],
       [ 0.30730313, -0.9408217 ],
       [-2.23183457,  0.36898389],
       [-2.42817561,  0.86941161],
       [-0.10134476, -1.1219278 ]])], [array([-1.06761895, -0.2358017 ,  0.65918982,  0.87248224, -1.51891917,
        1.77371301]), array([-2.02505219,  2.36679837])]]]
[150, 1, -1, -1, 0, [[array([[ 2.21689575,  2.40493951,  0.0610455 ,  0.75058743, -0.73515215,
        -1.65518187],
       [-2.39673554,  1.66907718,  0.4783507 , -2.13202638, -0.38447435,
         0.73524558],
       [ 0.84623736,  0.35743715, -0.91456024, -0.08215015,  0.82993437,
        -0.9028878 ],
       [ 0.96941056, -2.01660953, -1.54222166, -1.14722349,  1.80233297,
        -0.28753709],
       [ 1.17245073, -2.19405165, -1.79213915,  1.71248329,  0.52478684,
         0.49465392],
       [-0.83994052, -2.05673495, -1.42654279, -2.23594343, -1.71642134,
        -0.58577931]]), array([[ 1.06913656, -1.61347374],
       [ 1.47411487, -1.75702186],
       [-0.0190272 , -0.13797959],
       [-1.88819249,  1.63967322],
       [-0.35128714, -1.3129749 ],
       [-1.52384415,  0.27732839]])], [array([-2.09996964, -0.86554911, -2.26253688,  0.03684313, -1.76177979,
        1.20060177]), array([ 2.23323763, -1.57638615])]]]
[150, 9, -1, -1, 1, [[array([[-0.74337431, -0.1141681 , -0.6165663 , -1.96975425, -0.42742822,
         2.09013667],
       [ 2.37822223, -0.1926387 ,  1.1867291 ,  1.22638704,  1.43021032,
        -0.68674378],
       [ 0.59495837,  0.39596253, -1.2778273 , -0.77788972, -0.83166151,
        -0.23793508],
       [-1.35754597, -0.84950031, -0.47374973, -2.29117892,  1.87643658,
         0.81158405],
       [-0.52038112, -1.9594637 ,  0.25794131, -2.0559872 ,  0.93517246,
        -1.49736691],
       [ 1.15846946, -0.21370481,  0.43657629,  1.06461276, -2.23500111,
         0.64331468]]), array([[-1.39337797,  0.90645358],
       [-1.29229627,  1.37940547],
       [ 1.37651713, -1.2812341 ],
       [-0.78824039,  2.02047339],
       [ 0.97143739, -0.35722264],
       [-0.41859647,  2.23569254]])], [array([ 2.17357914,  0.32740603, -1.34044004, -1.56980131, -0.11357384,
       -2.23383317]), array([0.31190762, 1.52451559])]]]
[150, 22, -1, -1, 0, [[array([[ 1.12197146, -1.61075802,  0.04705089,  0.37950503, -0.23364317,
        -0.17120887],
       [-1.67990737,  2.17346036,  1.14740319, -0.66680829,  2.23967282,
         0.70078401],
       [-1.34542258, -2.05954449, -2.14398896, -2.04744579,  1.22107701,
        -1.95083642],
       [-2.20266148,  2.02612158, -0.32913144, -2.24127886, -1.28866447,
         1.05878475],
       [ 0.67320574,  0.53549265,  1.24807866, -2.37988419, -0.94512113,
        -1.60977017],
       [-0.43851411,  1.08278101,  0.37946778, -0.6541434 , -0.21359828,
        -1.58315668]]), array([[-0.92928693, -1.62262954],
       [-0.24356678, -0.75976159],
       [ 1.71776855,  1.44125767],
       [-0.35112599,  2.03033502],
       [-2.30708122, -2.37140525],
       [-2.12244711,  1.95957372]])], [array([-1.97471687,  0.47301064,  0.91223354, -2.2424138 ,  2.21408761,
        0.14376462]), array([-2.16306818,  1.97117188])]]]
[610406, 7, 'death']
[610556, 14, 'death']
[610706, 12, 'death']
[610856, 21, 'death']
[611006, 6, 'death']
[611156, 23, 'death']
[611306, 5, 'death']
[611456, 15, 'death']
[611606, 11, 'death']
[611756, 24, 'death']
[611906, 13, 'death']
[612056, 0, 'death']
[612206, 17, 'death']
[612356, 19, 'death']
[612506, 10, 'death']
[612656, 3, 'death']
[612806, 18, 'death']
[612956, 16, 'death']
[613106, 2, 'death']
[613256, 20, 'death']
[613406, 4, 'death']
[613556, 8, 'death']
[613706, 1, 'death']
[613856, 9, 'death']
[614006, 22, 'death']
[614106, 13, 'birth', 18, 14, 0, [[array([[-1.49994091,  2.32929883, -2.30898494,  1.54734497,  0.8643734 ,
        -0.08122012],
       [-1.72063182,  1.12464699,  0.5107176 , -1.14440875, -0.88753653,
         1.90561962],
       [ 0.46413839,  0.94717838,  2.0341059 ,  1.85935181,  0.1209292 ,
        -1.13067691],
       [ 1.9715245 ,  1.74753399, -1.7152301 , -0.88071179,  1.66045474,
        -1.2804475 ],
       [ 2.44948974, -0.21338646,  0.44309788,  1.46689105, -2.05506953,
         2.42459426],
       [ 2.44142576, -0.88637858, -1.48726341, -1.18083292,  0.77313733,
        -0.66637508]]), array([[ 1.41421356,  0.95737193],
       [-1.27918432, -0.82491682],
       [-1.41421356, -0.38575941],
       [ 1.41421356, -1.23885486],
       [-1.41421356, -1.16749163],
       [ 1.41421356, -1.34881941]])], [array([-1.55709181, -2.44948974, -1.46323542,  0.47188842,  2.16328837,
       -1.4507229 ]), array([-1.41421356,  1.41421356])]]]
[614106, 10, 'birth', 4, 19, 1, [[array([[ 1.63713987,  1.40725168, -1.46864519,  1.58428276,  1.84599397,
         0.15015214],
       [ 0.40259589,  0.43027449, -0.82189693,  2.44948974,  1.40323856,
         2.04327703],
       [ 1.17348444, -1.47036154, -1.47324647, -1.77241064,  2.44948974,
        -0.66787071],
       [ 2.39196208, -1.06614618,  1.567141  ,  0.72043323,  1.89114459,
        -2.13256152],
       [ 2.09863277, -1.27079814,  1.03845862, -1.36001884,  1.28765509,
         0.91183183],
       [ 1.69672825,  2.2527471 , -1.07010591, -2.13612398, -1.05559548,
        -0.35454567]]), array([[ 0.07738947,  0.00924117],
       [ 1.16903018,  1.05707367],
       [ 0.75925651, -0.21571489],
       [ 1.41421356, -1.41421356],
       [-1.12858721,  0.35683787],
       [ 0.59065118,  1.41421356]])], [array([ 0.78663503, -0.75383381, -1.78628198, -0.62742297,  1.06562096,
       -2.38649644]), array([ 1.41421356, -0.63372537])]]]
[614106, 17, 'birth', 7, 20, 0, [[array([[ 1.79015479, -0.93325684, -2.44948974, -2.44948974, -0.42947152,
        -0.00682458],
       [ 1.79074239, -0.43105546,  1.47707655, -0.02433275, -0.3374333 ,
        -0.550601  ],
       [-2.44948974,  0.82418865, -0.93839359,  1.03677255, -0.35374021,
         2.40995289],
       [-1.84780334, -1.50292745,  0.62065269, -2.22833684,  2.44948974,
        -0.03536064],
       [ 0.12589769, -1.63980092, -0.93047691,  0.98837813, -0.56703649,
        -2.15735403],
       [ 2.44718162,  2.08243218, -2.01427085, -2.19036802,  1.51442141,
         2.21729444]]), array([[ 0.18247175,  0.63271357],
       [ 1.00845048,  1.41421356],
       [ 0.85691459, -1.41421356],
       [-0.71071354, -1.0899894 ],
       [ 0.30780845, -0.94263669],
       [-1.41421356, -0.62190175]])], [array([ 1.87258194,  2.12197951,  1.01628125, -1.81896409,  1.34458144,
       -2.37971384]), array([ 1.37592005, -0.72470356])]]]
[614106, 22, 'birth', 18, 3, 1, [[array([[-1.49994091,  2.32929883, -2.30898494, -1.350311  , -1.80793193,
         1.85634166],
       [-1.91660256, -2.02755271, -0.27242955,  1.34865369,  1.77821029,
         2.27078705],
       [ 0.15449023,  2.44948974,  1.21788377, -2.44948974, -2.07104287,
        -0.17240279],
       [ 0.85876733, -1.18054077,  0.04080913, -1.79785328, -0.63276489,
         0.3087769 ],
       [ 2.43465224,  2.39831374,  2.199849  ,  2.44948974,  0.31129372,
        -2.44948974],
       [ 0.26600342,  0.95320367, -2.44948974,  0.13973108, -1.47304285,
         1.24029687]]), array([[-0.40019253, -1.41421356],
       [ 0.62186987, -1.17736253],
       [-0.81401832, -0.12326165],
       [ 0.60436394,  1.18646709],
       [ 1.41421356, -1.41421356],
       [-1.41421356,  0.67053701]])], [array([-0.01276339,  1.374423  ,  0.75373862,  0.88560673, -2.19240963,
        1.03194938]), array([1.18967987, 1.41421356])]]]
[614106, 14, 'birth', 22, 21, 0, [[array([[ 1.12197146, -1.61075802,  0.04705089,  0.37950503, -0.23364317,
        -0.17120887],
       [-1.67990737,  2.17346036,  1.14740319, -0.66680829,  2.23967282,
         0.70078401],
       [-1.34542258, -2.05954449, -2.14398896, -2.44948974,  1.22107701,
        -1.64789145],
       [ 1.94756518,  1.8452771 ,  0.22334339, -0.76391295, -2.21214607,
         1.86782146],
       [-0.18529892, -1.41370519, -1.7347426 , -1.0481414 ,  1.92397707,
        -2.44948974],
       [ 1.5102362 ,  0.07454524, -1.68358438,  2.28184177, -0.3307573 ,
         2.33934204]]), array([[ 1.41421356, -1.27632594],
       [-1.41421356, -1.01208771],
       [ 1.41421356,  0.82969937],
       [ 1.30791963,  0.99363713],
       [ 1.19161128, -1.41421356],
       [ 1.41421356, -1.17335831]])], [array([ 1.93638726, -1.54842307,  1.79297221,  0.57828174, -2.1084889 ,
       -1.68363459]), array([ 1.41421356, -0.68127615])]]]
[614106, 12, 'birth', 22, 9, 1, [[array([[-2.19040887, -1.61075802,  0.04705089,  0.37950503, -0.23364317,
         1.7019874 ],
       [-1.67990737,  2.17346036,  1.14740319, -0.66680829,  2.23967282,
        -0.68674378],
       [ 0.59495837,  2.44948974, -1.2778273 , -0.77788972, -0.83166151,
         2.44948974],
       [ 0.73227936, -0.68010884, -0.47374973, -2.29117892,  1.87643658,
         0.81158405],
       [-0.52038112, -1.9594637 , -1.19050018, -2.0559872 ,  0.93517246,
        -1.49736691],
       [ 1.15846946, -0.21370481,  0.43657629,  1.06461276, -2.23500111,
         2.44948974]]), array([[-1.41421356,  0.90645358],
       [-1.29229627,  1.37940547],
       [ 1.41421356, -1.2812341 ],
       [-0.78824039,  1.41421356],
       [ 0.97143739,  0.5269851 ],
       [-0.41859647,  1.41421356]])], [array([ 2.17357914,  0.32740603, -2.44948974, -1.56980131, -0.11357384,
       -2.23383317]), array([0.31190762, 1.41421356])]]]
[614106, 8, 'birth', 4, 15, 0, [[array([[ 2.44948974,  1.40725168, -1.46864519,  1.58428276,  1.05342357,
         0.15015214],
       [-2.44948974,  0.43027449, -0.82189693,  1.79559448,  1.40323856,
         2.04327703],
       [ 2.35163637, -1.47036154, -1.40399908, -2.44948974,  1.62282831,
        -0.66787071],
       [ 2.39196208, -1.06614618, -0.95737178,  0.72043323,  1.89114459,
        -0.73637669],
       [ 2.09863277,  1.7499562 ,  1.03845862, -1.36001884,  1.28765509,
         1.72213081],
       [ 1.69672825,  2.2527471 , -1.07010591,  0.22083858, -1.05559548,
         2.10494937]]), array([[ 0.07738947,  0.00924117],
       [ 1.16903018,  1.05707367],
       [-0.01598513, -0.21571489],
       [ 1.41421356, -1.41421356],
       [-1.12858721,  0.35683787],
       [ 1.41421356,  1.41421356]])], [array([0.78663503, 0.99542134, 1.97079979, 1.22898526, 1.48693988,
       2.34260694]), array([-1.41421356,  1.41421356])]]]
[614106, 4, 'birth', 11, 24, 0, [[array([[-1.96979331,  1.19058041,  0.66494575,  0.85355221,  0.3216708 ,
        -0.09449498],
       [-2.44948974, -2.40062951, -0.29856577, -0.28297086,  0.53949483,
         0.89092634],
       [-0.03777694, -0.33594991,  1.74613359, -0.50072678, -0.04965863,
        -1.30220364],
       [-2.28243676,  0.38617166,  0.29081579, -0.33333026, -1.29118387,
         2.24092116],
       [-0.30047738, -0.47527052, -1.50276385, -0.44619688, -2.110913  ,
        -1.29637506],
       [-2.16726012, -1.91205604,  2.44948974,  1.35163825,  2.26844894,
         2.01839928]]), array([[ 0.6941799 , -1.41421356],
       [-0.18086281,  0.80838506],
       [ 0.74027524, -1.41421356],
       [ 1.41421356, -1.28642609],
       [ 0.78942817,  1.41421356],
       [-0.35566174, -1.41421356]])], [array([ 0.36169448,  0.59655818,  2.40552359,  0.60741383, -1.50807308,
       -0.10773749]), array([ 0.07305352, -1.41421356])]]]
[614106, 20, 'birth', 11, 15, 1, [[array([[-1.96979331,  1.19058041, -2.44948974,  0.85355221,  0.3216708 ,
        -0.09449498],
       [ 1.88086269,  0.07180841, -1.17282814, -0.34862182,  0.69476681,
        -0.47077815],
       [ 2.29761088,  0.62027476,  1.0792494 , -0.04848627,  2.01428607,
         0.71280918],
       [ 1.45104   ,  0.14672618, -0.29363795,  2.44948974,  0.9922734 ,
        -0.43022754],
       [-0.70540707, -0.6741146 , -0.69049058, -0.16355854, -0.6285905 ,
        -0.81796943],
       [-0.15131759,  0.36952158,  2.44948974, -1.70340619, -1.60352904,
        -2.25546625]]), array([[ 0.13123909,  0.76076742],
       [ 0.04674175, -0.16106932],
       [-1.41421356, -0.86557521],
       [ 1.20212097,  1.41421356],
       [-1.41421356,  1.31650159],
       [-1.41421356, -0.09309059]])], [array([1.8025532 , 0.99542134, 1.97079979, 0.7227352 , 0.97006308,
       2.34260694]), array([-1.41421356, -0.71401236])]]]
[614106, 3, 'birth', 11, 16, 0, [[array([[-2.41434551,  1.19058041,  0.66494575, -0.32404318,  0.3216708 ,
        -0.09449498],
       [-1.70086582, -1.99381617,  0.28129316, -2.44948974,  0.53949483,
         2.44948974],
       [-0.03777694, -0.33594991,  1.74613359, -0.50072678, -0.04965863,
        -1.30220364],
       [-2.28243676,  0.38617166,  0.29081579, -0.33333026, -1.29118387,
        -1.57634682],
       [ 1.66093228, -2.13265371, -2.44948974, -2.44948974, -1.2553329 ,
         1.01693925],
       [-1.01669984,  2.44948974,  1.38156976, -1.37543358, -0.75861154,
         0.19118702]]), array([[ 1.41421356, -0.39871033],
       [ 1.41421356, -1.41421356],
       [ 1.41421356,  1.10750444],
       [-1.41421356, -1.41421356],
       [-1.41421356,  0.30776973],
       [-0.2976656 , -0.84087522]])], [array([ 0.19486704,  2.2343052 ,  1.08976247,  2.44948974, -2.21171957,
       -1.5789472 ]), array([ 0.32622479, -0.89221321])]]]
[614106, 24, 'birth', 2, 21, 1, [[array([[ 2.42784111,  0.74149748,  1.0082949 ,  0.86824385, -0.94681185,
         1.48600138],
       [-2.44776964, -1.35308316,  1.50423958, -1.67630211, -0.63181777,
        -0.35164201],
       [ 0.01737053,  2.24748406,  0.67636878, -2.34513845,  0.99352244,
         1.85828985],
       [-2.31409855, -1.33745674,  2.26863854,  2.44948974,  1.57457589,
        -0.11752044],
       [-0.21966354,  2.44948974, -1.64598215, -2.13893358,  0.12463705,
         2.44948974],
       [ 1.65490707, -1.30820135, -0.85442693, -0.42160762, -0.27543165,
         1.62487153]]), array([[-1.41421356, -0.45749433],
       [ 1.18889332, -1.41421356],
       [ 1.41421356,  1.41421356],
       [ 1.30791963,  0.99363713],
       [ 1.19161128, -1.41421356],
       [ 1.41421356,  0.29770315]])], [array([-2.05702806, -1.54842307, -1.54477914,  0.57828174, -2.1084889 ,
       -1.68363459]), array([ 1.41421356, -0.68127615])]]]
[731807, 9, 'birth', 4, 10, 0, [[array([[-1.19434229, -1.07371712,  0.66494575,  0.85355221,  0.3216708 ,
        -0.09449498],
       [-1.90375425, -2.40062951, -0.29856577, -0.28297086,  0.53949483,
         0.89092634],
       [ 1.61522301, -0.33594991,  2.44948974, -0.50072678, -0.04965863,
         2.44948974],
       [-2.28243676,  0.38617166,  0.29081579, -0.33333026, -1.29118387,
         2.24092116],
       [-0.30047738, -0.47527052, -1.24258369, -1.36001884,  1.28765509,
         0.91183183],
       [ 1.69672825,  2.2527471 , -1.07010591, -2.13612398, -1.05559548,
        -0.35454567]]), array([[ 0.07738947,  0.00924117],
       [ 1.16903018,  1.05707367],
       [ 0.75925651, -1.41421356],
       [ 1.41421356, -1.41421356],
       [-1.12858721,  0.35683787],
       [ 0.59065118,  1.41421356]])], [array([-0.73954591, -0.75383381, -1.78628198, -1.43901308,  2.38288186,
       -2.38649644]), array([ 1.41421356, -0.63372537])]]]
[859408, 21, 'birth', 9, 22, 0, [[array([[-1.19434229, -1.07371712,  0.66494575,  0.85355221, -0.16200456,
        -0.09449498],
       [-1.90375425, -2.40062951, -0.29856577, -0.28297086,  0.53949483,
         1.15352881],
       [ 1.61522301, -0.33594991,  2.44948974, -0.50072678, -0.04965863,
         2.44948974],
       [-2.28243676,  0.38617166,  0.29081579,  2.44948974, -1.29118387,
         2.24092116],
       [-0.30047738,  1.24251382, -1.24258369, -1.36001884,  2.44948974,
         0.91183183],
       [ 1.69672825,  2.2527471 , -1.07010591,  0.13973108, -1.47304285,
         2.44622101]]), array([[-0.40019253,  0.16725383],
       [ 0.09780994, -1.41421356],
       [-0.81401832,  1.2577023 ],
       [ 0.60436394,  1.18646709],
       [ 1.41421356, -1.41421356],
       [-1.41421356,  0.67053701]])], [array([-0.01276339,  1.40467213,  0.75373862,  0.88560673, -2.19240963,
        1.03194938]), array([1.18967987, 1.41421356])]]]
[882858, 13, 'death']
[883008, 10, 'death']
[883158, 17, 'death']
[883308, 22, 'death']
[883458, 14, 'death']
[883608, 12, 'death']
[883758, 8, 'death']
[883908, 4, 'death']
[884058, 20, 'death']
[884208, 3, 'death']
[884358, 24, 'death']
[908759, 9, 'death']
[908959, 21, 'death']
[908959, 'Extinction!']
