[time, indiv, parent1, parent2, gender, brain]
[150, 11, -1, -1, 0, [[array([[ 1.45900738,  2.12720582,  1.25074929,  0.04121377,  0.02024806,
        -0.18161887],
       [ 0.02725607, -0.43940623,  0.11408002, -0.76097561, -1.50398799,
         1.21560433],
       [ 1.5680512 ,  2.11985685,  2.29314118, -0.79956943,  1.87479404,
         0.41789196],
       [-0.23491451, -1.97777817,  1.26176203,  1.44086595,  1.44541495,
        -1.71949779],
       [ 2.10202608,  0.90209608, -1.13544229,  0.10148545,  1.12051661,
         0.44226795],
       [-1.19326187, -0.80387382,  2.12775549, -2.14556445,  0.15014597,
        -2.32822395]]), array([[-1.49956364,  0.16736303],
       [ 1.3456635 ,  0.08412468],
       [ 1.08086006,  0.70452075],
       [-1.20672628, -0.88187513],
       [ 0.92285843,  1.43220961],
       [ 0.65974122,  0.44680053]])], [array([ 0.09458408,  2.183903  , -0.06594091, -1.29204803,  2.31719124,
        2.33034375]), array([2.20929007, 1.26864625])]]]
[150, 13, -1, -1, 1, [[array([[ 0.19660091,  0.36325761, -0.6057919 , -2.28608961,  0.10657643,
         0.13026089],
       [ 1.20680564,  0.19864635, -1.02495565, -0.21436055,  0.42213336,
        -2.17180172],
       [ 0.39577696, -0.4989204 ,  1.35843171,  0.4621101 ,  2.44215072,
         2.23145672],
       [ 2.00897923, -1.53265064,  0.51539304, -1.12889569,  0.4725845 ,
         2.39220709],
       [-2.29646401,  1.14142849,  1.4863408 , -2.27235246, -0.73786707,
         0.89091099],
       [-1.69011113, -1.25656584,  1.97844118, -2.02228601,  0.06610754,
        -0.78402103]]), array([[ 0.43031294,  0.6928019 ],
       [ 0.98638887, -2.05710141],
       [ 0.7755767 ,  1.39983259],
       [-0.67645813,  1.95226165],
       [-0.11343056,  1.65365195],
       [-1.15671703,  1.42931861]])], [array([-2.30852542, -1.74744559, -0.20923784, -0.36296944,  2.1799604 ,
        1.15430909]), array([1.49093576, 1.40041699])]]]
[150, 2, -1, -1, 0, [[array([[ 0.57944117,  0.88240254, -2.04639607, -1.57159688, -1.62192767,
         0.10236005],
       [ 1.25210558,  1.46558357, -1.61677228,  1.47349395,  0.20504374,
        -0.57480577],
       [ 0.1138532 ,  0.05797287, -2.15099688,  1.85954883, -1.28982005,
         1.00233809],
       [-2.40493584, -0.84405377, -0.19579282,  1.37497592,  2.11291011,
         1.69079252],
       [-2.23729475, -1.58802228,  0.81230539,  0.11305477,  1.81130418,
         1.70323669],
       [-1.53076668, -0.65589226, -2.4389463 ,  1.35964257,  1.59758987,
         2.16453939]]), array([[ 1.74535369,  0.97824783],
       [-0.85677978, -2.34346843],
       [ 2.07920996, -1.74557899],
       [-0.57839761,  1.27756271],
       [-1.3913043 ,  0.12107413],
       [-1.86682641,  1.23291893]])], [array([-1.44678451,  1.47642745, -0.3108244 ,  0.89220711, -0.64990677,
       -0.53543521]), array([ 2.06197693, -0.04034452])]]]
[150, 4, -1, -1, 1, [[array([[ 0.16875146, -0.88009315, -1.92980595,  0.68754192,  1.98311569,
         2.00941849],
       [-0.133431  , -0.65392038,  0.47380981,  0.26612769,  1.91307865,
        -2.17473202],
       [-0.19416241,  2.31645926, -0.32117796,  0.69054971, -0.95704191,
        -1.10077234],
       [-0.76739913,  0.5448113 ,  0.72266313, -0.64704993, -0.32468167,
        -1.6607663 ],
       [ 1.92422688, -0.36009792, -0.13200616,  1.9402623 , -0.75440682,
        -0.0768791 ],
       [ 2.1120883 , -1.64689954, -0.83728776, -0.63761589,  2.42643929,
        -0.31748966]]), array([[ 2.4313561 , -0.01527001],
       [-1.38403222,  1.01596942],
       [ 0.64732367, -1.81556301],
       [ 2.44175411,  1.59894026],
       [-0.37626602, -1.58677984],
       [-1.39946089,  0.89132244]])], [array([-1.94180291, -1.01230753, -1.27746929, -0.83534963, -0.21396683,
        0.20731352]), array([-1.54875732, -1.54942088])]]]
[150, 16, -1, -1, 0, [[array([[-1.00066559,  1.81821669, -0.30585808, -2.42146432,  1.74874087,
         2.39568288],
       [-0.84053654,  0.82768806, -0.22996128,  0.13236795, -1.58176327,
         1.47752715],
       [-0.23297986, -2.00924725,  0.07710651, -1.06857155, -1.35225437,
         1.59935732],
       [-1.25664893, -2.25657085,  0.92027287, -0.52210285, -0.55775893,
        -1.64179613],
       [-2.43019596,  1.68960908,  2.42011133, -0.00368768,  1.79642019,
        -1.38152148],
       [ 0.40735846, -1.77469614, -0.14557127, -1.01964346,  0.1877654 ,
         1.38549746]]), array([[ 0.96109899, -2.21596198],
       [-0.64238414, -1.29074651],
       [-1.19951682,  1.81976494],
       [ 0.60552731, -0.21698561],
       [-1.13190884, -1.09643534],
       [ 0.11581351,  1.26734424]])], [array([-0.53705301, -1.048814  ,  1.2637556 , -0.39422468,  1.374244  ,
       -2.15549573]), array([-0.46351161,  2.00342328])]]]
[150, 20, -1, -1, 1, [[array([[ 1.08063778, -1.79973408,  0.80397672,  0.10261185,  1.03135866,
         1.90455682],
       [-2.00638352,  2.30119494, -1.93500484, -2.34426554,  0.77623093,
        -0.16515724],
       [-1.21463486, -1.17625343,  1.59889972,  1.64577049, -1.19231411,
         1.23898703],
       [ 2.23217372, -0.51435713,  0.13347543, -1.22556799,  0.80461608,
        -1.91850076],
       [ 1.91665023,  0.88978946, -0.21365293,  0.73224063,  0.75612169,
         0.30875921],
       [-0.73129395, -1.9383035 ,  0.69088826,  0.14073114,  2.05234025,
        -0.77907472]]), array([[-0.03632457, -2.1473067 ],
       [ 1.67884244, -1.99500751],
       [ 1.11388163, -0.66196847],
       [-1.12127815,  2.39940167],
       [-0.5071333 ,  1.80850765],
       [-0.29000515,  1.37234976]])], [array([ 2.32949448,  0.04689031,  0.4787979 ,  1.08035268, -0.95465038,
       -1.37552487]), array([-1.57114501, -2.13977536])]]]
[150, 23, -1, -1, 0, [[array([[ 1.76725718, -1.200747  ,  1.47700898, -0.61903688, -0.10987812,
         1.03912738],
       [ 2.2424141 , -0.8956982 ,  0.99095704, -1.7068551 , -2.0377432 ,
         1.39630957],
       [ 1.87606353, -0.00301346, -0.46770792, -2.16644756, -0.03604002,
        -2.39715927],
       [-0.09109466, -2.33318642, -1.80108083,  1.7756846 ,  2.30698967,
        -1.01506071],
       [-1.82043927,  0.37971185, -2.30314764,  1.57913566,  0.92313364,
         1.34235762],
       [ 2.2540968 , -1.10663587, -1.38763075,  1.36299488,  1.71268411,
         1.55469723]]), array([[ 2.2945098 , -2.11038051],
       [ 1.46358363,  2.01614129],
       [-0.41307145,  1.29044872],
       [-0.70401031,  0.67337639],
       [-0.51216478, -1.46344106],
       [ 0.72150944, -0.32778019]])], [array([-1.7507878 ,  0.21898515, -0.16950654,  1.33422922,  1.61220724,
       -0.19002621]), array([-0.60273182,  1.50542274])]]]
[150, 10, -1, -1, 1, [[array([[ 0.94955396, -2.40344966, -1.66567643, -1.09323946,  0.63226132,
         0.91056896],
       [ 2.20518105, -1.92102419,  0.16373296, -1.45508722, -2.35333026,
        -1.64295194],
       [ 1.31537899,  0.42432067, -1.72718833,  2.05742905,  1.65381902,
         0.51872988],
       [ 2.08487699,  1.67702262, -1.25591638,  0.87733001, -1.73868898,
        -0.96942314],
       [ 0.23438642,  1.79430054,  1.7884711 ,  1.77901566, -0.04660494,
         2.04083215],
       [-2.04657187, -1.06706552,  1.64778338,  1.08871237,  0.38302184,
        -0.53091646]]), array([[ 2.438729  ,  1.91836819],
       [-0.08057316, -0.50157229],
       [-0.62134951, -1.49184406],
       [ 2.20612256,  0.73556379],
       [ 0.45636802,  1.79430421],
       [-0.86642166,  2.0006225 ]])], [array([-0.91327566, -2.11438721,  0.09189484, -2.30150985, -1.71464592,
       -1.212798  ]), array([-1.98974767,  0.3855983 ])]]]
[150, 7, -1, -1, 0, [[array([[-1.16038788,  0.53911137,  1.27134299, -0.38217676,  0.14155834,
         2.18429294],
       [-0.72949762,  0.62539425, -1.08184903,  0.54397093,  1.3207823 ,
         0.69173419],
       [ 0.65428379, -0.57616708, -0.93336802, -0.70483325, -1.23020734,
         0.46529725],
       [-2.43324356, -1.93420833,  1.9363429 ,  1.0346304 , -0.40204276,
        -2.41941355],
       [ 0.89898084, -2.4213729 , -0.48687877, -0.34917722, -0.33540883,
        -1.11135003],
       [ 1.45370341, -0.3288277 ,  0.57149111, -0.92080331,  0.51984303,
         1.18084094]]), array([[ 0.43600877, -0.52037215],
       [-2.27156979,  1.38613308],
       [ 1.52797267, -1.53106022],
       [-2.26578685,  2.22632314],
       [ 0.29581999, -1.52258714],
       [-2.05601763, -0.93907129]])], [array([ 0.27760422, -0.09791672,  1.81565617, -0.66501653, -0.81393812,
       -1.84220333]), array([1.49619486, 0.82662584])]]]
[150, 8, -1, -1, 1, [[array([[ 1.82575518,  2.23852557,  1.69276352, -0.09476111, -1.57687266,
        -1.62183567],
       [ 2.25632737, -0.99772593, -0.97076897,  1.17654001,  0.47074303,
         1.33318119],
       [ 0.77370425,  0.42869289, -1.26353668, -0.43773987, -2.26158523,
         1.67015569],
       [-0.93122943, -0.61909089,  0.70799104,  0.97827815,  1.09771285,
         0.98767398],
       [-0.71168644, -0.13998319, -0.34826223, -2.08489441, -2.0215218 ,
        -2.28172523],
       [-1.20473879, -2.12634173, -0.50227434,  1.85302137,  0.67623719,
         1.4833247 ]]), array([[-1.04817465,  0.707676  ],
       [ 0.84482332,  1.53256069],
       [-0.76851272, -0.63433576],
       [-1.88317687,  1.49449233],
       [-1.96353799, -1.26187513],
       [ 1.15957458,  2.14558805]])], [array([-2.06812706,  0.61604583,  0.11897629, -1.50722417,  2.17161985,
       -0.71865114]), array([ 0.07384163, -1.96576982])]]]
[150, 18, -1, -1, 0, [[array([[ 2.33875317,  1.69039987, -0.56458104,  1.12396379, -1.49346134,
        -2.17900188],
       [ 0.40402648, -1.44018324,  0.43674912,  1.88741856,  2.30257131,
        -0.66209945],
       [-2.1328394 ,  0.8936962 , -1.18899828,  1.32638783, -0.57682305,
        -0.9938939 ],
       [ 1.1309048 , -1.09991472, -2.35600181,  1.6043767 , -0.08062757,
         0.25285574],
       [-1.25400614,  1.99988635, -0.06740782,  0.92264981, -0.23385762,
        -1.90228542],
       [ 1.98261763, -2.34960551,  1.63109859, -0.17614827, -1.2152221 ,
         0.85759851]]), array([[ 0.25840636, -0.91613507],
       [ 1.35559847, -1.25618811],
       [-1.18944048, -1.22812192],
       [ 0.5230451 , -0.92185093],
       [ 1.1719793 , -1.97006047],
       [-1.45300659, -0.38524839]])], [array([-1.42692695,  0.31693711,  1.29643873, -2.41372035,  1.01828413,
       -0.22826166]), array([-1.35676484,  0.11591715])]]]
[150, 21, -1, -1, 1, [[array([[ 0.37038168,  0.38072718, -2.23310813, -1.29263764,  1.96685179,
         1.17870172],
       [-2.34118434, -0.98899079,  0.4490174 , -1.74912688,  0.97218557,
         1.91343943],
       [ 0.62778726,  0.11798743,  2.35825277,  0.8258378 ,  1.89972728,
         0.11009054],
       [ 0.39512659,  0.01050838,  1.29408214, -1.79027625,  1.7456178 ,
         0.36576007],
       [ 0.18138349,  1.94631915,  2.3777081 , -1.83632843,  2.07002701,
         1.47243598],
       [ 1.00113959,  1.23106856,  2.03045445,  1.78182729,  1.40779893,
        -0.21498835]]), array([[ 1.34815565,  0.1887355 ],
       [ 0.46154682, -0.73423853],
       [ 0.67662898, -1.78497336],
       [ 2.32425018, -2.28295345],
       [ 0.75180112,  1.83644019],
       [ 1.23239848, -1.09458328]])], [array([-0.19297166, -1.59460426, -2.01274548,  1.87437347,  1.08095624,
        1.48654402]), array([ 1.18248175, -0.80565531])]]]
[150, 24, -1, -1, 0, [[array([[ 2.07370883, -0.16878511,  1.82539052, -1.78877774, -0.58123627,
         1.63778849],
       [ 0.68862324,  1.91962381,  2.0251852 , -1.66030944,  0.01736585,
         0.61435812],
       [ 1.55450317, -0.55086715, -0.34506766,  1.03537837, -1.33619549,
         0.61322051],
       [ 1.18996823, -1.18070462,  1.18650558, -0.71479853,  2.09130687,
        -1.41249503],
       [-0.9696128 , -1.44281664, -2.11134872,  1.22510961, -1.20193591,
        -0.8487444 ],
       [ 1.54163074,  2.40309884,  1.6446177 ,  2.24619258,  0.67758002,
        -1.05989816]]), array([[-0.60929332,  1.42947385],
       [-1.40979104, -0.68861005],
       [-2.23982049,  1.62603277],
       [ 0.20176525,  0.62054818],
       [-1.14895301, -1.7250461 ],
       [ 1.7846269 ,  1.20807757]])], [array([0.69622258, 0.38386732, 1.87078726, 0.37360201, 2.04780799,
       1.25038045]), array([ 1.72856285, -0.75518951])]]]
[150, 9, -1, -1, 1, [[array([[-2.22365593, -1.34045927,  2.35903678, -0.69458669, -1.22481502,
         0.64642555],
       [ 0.09692768,  1.12168756,  0.18049618,  0.28595843, -0.45355788,
        -0.50179841],
       [ 1.92388539,  1.22433852, -2.0904151 ,  2.33863705, -2.00115893,
         2.21787021],
       [ 1.94567144,  0.71060473, -0.45711845, -1.46049604,  0.61278295,
        -1.98603821],
       [ 2.05382784, -2.08951665, -2.32300616, -0.29107748, -1.33869924,
         0.1083984 ],
       [-2.2344862 ,  1.52184794, -0.40255465, -1.04471796,  0.96894659,
        -1.30656863]]), array([[ 0.88355806, -1.87092535],
       [ 2.00555458, -1.04830688],
       [-0.24977592, -0.77566754],
       [ 1.82254273,  2.42606257],
       [-0.64472441, -1.34712782],
       [-0.9306704 ,  1.23992862]])], [array([-1.30228796,  1.46159423,  1.3434071 , -0.76561151,  0.41771875,
       -0.42298224]), array([1.26702303, 1.80018816])]]]
[150, 19, -1, -1, 0, [[array([[ 0.71809361,  0.323171  ,  0.6991646 , -0.85066322,  0.97264862,
         1.99909762],
       [-0.57432861,  0.86426514,  0.48197639, -0.33887252, -1.77379286,
         0.77877643],
       [-2.43607742,  1.72800347,  0.91728689, -0.37415679,  0.09834728,
         0.79372208],
       [-1.57447468,  0.30357668,  0.68307774, -0.84496183, -1.79995837,
         0.22418411],
       [-1.35386188, -0.80706729, -2.00107539,  0.22780431,  0.49866479,
         1.99830726],
       [-1.81765834,  2.05101571,  1.76120511, -1.53412535,  2.02018182,
         1.26184101]]), array([[-0.01334996, -2.29811897],
       [ 1.39528883, -1.12063345],
       [-0.92600481,  0.49944117],
       [ 1.08703485,  0.30959799],
       [ 1.65518879, -1.03760472],
       [ 0.3395694 , -0.41070943]])], [array([-1.99965992,  2.03720901,  1.2561226 ,  2.35962429,  1.34351994,
        0.86267207]), array([-0.3642966 , -1.72311794])]]]
[150, 5, -1, -1, 1, [[array([[-0.06587322,  2.05081053,  0.58780929,  0.36841692, -2.02083651,
         1.99669154],
       [ 1.56625919,  1.89261368,  2.0761621 ,  1.12522946,  1.22737031,
         1.88173075],
       [-0.75434342,  2.05868996,  0.54694105,  2.2791505 ,  1.42031189,
         0.70231997],
       [-1.55366239,  1.09196963, -0.52298052,  0.54924473, -2.36035221,
        -0.27962022],
       [-0.60399352,  1.36575745, -2.2974993 , -0.62794398,  0.19315165,
         1.46426016],
       [ 2.18330048,  0.44155637, -0.4944924 ,  0.31190571, -0.10152504,
         0.98889919]]), array([[ 0.99951026, -2.20869567],
       [-1.11807763,  2.33203496],
       [ 1.92618421,  0.39983221],
       [ 0.88040078,  0.34225785],
       [-0.55568202,  2.39112328],
       [-1.76062595, -0.2983674 ]])], [array([ 1.18360224,  1.06768448,  2.2330294 , -2.29849728,  2.37560276,
        0.49377   ]), array([1.1995194 , 0.75240597])]]]
[150, 22, -1, -1, 0, [[array([[ 1.25784409, -2.20032351, -0.88319877, -1.62218861,  1.03861952,
         2.42025899],
       [ 0.9373772 , -0.7505853 , -2.4435941 , -0.37433184, -1.52760532,
        -1.64475586],
       [-0.3268935 ,  0.03929684, -2.28685046,  2.42087737,  0.45378842,
         1.60467127],
       [-0.64361309,  2.25708756, -0.42645546, -1.54711651,  1.82207564,
        -1.62555388],
       [ 0.35627266, -1.90013877,  0.82271509, -1.46321053,  1.91128226,
         2.40498735],
       [-2.19881778,  1.65153589,  0.31230158,  1.33125633,  1.15883689,
        -1.29905609]]), array([[-1.5917598 ,  2.32456505],
       [-0.82691295, -0.59382384],
       [ 1.91474189, -1.19497419],
       [-0.92001295,  1.67613448],
       [-0.5986464 ,  1.10993464],
       [-1.88975665, -2.05677134]])], [array([ 1.95615801, -0.852113  ,  1.91891197,  1.02770195,  0.88480692,
       -0.67895325]), array([-1.5608269 ,  0.18351043])]]]
[150, 12, -1, -1, 1, [[array([[-0.47852745, -1.92594373,  1.59359503, -2.2738729 , -1.08184475,
        -2.40608717],
       [-0.78926402, -1.80082046,  0.60890265,  2.2914153 , -0.74677393,
        -1.52974059],
       [ 0.58460524, -1.06054108, -1.50685289, -1.5779878 , -1.68659967,
         0.9287383 ],
       [ 0.43840535, -1.5570703 ,  0.70210849, -1.8326629 , -0.13424525,
        -0.65301812],
       [-0.6918197 , -0.19233182,  1.41316783, -0.05865041,  1.69992056,
        -0.3790555 ],
       [ 2.0254303 , -0.25344317,  0.12073915, -1.47966508, -1.26425436,
        -0.6519266 ]]), array([[-0.77505085, -0.4154383 ],
       [-1.39817281,  1.54832234],
       [ 1.5840267 , -1.39015801],
       [-2.22243468,  2.36813922],
       [-1.50801769, -1.63732815],
       [-0.56824397, -0.21686074]])], [array([ 0.57827487,  2.14644424, -2.32862422,  0.7783749 ,  1.25594446,
       -1.76186725]), array([1.34233039, 1.97177502])]]]
[150, 6, -1, -1, 0, [[array([[-2.02429094, -1.86673935,  1.84523645,  0.77220133, -0.59830257,
         1.91511386],
       [ 1.38687368, -1.11461273, -2.38636379,  2.04925499, -0.63092772,
        -0.27951212],
       [ 0.41257869, -0.76040194,  1.96490087,  0.38718111,  0.78655928,
        -2.24374415],
       [ 1.80886613, -1.32137293, -0.59316454, -0.09029444,  2.32534962,
         1.39094844],
       [-1.75600288, -0.27414819,  2.27501805, -1.58919071, -1.90470152,
         0.8231744 ],
       [-2.11945815,  2.21874179,  0.85877907,  1.47777676, -2.27696823,
        -2.34870733]]), array([[-1.82616411, -0.91862926],
       [-2.11273719,  2.23102865],
       [-2.13473048,  1.42341912],
       [-2.38179734, -1.09426738],
       [-1.57087853, -0.2406684 ],
       [-0.65021095, -0.41297971]])], [array([ 1.53619454,  0.97156147,  1.48194679, -0.25333125, -2.33195503,
       -0.31656209]), array([1.660256  , 1.00174601])]]]
[150, 1, -1, -1, 1, [[array([[ 1.61332973, -1.31602563,  0.95676253,  1.09510196,  0.09971027,
        -2.10915165],
       [ 1.04554001, -0.5955743 ,  0.43366572, -1.76405279,  2.02001074,
        -0.38356636],
       [-2.2682626 ,  0.10157694, -2.29258636,  0.30264365,  0.66108533,
        -1.71443372],
       [-0.81017989,  0.97581993, -2.41826993,  0.56256309,  1.4864249 ,
        -0.63319619],
       [ 1.41746958, -2.03530919, -0.28899317,  1.09756937, -0.93310368,
         0.72072127],
       [-0.19398549,  0.86117911, -1.84854395, -0.22221693,  1.57971022,
        -1.21600202]]), array([[ 1.13524626, -0.10802076],
       [ 1.33457083,  0.4788762 ],
       [-0.04808301, -1.1771509 ],
       [-0.31463009, -0.65358472],
       [-1.25076254, -2.07462815],
       [ 0.11513627, -0.34684261]])], [array([-1.03765456, -0.05209362, -1.72248838,  1.97376535, -1.45074076,
        1.80908322]), array([0.75383959, 1.6571054 ])]]]
[150, 14, -1, -1, 0, [[array([[-1.9213921 , -2.26727499,  0.6836291 ,  0.88039424,  1.50515538,
         1.51688763],
       [ 1.66214318,  1.28556342, -2.12469588,  0.80649381, -1.66325746,
         1.8674594 ],
       [-0.15346354, -1.23821815,  0.86860577,  1.97235996, -0.83778347,
        -1.5966282 ],
       [ 0.84782998,  1.78682956,  0.02117901,  0.57510602,  2.31694563,
        -0.58008197],
       [ 1.75368155,  1.51623164,  1.05967407,  0.55470222,  0.02812213,
         0.6593275 ],
       [-1.76400701, -1.36665988,  0.10375625, -2.12741648,  2.41087555,
        -2.35201772]]), array([[ 1.86511886, -1.25994824],
       [ 1.04400506,  1.63532749],
       [ 0.38198274,  0.28963483],
       [ 1.16837108, -0.57155543],
       [ 0.94706576, -2.16337624],
       [ 1.28096626,  1.32460956]])], [array([-1.05661776,  1.86890603, -1.24465515,  1.4646674 , -0.71554995,
        2.16133373]), array([-0.76138486, -0.87227266])]]]
[150, 17, -1, -1, 1, [[array([[-1.46140777, -0.09198319,  2.36669392,  2.10931479,  2.1580299 ,
        -0.56876891],
       [-0.37683494, -2.43453593,  1.86699627, -0.79766626,  0.47710873,
        -1.67089102],
       [ 0.99453506,  0.27913344, -1.63591725,  0.99261815,  0.18011564,
        -2.23325621],
       [ 1.8794742 ,  2.34906693, -0.63122377, -1.03343484,  1.48385726,
         1.54549775],
       [ 1.94203007, -2.26731672,  2.08894544, -0.66996266,  1.91109338,
         2.30858149],
       [ 1.6265192 ,  0.1375834 ,  2.24097064,  1.82304158, -0.01186878,
        -2.17434925]]), array([[-1.36684249,  1.74511597],
       [-1.13971308, -0.41783224],
       [-0.56395125, -1.06991519],
       [ 1.37673666,  1.43408145],
       [ 0.62336249,  1.24730582],
       [-0.46447102,  0.99171848]])], [array([ 2.34511317,  0.13444015,  0.50163814, -1.05946795,  1.09033968,
        1.00987317]), array([-1.05981505, -2.12722065])]]]
[150, 3, -1, -1, 0, [[array([[-1.80308201, -1.26394698, -1.77410894, -1.87605551,  0.61454597,
         1.94838545],
       [ 1.09050088,  0.9588263 , -1.49100408, -0.53343145, -1.14448869,
        -0.60296878],
       [-2.27382349,  1.61347844, -0.33319472,  2.33885601, -1.905281  ,
        -0.87839468],
       [-2.34565763, -2.30863273, -0.19956619, -1.89498309, -0.6494532 ,
        -0.35838044],
       [-1.81176421, -2.08923052, -1.77748519,  2.01221127, -1.64712174,
         1.71442722],
       [ 2.35306925, -2.03484231, -2.42039751, -1.99678542, -0.16148969,
        -2.35853228]]), array([[-0.35277186, -1.41567741],
       [-2.05710928,  2.36510564],
       [-1.47097691,  0.8043838 ],
       [ 1.91655492, -0.29528442],
       [-1.89864993, -2.2927137 ],
       [ 1.25015255,  1.97126947]])], [array([ 1.06813449,  1.81525964, -1.50705387,  0.24983931,  0.54716956,
       -1.88301099]), array([ 0.00730044, -2.25023968])]]]
[150, 15, -1, -1, 1, [[array([[-0.79901801, -1.7862658 , -0.49900022, -0.80892294,  1.46347401,
        -0.05133271],
       [ 0.2553314 , -1.41311446, -1.09364576, -1.55742218,  1.00635165,
         2.1883969 ],
       [ 0.38206802,  1.28525603,  1.38608062, -1.26296261, -1.40049016,
         1.05530743],
       [-0.19407245, -1.99966526,  1.54499456,  0.58432953, -1.95253178,
        -2.32309216],
       [ 0.3302338 ,  0.05852809, -0.7732597 ,  0.14296279, -1.61244602,
         0.23250659],
       [-1.60975422, -1.34936599, -1.10043977, -0.66717456, -1.09361728,
         1.99615797]]), array([[-0.35175472,  2.01598793],
       [ 0.56096828, -0.51422508],
       [ 2.05352756,  1.04801058],
       [-2.42356068,  1.38304271],
       [-0.6010991 ,  1.82695589],
       [-0.01248781, -0.37496865]])], [array([ 0.53431997, -0.11588033,  1.73086609,  0.81379888,  1.46045446,
        2.29951515]), array([ 1.09819735, -0.39730184])]]]
[150, 0, -1, -1, 0, [[array([[ 1.84791768, -0.95838235, -1.8211052 , -2.12017439,  0.6570589 ,
        -0.82788653],
       [-2.062944  ,  0.46497184,  1.75551791, -1.92418301, -2.25451656,
         1.92848691],
       [-0.53225288, -0.96733644,  2.13049644, -1.0726682 ,  1.54688972,
         2.07131531],
       [-1.42055031, -1.54402107,  1.00455712, -0.41100505,  1.38088756,
         0.88587025],
       [-1.25657801, -1.23572443, -1.13250626, -0.78416721, -1.87270129,
        -0.14366091],
       [ 2.27256922, -1.29896813,  0.48845194,  0.36105089, -0.62323959,
        -1.60890156]]), array([[-1.16508989, -0.67220729],
       [ 1.18475397,  0.16733248],
       [ 1.11233204,  1.3482159 ],
       [-2.03001726, -1.04364726],
       [-0.59853947, -2.4493978 ],
       [ 1.55737084, -2.39655694]])], [array([-2.42721222,  2.36414894, -1.62437398, -0.92546961, -2.3921659 ,
        1.04881402]), array([ 1.4073488 , -2.38839056])]]]
[582655, 11, 'death']
[582805, 13, 'death']
[582955, 2, 'death']
[583105, 4, 'death']
[583255, 16, 'death']
[583405, 20, 'death']
[583555, 23, 'death']
[583705, 10, 'death']
[583855, 7, 'death']
[584005, 8, 'death']
[584155, 18, 'death']
[584305, 21, 'death']
[584505, 24, 'death']
[584655, 9, 'death']
[584805, 19, 'death']
[584955, 5, 'death']
[585105, 22, 'death']
[585255, 12, 'death']
[585405, 6, 'death']
[585555, 1, 'death']
[585705, 14, 'death']
[585855, 17, 'death']
[586005, 3, 'death']
[586155, 15, 'death']
[586305, 0, 'death']
[586405, 9, 'birth', 14, 17, 0, [[array([[-1.9213921 ,  1.20145883,  0.6836291 ,  2.10931479,  2.1580299 ,
        -0.56876891],
       [-0.37683494, -2.43453593,  1.86699627, -0.79766626, -0.50683134,
        -1.67089102],
       [ 0.99453506,  0.27913344, -2.44948974,  0.99261815,  0.18011564,
        -2.23325621],
       [-1.67078304,  2.44948974, -0.63122377, -2.44948974,  1.48385726,
         1.54549775],
       [ 1.94203007, -2.44948974,  2.08894544, -0.66996266,  1.91109338,
         2.44948974],
       [ 1.6265192 ,  0.1375834 ,  2.24097064, -0.45185497, -0.01186878,
        -2.17434925]]), array([[-1.41421356,  1.41421356],
       [-1.13971308, -0.41783224],
       [-1.41421356, -1.06991519],
       [ 1.37673666,  1.41421356],
       [ 0.62336249, -0.08431536],
       [-0.46447102,  0.99171848]])], [array([ 2.34511317,  0.13444015,  0.50163814, -1.05946795,  1.09033968,
        1.00987317]), array([-1.05981505, -0.60595519])]]]
[586405, 2, 'birth', 16, 10, 1, [[array([[-1.00066559,  1.81821669, -0.30585808, -2.42146432,  1.74874087,
         2.39568288],
       [-0.84053654,  0.82768806, -2.44948974,  0.13236795, -1.58176327,
         1.47752715],
       [-1.7308977 , -2.00924725,  0.07710651, -1.06857155, -1.35225437,
         1.59935732],
       [-2.10307922, -2.25657085,  0.92027287, -0.52210285, -0.55775893,
        -1.64179613],
       [-2.43019596,  1.68960908,  2.42011133, -0.00368768,  1.79642019,
        -1.38152148],
       [ 0.40735846, -1.77469614, -0.14557127, -1.01964346,  0.1877654 ,
         1.38549746]]), array([[ 0.96109899, -1.39220451],
       [-1.41421356, -1.41421356],
       [-1.19951682,  1.41421356],
       [-0.21685093, -0.21698561],
       [-1.13190884, -1.09643534],
       [ 0.11581351,  1.26734424]])], [array([-0.91327566, -2.11438721, -2.44948974, -2.30150985, -1.71464592,
       -1.212798  ]), array([-1.41421356,  0.3855983 ])]]]
[639556, 9, 'death']
[639706, 2, 'death']
[639856, 'Extinction!']
