[time, indiv, gender, coords]
[21050, 'popsize', 25, 'queuesize', 0]
[23650, 9, 0, [4.899718761444092, -11.050653457641602]]
[23650, 17, 0, [3.699275493621826, -8.73114013671875]]
[23650, 6, 0, [1.5385090112686157, -8.46909236907959]]
[23650, 12, 0, [12.377721786499023, -8.586573600769043]]
[23650, 22, 0, [3.74228572845459, -6.2716383934021]]
[23650, 21, 0, [6.233943462371826, -8.747100830078125]]
[23650, 23, 0, [5.079216003417969, -3.6104953289031982]]
[23650, 1, 0, [11.253887176513672, -11.213311195373535]]
[23650, 5, 0, [8.700200080871582, -11.39952564239502]]
[23650, 4, 0, [11.57625675201416, -3.7998175621032715]]
[23650, 20, 0, [7.765677452087402, -6.136076927185059]]
[23650, 10, 0, [2.190143346786499, -6.259129524230957]]
[23650, 16, 0, [8.938193321228027, -8.670239448547363]]
[23650, 24, 1, [7.558133602142334, -6.028513431549072]]
[23650, 3, 1, [0.12333940714597702, -1.1270335912704468]]
[23650, 19, 1, [8.740168571472168, -3.160996913909912]]
[23650, 8, 1, [11.354144096374512, -6.255861282348633]]
[23650, 7, 1, [4.961935520172119, -1.0987807512283325]]
[23650, 0, 1, [11.338107109069824, -0.7818130850791931]]
[23650, 11, 1, [6.2530517578125, -1.261324405670166]]
[23650, 18, 1, [2.6382744312286377, -3.628587245941162]]
[23650, 15, 1, [8.763594627380371, -1.2804142236709595]]
[23650, 14, 1, [1.5459154844284058, -3.584768533706665]]
[23650, 2, 1, [1.2439407110214233, -11.260342597961426]]
[23650, 13, 1, [4.68751859664917, -11.141608238220215]]
[41300, 'popsize', 25, 'queuesize', 2]
[43900, 9, 0, [3.378513813018799, -10.319026947021484]]
[43900, 17, 0, [3.68353533744812, -8.707781791687012]]
[43900, 6, 0, [1.564496636390686, -8.484457015991211]]
[43900, 12, 0, [12.393951416015625, -8.337486267089844]]
[43900, 22, 0, [3.761265754699707, -6.216345310211182]]
[43900, 21, 0, [6.198612213134766, -8.751867294311523]]
[43900, 23, 0, [3.515075206756592, -2.963182210922241]]
[43900, 1, 0, [11.237339973449707, -11.238344192504883]]
[43900, 5, 0, [8.453516006469727, -11.386039733886719]]
[43900, 4, 0, [12.277853965759277, -3.867485284805298]]
[43900, 20, 0, [7.739402770996094, -6.111887454986572]]
[43900, 10, 0, [3.725398540496826, -6.3872599601745605]]
[43900, 16, 0, [10.375028610229492, -7.815164566040039]]
[43900, 24, 1, [7.613592624664307, -6.040831089019775]]
[43900, 3, 1, [0.12333076447248459, -1.1161020994186401]]
[43900, 19, 1, [8.78335952758789, -2.7402873039245605]]
[43900, 8, 1, [11.013103485107422, -5.027173042297363]]
[43900, 7, 1, [5.342720985412598, -0.9661423563957214]]
[43900, 0, 1, [11.586481094360352, -0.12332998961210251]]
[43900, 11, 1, [6.217071533203125, -1.2431496381759644]]
[43900, 18, 1, [1.087070107460022, -2.9432566165924072]]
[43900, 15, 1, [8.999031066894531, -1.2539044618606567]]
[43900, 14, 1, [1.0788071155548096, -2.416377544403076]]
[43900, 2, 1, [1.234923243522644, -11.210676193237305]]
[43900, 13, 1, [6.121603965759277, -10.29444408416748]]
[61600, 'popsize', 25, 'queuesize', 2]
[64200, 9, 0, [2.1573519706726074, -9.133745193481445]]
[64200, 17, 0, [3.698221206665039, -8.680512428283691]]
[64200, 6, 0, [1.8405743837356567, -8.228541374206543]]
[64200, 12, 0, [12.393922805786133, -8.06241512298584]]
[64200, 22, 0, [3.8024394512176514, -6.167884826660156]]
[64200, 21, 0, [6.065428256988525, -8.126350402832031]]
[64200, 23, 0, [2.267845630645752, -1.8121240139007568]]
[64200, 1, 0, [11.45641803741455, -10.696024894714355]]
[64200, 5, 0, [8.419099807739258, -11.48311710357666]]
[64200, 4, 0, [12.169387817382812, -3.8045437335968018]]
[64200, 20, 0, [7.715778350830078, -6.1405558586120605]]
[64200, 10, 0, [4.315676212310791, -6.685251712799072]]
[64200, 16, 0, [11.375152587890625, -6.500384330749512]]
[64200, 24, 1, [7.584756851196289, -6.08015775680542]]
[64200, 3, 1, [0.1233309879899025, -1.1022027730941772]]
[64200, 19, 1, [8.811396598815918, -2.7546908855438232]]
[64200, 8, 1, [10.930523872375488, -4.68928861618042]]
[64200, 7, 1, [5.748409271240234, -0.12063372880220413]]
[64200, 0, 1, [11.595916748046875, -0.12333425879478455]]
[64200, 11, 1, [6.184413433074951, -1.2588272094726562]]
[64200, 18, 1, [0.6242399215698242, -2.6088473796844482]]
[64200, 15, 1, [9.417512893676758, -0.9306740164756775]]
[64200, 14, 1, [1.1291542053222656, -2.076812982559204]]
[64200, 2, 1, [1.2554643154144287, -11.254204750061035]]
[64200, 13, 1, [6.34760856628418, -9.741090774536133]]
[81600, 'popsize', 25, 'queuesize', 2]
[84200, 9, 0, [1.455522894859314, -7.613348484039307]]
[84200, 17, 0, [3.728287696838379, -8.67679500579834]]
[84200, 6, 0, [1.8246619701385498, -8.070098876953125]]
[84200, 12, 0, [12.393997192382812, -7.791524410247803]]
[84200, 22, 0, [3.779784917831421, -6.158534049987793]]
[84200, 21, 0, [6.042823791503906, -8.13122844696045]]
[84200, 23, 0, [1.7826151847839355, -1.7629354000091553]]
[84200, 1, 0, [11.407597541809082, -10.656697273254395]]
[84200, 5, 0, [8.040911674499512, -11.489057540893555]]
[84200, 4, 0, [11.843568801879883, -2.856264352798462]]
[84200, 20, 0, [6.915548324584961, -5.65095853805542]]
[84200, 10, 0, [4.636197090148926, -7.259028434753418]]
[84200, 16, 0, [12.059671401977539, -5.094857215881348]]
[84200, 24, 1, [7.050518989562988, -6.404309272766113]]
[84200, 3, 1, [0.12333682924509048, -1.092371940612793]]
[84200, 19, 1, [8.297615051269531, -3.0735089778900146]]
[84200, 8, 1, [11.023030281066895, -4.618350505828857]]
[84200, 7, 1, [5.362689018249512, -0.5250786542892456]]
[84200, 0, 1, [11.608365058898926, -0.12333357334136963]]
[84200, 11, 1, [6.192538261413574, -1.27798593044281]]
[84200, 18, 1, [0.11804770678281784, -2.4339632987976074]]
[84200, 15, 1, [9.391836166381836, -0.9285997748374939]]
[84200, 14, 1, [0.8031225204467773, -1.9381928443908691]]
[84200, 2, 1, [1.2462416887283325, -11.251272201538086]]
[84200, 13, 1, [5.74478816986084, -9.959490776062012]]
[101551, 'popsize', 25, 'queuesize', 2]
[103951, 9, 0, [1.3342257738113403, -5.964046001434326]]
[103951, 17, 0, [3.742659330368042, -8.68455982208252]]
[103951, 6, 0, [2.1830146312713623, -7.990729808807373]]
[103951, 12, 0, [12.39432430267334, -7.519892692565918]]
[103951, 22, 0, [3.7625885009765625, -6.175020694732666]]
[103951, 21, 0, [6.031216621398926, -8.141036033630371]]
[103951, 23, 0, [1.4959304332733154, -2.194700241088867]]
[103951, 1, 0, [11.421377182006836, -10.630919456481934]]
[103951, 5, 0, [8.153444290161133, -11.47249984741211]]
[103951, 4, 0, [11.626806259155273, -2.0738818645477295]]
[103951, 20, 0, [6.584939956665039, -6.320714473724365]]
[103951, 10, 0, [6.067890644073486, -6.428051948547363]]
[103951, 16, 0, [12.376238822937012, -4.473265647888184]]
[103951, 24, 1, [6.506850242614746, -6.470343112945557]]
[103951, 3, 1, [0.12333561480045319, -1.0812156200408936]]
[103951, 19, 1, [7.951988697052002, -3.2541608810424805]]
[103951, 8, 1, [10.644761085510254, -4.2423601150512695]]
[103951, 7, 1, [5.111454010009766, -0.8412119150161743]]
[103951, 0, 1, [11.620420455932617, -0.12333319336175919]]
[103951, 11, 1, [6.214814186096191, -1.2958272695541382]]
[103951, 18, 1, [0.1628408133983612, -2.49655818939209]]
[103951, 15, 1, [9.352519989013672, -0.9624600410461426]]
[103951, 14, 1, [0.3508841097354889, -2.460921049118042]]
[103951, 2, 1, [1.4137401580810547, -11.305821418762207]]
[103951, 13, 1, [6.536500930786133, -11.347759246826172]]
[120851, 'popsize', 25, 'queuesize', 2]
[123301, 9, 0, [1.7519047260284424, -4.4169135093688965]]
[123301, 17, 0, [3.7426111698150635, -8.66846752166748]]
[123301, 6, 0, [2.5880823135375977, -7.657055854797363]]
[123301, 12, 0, [12.393997192382812, -7.2568888664245605]]
[123301, 22, 0, [3.763019323348999, -6.225580215454102]]
[123301, 21, 0, [6.025181770324707, -8.1412992477417]]
[123301, 23, 0, [1.495916485786438, -2.1885650157928467]]
[123301, 1, 0, [11.419224739074707, -10.631744384765625]]
[123301, 5, 0, [7.890256881713867, -11.415008544921875]]
[123301, 4, 0, [11.45002269744873, -2.3499021530151367]]
[123301, 20, 0, [6.699990272521973, -6.317437648773193]]
[123301, 10, 0, [6.403985977172852, -6.012705326080322]]
[123301, 16, 0, [12.351025581359863, -4.422457695007324]]
[123301, 24, 1, [6.877330303192139, -6.295087814331055]]
[123301, 3, 1, [0.12333031743764877, -1.0727150440216064]]
[123301, 19, 1, [7.130440711975098, -3.44771146774292]]
[123301, 8, 1, [10.340097427368164, -3.9467077255249023]]
[123301, 7, 1, [4.5927886962890625, -1.305245280265808]]
[123301, 0, 1, [11.627161979675293, -0.12333089113235474]]
[123301, 11, 1, [6.230215549468994, -1.2931678295135498]]
[123301, 18, 1, [0.12105290591716766, -2.572230339050293]]
[123301, 15, 1, [9.384307861328125, -0.9479213953018188]]
[123301, 14, 1, [0.31169551610946655, -2.548686981201172]]
[123301, 2, 1, [1.6201690435409546, -11.085622787475586]]
[123301, 13, 1, [6.9562602043151855, -11.806140899658203]]
[140151, 'popsize', 25, 'queuesize', 2]
[142601, 9, 0, [2.650205373764038, -3.079652786254883]]
[142601, 17, 0, [3.7443995475769043, -8.681456565856934]]
[142601, 6, 0, [2.611008882522583, -7.47434139251709]]
[142601, 12, 0, [12.393975257873535, -6.9942216873168945]]
[142601, 22, 0, [3.7631938457489014, -6.190459251403809]]
[142601, 21, 0, [5.755014896392822, -7.559654235839844]]
[142601, 23, 0, [1.4892616271972656, -2.1851649284362793]]
[142601, 1, 0, [11.41770076751709, -10.634797096252441]]
[142601, 5, 0, [8.152658462524414, -11.489463806152344]]
[142601, 4, 0, [11.263022422790527, -2.5473639965057373]]
[142601, 20, 0, [6.943485260009766, -6.3199143409729]]
[142601, 10, 0, [6.055199146270752, -4.4405646324157715]]
[142601, 16, 0, [12.376628875732422, -4.488317489624023]]
[142601, 24, 1, [7.047671794891357, -6.204397678375244]]
[142601, 3, 1, [0.12333167344331741, -1.060698390007019]]
[142601, 19, 1, [7.148256301879883, -2.7837986946105957]]
[142601, 8, 1, [10.525205612182617, -4.016725540161133]]
[142601, 7, 1, [4.774972438812256, -0.6254659295082092]]
[142601, 0, 1, [11.640266418457031, -0.12333182990550995]]
[142601, 11, 1, [6.234107494354248, -1.2900972366333008]]
[142601, 18, 1, [0.11833135038614273, -2.6145899295806885]]
[142601, 15, 1, [9.426619529724121, -0.94251948595047]]
[142601, 14, 1, [0.3104996979236603, -2.6118907928466797]]
[142601, 2, 1, [1.6406564712524414, -11.08306884765625]]
[142601, 13, 1, [7.249063014984131, -12.38334846496582]]
[154301, 'popsize', 25, 'queuesize', 2]
[156101, 9, 0, [3.541572093963623, -2.3048017024993896]]
[156101, 17, 0, [3.776170015335083, -8.701570510864258]]
[156101, 6, 0, [2.5990102291107178, -7.498686790466309]]
[156101, 12, 0, [12.393953323364258, -6.8067145347595215]]
[156101, 22, 0, [3.772933006286621, -6.163269519805908]]
[156101, 21, 0, [5.726027488708496, -7.568017482757568]]
[156101, 23, 0, [1.2752997875213623, -2.245805263519287]]
[156101, 1, 0, [11.441898345947266, -10.675732612609863]]
[156101, 5, 0, [7.967654705047607, -11.569358825683594]]
[156101, 4, 0, [11.538311958312988, -2.482577085494995]]
[156101, 20, 0, [6.842935562133789, -6.436051368713379]]
[156101, 10, 0, [6.0827836990356445, -3.3069803714752197]]
[156101, 16, 0, [12.352843284606934, -4.448333740234375]]
[156101, 24, 1, [6.871463775634766, -6.596376419067383]]
[156101, 3, 1, [0.12333126366138458, -1.0533276796340942]]
[156101, 19, 1, [7.199795246124268, -1.6600441932678223]]
[156101, 8, 1, [10.00798511505127, -3.818556308746338]]
[156101, 7, 1, [4.760973930358887, -0.6094953417778015]]
[156101, 0, 1, [11.646577835083008, -0.12333150953054428]]
[156101, 11, 1, [6.265487194061279, -1.278806209564209]]
[156101, 18, 1, [0.11590971797704697, -2.6387927532196045]]
[156101, 15, 1, [9.400883674621582, -0.9573259353637695]]
[156101, 14, 1, [0.3075786828994751, -2.6531600952148438]]
[156101, 2, 1, [1.6575005054473877, -11.032078742980957]]
[156101, 13, 1, [7.454391002655029, -12.378639221191406]]
[173001, 'popsize', 25, 'queuesize', 2]
[175601, 9, 0, [4.9448676109313965, -1.62739098072052]]
[175601, 17, 0, [3.772221565246582, -8.692268371582031]]
[175601, 6, 0, [2.867006778717041, -7.202820777893066]]
[175601, 12, 0, [12.394007682800293, -6.550086975097656]]
[175601, 22, 0, [3.5522572994232178, -6.059642314910889]]
[175601, 21, 0, [5.736321449279785, -7.5600080490112305]]
[175601, 23, 0, [0.13806737959384918, -2.2534430027008057]]
[175601, 1, 0, [11.40966510772705, -10.63241195678711]]
[175601, 5, 0, [7.2640204429626465, -11.718372344970703]]
[175601, 4, 0, [12.371603012084961, -2.105870008468628]]
[175601, 20, 0, [6.871557712554932, -6.313787460327148]]
[175601, 10, 0, [6.450687408447266, -1.9343056678771973]]
[175601, 16, 0, [12.353214263916016, -4.468211650848389]]
[175601, 24, 1, [6.886595249176025, -6.143748760223389]]
[175601, 3, 1, [0.12333206087350845, -1.0448886156082153]]
[175601, 19, 1, [7.276953220367432, -0.13589225709438324]]
[175601, 8, 1, [9.252606391906738, -2.870562791824341]]
[175601, 7, 1, [4.887890815734863, -0.14202594757080078]]
[175601, 0, 1, [11.65479564666748, -0.12333373725414276]]
[175601, 11, 1, [6.263369560241699, -1.2735254764556885]]
[175601, 18, 1, [0.1102500781416893, -2.6625280380249023]]
[175601, 15, 1, [9.412590026855469, -0.9564821720123291]]
[175601, 14, 1, [0.29675784707069397, -2.708854913711548]]
[175601, 2, 1, [1.6342658996582031, -11.07543659210205]]
[175601, 13, 1, [8.076805114746094, -12.331127166748047]]
[193351, 'popsize', 25, 'queuesize', 2]
[195951, 9, 0, [6.603496074676514, -1.4163051843643188]]
[195951, 17, 0, [3.768869638442993, -8.676483154296875]]
[195951, 6, 0, [2.827613115310669, -7.0412678718566895]]
[195951, 12, 0, [12.394050598144531, -6.274209499359131]]
[195951, 22, 0, [3.6940066814422607, -5.878484725952148]]
[195951, 21, 0, [5.724742889404297, -7.593842029571533]]
[195951, 23, 0, [0.1776314526796341, -2.2472195625305176]]
[195951, 1, 0, [11.415252685546875, -10.608016014099121]]
[195951, 5, 0, [7.1924662590026855, -11.778326034545898]]
[195951, 4, 0, [12.394100189208984, -2.008336305618286]]
[195951, 20, 0, [6.63939905166626, -6.556028842926025]]
[195951, 10, 0, [6.270150184631348, -1.8322383165359497]]
[195951, 16, 0, [12.368152618408203, -4.171926498413086]]
[195951, 24, 1, [6.553593635559082, -6.690473556518555]]
[195951, 3, 1, [0.12332889437675476, -1.0339181423187256]]
[195951, 19, 1, [7.275369644165039, -0.12483642995357513]]
[195951, 8, 1, [9.552414894104004, -2.683443307876587]]
[195951, 7, 1, [4.639524936676025, -0.626140832901001]]
[195951, 0, 1, [11.663076400756836, -0.12333176285028458]]
[195951, 11, 1, [6.260191917419434, -1.2243988513946533]]
[195951, 18, 1, [0.10300882905721664, -2.676211357116699]]
[195951, 15, 1, [9.38045883178711, -1.008941650390625]]
[195951, 14, 1, [0.2783542573451996, -2.754801034927368]]
[195951, 2, 1, [1.619086742401123, -11.091156005859375]]
[195951, 13, 1, [8.047248840332031, -12.348254203796387]]
[213452, 'popsize', 25, 'queuesize', 2]
[216052, 9, 0, [8.2456693649292, -1.7270811796188354]]
[216052, 17, 0, [3.778430223464966, -8.690925598144531]]
[216052, 6, 0, [3.205265998840332, -7.0382466316223145]]
[216052, 12, 0, [12.394004821777344, -6.003620624542236]]
[216052, 22, 0, [3.9648385047912598, -5.902358531951904]]
[216052, 21, 0, [5.7415032386779785, -7.615982532501221]]
[216052, 23, 0, [0.12433405220508575, -2.130484104156494]]
[216052, 1, 0, [11.47275447845459, -10.59671401977539]]
[216052, 5, 0, [6.650571346282959, -11.675944328308105]]
[216052, 4, 0, [12.250714302062988, -2.0542118549346924]]
[216052, 20, 0, [6.688640594482422, -6.365614891052246]]
[216052, 10, 0, [6.11527156829834, -1.7585382461547852]]
[216052, 16, 0, [12.372603416442871, -4.184654235839844]]
[216052, 24, 1, [6.771214008331299, -6.233069896697998]]
[216052, 3, 1, [0.12333007901906967, -1.020082950592041]]
[216052, 19, 1, [7.275169849395752, -0.12484160810709]]
[216052, 8, 1, [9.42858600616455, -3.0931320190429688]]
[216052, 7, 1, [4.480745792388916, -0.9976159930229187]]
[216052, 0, 1, [11.67365550994873, -0.1233326718211174]]
[216052, 11, 1, [6.243210792541504, -1.1999198198318481]]
[216052, 18, 1, [0.09522179514169693, -2.6817386150360107]]
[216052, 15, 1, [9.409844398498535, -1.0016958713531494]]
[216052, 14, 1, [0.25500908493995667, -2.7894554138183594]]
[216052, 2, 1, [1.6138454675674438, -11.008952140808105]]
[216052, 13, 1, [8.574431419372559, -12.404879570007324]]
[233302, 'popsize', 25, 'queuesize', 2]
[235902, 9, 0, [9.67822265625, -2.553900718688965]]
[235902, 17, 0, [3.759629249572754, -8.686917304992676]]
[235902, 6, 0, [3.5868260860443115, -6.603956699371338]]
[235902, 12, 0, [12.393980979919434, -5.735395908355713]]
[235902, 22, 0, [3.9429128170013428, -5.898188591003418]]
[235902, 21, 0, [5.212314605712891, -7.951698303222656]]
[235902, 23, 0, [0.13866978883743286, -2.0559239387512207]]
[235902, 1, 0, [11.507472038269043, -10.611681938171387]]
[235902, 5, 0, [6.024775981903076, -11.84407901763916]]
[235902, 4, 0, [12.393924713134766, -1.590146780014038]]
[235902, 20, 0, [6.486977577209473, -6.497750282287598]]
[235902, 10, 0, [6.875787258148193, -1.2945685386657715]]
[235902, 16, 0, [12.372429847717285, -4.18898868560791]]
[235902, 24, 1, [6.3532280921936035, -6.5810370445251465]]
[235902, 3, 1, [0.12333054095506668, -1.0060497522354126]]
[235902, 19, 1, [7.274941921234131, -0.1248384341597557]]
[235902, 8, 1, [8.348200798034668, -3.3173511028289795]]
[235902, 7, 1, [4.473097801208496, -0.9948615431785583]]
[235902, 0, 1, [11.684882164001465, -0.12333206832408905]]
[235902, 11, 1, [6.22883939743042, -1.201932430267334]]
[235902, 18, 1, [0.09520703554153442, -2.733267068862915]]
[235902, 15, 1, [9.659407615661621, -1.1033636331558228]]
[235902, 14, 1, [0.2548031806945801, -2.84179949760437]]
[235902, 2, 1, [1.6303094625473022, -11.06179141998291]]
[235902, 13, 1, [9.32931137084961, -12.404570579528809]]
[253302, 'popsize', 25, 'queuesize', 2]
[255902, 9, 0, [10.775641441345215, -3.7976527214050293]]
[255902, 17, 0, [3.781365394592285, -8.687629699707031]]
[255902, 6, 0, [3.5696804523468018, -6.432363033294678]]
[255902, 12, 0, [12.394010543823242, -5.462702751159668]]
[255902, 22, 0, [3.6893653869628906, -5.762039661407471]]
[255902, 21, 0, [5.230078220367432, -7.975698947906494]]
[255902, 23, 0, [0.17068149149417877, -2.029536247253418]]
[255902, 1, 0, [11.43950080871582, -10.652581214904785]]
[255902, 5, 0, [5.769599914550781, -11.838305473327637]]
[255902, 4, 0, [12.39399528503418, -1.3195217847824097]]
[255902, 20, 0, [6.606337070465088, -6.391643524169922]]
[255902, 10, 0, [8.457027435302734, -0.7676416635513306]]
[255902, 16, 0, [12.371722221374512, -4.201490879058838]]
[255902, 24, 1, [6.749253273010254, -6.3345561027526855]]
[255902, 3, 1, [0.12333150207996368, -0.994100034236908]]
[255902, 19, 1, [7.274658203125, -0.12483595311641693]]
[255902, 8, 1, [8.04817008972168, -2.86079478263855]]
[255902, 7, 1, [4.07390022277832, -1.5705500841140747]]
[255902, 0, 1, [11.696783065795898, -0.12333416193723679]]
[255902, 11, 1, [6.210506439208984, -1.2186087369918823]]
[255902, 18, 1, [0.09520208090543747, -2.789334535598755]]
[255902, 15, 1, [10.191203117370605, -1.276502251625061]]
[255902, 14, 1, [0.25476786494255066, -2.8982298374176025]]
[255902, 2, 1, [1.6176741123199463, -11.05329418182373]]
[255902, 13, 1, [9.884381294250488, -12.380969047546387]]
[272902, 'popsize', 25, 'queuesize', 2]
[275502, 9, 0, [11.395049095153809, -5.303397178649902]]
[275502, 17, 0, [3.8341734409332275, -8.689823150634766]]
[275502, 6, 0, [3.8760013580322266, -6.291681289672852]]
[275502, 12, 0, [12.39402961730957, -5.197926044464111]]
[275502, 22, 0, [3.698153495788574, -5.769853115081787]]
[275502, 21, 0, [5.245020866394043, -7.983951091766357]]
[275502, 23, 0, [0.13876859843730927, -1.8403687477111816]]
[275502, 1, 0, [11.805591583251953, -10.869742393493652]]
[275502, 5, 0, [5.6788330078125, -11.88937759399414]]
[275502, 4, 0, [12.394339561462402, -1.4674676656723022]]
[275502, 20, 0, [7.662600994110107, -5.696657180786133]]
[275502, 10, 0, [9.893017768859863, -0.7007079124450684]]
[275502, 16, 0, [12.372204780578613, -4.2037034034729]]
[275502, 24, 1, [6.766552448272705, -6.285068988800049]]
[275502, 3, 1, [0.12333118170499802, -0.9815179109573364]]
[275502, 19, 1, [7.2745795249938965, -0.12483938038349152]]
[275502, 8, 1, [7.784466743469238, -2.508373975753784]]
[275502, 7, 1, [3.6157681941986084, -1.0226668119430542]]
[275502, 0, 1, [11.70476245880127, -0.12333075702190399]]
[275502, 11, 1, [6.205347061157227, -1.225468397140503]]
[275502, 18, 1, [0.09520462155342102, -2.841524600982666]]
[275502, 15, 1, [10.199080467224121, -1.2883660793304443]]
[275502, 14, 1, [0.2547675371170044, -2.950166702270508]]
[275502, 2, 1, [1.6219795942306519, -10.994096755981445]]
[275502, 13, 1, [10.309110641479492, -12.312875747680664]]
[289152, 'popsize', 25, 'queuesize', 2]
[290452, 9, 0, [11.656957626342773, -5.142937183380127]]
[290452, 17, 0, [3.8268826007843018, -8.765640258789062]]
[290452, 6, 0, [3.867043972015381, -6.10895299911499]]
[290452, 12, 0, [12.393919944763184, -4.98333215713501]]
[290452, 22, 0, [3.727842092514038, -5.709181785583496]]
[290452, 21, 0, [4.842955589294434, -8.192654609680176]]
[290452, 23, 0, [0.16810542345046997, -1.7530394792556763]]
[290452, 1, 0, [12.226583480834961, -11.059738159179688]]
[290452, 5, 0, [5.510230541229248, -11.691482543945312]]
[290452, 4, 0, [12.392033576965332, -1.6248582601547241]]
[290452, 20, 0, [8.775639533996582, -5.0705246925354]]
[290452, 10, 0, [9.8457612991333, -0.7263769507408142]]
[290452, 16, 0, [12.296095848083496, -4.340088367462158]]
[290452, 24, 1, [7.1725382804870605, -6.125854969024658]]
[290452, 3, 1, [0.1233314648270607, -0.9722501039505005]]
[290452, 19, 1, [7.274328708648682, -0.12483798712491989]]
[290452, 8, 1, [7.846073627471924, -2.4691994190216064]]
[290452, 7, 1, [4.418112754821777, -0.6702432632446289]]
[290452, 0, 1, [11.715630531311035, -0.12333466112613678]]
[290452, 11, 1, [6.2657904624938965, -1.2346700429916382]]
[290452, 18, 1, [0.09519000351428986, -2.884183406829834]]
[290452, 15, 1, [10.205157279968262, -1.3031911849975586]]
[290452, 14, 1, [0.25475260615348816, -2.992255210876465]]
[290452, 2, 1, [1.6029884815216064, -10.99075698852539]]
[290452, 13, 1, [10.276691436767578, -12.35641098022461]]
[305803, 'popsize', 25, 'queuesize', 2]
[308403, 9, 0, [11.857074737548828, -3.757521867752075]]
[308403, 17, 0, [3.785051107406616, -8.694966316223145]]
[308403, 6, 0, [4.206457614898682, -5.856341361999512]]
[308403, 12, 0, [12.393954277038574, -4.752773284912109]]
[308403, 22, 0, [3.722583532333374, -5.75909423828125]]
[308403, 21, 0, [4.8216071128845215, -8.2450532913208]]
[308403, 23, 0, [0.13824284076690674, -1.592620611190796]]
[308403, 1, 0, [12.375847816467285, -10.963693618774414]]
[308403, 5, 0, [5.562701225280762, -11.995278358459473]]
[308403, 4, 0, [12.392111778259277, -1.8169267177581787]]
[308403, 20, 0, [10.224082946777344, -4.74431848526001]]
[308403, 10, 0, [10.572674751281738, -0.47408944368362427]]
[308403, 16, 0, [12.146048545837402, -5.778714656829834]]
[308403, 24, 1, [8.25145149230957, -5.289009094238281]]
[308403, 3, 1, [0.12333441525697708, -0.9627302289009094]]
[308403, 19, 1, [7.274202346801758, -0.12484327703714371]]
[308403, 8, 1, [8.3262939453125, -2.6435203552246094]]
[308403, 7, 1, [4.5267133712768555, -0.5108314752578735]]
[308403, 0, 1, [11.725123405456543, -0.1233355700969696]]
[308403, 11, 1, [6.213737487792969, -1.2401930093765259]]
[308403, 18, 1, [0.09520088136196136, -2.934556484222412]]
[308403, 15, 1, [10.17422866821289, -1.2666049003601074]]
[308403, 14, 1, [0.25479981303215027, -3.0433297157287598]]
[308403, 2, 1, [1.6007877588272095, -10.957015037536621]]
[308403, 13, 1, [10.089699745178223, -12.392064094543457]]
[326103, 'popsize', 25, 'queuesize', 2]
[328703, 9, 0, [12.361248016357422, -2.4562771320343018]]
[328703, 17, 0, [3.8057990074157715, -8.685291290283203]]
[328703, 6, 0, [4.368242263793945, -5.321634769439697]]
[328703, 12, 0, [12.394078254699707, -4.475809097290039]]
[328703, 22, 0, [3.735407829284668, -5.728267192840576]]
[328703, 21, 0, [5.2412495613098145, -8.034034729003906]]
[328703, 23, 0, [0.17765669524669647, -1.569944977760315]]
[328703, 1, 0, [12.3154296875, -10.938151359558105]]
[328703, 5, 0, [5.8411478996276855, -11.844484329223633]]
[328703, 4, 0, [12.392017364501953, -2.039543867111206]]
[328703, 20, 0, [11.818772315979004, -4.868940353393555]]
[328703, 10, 0, [10.520500183105469, -0.7319211959838867]]
[328703, 16, 0, [12.368474006652832, -6.983341693878174]]
[328703, 24, 1, [8.84674072265625, -4.527734756469727]]
[328703, 3, 1, [0.12333520501852036, -0.9526910185813904]]
[328703, 19, 1, [7.273909568786621, -0.1248360201716423]]
[328703, 8, 1, [8.20541000366211, -2.9578635692596436]]
[328703, 7, 1, [3.40690541267395, -1.0004652738571167]]
[328703, 0, 1, [11.732499122619629, -0.1233319491147995]]
[328703, 11, 1, [6.243308067321777, -1.2433217763900757]]
[328703, 18, 1, [0.0952267125248909, -2.9912428855895996]]
[328703, 15, 1, [10.189120292663574, -1.2929608821868896]]
[328703, 14, 1, [0.2547939419746399, -3.099828004837036]]
[328703, 2, 1, [1.574880838394165, -11.019997596740723]]
[328703, 13, 1, [9.865320205688477, -12.39212417602539]]
[346353, 'popsize', 25, 'queuesize', 2]
[348953, 9, 0, [12.376302719116211, -2.453611373901367]]
[348953, 17, 0, [3.850952386856079, -8.674605369567871]]
[348953, 6, 0, [4.297408103942871, -5.168230056762695]]
[348953, 12, 0, [12.393918991088867, -4.202606201171875]]
[348953, 22, 0, [3.4933934211730957, -5.785258769989014]]
[348953, 21, 0, [5.027258396148682, -7.760764122009277]]
[348953, 23, 0, [0.1306964010000229, -1.5732941627502441]]
[348953, 1, 0, [12.367938995361328, -10.913985252380371]]
[348953, 5, 0, [5.828157901763916, -11.826305389404297]]
[348953, 4, 0, [12.392091751098633, -2.2610552310943604]]
[348953, 20, 0, [11.764322280883789, -3.5135459899902344]]
[348953, 10, 0, [10.441585540771484, -2.0209782123565674]]
[348953, 16, 0, [12.318449974060059, -6.953336238861084]]
[348953, 24, 1, [9.99439811706543, -5.403823375701904]]
[348953, 3, 1, [0.12332988530397415, -0.9377255439758301]]
[348953, 19, 1, [7.2737298011779785, -0.12484203279018402]]
[348953, 8, 1, [7.836121559143066, -2.9414615631103516]]
[348953, 7, 1, [2.201144218444824, -2.1520965099334717]]
[348953, 0, 1, [11.744939804077148, -0.12333280593156815]]
[348953, 11, 1, [6.265124797821045, -1.222264289855957]]
[348953, 18, 1, [0.09521912038326263, -3.0446767807006836]]
[348953, 15, 1, [10.184964179992676, -1.2529683113098145]]
[348953, 14, 1, [0.25486400723457336, -3.1532211303710938]]
[348953, 2, 1, [1.609761118888855, -10.977006912231445]]
[348953, 13, 1, [9.641429901123047, -12.392037391662598]]
[366603, 'popsize', 25, 'queuesize', 2]
[369203, 9, 0, [12.37635326385498, -2.451423168182373]]
[369203, 17, 0, [3.8214282989501953, -8.701212882995605]]
[369203, 6, 0, [3.8755505084991455, -4.975567817687988]]
[369203, 12, 0, [12.393941879272461, -3.928483009338379]]
[369203, 22, 0, [3.464531183242798, -5.552573204040527]]
[369203, 21, 0, [4.678714275360107, -7.917996883392334]]
[369203, 23, 0, [0.8039965033531189, -1.2965176105499268]]
[369203, 1, 0, [12.350025177001953, -10.89859676361084]]
[369203, 5, 0, [5.561899185180664, -12.018563270568848]]
[369203, 4, 0, [11.776249885559082, -1.7318720817565918]]
[369203, 20, 0, [11.751020431518555, -1.8792630434036255]]
[369203, 10, 0, [11.358553886413574, -2.194741725921631]]
[369203, 16, 0, [12.370704650878906, -7.027100086212158]]
[369203, 24, 1, [11.011489868164062, -6.068479537963867]]
[369203, 3, 1, [0.12333176285028458, -0.9262670874595642]]
[369203, 19, 1, [7.294985294342041, -0.1233365535736084]]
[369203, 8, 1, [8.495737075805664, -3.1490464210510254]]
[369203, 7, 1, [2.4685206413269043, -2.651613473892212]]
[369203, 0, 1, [11.757511138916016, -0.12333057075738907]]
[369203, 11, 1, [6.264336585998535, -1.181138515472412]]
[369203, 18, 1, [0.0951870009303093, -3.0990254878997803]]
[369203, 15, 1, [10.163570404052734, -1.3074380159378052]]
[369203, 14, 1, [0.25486037135124207, -3.207409381866455]]
[369203, 2, 1, [1.5996432304382324, -11.026871681213379]]
[369203, 13, 1, [9.418527603149414, -12.3920259475708]]
[386703, 'popsize', 25, 'queuesize', 2]
[389253, 9, 0, [12.376337051391602, -2.429047107696533]]
[389253, 17, 0, [3.850707769393921, -8.661070823669434]]
[389253, 6, 0, [3.8828651905059814, -4.960230350494385]]
[389253, 12, 0, [12.393919944763184, -3.6571171283721924]]
[389253, 22, 0, [3.224379301071167, -5.551559925079346]]
[389253, 21, 0, [4.64290189743042, -8.54907512664795]]
[389253, 23, 0, [1.3073276281356812, -1.798683524131775]]
[389253, 1, 0, [12.325559616088867, -10.906003952026367]]
[389253, 5, 0, [5.775182723999023, -12.201329231262207]]
[389253, 4, 0, [11.376931190490723, -2.0306437015533447]]
[389253, 20, 0, [11.004798889160156, -2.1855545043945312]]
[389253, 10, 0, [12.05928897857666, -2.3936164379119873]]
[389253, 16, 0, [12.309380531311035, -7.003342628479004]]
[389253, 24, 1, [10.540172576904297, -6.455609321594238]]
[389253, 3, 1, [0.12333735823631287, -0.9173039197921753]]
[389253, 19, 1, [7.3064799308776855, -0.12333891540765762]]
[389253, 8, 1, [8.510395050048828, -3.1277692317962646]]
[389253, 7, 1, [4.076117515563965, -2.746631383895874]]
[389253, 0, 1, [11.770834922790527, -0.12333135306835175]]
[389253, 11, 1, [6.235418319702148, -1.1720056533813477]]
[389253, 18, 1, [0.09520403295755386, -3.1474153995513916]]
[389253, 15, 1, [10.216554641723633, -1.3083876371383667]]
[389253, 14, 1, [0.2548886239528656, -3.255871534347534]]
[389253, 2, 1, [1.7410504817962646, -11.26760482788086]]
[389253, 13, 1, [9.22382926940918, -12.380022048950195]]
[406654, 'popsize', 25, 'queuesize', 2]
[409254, 9, 0, [12.376363754272461, -2.408874988555908]]
[409254, 17, 0, [4.4869866371154785, -8.668111801147461]]
[409254, 6, 0, [3.4379777908325195, -5.005970001220703]]
[409254, 12, 0, [12.393989562988281, -3.3854260444641113]]
[409254, 22, 0, [3.2528798580169678, -5.326038837432861]]
[409254, 21, 0, [4.5697431564331055, -8.469626426696777]]
[409254, 23, 0, [1.2770144939422607, -1.798218011856079]]
[409254, 1, 0, [12.31491756439209, -10.927541732788086]]
[409254, 5, 0, [5.525690078735352, -12.171308517456055]]
[409254, 4, 0, [11.299261093139648, -0.9917387366294861]]
[409254, 20, 0, [10.721735000610352, -3.3372273445129395]]
[409254, 10, 0, [11.866473197937012, -2.348804235458374]]
[409254, 16, 0, [12.371933937072754, -6.886634826660156]]
[409254, 24, 1, [10.419631958007812, -5.808182716369629]]
[409254, 3, 1, [0.12333561480045319, -0.9076189994812012]]
[409254, 19, 1, [7.318029403686523, -0.12333700805902481]]
[409254, 8, 1, [8.212778091430664, -3.5745787620544434]]
[409254, 7, 1, [5.604835033416748, -2.2162184715270996]]
[409254, 0, 1, [11.779348373413086, -0.12333009392023087]]
[409254, 11, 1, [6.215609550476074, -1.1783950328826904]]
[409254, 18, 1, [0.09521465003490448, -3.201010227203369]]
[409254, 15, 1, [10.1740140914917, -1.270196795463562]]
[409254, 14, 1, [0.2548338770866394, -3.309704542160034]]
[409254, 2, 1, [2.1307878494262695, -11.783073425292969]]
[409254, 13, 1, [9.22929573059082, -12.29334831237793]]
[424604, 'popsize', 25, 'queuesize', 2]
[425904, 9, 0, [12.376351356506348, -2.3876781463623047]]
[425904, 17, 0, [4.551576614379883, -8.670742988586426]]
[425904, 6, 0, [3.825543165206909, -4.82371711730957]]
[425904, 12, 0, [12.394004821777344, -3.1472010612487793]]
[425904, 22, 0, [3.2089850902557373, -5.331066608428955]]
[425904, 21, 0, [3.706427812576294, -8.607344627380371]]
[425904, 23, 0, [1.3249455690383911, -1.8110674619674683]]
[425904, 1, 0, [12.36402702331543, -10.916590690612793]]
[425904, 5, 0, [5.5035786628723145, -12.118160247802734]]
[425904, 4, 0, [11.304430961608887, -0.7809842228889465]]
[425904, 20, 0, [11.476930618286133, -4.530601978302002]]
[425904, 10, 0, [11.241584777832031, -1.9707913398742676]]
[425904, 16, 0, [12.352510452270508, -6.901455402374268]]
[425904, 24, 1, [10.215899467468262, -5.459714889526367]]
[425904, 3, 1, [0.12333837151527405, -0.8984658122062683]]
[425904, 19, 1, [7.3296356201171875, -0.12333308160305023]]
[425904, 8, 1, [7.313758850097656, -4.280447483062744]]
[425904, 7, 1, [6.712207317352295, -1.2851167917251587]]
[425904, 0, 1, [11.789189338684082, -0.12333186715841293]]
[425904, 11, 1, [6.261314392089844, -1.2064365148544312]]
[425904, 18, 1, [0.09521009773015976, -3.2455172538757324]]
[425904, 15, 1, [10.225420951843262, -1.2887399196624756]]
[425904, 14, 1, [0.2548135817050934, -3.353694438934326]]
[425904, 2, 1, [2.158858060836792, -11.79011344909668]]
[425904, 13, 1, [9.022137641906738, -12.39201831817627]]
[439504, 'popsize', 25, 'queuesize', 2]
[442104, 9, 0, [12.376346588134766, -2.3728139400482178]]
[442104, 17, 0, [4.5014262199401855, -8.6668119430542]]
[442104, 6, 0, [3.8767952919006348, -4.796328067779541]]
[442104, 12, 0, [12.393976211547852, -2.941023349761963]]
[442104, 22, 0, [2.9875707626342773, -5.271988868713379]]
[442104, 21, 0, [3.5134596824645996, -8.73244571685791]]
[442104, 23, 0, [1.263289451599121, -1.8198366165161133]]
[442104, 1, 0, [12.365459442138672, -10.906891822814941]]
[442104, 5, 0, [5.432464599609375, -12.219728469848633]]
[442104, 4, 0, [11.29640007019043, -0.6936781406402588]]
[442104, 20, 0, [11.830804824829102, -5.814527988433838]]
[442104, 10, 0, [11.217541694641113, -2.027759075164795]]
[442104, 16, 0, [12.383993148803711, -6.94353723526001]]
[442104, 24, 1, [10.287221908569336, -4.713623046875]]
[442104, 3, 1, [0.12333501875400543, -0.892788827419281]]
[442104, 19, 1, [7.33797550201416, -0.12330910563468933]]
[442104, 8, 1, [7.722563743591309, -3.7923152446746826]]
[442104, 7, 1, [7.4023566246032715, -0.24301721155643463]]
[442104, 0, 1, [11.800315856933594, -0.1233368068933487]]
[442104, 11, 1, [6.2042646408081055, -1.18134605884552]]
[442104, 18, 1, [0.09520599246025085, -3.2864832878112793]]
[442104, 15, 1, [10.155036926269531, -1.3154797554016113]]
[442104, 14, 1, [0.25484931468963623, -3.3950443267822266]]
[442104, 2, 1, [2.1562745571136475, -11.725014686584473]]
[442104, 13, 1, [8.844939231872559, -12.392021179199219]]
[459754, 'popsize', 25, 'queuesize', 2]
[462354, 9, 0, [12.376347541809082, -2.350470781326294]]
[462354, 17, 0, [5.093778610229492, -8.429698944091797]]
[462354, 6, 0, [3.8902952671051025, -4.815511226654053]]
[462354, 12, 0, [12.394021987915039, -2.6663260459899902]]
[462354, 22, 0, [2.8700146675109863, -5.443077087402344]]
[462354, 21, 0, [3.5334970951080322, -8.760351181030273]]
[462354, 23, 0, [1.2832140922546387, -1.8567620515823364]]
[462354, 1, 0, [12.364654541015625, -10.923985481262207]]
[462354, 5, 0, [5.257360935211182, -12.045578002929688]]
[462354, 4, 0, [11.281011581420898, -1.1276541948318481]]
[462354, 20, 0, [11.825482368469238, -7.507085800170898]]
[462354, 10, 0, [11.147809028625488, -1.9686986207962036]]
[462354, 16, 0, [12.323699951171875, -6.947288990020752]]
[462354, 24, 1, [10.023951530456543, -4.183796405792236]]
[462354, 3, 1, [0.1233363077044487, -0.8815065622329712]]
[462354, 19, 1, [7.265222072601318, -0.12363813072443008]]
[462354, 8, 1, [8.713300704956055, -3.2617058753967285]]
[462354, 7, 1, [7.410693168640137, -0.11688576638698578]]
[462354, 0, 1, [11.811600685119629, -0.12333710491657257]]
[462354, 11, 1, [6.208310604095459, -1.2115275859832764]]
[462354, 18, 1, [0.09523284435272217, -3.335768699645996]]
[462354, 15, 1, [10.190163612365723, -1.291121244430542]]
[462354, 14, 1, [0.2548644542694092, -3.4446587562561035]]
[462354, 2, 1, [2.164639711380005, -11.785948753356934]]
[462354, 13, 1, [8.621621131896973, -12.392081260681152]]
[479904, 'popsize', 25, 'queuesize', 2]
[482504, 9, 0, [12.376370429992676, -2.3117425441741943]]
[482504, 17, 0, [5.446568489074707, -8.409056663513184]]
[482504, 6, 0, [3.43662166595459, -4.664334774017334]]
[482504, 12, 0, [12.395374298095703, -2.468531847000122]]
[482504, 22, 0, [2.9439332485198975, -5.236009120941162]]
[482504, 21, 0, [3.5579731464385986, -8.757381439208984]]
[482504, 23, 0, [0.8855969905853271, -1.7232848405838013]]
[482504, 1, 0, [12.345405578613281, -10.90019702911377]]
[482504, 5, 0, [5.168973445892334, -12.083428382873535]]
[482504, 4, 0, [11.287720680236816, -0.70038241147995]]
[482504, 20, 0, [11.346266746520996, -9.11880874633789]]
[482504, 10, 0, [11.245626449584961, -1.9440668821334839]]
[482504, 16, 0, [12.393843650817871, -6.5424323081970215]]
[482504, 24, 1, [9.40103530883789, -4.3504958152771]]
[482504, 3, 1, [0.12333495914936066, -0.8704422116279602]]
[482504, 19, 1, [7.2276716232299805, -0.12362141907215118]]
[482504, 8, 1, [8.680096626281738, -2.5324552059173584]]
[482504, 7, 1, [7.37910270690918, -0.11237042397260666]]
[482504, 0, 1, [11.818592071533203, -0.12333201617002487]]
[482504, 11, 1, [6.233440399169922, -1.219426155090332]]
[482504, 18, 1, [0.09519116580486298, -3.3889682292938232]]
[482504, 15, 1, [10.169866561889648, -1.262110710144043]]
[482504, 14, 1, [0.25479447841644287, -3.497455596923828]]
[482504, 2, 1, [2.3671464920043945, -11.944079399108887]]
[482504, 13, 1, [8.772642135620117, -12.251733779907227]]
[500005, 'popsize', 25, 'queuesize', 2]
[502605, 9, 0, [12.376367568969727, -2.240445137023926]]
[502605, 17, 0, [5.425559997558594, -8.430301666259766]]
[502605, 6, 0, [3.4390554428100586, -4.6418890953063965]]
[502605, 12, 0, [12.3987398147583, -2.399899482727051]]
[502605, 22, 0, [2.9496824741363525, -5.2128424644470215]]
[502605, 21, 0, [3.510723114013672, -9.38998794555664]]
[502605, 23, 0, [0.40541210770606995, -1.54810631275177]]
[502605, 1, 0, [12.364407539367676, -10.906598091125488]]
[502605, 5, 0, [4.894896984100342, -11.823897361755371]]
[502605, 4, 0, [11.234261512756348, -1.1096693277359009]]
[502605, 20, 0, [10.400778770446777, -10.49515151977539]]
[502605, 10, 0, [11.718002319335938, -1.8365509510040283]]
[502605, 16, 0, [12.37695598602295, -6.802741050720215]]
[502605, 24, 1, [8.068262100219727, -3.8090035915374756]]
[502605, 3, 1, [0.12333425134420395, -0.8594388961791992]]
[502605, 19, 1, [7.188698768615723, -0.12364853918552399]]
[502605, 8, 1, [9.267396926879883, -2.8055500984191895]]
[502605, 7, 1, [7.498341083526611, -0.10796765983104706]]
[502605, 0, 1, [11.82813835144043, -0.12333175539970398]]
[502605, 11, 1, [6.253990173339844, -1.2206188440322876]]
[502605, 18, 1, [0.09517454355955124, -3.4395742416381836]]
[502605, 15, 1, [10.136616706848145, -1.2663894891738892]]
[502605, 14, 1, [0.2548128664493561, -3.548077344894409]]
[502605, 2, 1, [2.9100654125213623, -12.322883605957031]]
[502605, 13, 1, [9.40461254119873, -12.0111722946167]]
[520105, 'popsize', 25, 'queuesize', 2]
[522705, 9, 0, [12.376361846923828, -2.1633927822113037]]
[522705, 17, 0, [5.398323059082031, -8.431684494018555]]
[522705, 6, 0, [3.076725721359253, -4.584414958953857]]
[522705, 12, 0, [12.403837203979492, -2.325136423110962]]
[522705, 22, 0, [3.168689489364624, -5.224432945251465]]
[522705, 21, 0, [2.9476816654205322, -9.69857406616211]]
[522705, 23, 0, [0.38050225377082825, -1.5401585102081299]]
[522705, 1, 0, [12.333185195922852, -10.882231712341309]]
[522705, 5, 0, [4.954416751861572, -11.559980392456055]]
[522705, 4, 0, [11.34685230255127, -0.7255223393440247]]
[522705, 20, 0, [9.03504753112793, -11.464949607849121]]
[522705, 10, 0, [11.962430953979492, -2.1194539070129395]]
[522705, 16, 0, [12.384791374206543, -6.915538311004639]]
[522705, 24, 1, [6.4228434562683105, -3.6038002967834473]]
[522705, 3, 1, [0.1233346089720726, -0.8473787903785706]]
[522705, 19, 1, [7.1695380210876465, -0.12365109473466873]]
[522705, 8, 1, [9.631433486938477, -3.1642870903015137]]
[522705, 7, 1, [7.718719482421875, -0.10787541419267654]]
[522705, 0, 1, [11.837990760803223, -0.12333136051893234]]
[522705, 11, 1, [6.266085147857666, -1.1946641206741333]]
[522705, 18, 1, [0.09521520882844925, -3.487122058868408]]
[522705, 15, 1, [10.11263370513916, -1.3094874620437622]]
[522705, 14, 1, [0.25483784079551697, -3.5955941677093506]]
[522705, 2, 1, [2.929880142211914, -12.253786087036133]]
[522705, 13, 1, [9.422036170959473, -11.999070167541504]]
[540005, 'popsize', 25, 'queuesize', 2]
[542605, 9, 0, [12.376067161560059, -2.0918500423431396]]
[542605, 17, 0, [5.382803440093994, -8.416484832763672]]
[542605, 6, 0, [2.950589418411255, -4.707699298858643]]
[542605, 12, 0, [12.40453052520752, -2.2553176879882812]]
[542605, 22, 0, [2.7318663597106934, -5.317049980163574]]
[542605, 21, 0, [2.947629451751709, -9.721193313598633]]
[542605, 23, 0, [0.28003013134002686, -2.690717935562134]]
[542605, 1, 0, [12.36591911315918, -10.894709587097168]]
[542605, 5, 0, [4.953346252441406, -11.568041801452637]]
[542605, 4, 0, [11.393895149230957, -0.4656001925468445]]
[542605, 20, 0, [7.417465686798096, -11.890158653259277]]
[542605, 10, 0, [12.211963653564453, -2.1820638179779053]]
[542605, 16, 0, [12.36169719696045, -6.964831352233887]]
[542605, 24, 1, [4.818732261657715, -3.9624602794647217]]
[542605, 3, 1, [0.12333929538726807, -0.836242139339447]]
[542605, 19, 1, [7.1512250900268555, -0.12365713715553284]]
[542605, 8, 1, [8.633604049682617, -2.3656208515167236]]
[542605, 7, 1, [7.935934543609619, -0.10796723514795303]]
[542605, 0, 1, [11.850690841674805, -0.12333815544843674]]
[542605, 11, 1, [6.2656049728393555, -1.1738308668136597]]
[542605, 18, 1, [0.09519993513822556, -3.5353777408599854]]
[542605, 15, 1, [10.155294418334961, -1.2835875749588013]]
[542605, 14, 1, [0.2546898126602173, -3.643824815750122]]
[542605, 2, 1, [2.9249839782714844, -12.305065155029297]]
[542605, 13, 1, [9.209936141967773, -12.123466491699219]]
[559705, 'popsize', 25, 'queuesize', 2]
[561255, 9, 0, [12.376354217529297, -2.0274980068206787]]
[561255, 17, 0, [5.3821024894714355, -8.407663345336914]]
[561255, 6, 0, [2.6060757637023926, -4.608466625213623]]
[561255, 12, 0, [12.403175354003906, -2.1888742446899414]]
[561255, 22, 0, [2.688352108001709, -5.102838039398193]]
[561255, 21, 0, [2.947824478149414, -9.720860481262207]]
[561255, 23, 0, [0.14027376472949982, -3.281336784362793]]
[561255, 1, 0, [12.327210426330566, -10.869111061096191]]
[561255, 5, 0, [4.946283340454102, -11.558585166931152]]
[561255, 4, 0, [11.386680603027344, -0.5600416660308838]]
[561255, 20, 0, [5.834219932556152, -11.809630393981934]]
[561255, 10, 0, [12.151594161987305, -2.161813735961914]]
[561255, 16, 0, [12.35585880279541, -6.927923202514648]]
[561255, 24, 1, [5.166108131408691, -4.669179916381836]]
[561255, 3, 1, [0.12333069741725922, -0.826903760433197]]
[561255, 19, 1, [7.133449554443359, -0.12364664673805237]]
[561255, 8, 1, [7.637917995452881, -1.0758084058761597]]
[561255, 7, 1, [8.149004936218262, -0.10795661807060242]]
[561255, 0, 1, [11.859137535095215, -0.12333010882139206]]
[561255, 11, 1, [6.716587066650391, -0.588691771030426]]
[561255, 18, 1, [0.09518318623304367, -3.5832033157348633]]
[561255, 15, 1, [10.109999656677246, -1.3151450157165527]]
[561255, 14, 1, [0.2548733651638031, -3.6909468173980713]]
[561255, 2, 1, [2.9292049407958984, -12.259603500366211]]
[561255, 13, 1, [9.107259750366211, -12.253475189208984]]
[573305, 'popsize', 25, 'queuesize', 2]
[575855, 9, 0, [12.375106811523438, -1.9742012023925781]]
[575855, 17, 0, [5.379110336303711, -8.381712913513184]]
[575855, 6, 0, [2.585869312286377, -5.180166244506836]]
[575855, 12, 0, [12.402338027954102, -2.146914482116699]]
[575855, 22, 0, [2.711578130722046, -5.058681964874268]]
[575855, 21, 0, [3.218322277069092, -9.371472358703613]]
[575855, 23, 0, [0.1344437599182129, -3.3008100986480713]]
[575855, 1, 0, [12.297967910766602, -10.890549659729004]]
[575855, 5, 0, [4.9727888107299805, -11.67943286895752]]
[575855, 4, 0, [11.32884693145752, -0.9472280740737915]]
[575855, 20, 0, [5.071531772613525, -11.521106719970703]]
[575855, 10, 0, [12.133179664611816, -1.8820593357086182]]
[575855, 16, 0, [12.32137680053711, -6.927667140960693]]
[575855, 24, 1, [5.129242420196533, -5.268636703491211]]
[575855, 3, 1, [0.12333183735609055, -0.8180683851242065]]
[575855, 19, 1, [7.121341228485107, -0.12364958226680756]]
[575855, 8, 1, [7.090811252593994, -0.8030123114585876]]
[575855, 7, 1, [8.300972938537598, -0.10798782110214233]]
[575855, 0, 1, [11.870539665222168, -0.12333028763532639]]
[575855, 11, 1, [6.608141899108887, -0.5732840299606323]]
[575855, 18, 1, [0.09518740326166153, -3.6165225505828857]]
[575855, 15, 1, [10.162553787231445, -1.2986948490142822]]
[575855, 14, 1, [0.2548302412033081, -3.7250726222991943]]
[575855, 2, 1, [2.924032211303711, -12.282196044921875]]
[575855, 13, 1, [9.631967544555664, -11.903980255126953]]
[593555, 'popsize', 25, 'queuesize', 2]
[596156, 9, 0, [12.376358985900879, -1.9016302824020386]]
[596156, 17, 0, [5.376311779022217, -8.386163711547852]]
[596156, 6, 0, [2.974405288696289, -4.861623287200928]]
[596156, 12, 0, [12.404855728149414, -2.0632145404815674]]
[596156, 22, 0, [2.471952438354492, -4.990217685699463]]
[596156, 21, 0, [3.1976077556610107, -9.340439796447754]]
[596156, 23, 0, [0.16782349348068237, -3.3007469177246094]]
[596156, 1, 0, [12.355921745300293, -10.873688697814941]]
[596156, 5, 0, [4.934115886688232, -12.154147148132324]]
[596156, 4, 0, [11.380139350891113, -0.5413082838058472]]
[596156, 20, 0, [5.071352958679199, -12.107769012451172]]
[596156, 10, 0, [11.25703239440918, -1.6302462816238403]]
[596156, 16, 0, [12.394064903259277, -7.394396781921387]]
[596156, 24, 1, [5.107558250427246, -5.4991936683654785]]
[596156, 3, 1, [0.12333214282989502, -0.8071460723876953]]
[596156, 19, 1, [7.1020965576171875, -0.12366501241922379]]
[596156, 8, 1, [6.699345111846924, -0.7421206831932068]]
[596156, 7, 1, [8.52245044708252, -0.10788466036319733]]
[596156, 0, 1, [11.883548736572266, -0.1233304962515831]]
[596156, 11, 1, [6.5570831298828125, -0.5774277448654175]]
[596156, 18, 1, [0.0952109843492508, -3.6679937839508057]]
[596156, 15, 1, [10.134528160095215, -1.303965449333191]]
[596156, 14, 1, [0.2547900676727295, -3.7768568992614746]]
[596156, 2, 1, [2.924952745437622, -12.278422355651855]]
[596156, 13, 1, [10.199135780334473, -11.555997848510742]]
[613506, 'popsize', 25, 'queuesize', 2]
[616056, 9, 0, [12.376359939575195, -1.8245842456817627]]
[616056, 17, 0, [4.717274188995361, -8.46558666229248]]
[616056, 6, 0, [2.9954802989959717, -4.863245487213135]]
[616056, 12, 0, [12.404865264892578, -1.9862821102142334]]
[616056, 22, 0, [2.5460469722747803, -4.784870624542236]]
[616056, 21, 0, [3.6880133152008057, -8.986852645874023]]
[616056, 23, 0, [0.13870683312416077, -3.07917857170105]]
[616056, 1, 0, [12.375017166137695, -10.909130096435547]]
[616056, 5, 0, [5.124589443206787, -12.163768768310547]]
[616056, 4, 0, [11.320137977600098, -1.085320234298706]]
[616056, 20, 0, [5.1165971755981445, -12.01565933227539]]
[616056, 10, 0, [11.263201713562012, -1.6387165784835815]]
[616056, 16, 0, [12.381481170654297, -7.453145503997803]]
[616056, 24, 1, [4.667860984802246, -4.33877420425415]]
[616056, 3, 1, [0.12333229184150696, -0.7948662638664246]]
[616056, 19, 1, [7.0834431648254395, -0.12364645302295685]]
[616056, 8, 1, [6.696244716644287, -0.7155276536941528]]
[616056, 7, 1, [8.742681503295898, -0.10790096968412399]]
[616056, 0, 1, [11.89062213897705, -0.12333078682422638]]
[616056, 11, 1, [6.532193660736084, -0.5875158309936523]]
[616056, 18, 1, [0.09519468247890472, -3.7204384803771973]]
[616056, 15, 1, [10.105679512023926, -1.349865198135376]]
[616056, 14, 1, [0.2548210918903351, -3.828995704650879]]
[616056, 2, 1, [2.883120059967041, -12.280238151550293]]
[616056, 13, 1, [10.208831787109375, -11.542186737060547]]
[633506, 'popsize', 25, 'queuesize', 2]
[636106, 9, 0, [12.376368522644043, -1.7458513975143433]]
[636106, 17, 0, [4.736842632293701, -8.462271690368652]]
[636106, 6, 0, [3.003931760787964, -4.869894981384277]]
[636106, 12, 0, [12.40484619140625, -1.9080103635787964]]
[636106, 22, 0, [2.560002565383911, -4.765864849090576]]
[636106, 21, 0, [3.6685993671417236, -8.963960647583008]]
[636106, 23, 0, [0.18287314474582672, -3.0512354373931885]]
[636106, 1, 0, [12.297560691833496, -10.906765937805176]]
[636106, 5, 0, [4.642848014831543, -12.333590507507324]]
[636106, 4, 0, [11.44405460357666, -0.5205064415931702]]
[636106, 20, 0, [4.739543914794922, -12.227407455444336]]
[636106, 10, 0, [11.335360527038574, -0.8198243975639343]]
[636106, 16, 0, [12.312353134155273, -7.437483787536621]]
[636106, 24, 1, [4.709096908569336, -3.3883986473083496]]
[636106, 3, 1, [0.12333308905363083, -0.7857410311698914]]
[636106, 19, 1, [7.064907550811768, -0.12366598099470139]]
[636106, 8, 1, [6.858173370361328, -1.2259447574615479]]
[636106, 7, 1, [8.96391773223877, -0.10787838697433472]]
[636106, 0, 1, [11.905254364013672, -0.12333215028047562]]
[636106, 11, 1, [6.530219078063965, -0.6140280365943909]]
[636106, 18, 1, [0.09520430117845535, -3.7700586318969727]]
[636106, 15, 1, [10.16611099243164, -1.3389320373535156]]
[636106, 14, 1, [0.254901647567749, -3.878420829772949]]
[636106, 2, 1, [2.915757894515991, -12.22952938079834]]
[636106, 13, 1, [10.03506088256836, -11.722064971923828]]
[653156, 'popsize', 25, 'queuesize', 2]
[655706, 9, 0, [12.376365661621094, -1.6679999828338623]]
[655706, 17, 0, [4.697479724884033, -8.472210884094238]]
[655706, 6, 0, [2.566944122314453, -4.74959135055542]]
[655706, 12, 0, [12.404817581176758, -1.829809546470642]]
[655706, 22, 0, [2.416308641433716, -4.923046588897705]]
[655706, 21, 0, [4.22814416885376, -8.713173866271973]]
[655706, 23, 0, [0.12652425467967987, -3.0374815464019775]]
[655706, 1, 0, [12.348954200744629, -10.883057594299316]]
[655706, 5, 0, [4.315021514892578, -12.279540061950684]]
[655706, 4, 0, [11.359720230102539, -1.0502896308898926]]
[655706, 20, 0, [4.3554887771606445, -12.097526550292969]]
[655706, 10, 0, [11.395101547241211, -0.12507948279380798]]
[655706, 16, 0, [12.375429153442383, -7.465221881866455]]
[655706, 24, 1, [5.404972553253174, -3.5229077339172363]]
[655706, 3, 1, [0.12333250045776367, -0.774267315864563]]
[655706, 19, 1, [7.043757915496826, -0.12363973259925842]]
[655706, 8, 1, [7.039035320281982, -1.5383681058883667]]
[655706, 7, 1, [9.179323196411133, -0.10797612369060516]]
[655706, 0, 1, [11.91461181640625, -0.12333798408508301]]
[655706, 11, 1, [6.540116786956787, -0.6243782043457031]]
[655706, 18, 1, [0.09521804749965668, -3.8194775581359863]]
[655706, 15, 1, [10.12679386138916, -1.352528691291809]]
[655706, 14, 1, [0.25485727190971375, -3.9278743267059326]]
[655706, 2, 1, [2.902859687805176, -12.228758811950684]]
[655706, 13, 1, [9.940375328063965, -12.382319450378418]]
[673056, 'popsize', 25, 'queuesize', 2]
[675456, 9, 0, [12.376346588134766, -1.5880136489868164]]
[675456, 17, 0, [4.691112518310547, -8.460348129272461]]
[675456, 6, 0, [2.1264805793762207, -4.723206520080566]]
[675456, 12, 0, [12.404841423034668, -1.749216914176941]]
[675456, 22, 0, [1.7150789499282837, -4.946340084075928]]
[675456, 21, 0, [4.246109485626221, -8.25784683227539]]
[675456, 23, 0, [0.12336389720439911, -3.0132713317871094]]
[675456, 1, 0, [12.370433807373047, -10.899828910827637]]
[675456, 5, 0, [4.74686861038208, -12.37552547454834]]
[675456, 4, 0, [11.469549179077148, -2.6713197231292725]]
[675456, 20, 0, [4.596726894378662, -12.340723991394043]]
[675456, 10, 0, [11.070135116577148, -0.7542599439620972]]
[675456, 16, 0, [12.31352424621582, -7.418381214141846]]
[675456, 24, 1, [4.603645324707031, -3.6127538681030273]]
[675456, 3, 1, [0.12333224713802338, -0.7632834315299988]]
[675456, 19, 1, [7.024621963500977, -0.1236431747674942]]
[675456, 8, 1, [7.106783390045166, -1.4471322298049927]]
[675456, 7, 1, [9.398695945739746, -0.10798130929470062]]
[675456, 0, 1, [11.924436569213867, -0.12333030253648758]]
[675456, 11, 1, [6.560344696044922, -0.6313909888267517]]
[675456, 18, 1, [0.09521885216236115, -3.8708784580230713]]
[675456, 15, 1, [10.169557571411133, -1.3155499696731567]]
[675456, 14, 1, [0.2548208236694336, -3.9793589115142822]]
[675456, 2, 1, [2.9256153106689453, -12.276039123535156]]
[675456, 13, 1, [10.211923599243164, -12.32026195526123]]
[692456, 'popsize', 25, 'queuesize', 2]
[694856, 9, 0, [12.376518249511719, -1.5094283819198608]]
[694856, 17, 0, [4.695038795471191, -8.476350784301758]]
[694856, 6, 0, [2.133880138397217, -5.0969953536987305]]
[694856, 12, 0, [12.404841423034668, -1.6712970733642578]]
[694856, 22, 0, [1.4636694192886353, -5.061526298522949]]
[694856, 21, 0, [3.9482245445251465, -8.304192543029785]]
[694856, 23, 0, [0.16455033421516418, -3.082218647003174]]
[694856, 1, 0, [12.362309455871582, -10.889225959777832]]
[694856, 5, 0, [4.828969955444336, -12.376407623291016]]
[694856, 4, 0, [12.180952072143555, -4.125776767730713]]
[694856, 20, 0, [4.6745500564575195, -12.356911659240723]]
[694856, 10, 0, [11.492131233215332, -1.012263536453247]]
[694856, 16, 0, [12.376164436340332, -7.673770904541016]]
[694856, 24, 1, [5.406706809997559, -2.468017578125]]
[694856, 3, 1, [0.12333197891712189, -0.7533985376358032]]
[694856, 19, 1, [7.007472991943359, -0.12364570051431656]]
[694856, 8, 1, [7.102233409881592, -1.4321645498275757]]
[694856, 7, 1, [9.61009407043457, -0.10794783383607864]]
[694856, 0, 1, [11.934989929199219, -0.1233314573764801]]
[694856, 11, 1, [6.566309452056885, -0.622046947479248]]
[694856, 18, 1, [0.09520146250724792, -3.9172275066375732]]
[694856, 15, 1, [10.145702362060547, -1.2947067022323608]]
[694856, 14, 1, [0.25482550263404846, -4.025542259216309]]
[694856, 2, 1, [2.9078640937805176, -12.205370903015137]]
[694856, 13, 1, [10.202848434448242, -12.311924934387207]]
[705707, 'popsize', 25, 'queuesize', 2]
[707507, 9, 0, [12.376380920410156, -1.456212043762207]]
[707507, 17, 0, [4.6714558601379395, -8.45595932006836]]
[707507, 6, 0, [2.2355728149414062, -5.19338321685791]]
[707507, 12, 0, [12.404839515686035, -1.6196011304855347]]
[707507, 22, 0, [1.4053103923797607, -5.124042510986328]]
[707507, 21, 0, [3.604254961013794, -8.621749877929688]]
[707507, 23, 0, [0.583295464515686, -3.0008034706115723]]
[707507, 1, 0, [12.361396789550781, -10.890960693359375]]
[707507, 5, 0, [4.8753461837768555, -12.376388549804688]]
[707507, 4, 0, [12.392044067382812, -4.513976097106934]]
[707507, 20, 0, [4.720787048339844, -12.356926918029785]]
[707507, 10, 0, [11.121842384338379, -0.7126246690750122]]
[707507, 16, 0, [12.342147827148438, -7.5620832443237305]]
[707507, 24, 1, [5.653153419494629, -1.5370972156524658]]
[707507, 3, 1, [0.12333226948976517, -0.7479996681213379]]
[707507, 19, 1, [6.994919776916504, -0.12364687025547028]]
[707507, 8, 1, [7.098047733306885, -1.4378997087478638]]
[707507, 7, 1, [9.750875473022461, -0.10798025876283646]]
[707507, 0, 1, [11.944561958312988, -0.12333544343709946]]
[707507, 11, 1, [6.566806793212891, -0.6191644668579102]]
[707507, 18, 1, [0.09518827497959137, -3.949488401412964]]
[707507, 15, 1, [10.143641471862793, -1.2957836389541626]]
[707507, 14, 1, [0.2548687160015106, -4.05786657333374]]
[707507, 2, 1, [2.9199130535125732, -12.252280235290527]]
[707507, 13, 1, [10.202054023742676, -12.313340187072754]]
[724457, 'popsize', 25, 'queuesize', 2]
[727007, 9, 0, [12.376361846923828, -1.3866337537765503]]
[727007, 17, 0, [4.633369445800781, -8.473749160766602]]
[727007, 6, 0, [2.4357385635375977, -4.765783786773682]]
[727007, 12, 0, [12.404802322387695, -1.5481477975845337]]
[727007, 22, 0, [1.0037847757339478, -5.205857276916504]]
[727007, 21, 0, [3.3523600101470947, -8.731181144714355]]
[727007, 23, 0, [1.6077706813812256, -3.4763758182525635]]
[727007, 1, 0, [12.348069190979004, -10.885396957397461]]
[727007, 5, 0, [4.945786952972412, -12.376384735107422]]
[727007, 4, 0, [12.392013549804688, -4.726658821105957]]
[727007, 20, 0, [4.7916412353515625, -12.356890678405762]]
[727007, 10, 0, [11.279826164245605, -0.6101343035697937]]
[727007, 16, 0, [11.964956283569336, -5.998799800872803]]
[727007, 24, 1, [5.160170078277588, -1.2063242197036743]]
[727007, 3, 1, [0.12333275377750397, -0.7355514764785767]]
[727007, 19, 1, [6.977038383483887, -0.12365617603063583]]
[727007, 8, 1, [7.695165634155273, -1.7284818887710571]]
[727007, 7, 1, [9.959392547607422, -0.10793802887201309]]
[727007, 0, 1, [11.953634262084961, -0.12333445996046066]]
[727007, 11, 1, [6.572574138641357, -0.6105973124504089]]
[727007, 18, 1, [0.09520814567804337, -3.9949228763580322]]
[727007, 15, 1, [10.195219993591309, -1.314180612564087]]
[727007, 14, 1, [0.2548544108867645, -4.103425025939941]]
[727007, 2, 1, [2.9212329387664795, -12.240945816040039]]
[727007, 13, 1, [10.196420669555664, -12.30226993560791]]
[744707, 'popsize', 25, 'queuesize', 2]
[747307, 9, 0, [12.376387596130371, -1.3084479570388794]]
[747307, 17, 0, [4.608130931854248, -8.470064163208008]]
[747307, 6, 0, [2.4548869132995605, -4.779831886291504]]
[747307, 12, 0, [12.40481948852539, -1.470321536064148]]
[747307, 22, 0, [0.9451441764831543, -4.980224132537842]]
[747307, 21, 0, [3.340165615081787, -9.347874641418457]]
[747307, 23, 0, [2.5945799350738525, -4.204177379608154]]
[747307, 1, 0, [12.287484169006348, -10.928391456604004]]
[747307, 5, 0, [5.017274856567383, -12.376395225524902]]
[747307, 4, 0, [12.392112731933594, -4.949322700500488]]
[747307, 20, 0, [4.863194465637207, -12.356894493103027]]
[747307, 10, 0, [11.361692428588867, -0.48640012741088867]]
[747307, 16, 0, [11.196979522705078, -5.547026634216309]]
[747307, 24, 1, [3.995098114013672, -2.2995054721832275]]
[747307, 3, 1, [0.12333472818136215, -0.7234952449798584]]
[747307, 19, 1, [6.957266807556152, -0.12365242093801498]]
[747307, 8, 1, [7.722425937652588, -1.700959324836731]]
[747307, 7, 1, [10.182256698608398, -0.10790032893419266]]
[747307, 0, 1, [11.965396881103516, -0.12333075702190399]]
[747307, 11, 1, [6.580761909484863, -0.5721684098243713]]
[747307, 18, 1, [0.09522295743227005, -4.0429840087890625]]
[747307, 15, 1, [10.160764694213867, -1.2971678972244263]]
[747307, 14, 1, [0.2548483908176422, -4.15160608291626]]
[747307, 2, 1, [2.906440019607544, -12.165607452392578]]
[747307, 13, 1, [10.171319007873535, -12.313828468322754]]
[764657, 'popsize', 25, 'queuesize', 2]
[767007, 9, 0, [12.376379013061523, -1.2271355390548706]]
[767007, 17, 0, [4.606871604919434, -8.478987693786621]]
[767007, 6, 0, [1.9884134531021118, -4.869493007659912]]
[767007, 12, 0, [12.404783248901367, -1.389647126197815]]
[767007, 22, 0, [0.7143714427947998, -5.045077800750732]]
[767007, 21, 0, [2.8724381923675537, -9.760659217834473]]
[767007, 23, 0, [2.2265589237213135, -5.28156042098999]]
[767007, 1, 0, [12.307089805603027, -10.940133094787598]]
[767007, 5, 0, [5.087640762329102, -12.376380920410156]]
[767007, 4, 0, [12.39207649230957, -5.164252758026123]]
[767007, 20, 0, [4.933122158050537, -12.356892585754395]]
[767007, 10, 0, [11.287622451782227, -0.2506802976131439]]
[767007, 16, 0, [10.906569480895996, -7.143664836883545]]
[767007, 24, 1, [3.2928762435913086, -3.7944092750549316]]
[767007, 3, 1, [0.1233321949839592, -0.7148428559303284]]
[767007, 19, 1, [6.938989639282227, -0.12364575266838074]]
[767007, 8, 1, [7.68657112121582, -1.7794264554977417]]
[767007, 7, 1, [10.398966789245605, -0.10788574814796448]]
[767007, 0, 1, [11.977452278137207, -0.12332981824874878]]
[767007, 11, 1, [6.566283226013184, -0.5556725859642029]]
[767007, 18, 1, [0.095210500061512, -4.09138298034668]]
[767007, 15, 1, [10.211750984191895, -1.284806489944458]]
[767007, 14, 1, [0.2547993063926697, -4.19985294342041]]
[767007, 2, 1, [2.9367618560791016, -12.175666809082031]]
[767007, 13, 1, [10.183404922485352, -12.378755569458008]]
[784457, 'popsize', 25, 'queuesize', 2]
[787057, 9, 0, [12.376382827758789, -1.1519689559936523]]
[787057, 17, 0, [4.578509330749512, -8.478645324707031]]
[787057, 6, 0, [2.318662166595459, -4.48873233795166]]
[787057, 12, 0, [12.404886245727539, -1.3131414651870728]]
[787057, 22, 0, [0.9795078635215759, -4.91567850112915]]
[787057, 21, 0, [2.8838226795196533, -9.781991004943848]]
[787057, 23, 0, [2.3832666873931885, -5.700256824493408]]
[787057, 1, 0, [12.300508499145508, -10.881891250610352]]
[787057, 5, 0, [5.156668186187744, -12.376399040222168]]
[787057, 4, 0, [12.392110824584961, -5.382770538330078]]
[787057, 20, 0, [5.002597808837891, -12.356945991516113]]
[787057, 10, 0, [11.539351463317871, -0.7884944081306458]]
[787057, 16, 0, [10.991532325744629, -8.513603210449219]]
[787057, 24, 1, [4.037313938140869, -4.81890869140625]]
[787057, 3, 1, [0.12333440035581589, -0.7015082240104675]]
[787057, 19, 1, [6.919743061065674, -0.12364662438631058]]
[787057, 8, 1, [7.096889019012451, -1.3365169763565063]]
[787057, 7, 1, [10.614375114440918, -0.10798309743404388]]
[787057, 0, 1, [11.985727310180664, -0.12333005666732788]]
[787057, 11, 1, [6.540903091430664, -0.5556284785270691]]
[787057, 18, 1, [0.09518210589885712, -4.146534442901611]]
[787057, 15, 1, [10.180365562438965, -1.2657470703125]]
[787057, 14, 1, [0.2548016309738159, -4.254915714263916]]
[787057, 2, 1, [2.91029953956604, -12.213866233825684]]
[787057, 13, 1, [10.148477554321289, -12.375967025756836]]
[804308, 'popsize', 25, 'queuesize', 2]
[806858, 9, 0, [12.37636947631836, -1.0726958513259888]]
[806858, 17, 0, [4.500637054443359, -8.46059513092041]]
[806858, 6, 0, [2.081334352493286, -4.920828342437744]]
[806858, 12, 0, [12.404826164245605, -1.234938621520996]]
[806858, 22, 0, [0.8598148822784424, -5.130363941192627]]
[806858, 21, 0, [2.914102554321289, -9.794567108154297]]
[806858, 23, 0, [3.9850258827209473, -5.3774518966674805]]
[806858, 1, 0, [12.305068969726562, -10.853630065917969]]
[806858, 5, 0, [5.226818084716797, -12.376399040222168]]
[806858, 4, 0, [12.392060279846191, -5.594665050506592]]
[806858, 20, 0, [5.072546005249023, -12.356893539428711]]
[806858, 10, 0, [11.531157493591309, -0.7850849628448486]]
[806858, 16, 0, [11.054221153259277, -8.338781356811523]]
[806858, 24, 1, [5.636201858520508, -5.160242080688477]]
[806858, 3, 1, [0.12333504110574722, -0.6887636780738831]]
[806858, 19, 1, [6.900065898895264, -0.12365011870861053]]
[806858, 8, 1, [5.960770130157471, -1.494102120399475]]
[806858, 7, 1, [10.832402229309082, -0.10795320570468903]]
[806858, 0, 1, [11.997944831848145, -0.12332997471094131]]
[806858, 11, 1, [6.521905899047852, -0.5706315040588379]]
[806858, 18, 1, [0.0952022448182106, -4.193131446838379]]
[806858, 15, 1, [10.197771072387695, -1.2682265043258667]]
[806858, 14, 1, [0.2548334300518036, -4.3016767501831055]]
[806858, 2, 1, [2.924682855606079, -12.199909210205078]]
[806858, 13, 1, [10.177985191345215, -12.38255500793457]]
[824008, 'popsize', 25, 'queuesize', 2]
[826558, 9, 0, [12.376347541809082, -0.9983846545219421]]
[826558, 17, 0, [4.563385486602783, -8.509074211120605]]
[826558, 6, 0, [2.132110834121704, -4.453972339630127]]
[826558, 12, 0, [12.404873847961426, -1.1606544256210327]]
[826558, 22, 0, [0.4668460190296173, -4.952710151672363]]
[826558, 21, 0, [2.9272797107696533, -9.784943580627441]]
[826558, 23, 0, [5.620558738708496, -5.4837422370910645]]
[826558, 1, 0, [12.295068740844727, -10.869009971618652]]
[826558, 5, 0, [5.2960286140441895, -12.376405715942383]]
[826558, 4, 0, [12.392016410827637, -5.801084041595459]]
[826558, 20, 0, [5.141735553741455, -12.356966018676758]]
[826558, 10, 0, [11.519774436950684, -0.7863612174987793]]
[826558, 16, 0, [11.690274238586426, -6.843395233154297]]
[826558, 24, 1, [7.226804733276367, -4.92681360244751]]
[826558, 3, 1, [0.12334001809358597, -0.6775929927825928]]
[826558, 19, 1, [6.883358955383301, -0.1236511841416359]]
[826558, 8, 1, [4.359827995300293, -1.7578692436218262]]
[826558, 7, 1, [11.046533584594727, -0.10796348750591278]]
[826558, 0, 1, [12.010857582092285, -0.12333054840564728]]
[826558, 11, 1, [6.519125461578369, -0.5970271229743958]]
[826558, 18, 1, [0.09520725905895233, -4.241107940673828]]
[826558, 15, 1, [10.186352729797363, -1.2393890619277954]]
[826558, 14, 1, [0.2547869086265564, -4.349865436553955]]
[826558, 2, 1, [2.8949060440063477, -12.153029441833496]]
[826558, 13, 1, [10.305163383483887, -12.332585334777832]]
[839958, 'popsize', 25, 'queuesize', 2]
[841258, 9, 0, [12.376372337341309, -0.9343519806861877]]
[841258, 17, 0, [4.485612869262695, -8.528194427490234]]
[841258, 6, 0, [2.173652172088623, -4.5034308433532715]]
[841258, 12, 0, [12.404850959777832, -1.0975381135940552]]
[841258, 22, 0, [0.5484582781791687, -4.706576824188232]]
[841258, 21, 0, [2.900381088256836, -9.73123550415039]]
[841258, 23, 0, [6.159714221954346, -5.791659355163574]]
[841258, 1, 0, [12.337808609008789, -10.901110649108887]]
[841258, 5, 0, [5.348371982574463, -12.376408576965332]]
[841258, 4, 0, [12.378868103027344, -5.940084457397461]]
[841258, 20, 0, [5.19346809387207, -12.357048988342285]]
[841258, 10, 0, [11.282477378845215, -0.389276385307312]]
[841258, 16, 0, [11.83765697479248, -5.642745018005371]]
[841258, 24, 1, [8.420308113098145, -4.362002849578857]]
[841258, 3, 1, [0.12333158403635025, -0.670403778553009]]
[841258, 19, 1, [6.868973731994629, -0.12366938591003418]]
[841258, 8, 1, [4.169877052307129, -1.9585617780685425]]
[841258, 7, 1, [11.21664047241211, -0.10798555612564087]]
[841258, 0, 1, [12.023612976074219, -0.1233370453119278]]
[841258, 11, 1, [6.584972381591797, -0.6085128784179688]]
[841258, 18, 1, [0.09518600255250931, -4.27754020690918]]
[841258, 15, 1, [10.163813591003418, -1.2748456001281738]]
[841258, 14, 1, [0.25478875637054443, -4.385590076446533]]
[841258, 2, 1, [2.8856756687164307, -12.156899452209473]]
[841258, 13, 1, [10.22590160369873, -12.384373664855957]]
[856108, 'popsize', 25, 'queuesize', 3]
[858708, 9, 0, [12.376358032226562, -0.8717228174209595]]
[858708, 17, 0, [4.539645671844482, -8.49905014038086]]
[858708, 6, 0, [2.1370065212249756, -4.462604522705078]]
[858708, 12, 0, [12.404850006103516, -1.033887505531311]]
[858708, 22, 0, [0.5445214509963989, -4.771154403686523]]
[858708, 21, 0, [2.9205501079559326, -9.794949531555176]]
[858708, 23, 0, [6.218108654022217, -6.069102764129639]]
[858708, 1, 0, [12.287446022033691, -10.864032745361328]]
[858708, 5, 0, [5.406904220581055, -12.376401901245117]]
[858708, 4, 0, [12.3920316696167, -5.821249485015869]]
[858708, 20, 0, [5.252800464630127, -12.356951713562012]]
[858708, 10, 0, [11.31983470916748, -0.35041484236717224]]
[858708, 16, 0, [11.74491024017334, -4.452538013458252]]
[858708, 24, 1, [9.220205307006836, -4.068808078765869]]
[858708, 3, 1, [0.12333597987890244, -0.6604243516921997]]
[858708, 19, 1, [6.852089881896973, -0.12365195155143738]]
[858708, 8, 1, [4.265492916107178, -2.1281094551086426]]
[858708, 7, 1, [11.399857521057129, -0.10798272490501404]]
[858708, 0, 1, [12.03083324432373, -0.12332994490861893]]
[858708, 11, 1, [6.520932197570801, -0.6070597171783447]]
[858708, 18, 1, [0.095198854804039, -4.320318222045898]]
[858708, 15, 1, [10.208932876586914, -1.2356603145599365]]
[858708, 14, 1, [0.2549201250076294, -4.4285101890563965]]
[858708, 2, 1, [2.887235164642334, -12.14689826965332]]
[858708, 13, 1, [10.165104866027832, -12.384627342224121]]
[876508, 'popsize', 25, 'queuesize', 3]
[879108, 9, 0, [12.376364707946777, -0.7946153283119202]]
[879108, 17, 0, [4.5101637840271, -8.523280143737793]]
[879108, 6, 0, [2.165717124938965, -4.458776950836182]]
[879108, 12, 0, [12.404866218566895, -0.9562168121337891]]
[879108, 22, 0, [0.5706061124801636, -4.738619327545166]]
[879108, 21, 0, [3.2538135051727295, -9.45812702178955]]
[879108, 23, 0, [6.318817615509033, -5.684228420257568]]
[879108, 1, 0, [12.307096481323242, -10.860031127929688]]
[879108, 5, 0, [5.479772567749023, -12.376402854919434]]
[879108, 4, 0, [12.394156455993652, -5.533724308013916]]
[879108, 20, 0, [5.32549524307251, -12.356998443603516]]
[879108, 10, 0, [11.50114631652832, -0.26428356766700745]]
[879108, 16, 0, [11.736334800720215, -4.653502464294434]]
[879108, 24, 1, [8.169800758361816, -5.204188823699951]]
[879108, 3, 1, [0.12333265691995621, -0.647403359413147]]
[879108, 19, 1, [6.8324384689331055, -0.12364934384822845]]
[879108, 8, 1, [5.520313262939453, -2.3794302940368652]]
[879108, 7, 1, [11.589134216308594, -0.10586464405059814]]
[879108, 0, 1, [12.040921211242676, -0.12333137542009354]]
[879108, 11, 1, [6.55668306350708, -0.6240015029907227]]
[879108, 18, 1, [0.09520376473665237, -4.371689319610596]]
[879108, 15, 1, [10.175963401794434, -1.2437165975570679]]
[879108, 14, 1, [0.25480157136917114, -4.480181694030762]]
[879108, 2, 1, [2.926919937133789, -12.191767692565918]]
[879108, 13, 1, [10.065831184387207, -12.390623092651367]]
[896709, 'popsize', 25, 'queuesize', 3]
[899309, 9, 0, [12.376371383666992, -0.7171385288238525]]
[899309, 17, 0, [4.493700981140137, -8.512094497680664]]
[899309, 6, 0, [2.1842925548553467, -4.473262786865234]]
[899309, 12, 0, [12.404855728149414, -0.8784838914871216]]
[899309, 22, 0, [0.33006551861763, -4.795957088470459]]
[899309, 21, 0, [2.989154815673828, -9.22944164276123]]
[899309, 23, 0, [6.058340072631836, -5.262641906738281]]
[899309, 1, 0, [12.363394737243652, -10.83985710144043]]
[899309, 5, 0, [5.552523136138916, -12.376386642456055]]
[899309, 4, 0, [12.236210823059082, -5.489816665649414]]
[899309, 20, 0, [5.398305416107178, -12.356925964355469]]
[899309, 10, 0, [11.616867065429688, -0.24955469369888306]]
[899309, 16, 0, [12.364574432373047, -6.202066898345947]]
[899309, 24, 1, [8.665840148925781, -6.265468120574951]]
[899309, 3, 1, [0.1233322024345398, -0.6384167671203613]]
[899309, 19, 1, [6.815140247344971, -0.12364786118268967]]
[899309, 8, 1, [5.8646931648254395, -2.4064977169036865]]
[899309, 7, 1, [11.719294548034668, -0.10185501724481583]]
[899309, 0, 1, [12.053572654724121, -0.12333285808563232]]
[899309, 11, 1, [6.58582067489624, -0.5967300534248352]]
[899309, 18, 1, [0.09521214663982391, -4.419281959533691]]
[899309, 15, 1, [10.171369552612305, -1.2993258237838745]]
[899309, 14, 1, [0.254839688539505, -4.527888774871826]]
[899309, 2, 1, [3.184905529022217, -12.21975326538086]]
[899309, 13, 1, [9.954572677612305, -12.381893157958984]]
[916459, 'popsize', 25, 'queuesize', 4]
[919009, 9, 0, [12.376379013061523, -0.638259768486023]]
[919009, 17, 0, [4.481041431427002, -8.519283294677734]]
[919009, 6, 0, [2.3812520503997803, -4.145321846008301]]
[919009, 12, 0, [12.40485954284668, -0.8010674118995667]]
[919009, 22, 0, [0.2927914261817932, -4.775651931762695]]
[919009, 21, 0, [2.7307729721069336, -9.478819847106934]]
[919009, 23, 0, [5.673602104187012, -5.74330997467041]]
[919009, 1, 0, [12.37447738647461, -10.892507553100586]]
[919009, 5, 0, [5.6212158203125, -12.376401901245117]]
[919009, 4, 0, [11.10720157623291, -6.454993724822998]]
[919009, 20, 0, [5.466944217681885, -12.356951713562012]]
[919009, 10, 0, [11.80216121673584, -0.23508696258068085]]
[919009, 16, 0, [12.377913475036621, -6.344649314880371]]
[919009, 24, 1, [10.10909652709961, -6.917665958404541]]
[919009, 3, 1, [0.12333755940198898, -0.6256769299507141]]
[919009, 19, 1, [6.795873165130615, -0.12365475296974182]]
[919009, 8, 1, [6.4287848472595215, -2.7516703605651855]]
[919009, 7, 1, [11.921387672424316, -0.09613081812858582]]
[919009, 0, 1, [12.083868026733398, -0.12330007553100586]]
[919009, 11, 1, [6.590849876403809, -0.5766098499298096]]
[919009, 18, 1, [0.09519039839506149, -4.469890117645264]]
[919009, 15, 1, [10.199019432067871, -1.2880456447601318]]
[919009, 14, 1, [0.2549510598182678, -4.578701972961426]]
[919009, 2, 1, [3.825732707977295, -12.29848575592041]]
[919009, 13, 1, [9.897461891174316, -12.37026309967041]]
[935409, 'popsize', 25, 'queuesize', 4]
[937859, 9, 0, [12.376367568969727, -0.5641857981681824]]
[937859, 17, 0, [4.496865272521973, -8.517502784729004]]
[937859, 6, 0, [2.3153138160705566, -3.9639668464660645]]
[937859, 12, 0, [12.40479564666748, -0.7264767289161682]]
[937859, 22, 0, [0.12334281206130981, -4.893515586853027]]
[937859, 21, 0, [2.725053071975708, -9.477561950683594]]
[937859, 23, 0, [5.807316303253174, -6.211819648742676]]
[937859, 1, 0, [12.341211318969727, -10.836745262145996]]
[937859, 5, 0, [5.688053131103516, -12.376404762268066]]
[937859, 4, 0, [11.351940155029297, -6.3031816482543945]]
[937859, 20, 0, [5.533727169036865, -12.356904983520508]]
[937859, 10, 0, [11.850217819213867, -0.23609842360019684]]
[937859, 16, 0, [12.339494705200195, -6.229840278625488]]
[937859, 24, 1, [11.407797813415527, -7.715752124786377]]
[937859, 3, 1, [0.12333372980356216, -0.6180498600006104]]
[937859, 19, 1, [6.77791166305542, -0.12364043295383453]]
[937859, 8, 1, [6.495887756347656, -2.700788736343384]]
[937859, 7, 1, [11.969146728515625, -0.0965113416314125]]
[937859, 0, 1, [12.130992889404297, -0.12330873310565948]]
[937859, 11, 1, [6.592822074890137, -0.5791414380073547]]
[937859, 18, 1, [0.09521502256393433, -4.522294521331787]]
[937859, 15, 1, [10.192092895507812, -1.29398512840271]]
[937859, 14, 1, [0.2549086809158325, -4.630524635314941]]
[937859, 2, 1, [3.8404626846313477, -12.228920936584473]]
[937859, 13, 1, [9.883126258850098, -12.363566398620605]]
[953709, 'popsize', 25, 'queuesize', 4]
[963909, 'popsize', 4, 'queuesize', 0]
[964409, 12, 0, [12.336737632751465, -0.7844170331954956]]
[964409, 2, 0, [3.7267982959747314, -12.219426155090332]]
[964409, 1, 0, [12.324445724487305, -10.871612548828125]]
[964409, 5, 1, [5.774979114532471, -12.362390518188477]]
[967109, 'popsize', 4, 'queuesize', 0]
[967559, 12, 0, [12.267006874084473, -1.0146855115890503]]
[967559, 2, 0, [3.6991987228393555, -12.12803840637207]]
[967559, 1, 0, [12.333627700805664, -10.809181213378906]]
[967559, 5, 1, [5.781857490539551, -12.333022117614746]]
[970159, 'popsize', 4, 'queuesize', 0]
[970559, 12, 0, [12.247138023376465, -1.2427681684494019]]
[970559, 2, 0, [3.776308059692383, -12.080606460571289]]
[970559, 1, 0, [12.31653118133545, -10.872468948364258]]
[970559, 5, 1, [5.791769027709961, -12.272019386291504]]
[972659, 'popsize', 4, 'queuesize', 0]
[972959, 12, 0, [12.262503623962402, -1.4271860122680664]]
[972959, 2, 0, [3.8369832038879395, -12.124253273010254]]
[972959, 1, 0, [12.359109878540039, -10.82979679107666]]
[972959, 5, 1, [5.838857173919678, -12.221400260925293]]
[974659, 'popsize', 4, 'queuesize', 0]
[974909, 12, 0, [12.294686317443848, -1.572926640510559]]
[974909, 2, 0, [3.83939790725708, -12.184978485107422]]
[974909, 1, 0, [12.309869766235352, -10.8186674118042]]
[974909, 5, 1, [5.866002559661865, -12.222058296203613]]
[976609, 'popsize', 4, 'queuesize', 0]
[976859, 12, 0, [12.343647956848145, -1.709051489830017]]
[976859, 2, 0, [3.793647527694702, -12.227229118347168]]
[976859, 1, 0, [12.317558288574219, -10.871609687805176]]
[976859, 5, 1, [5.870245933532715, -12.194087028503418]]
[978559, 'popsize', 4, 'queuesize', 0]
[978809, 12, 0, [12.361248016357422, -1.7606829404830933]]
[978809, 2, 0, [3.7854907512664795, -12.217597007751465]]
[978809, 1, 0, [12.363911628723145, -10.849846839904785]]
[978809, 5, 1, [5.911975383758545, -12.170909881591797]]
[980509, 'popsize', 4, 'queuesize', 0]
[980759, 12, 0, [12.361004829406738, -1.7678245306015015]]
[980759, 2, 0, [3.8196122646331787, -12.169112205505371]]
[980759, 1, 0, [12.325797080993652, -10.810596466064453]]
[980759, 5, 1, [5.897165775299072, -12.166718482971191]]
[982509, 'popsize', 4, 'queuesize', 0]
[982809, 12, 0, [12.362268447875977, -1.7741005420684814]]
[982809, 2, 0, [3.873640298843384, -12.137473106384277]]
[982809, 1, 0, [12.3028564453125, -10.85984992980957]]
[982809, 5, 1, [5.931368350982666, -12.124547004699707]]
[985159, 'popsize', 4, 'queuesize', 0]
[985609, 12, 0, [12.376144409179688, -1.7572945356369019]]
[985609, 2, 0, [3.945507764816284, -12.1792573928833]]
[985609, 1, 0, [12.363487243652344, -10.838532447814941]]
[985609, 5, 1, [5.963842868804932, -12.117523193359375]]
[988409, 'popsize', 4, 'queuesize', 0]
[988909, 12, 0, [12.3766508102417, -1.7576700448989868]]
[988909, 2, 0, [3.923659563064575, -12.270910263061523]]
[988909, 1, 0, [12.299466133117676, -10.846224784851074]]
[988909, 5, 1, [5.905383110046387, -12.080955505371094]]
[991759, 'popsize', 4, 'queuesize', 0]
[992259, 12, 0, [12.376655578613281, -1.76088547706604]]
[992259, 2, 0, [3.8951501846313477, -12.239635467529297]]
[992259, 1, 0, [12.360820770263672, -10.834922790527344]]
[992259, 5, 1, [5.947911739349365, -12.010924339294434]]
[995259, 'popsize', 4, 'queuesize', 0]
[995759, 12, 0, [12.376659393310547, -1.7629680633544922]]
[995759, 2, 0, [3.9474120140075684, -12.154041290283203]]
[995759, 1, 0, [12.299283981323242, -10.857439041137695]]
[995759, 5, 1, [5.9409260749816895, -11.96469497680664]]
[998660, 'popsize', 4, 'queuesize', 0]
[999160, 12, 0, [12.376656532287598, -1.7650985717773438]]
[999160, 2, 0, [4.035473823547363, -12.201107025146484]]
[999160, 1, 0, [12.35384464263916, -10.822161674499512]]
[999160, 5, 1, [5.966389179229736, -11.936063766479492]]
[1002010, 'popsize', 4, 'queuesize', 0]
[1002510, 12, 0, [12.376654624938965, -1.767128825187683]]
[1002510, 2, 0, [4.002511978149414, -12.291512489318848]]
[1002510, 1, 0, [12.305826187133789, -10.866582870483398]]
[1002510, 5, 1, [5.88629674911499, -11.930808067321777]]
[1005460, 'popsize', 4, 'queuesize', 0]
[1005910, 12, 0, [12.37665843963623, -1.7685730457305908]]
[1005910, 2, 0, [3.969512462615967, -12.266185760498047]]
[1005910, 1, 0, [12.346273422241211, -10.814726829528809]]
[1005910, 5, 1, [5.893857002258301, -11.840838432312012]]
[1008810, 'popsize', 4, 'queuesize', 0]
[1009310, 12, 0, [12.376656532287598, -1.7694650888442993]]
[1009310, 2, 0, [4.020543098449707, -12.181169509887695]]
[1009310, 1, 0, [12.316116333007812, -10.872366905212402]]
[1009310, 5, 1, [5.933180332183838, -11.824236869812012]]
[1012160, 'popsize', 4, 'queuesize', 0]
[1012660, 12, 0, [12.37666130065918, -1.7703931331634521]]
[1012660, 2, 0, [4.108817100524902, -12.220112800598145]]
[1012660, 1, 0, [12.335899353027344, -10.811870574951172]]
[1012660, 5, 1, [5.864950180053711, -11.789297103881836]]
[1015610, 'popsize', 4, 'queuesize', 0]
[1016110, 12, 0, [12.376652717590332, -1.773658275604248]]
[1016110, 2, 0, [4.078831672668457, -12.314383506774902]]
[1016110, 1, 0, [12.325274467468262, -10.873785018920898]]
[1016110, 5, 1, [5.8994364738464355, -11.712493896484375]]
[1019110, 'popsize', 4, 'queuesize', 0]
[1019610, 12, 0, [12.376655578613281, -1.7764688730239868]]
[1019610, 2, 0, [4.0576677322387695, -12.280464172363281]]
[1019610, 1, 0, [12.318327903747559, -10.809191703796387]]
[1019610, 5, 1, [5.869682788848877, -11.656638145446777]]
[1022460, 'popsize', 4, 'queuesize', 0]
[1022960, 12, 0, [12.376655578613281, -1.7775391340255737]]
[1022960, 2, 0, [4.1225972175598145, -12.206440925598145]]
[1022960, 1, 0, [12.339308738708496, -10.871055603027344]]
[1022960, 5, 1, [5.8981852531433105, -11.610071182250977]]
[1025860, 'popsize', 4, 'queuesize', 0]
[1026360, 12, 0, [12.37666130065918, -1.7791863679885864]]
[1026360, 2, 0, [4.202820301055908, -12.262589454650879]]
[1026360, 1, 0, [12.309826850891113, -10.812492370605469]]
[1026360, 5, 1, [5.925313472747803, -11.569952011108398]]
[1029310, 'popsize', 4, 'queuesize', 0]
[1029810, 12, 0, [12.376659393310547, -1.7810900211334229]]
[1029810, 2, 0, [4.181654453277588, -12.328890800476074]]
[1029810, 1, 0, [12.352065086364746, -10.861810684204102]]
[1029810, 5, 1, [5.950442314147949, -11.523399353027344]]
[1032760, 'popsize', 4, 'queuesize', 0]
[1033260, 12, 0, [12.376660346984863, -1.7822134494781494]]
[1033260, 2, 0, [4.192302703857422, -12.227642059326172]]
[1033260, 1, 0, [12.298431396484375, -10.824479103088379]]
[1033260, 5, 1, [5.969079971313477, -11.478655815124512]]
[1035910, 'popsize', 4, 'queuesize', 0]
[1036410, 12, 0, [12.376660346984863, -1.7834348678588867]]
[1036410, 2, 0, [4.278350830078125, -12.188453674316406]]
[1036410, 1, 0, [12.35510540008545, -10.857008934020996]]
[1036410, 5, 1, [6.018161773681641, -11.424433708190918]]
[1039260, 'popsize', 4, 'queuesize', 0]
[1039760, 12, 0, [12.376663208007812, -1.7844542264938354]]
[1039760, 2, 0, [4.3332061767578125, -12.26803207397461]]
[1039760, 1, 0, [12.298501014709473, -10.825140953063965]]
[1039760, 5, 1, [6.007798194885254, -11.381534576416016]]
[1042610, 'popsize', 4, 'queuesize', 0]
[1043060, 12, 0, [12.376664161682129, -1.785983681678772]]
[1043060, 2, 0, [4.2943315505981445, -12.318761825561523]]
[1043060, 1, 0, [12.357912063598633, -10.844423294067383]]
[1043060, 5, 1, [6.033902168273926, -11.352261543273926]]
[1045860, 'popsize', 4, 'queuesize', 0]
[1046260, 12, 0, [12.37665843963623, -1.787663459777832]]
[1046260, 2, 0, [4.3196258544921875, -12.227680206298828]]
[1046260, 1, 0, [12.295511245727539, -10.820650100708008]]
[1046260, 5, 1, [5.96080207824707, -11.354706764221191]]
[1049160, 'popsize', 4, 'queuesize', 0]
[1049660, 12, 0, [12.376655578613281, -1.7900172472000122]]
[1049660, 2, 0, [4.415195465087891, -12.203713417053223]]
[1049660, 1, 0, [12.357747077941895, -10.838484764099121]]
[1049660, 5, 1, [5.957253932952881, -11.265860557556152]]
[1052410, 'popsize', 4, 'queuesize', 0]
[1052860, 12, 0, [12.376655578613281, -1.792881965637207]]
[1052860, 2, 0, [4.452053070068359, -12.290239334106445]]
[1052860, 1, 0, [12.295414924621582, -10.824186325073242]]
[1052860, 5, 1, [5.9881591796875, -11.240791320800781]]
[1055610, 'popsize', 4, 'queuesize', 0]
[1056060, 12, 0, [12.37666130065918, -1.7938653230667114]]
[1056060, 2, 0, [4.453561305999756, -12.276519775390625]]
[1056060, 1, 0, [12.356496810913086, -10.844181060791016]]
[1056060, 5, 1, [5.920766830444336, -11.223184585571289]]
[1058810, 'popsize', 4, 'queuesize', 0]
[1059310, 12, 0, [12.376656532287598, -1.7955256700515747]]
[1059310, 2, 0, [4.546109199523926, -12.233262062072754]]
[1059310, 1, 0, [12.294506072998047, -10.822054862976074]]
[1059310, 5, 1, [5.927433013916016, -11.143075942993164]]
[1062010, 'popsize', 4, 'queuesize', 0]
[1062460, 12, 0, [12.376660346984863, -1.796735167503357]]
[1062460, 2, 0, [4.625404357910156, -12.285995483398438]]
[1062460, 1, 0, [12.352449417114258, -10.843852996826172]]
[1062460, 5, 1, [5.901275634765625, -11.113127708435059]]
[1065210, 'popsize', 4, 'queuesize', 0]
[1065660, 12, 0, [12.376660346984863, -1.7982131242752075]]
[1065660, 2, 0, [4.609744071960449, -12.349835395812988]]
[1065660, 1, 0, [12.294395446777344, -10.814804077148438]]
[1065660, 5, 1, [5.917542457580566, -11.063177108764648]]
[1068160, 'popsize', 4, 'queuesize', 0]
[1068660, 12, 0, [12.376664161682129, -1.7994745969772339]]
[1068660, 2, 0, [4.589921474456787, -12.260064125061035]]
[1068660, 1, 0, [12.352116584777832, -10.847546577453613]]
[1068660, 5, 1, [5.931241989135742, -11.014497756958008]]
[1071260, 'popsize', 4, 'queuesize', 0]
[1071610, 12, 0, [12.37665843963623, -1.8012675046920776]]
[1071610, 2, 0, [4.644474029541016, -12.189885139465332]]
[1071610, 1, 0, [12.304792404174805, -10.803153991699219]]
[1071610, 5, 1, [5.948095798492432, -10.975253105163574]]
[1073810, 'popsize', 4, 'queuesize', 0]
[1074060, 12, 0, [12.376663208007812, -1.8025457859039307]]
[1074060, 2, 0, [4.720524787902832, -12.211325645446777]]
[1074060, 1, 0, [12.325692176818848, -10.860219955444336]]
[1074060, 5, 1, [5.896412372589111, -10.97885513305664]]
[1075760, 'popsize', 4, 'queuesize', 0]
[1076010, 12, 0, [12.376659393310547, -1.8034659624099731]]
[1076010, 2, 0, [4.738132476806641, -12.27147102355957]]
[1076010, 1, 0, [12.355052947998047, -10.81728744506836]]
[1076010, 5, 1, [5.87347936630249, -10.929832458496094]]
[1077710, 'popsize', 4, 'queuesize', 0]
[1077960, 12, 0, [12.376655578613281, -1.8047956228256226]]
[1077960, 2, 0, [4.732306480407715, -12.274307250976562]]
[1077960, 1, 0, [12.303343772888184, -10.802590370178223]]
[1077960, 5, 1, [5.8848490715026855, -10.906618118286133]]
[1079560, 'popsize', 4, 'queuesize', 0]
[1079810, 12, 0, [12.376660346984863, -1.805561900138855]]
[1079810, 2, 0, [4.698014259338379, -12.230515480041504]]
[1079810, 1, 0, [12.301816940307617, -10.853033065795898]]
[1079810, 5, 1, [5.857092380523682, -10.897054672241211]]
[1081360, 'popsize', 4, 'queuesize', 0]
[1081610, 12, 0, [12.376662254333496, -1.8060365915298462]]
[1081610, 2, 0, [4.682177543640137, -12.177531242370605]]
[1081610, 1, 0, [12.351644515991211, -10.842615127563477]]
[1081610, 5, 1, [5.849672794342041, -10.845884323120117]]
[1083160, 'popsize', 4, 'queuesize', 0]
[1083410, 12, 0, [12.376652717590332, -1.8073656558990479]]
[1083410, 2, 0, [4.707794666290283, -12.12806510925293]]
[1083410, 1, 0, [12.33242416381836, -10.798151969909668]]
[1083410, 5, 1, [5.863933086395264, -10.822832107543945]]
[1085110, 'popsize', 4, 'queuesize', 0]
[1085360, 12, 0, [12.37665843963623, -1.8084063529968262]]
[1085360, 2, 0, [4.766837120056152, -12.111433029174805]]
[1085360, 1, 0, [12.290301322937012, -10.828343391418457]]
[1085360, 5, 1, [5.843031406402588, -10.80552864074707]]
[1087060, 'popsize', 4, 'queuesize', 0]
[1087310, 12, 0, [12.37665843963623, -1.8103975057601929]]
[1087310, 2, 0, [4.818586826324463, -12.143293380737305]]
[1087310, 1, 0, [12.33421516418457, -10.855772972106934]]
[1087310, 5, 1, [5.847454071044922, -10.75598430633545]]
[1089010, 'popsize', 4, 'queuesize', 0]
[1089260, 12, 0, [12.376657485961914, -1.8112106323242188]]
[1089260, 2, 0, [4.827674865722656, -12.20355224609375]]
[1089260, 1, 0, [12.347452163696289, -10.80764389038086]]
[1089260, 5, 1, [5.840363502502441, -10.763591766357422]]
[1090960, 'popsize', 4, 'queuesize', 0]
[1091210, 12, 0, [12.376659393310547, -1.8122129440307617]]
[1091210, 2, 0, [4.822057247161865, -12.20653247833252]]
[1091210, 1, 0, [12.295241355895996, -10.810356140136719]]
[1091210, 5, 1, [5.827718257904053, -10.714106559753418]]
[1092911, 'popsize', 4, 'queuesize', 0]
[1093161, 12, 0, [12.376656532287598, -1.8131688833236694]]
[1093161, 2, 0, [4.842759132385254, -12.15338134765625]]
[1093161, 1, 0, [12.316582679748535, -10.858945846557617]]
[1093161, 5, 1, [5.8395676612854, -10.690156936645508]]
[1094860, 'popsize', 4, 'queuesize', 0]
[1095110, 12, 0, [12.376653671264648, -1.81430184841156]]
[1095110, 2, 0, [4.86577033996582, -12.09765625]]
[1095110, 1, 0, [12.356125831604004, -10.823634147644043]]
[1095110, 5, 1, [5.814690113067627, -10.672860145568848]]
[1096861, 'popsize', 4, 'queuesize', 0]
[1097111, 12, 0, [12.376655578613281, -1.8153561353683472]]
[1097111, 2, 0, [4.926889896392822, -12.079157829284668]]
[1097111, 1, 0, [12.310049057006836, -10.803603172302246]]
[1097111, 5, 1, [5.814457416534424, -10.617607116699219]]
[1098811, 'popsize', 4, 'queuesize', 0]
