[time, indiv, gender, coords]
[12700, 'popsize', 25, 'queuesize', 0]
[14000, 17, 0, [3.721853733062744, -8.764694213867188]]
[14000, 6, 0, [0.5069620609283447, -8.602229118347168]]
[14000, 0, 0, [11.587211608886719, -1.3326247930526733]]
[14000, 16, 0, [9.475728034973145, -8.683503150939941]]
[14000, 12, 0, [10.539380073547363, -8.707512855529785]]
[14000, 19, 0, [8.735968589782715, -3.743736743927002]]
[14000, 11, 0, [6.252441883087158, -1.2459752559661865]]
[14000, 8, 0, [11.252518653869629, -6.213031768798828]]
[14000, 13, 0, [3.706164598464966, -11.235624313354492]]
[14000, 9, 0, [6.827452659606934, -11.197059631347656]]
[14000, 22, 0, [4.237130165100098, -6.200616836547852]]
[14000, 3, 0, [1.4125858545303345, -1.006933569908142]]
[14000, 2, 0, [1.2430483102798462, -11.315653800964355]]
[14000, 10, 1, [1.2016024589538574, -6.261471748352051]]
[14000, 5, 1, [7.974673748016357, -11.200705528259277]]
[14000, 24, 1, [5.5033769607543945, -6.18016242980957]]
[14000, 18, 1, [3.7181503772735596, -3.749513864517212]]
[14000, 20, 1, [8.73096752166748, -6.254004955291748]]
[14000, 14, 1, [1.151162028312683, -3.447117567062378]]
[14000, 1, 1, [11.214645385742188, -11.270159721374512]]
[14000, 15, 1, [8.122641563415527, -1.2120884656906128]]
[14000, 21, 1, [5.649868965148926, -8.715054512023926]]
[14000, 4, 1, [11.235319137573242, -3.843435287475586]]
[14000, 7, 1, [3.75034236907959, -1.16689133644104]]
[14000, 23, 1, [6.771393775939941, -3.73417067527771]]
[24150, 'popsize', 25, 'queuesize', 0]
[25450, 17, 0, [3.7557685375213623, -8.760663986206055]]
[25450, 6, 0, [0.12333520501852036, -8.37496280670166]]
[25450, 0, 0, [12.376619338989258, -1.6170244216918945]]
[25450, 16, 0, [10.177543640136719, -8.403175354003906]]
[25450, 12, 0, [10.176374435424805, -8.55945110321045]]
[25450, 19, 0, [8.763920783996582, -3.7776293754577637]]
[25450, 11, 0, [6.224982261657715, -1.9469114542007446]]
[25450, 8, 0, [11.223064422607422, -6.196184158325195]]
[25450, 13, 0, [3.501413345336914, -11.820435523986816]]
[25450, 9, 0, [7.471057891845703, -10.87679672241211]]
[25450, 22, 0, [4.425286769866943, -6.562977313995361]]
[25450, 3, 0, [1.3864411115646362, -0.12450816482305527]]
[25450, 2, 0, [1.2320541143417358, -11.280280113220215]]
[25450, 10, 1, [1.2377996444702148, -6.242030620574951]]
[25450, 5, 1, [7.516594886779785, -11.03245735168457]]
[25450, 24, 1, [4.589559555053711, -5.887035369873047]]
[25450, 18, 1, [3.753875255584717, -3.760587215423584]]
[25450, 20, 1, [8.768449783325195, -6.227596759796143]]
[25450, 14, 1, [0.8099619746208191, -2.559344530105591]]
[25450, 1, 1, [11.236278533935547, -11.294312477111816]]
[25450, 15, 1, [7.190289497375488, -0.9937992691993713]]
[25450, 21, 1, [4.857914447784424, -8.539994239807129]]
[25450, 4, 1, [11.418131828308105, -4.232686996459961]]
[25450, 7, 1, [4.158623218536377, -1.2011921405792236]]
[25450, 23, 1, [7.702630996704102, -3.5815951824188232]]
[35700, 'popsize', 25, 'queuesize', 1]
[37000, 17, 0, [3.756493091583252, -8.798140525817871]]
[37000, 6, 0, [0.12333516776561737, -8.370847702026367]]
[37000, 0, 0, [12.376663208007812, -1.6227660179138184]]
[37000, 16, 0, [10.337406158447266, -8.764089584350586]]
[37000, 12, 0, [10.25602912902832, -8.632120132446289]]
[37000, 19, 0, [8.726640701293945, -3.774792432785034]]
[37000, 11, 0, [5.898759365081787, -2.860567331314087]]
[37000, 8, 0, [11.226631164550781, -6.233834743499756]]
[37000, 13, 0, [3.221137523651123, -12.376668930053711]]
[37000, 9, 0, [7.752029895782471, -11.2122802734375]]
[37000, 22, 0, [4.40164041519165, -7.09716796875]]
[37000, 3, 0, [1.31831955909729, -0.13550224900245667]]
[37000, 2, 0, [1.2994041442871094, -11.290857315063477]]
[37000, 10, 1, [1.2630201578140259, -6.273599147796631]]
[37000, 5, 1, [7.604863166809082, -11.134081840515137]]
[37000, 24, 1, [3.7759780883789062, -5.383007526397705]]
[37000, 18, 1, [3.754760980606079, -3.7973694801330566]]
[37000, 20, 1, [8.745797157287598, -6.191938877105713]]
[37000, 14, 1, [0.2766970694065094, -1.7775471210479736]]
[37000, 1, 1, [11.21973991394043, -11.315910339355469]]
[37000, 15, 1, [6.837257385253906, -1.0401872396469116]]
[37000, 21, 1, [4.330028533935547, -8.339241981506348]]
[37000, 4, 1, [12.323698043823242, -4.094779014587402]]
[37000, 7, 1, [4.118286609649658, -1.281686544418335]]
[37000, 23, 1, [8.105423927307129, -3.4843533039093018]]
[47100, 'popsize', 25, 'queuesize', 1]
[48400, 17, 0, [3.511951208114624, -9.076273918151855]]
[48400, 6, 0, [0.12333496659994125, -8.366629600524902]]
[48400, 0, 0, [12.376665115356445, -1.627771258354187]]
[48400, 16, 0, [10.495747566223145, -8.879976272583008]]
[48400, 12, 0, [10.393486976623535, -8.760397911071777]]
[48400, 19, 0, [8.667295455932617, -3.7740237712860107]]
[48400, 11, 0, [5.526747703552246, -3.527527332305908]]
[48400, 8, 0, [11.285496711730957, -5.982288360595703]]
[48400, 13, 0, [3.214050054550171, -12.376667022705078]]
[48400, 9, 0, [7.340362548828125, -11.346663475036621]]
[48400, 22, 0, [4.398035049438477, -6.938831806182861]]
[48400, 3, 0, [1.3965418338775635, -0.11551768332719803]]
[48400, 2, 0, [1.2566287517547607, -11.292893409729004]]
[48400, 10, 1, [1.2425955533981323, -6.303035259246826]]
[48400, 5, 1, [7.467757701873779, -11.21677017211914]]
[48400, 24, 1, [3.171626567840576, -4.651791572570801]]
[48400, 18, 1, [3.721722364425659, -3.811046600341797]]
[48400, 20, 1, [8.707860946655273, -6.202868461608887]]
[48400, 14, 1, [0.1400359570980072, -1.5493112802505493]]
[48400, 1, 1, [11.197545051574707, -11.318672180175781]]
[48400, 15, 1, [6.578155517578125, -1.9522110223770142]]
[48400, 21, 1, [3.4912524223327637, -7.883183002471924]]
[48400, 4, 1, [12.375864028930664, -4.070062160491943]]
[48400, 7, 1, [4.1604156494140625, -1.2696291208267212]]
[48400, 23, 1, [7.951073169708252, -3.512479782104492]]
[58500, 'popsize', 25, 'queuesize', 1]
[59800, 17, 0, [3.4573850631713867, -9.176082611083984]]
[59800, 6, 0, [0.12333077192306519, -8.362151145935059]]
[59800, 0, 0, [12.376667022705078, -1.6338156461715698]]
[59800, 16, 0, [10.742671966552734, -8.912433624267578]]
[59800, 12, 0, [10.490288734436035, -8.947283744812012]]
[59800, 19, 0, [8.684555053710938, -3.7540080547332764]]
[59800, 11, 0, [5.348882675170898, -3.8918473720550537]]
[59800, 8, 0, [11.345742225646973, -5.695263385772705]]
[59800, 13, 0, [3.2069151401519775, -12.376664161682129]]
[59800, 9, 0, [7.389307498931885, -11.258389472961426]]
[59800, 22, 0, [4.47666072845459, -6.260666847229004]]
[59800, 3, 0, [1.4353504180908203, -0.11442004144191742]]
[59800, 2, 0, [1.2548632621765137, -11.26128101348877]]
[59800, 10, 1, [1.2000426054000854, -6.2929253578186035]]
[59800, 5, 1, [7.561219692230225, -11.264667510986328]]
[59800, 24, 1, [2.750241756439209, -3.7929904460906982]]
[59800, 18, 1, [3.6950581073760986, -3.775785207748413]]
[59800, 20, 1, [8.750665664672852, -6.246180534362793]]
[59800, 14, 1, [0.15018820762634277, -1.6185945272445679]]
[59800, 1, 1, [11.128496170043945, -11.308232307434082]]
[59800, 15, 1, [6.156566619873047, -2.80680775642395]]
[59800, 21, 1, [2.7637603282928467, -7.261571884155273]]
[59800, 4, 1, [12.375856399536133, -4.0586676597595215]]
[59800, 7, 1, [4.154787540435791, -1.2258033752441406]]
[59800, 23, 1, [7.086195468902588, -3.873758554458618]]
[69950, 'popsize', 25, 'queuesize', 1]
[71300, 17, 0, [3.3599793910980225, -8.752057075500488]]
[71300, 6, 0, [0.12333551049232483, -8.356182098388672]]
[71300, 0, 0, [12.37667179107666, -1.6395448446273804]]
[71300, 16, 0, [11.556177139282227, -8.408419609069824]]
[71300, 12, 0, [10.141230583190918, -9.073087692260742]]
[71300, 19, 0, [9.01321029663086, -3.513746738433838]]
[71300, 11, 0, [5.2164459228515625, -4.251189708709717]]
[71300, 8, 0, [11.28225040435791, -5.713861465454102]]
[71300, 13, 0, [3.2005298137664795, -12.376668930053711]]
[71300, 9, 0, [7.777461528778076, -11.072460174560547]]
[71300, 22, 0, [4.5169196128845215, -6.066489219665527]]
[71300, 3, 0, [1.4820970296859741, -0.1111818477511406]]
[71300, 2, 0, [1.3101085424423218, -11.309677124023438]]
[71300, 10, 1, [1.2079408168792725, -6.250857830047607]]
[71300, 5, 1, [7.659876346588135, -11.18387508392334]]
[71300, 24, 1, [2.6514010429382324, -2.8786041736602783]]
[71300, 18, 1, [3.710407257080078, -3.7463955879211426]]
[71300, 20, 1, [8.779605865478516, -6.240159034729004]]
[71300, 14, 1, [0.30190229415893555, -0.9002562165260315]]
[71300, 1, 1, [11.152567863464355, -11.322861671447754]]
[71300, 15, 1, [5.575791358947754, -3.5758297443389893]]
[71300, 21, 1, [2.3618381023406982, -6.792335033416748]]
[71300, 4, 1, [12.375842094421387, -4.048531532287598]]
[71300, 7, 1, [4.236963748931885, -1.240882396697998]]
[71300, 23, 1, [6.331613540649414, -4.416686534881592]]
[81450, 'popsize', 25, 'queuesize', 1]
[82750, 17, 0, [3.0160977840423584, -8.070672988891602]]
[82750, 6, 0, [0.12333253771066666, -8.35178279876709]]
[82750, 0, 0, [12.376659393310547, -1.6453068256378174]]
[82750, 16, 0, [12.376059532165527, -8.090607643127441]]
[82750, 12, 0, [10.138291358947754, -9.031367301940918]]
[82750, 19, 0, [9.318729400634766, -3.243320941925049]]
[82750, 11, 0, [5.270206928253174, -4.186834335327148]]
[82750, 8, 0, [11.301085472106934, -5.746634483337402]]
[82750, 13, 0, [3.194882869720459, -12.376656532287598]]
[82750, 9, 0, [7.7704973220825195, -11.393319129943848]]
[82750, 22, 0, [5.014374732971191, -5.281373023986816]]
[82750, 3, 0, [1.6014944314956665, -0.10795904695987701]]
[82750, 2, 0, [1.2665843963623047, -11.295772552490234]]
[82750, 10, 1, [1.2431097030639648, -6.24461555480957]]
[82750, 5, 1, [7.729650974273682, -11.237478256225586]]
[82750, 24, 1, [2.493072509765625, -2.7400014400482178]]
[82750, 18, 1, [3.7488043308258057, -3.756922483444214]]
[82750, 20, 1, [8.75175952911377, -6.2009124755859375]]
[82750, 14, 1, [0.3618587255477905, -0.2783503532409668]]
[82750, 1, 1, [11.139603614807129, -11.34340763092041]]
[82750, 15, 1, [4.853456497192383, -4.2114176750183105]]
[82750, 21, 1, [2.293545722961426, -6.72737979888916]]
[82750, 4, 1, [12.375848770141602, -4.03627872467041]]
[82750, 7, 1, [5.172745227813721, -1.2459678649902344]]
[82750, 23, 1, [5.68583869934082, -5.117552280426025]]
[92900, 'popsize', 25, 'queuesize', 1]
[94200, 17, 0, [3.2923388481140137, -8.336198806762695]]
[94200, 6, 0, [0.12333206832408905, -8.346860885620117]]
[94200, 0, 0, [12.376667976379395, -1.6502387523651123]]
[94200, 16, 0, [12.376132011413574, -8.076659202575684]]
[94200, 12, 0, [9.73326587677002, -8.514962196350098]]
[94200, 19, 0, [9.278020858764648, -3.3259260654449463]]
[94200, 11, 0, [5.26160192489624, -4.223210334777832]]
[94200, 8, 0, [11.334156036376953, -5.730339050292969]]
[94200, 13, 0, [3.188828468322754, -12.376672744750977]]
[94200, 9, 0, [7.646749496459961, -11.44768238067627]]
[94200, 22, 0, [4.93798828125, -5.3673906326293945]]
[94200, 3, 0, [1.7154194116592407, -0.10787370800971985]]
[94200, 2, 0, [1.2761183977127075, -11.263049125671387]]
[94200, 10, 1, [1.2614290714263916, -6.277266502380371]]
[94200, 5, 1, [7.7733540534973145, -11.332135200500488]]
[94200, 24, 1, [1.751348853111267, -2.134120464324951]]
[94200, 18, 1, [3.7582669258117676, -3.795616865158081]]
[94200, 20, 1, [8.717556953430176, -6.213798522949219]]
[94200, 14, 1, [0.2448200285434723, -0.11389770358800888]]
[94200, 1, 1, [10.936802864074707, -11.498113632202148]]
[94200, 15, 1, [4.0050048828125, -4.6627912521362305]]
[94200, 21, 1, [1.7565181255340576, -6.5667033195495605]]
[94200, 4, 1, [12.3758544921875, -4.02508020401001]]
[94200, 7, 1, [5.616453647613525, -1.3363573551177979]]
[94200, 23, 1, [5.176120758056641, -5.921853542327881]]
[104351, 'popsize', 25, 'queuesize', 1]
[105651, 17, 0, [4.092646598815918, -8.79380989074707]]
[105651, 6, 0, [0.12332997471094131, -8.340559959411621]]
[105651, 0, 0, [12.376668930053711, -1.654574990272522]]
[105651, 16, 0, [12.376358032226562, -8.064690589904785]]
[105651, 12, 0, [9.289299011230469, -7.6673760414123535]]
[105651, 19, 0, [9.038872718811035, -3.245915174484253]]
[105651, 11, 0, [5.224198818206787, -4.226563453674316]]
[105651, 8, 0, [11.300894737243652, -5.6797051429748535]]
[105651, 13, 0, [3.182079315185547, -12.376667022705078]]
[105651, 9, 0, [8.22255802154541, -11.560938835144043]]
[105651, 22, 0, [4.439772129058838, -6.170983791351318]]
[105651, 3, 0, [1.8317008018493652, -0.10794012248516083]]
[105651, 2, 0, [1.319828748703003, -11.304939270019531]]
[105651, 10, 1, [1.0851688385009766, -6.301819324493408]]
[105651, 5, 1, [7.810271739959717, -11.328436851501465]]
[105651, 24, 1, [1.1451985836029053, -1.3921055793762207]]
[105651, 18, 1, [3.7227492332458496, -3.816798686981201]]
[105651, 20, 1, [8.7258882522583, -6.25498628616333]]
[105651, 14, 1, [0.11128227412700653, -0.10583546757698059]]
[105651, 1, 1, [10.773265838623047, -11.65796947479248]]
[105651, 15, 1, [3.0800678730010986, -4.917565822601318]]
[105651, 21, 1, [1.360215663909912, -6.362560272216797]]
[105651, 4, 1, [12.375844955444336, -4.013622760772705]]
[105651, 7, 1, [6.406587600708008, -0.8225160241127014]]
[105651, 23, 1, [4.856642723083496, -6.798745632171631]]
[115801, 'popsize', 25, 'queuesize', 1]
[117101, 17, 0, [4.998953342437744, -9.016457557678223]]
[117101, 6, 0, [0.12333522737026215, -8.33323860168457]]
[117101, 0, 0, [12.376666069030762, -1.6627901792526245]]
[117101, 16, 0, [12.376354217529297, -8.05355453491211]]
[117101, 12, 0, [9.027351379394531, -6.7435712814331055]]
[117101, 19, 0, [8.780489921569824, -3.193174123764038]]
[117101, 11, 0, [5.142918109893799, -4.823222637176514]]
[117101, 8, 0, [11.276097297668457, -5.698225021362305]]
[117101, 13, 0, [3.1745142936706543, -12.376669883728027]]
[117101, 9, 0, [9.155717849731445, -11.662030220031738]]
[117101, 22, 0, [4.192037105560303, -6.7985148429870605]]
[117101, 3, 0, [1.9560209512710571, -0.10788807272911072]]
[117101, 2, 0, [1.3034148216247559, -11.276537895202637]]
[117101, 10, 1, [1.0975186824798584, -6.322248935699463]]
[117101, 5, 1, [8.173346519470215, -10.896156311035156]]
[117101, 24, 1, [0.7349768280982971, -0.5209032297134399]]
[117101, 18, 1, [3.6947431564331055, -3.7874255180358887]]
[117101, 20, 1, [8.770977973937988, -6.256989002227783]]
[117101, 14, 1, [0.11115030944347382, -0.10596573352813721]]
[117101, 1, 1, [10.760503768920898, -11.672358512878418]]
[117101, 15, 1, [2.788102149963379, -5.112508773803711]]
[117101, 21, 1, [1.2121530771255493, -6.174433708190918]]
[117101, 4, 1, [12.37585163116455, -4.003149509429932]]
[117101, 7, 1, [7.309906959533691, -0.5857133865356445]]
[117101, 23, 1, [4.736301898956299, -7.604419231414795]]
[127201, 'popsize', 25, 'queuesize', 1]
[128501, 17, 0, [5.477295398712158, -9.038474082946777]]
[128501, 6, 0, [0.12333045154809952, -8.328030586242676]]
[128501, 0, 0, [12.376667022705078, -1.6713721752166748]]
[128501, 16, 0, [12.376363754272461, -8.045286178588867]]
[128501, 12, 0, [8.81871509552002, -6.209502696990967]]
[128501, 19, 0, [8.617340087890625, -3.0478906631469727]]
[128501, 11, 0, [4.836141109466553, -5.733882904052734]]
[128501, 8, 0, [11.489683151245117, -5.533906936645508]]
[128501, 13, 0, [3.1694416999816895, -12.376669883728027]]
[128501, 9, 0, [10.005953788757324, -11.821781158447266]]
[128501, 22, 0, [4.14406156539917, -6.891203880310059]]
[128501, 3, 0, [2.0810303688049316, -0.10798478126525879]]
[128501, 2, 0, [1.3636908531188965, -11.259471893310547]]
[128501, 10, 1, [1.103225588798523, -6.3664984703063965]]
[128501, 5, 1, [8.640024185180664, -10.072701454162598]]
[128501, 24, 1, [0.5661476850509644, -0.49037885665893555]]
[128501, 18, 1, [3.7285995483398438, -3.761414051055908]]
[128501, 20, 1, [8.757511138916016, -6.008790969848633]]
[128501, 14, 1, [0.11105187982320786, -0.10605967789888382]]
[128501, 1, 1, [10.735072135925293, -11.678295135498047]]
[128501, 15, 1, [3.007844924926758, -5.864135265350342]]
[128501, 21, 1, [1.5070463418960571, -6.0894317626953125]]
[128501, 4, 1, [12.375858306884766, -3.9913806915283203]]
[128501, 7, 1, [7.7627363204956055, -0.5914855599403381]]
[128501, 23, 1, [4.5841965675354, -7.532894134521484]]
[138651, 'popsize', 25, 'queuesize', 2]
[139951, 17, 0, [5.923942565917969, -8.36242961883545]]
[139951, 6, 0, [0.12332993000745773, -8.321722030639648]]
[139951, 0, 0, [12.376666069030762, -1.6767572164535522]]
[139951, 16, 0, [12.376362800598145, -8.033799171447754]]
[139951, 12, 0, [8.680859565734863, -6.14317512512207]]
[139951, 19, 0, [8.340886116027832, -3.0743041038513184]]
[139951, 11, 0, [4.3529744148254395, -6.566241264343262]]
[139951, 8, 0, [11.687719345092773, -5.301830291748047]]
[139951, 13, 0, [3.162623405456543, -12.37666130065918]]
[139951, 9, 0, [10.126376152038574, -11.92604923248291]]
[139951, 22, 0, [3.903225898742676, -7.642148017883301]]
[139951, 3, 0, [2.2014222145080566, -0.10790103673934937]]
[139951, 2, 0, [1.3273539543151855, -11.270977020263672]]
[139951, 10, 1, [1.0642708539962769, -6.3760457038879395]]
[139951, 5, 1, [8.91174030303955, -9.168926239013672]]
[139951, 24, 1, [0.5427077412605286, -0.15661098062992096]]
[139951, 18, 1, [3.903848648071289, -3.1183648109436035]]
[139951, 20, 1, [8.847569465637207, -6.020040988922119]]
[139951, 14, 1, [0.11106433719396591, -0.10605711489915848]]
[139951, 1, 1, [10.767864227294922, -11.982124328613281]]
[139951, 15, 1, [2.965064525604248, -6.257798671722412]]
[139951, 21, 1, [1.2569857835769653, -6.102854251861572]]
[139951, 4, 1, [12.375852584838867, -3.979994058609009]]
[139951, 7, 1, [8.230789184570312, -0.12507784366607666]]
[139951, 23, 1, [4.030123233795166, -7.530954360961914]]
[150001, 'popsize', 25, 'queuesize', 3]
[151301, 17, 0, [6.094638824462891, -7.899460315704346]]
[151301, 6, 0, [0.12333188205957413, -8.31770133972168]]
[151301, 0, 0, [12.376657485961914, -1.6853344440460205]]
[151301, 16, 0, [12.376355171203613, -8.024660110473633]]
[151301, 12, 0, [8.456640243530273, -5.962718963623047]]
[151301, 19, 0, [7.769316673278809, -3.494509696960449]]
[151301, 11, 0, [4.161242961883545, -6.789371967315674]]
[151301, 8, 0, [11.650461196899414, -5.312438488006592]]
[151301, 13, 0, [3.1579699516296387, -12.376670837402344]]
[151301, 9, 0, [9.220422744750977, -11.736796379089355]]
[151301, 22, 0, [4.471014022827148, -8.375184059143066]]
[151301, 3, 0, [2.3158764839172363, -0.10796044021844864]]
[151301, 2, 0, [1.314645767211914, -11.239148139953613]]
[151301, 10, 1, [1.0502076148986816, -6.338711261749268]]
[151301, 5, 1, [8.953780174255371, -8.91427230834961]]
[151301, 24, 1, [1.0667461156845093, -0.46486303210258484]]
[151301, 18, 1, [4.292510986328125, -2.252509117126465]]
[151301, 20, 1, [8.858080863952637, -5.965597629547119]]
[151301, 14, 1, [0.12361389398574829, -0.1423254758119583]]
[151301, 1, 1, [10.741256713867188, -11.99108600616455]]
[151301, 15, 1, [3.2745161056518555, -6.733272552490234]]
[151301, 21, 1, [1.4414504766464233, -6.102126598358154]]
[151301, 4, 1, [12.375843048095703, -3.970088481903076]]
[151301, 7, 1, [8.233967781066895, -0.12333745509386063]]
[151301, 23, 1, [3.561119556427002, -7.7647294998168945]]
[161451, 'popsize', 25, 'queuesize', 3]
[162801, 17, 0, [5.524672508239746, -7.2886881828308105]]
[162801, 6, 0, [0.12333764880895615, -8.311660766601562]]
[162801, 0, 0, [12.376666069030762, -1.690985083580017]]
[162801, 16, 0, [12.376350402832031, -8.014286994934082]]
[162801, 12, 0, [7.900770664215088, -5.177202224731445]]
[162801, 19, 0, [7.787117958068848, -3.4578757286071777]]
[162801, 11, 0, [4.234442234039307, -6.733938694000244]]
[162801, 8, 0, [11.653979301452637, -5.353927135467529]]
[162801, 13, 0, [3.1499979496002197, -12.376662254333496]]
[162801, 9, 0, [8.269570350646973, -11.753860473632812]]
[162801, 22, 0, [4.976017475128174, -8.834460258483887]]
[162801, 3, 0, [2.4406495094299316, -0.1078789085149765]]
[162801, 2, 0, [1.3527719974517822, -11.254566192626953]]
[162801, 10, 1, [1.0827443599700928, -6.311534881591797]]
[162801, 5, 1, [8.731199264526367, -9.847270011901855]]
[162801, 24, 1, [1.6843925714492798, -1.185868740081787]]
[162801, 18, 1, [4.672696113586426, -1.6715192794799805]]
[162801, 20, 1, [8.820321083068848, -5.986477375030518]]
[162801, 14, 1, [0.09932208806276321, -0.11639250814914703]]
[162801, 1, 1, [10.737995147705078, -12.008766174316406]]
[162801, 15, 1, [3.66140079498291, -7.610692501068115]]
[162801, 21, 1, [1.5311552286148071, -6.099952220916748]]
[162801, 4, 1, [12.375845909118652, -3.9583535194396973]]
[162801, 7, 1, [8.239541053771973, -0.12334883213043213]]
[162801, 23, 1, [2.8283772468566895, -8.363617897033691]]
[173001, 'popsize', 25, 'queuesize', 3]
[174401, 17, 0, [5.097762584686279, -7.027672290802002]]
[174401, 6, 0, [0.12333256751298904, -8.305183410644531]]
[174401, 0, 0, [12.376659393310547, -1.696579098701477]]
[174401, 16, 0, [12.376354217529297, -8.005471229553223]]
[174401, 12, 0, [7.527463436126709, -4.282649993896484]]
[174401, 19, 0, [7.8222575187683105, -3.4643774032592773]]
[174401, 11, 0, [4.230040550231934, -6.698646545410156]]
[174401, 8, 0, [11.696691513061523, -5.356297492980957]]
[174401, 13, 0, [3.141805410385132, -12.37667465209961]]
[174401, 9, 0, [7.487927436828613, -11.918211936950684]]
[174401, 22, 0, [5.058298110961914, -8.926755905151367]]
[174401, 3, 0, [2.565060615539551, -0.1078886166214943]]
[174401, 2, 0, [1.3173638582229614, -11.254258155822754]]
[174401, 10, 1, [1.107720136642456, -6.334518909454346]]
[174401, 5, 1, [8.317389488220215, -10.724051475524902]]
[174401, 24, 1, [2.1353139877319336, -2.040212392807007]]
[174401, 18, 1, [4.690037250518799, -1.700156331062317]]
[174401, 20, 1, [8.837322235107422, -6.019139289855957]]
[174401, 14, 1, [0.09916543960571289, -0.11649195104837418]]
[174401, 1, 1, [10.735557556152344, -12.039841651916504]]
[174401, 15, 1, [3.9139609336853027, -7.904514789581299]]
[174401, 21, 1, [1.2876346111297607, -6.128908634185791]]
[174401, 4, 1, [12.37584400177002, -3.9456326961517334]]
[174401, 7, 1, [8.245096206665039, -0.12333417683839798]]
[174401, 23, 1, [2.220945119857788, -9.116002082824707]]
[184651, 'popsize', 25, 'queuesize', 3]
[185951, 17, 0, [4.734409809112549, -6.892734527587891]]
[185951, 6, 0, [0.1233392208814621, -8.300026893615723]]
[185951, 0, 0, [12.376662254333496, -1.7041536569595337]]
[185951, 16, 0, [12.376359939575195, -7.994938373565674]]
[185951, 12, 0, [7.3329854011535645, -3.330965995788574]]
[185951, 19, 0, [7.831286907196045, -3.500697135925293]]
[185951, 11, 0, [3.6209139823913574, -6.685554027557373]]
[185951, 8, 0, [11.701299667358398, -5.2976975440979]]
[185951, 13, 0, [3.1334965229034424, -12.37667179107666]]
[185951, 9, 0, [7.962469100952148, -12.111190795898438]]
[185951, 22, 0, [5.842426300048828, -9.47164249420166]]
[185951, 3, 0, [2.6799020767211914, -0.10797582566738129]]
[185951, 2, 0, [1.3160324096679688, -11.226244926452637]]
[185951, 10, 1, [1.1175349950790405, -6.3830084800720215]]
[185951, 5, 1, [7.738746166229248, -11.513564109802246]]
[185951, 24, 1, [2.3841800689697266, -2.9809505939483643]]
[185951, 18, 1, [4.66786527633667, -1.7298351526260376]]
[185951, 20, 1, [8.876508712768555, -6.019626140594482]]
[185951, 14, 1, [0.09906268119812012, -0.11654189974069595]]
[185951, 1, 1, [10.689356803894043, -12.037816047668457]]
[185951, 15, 1, [4.8539557456970215, -7.7302446365356445]]
[185951, 21, 1, [1.4914849996566772, -6.139798164367676]]
[185951, 4, 1, [12.37584114074707, -3.934303045272827]]
[185951, 7, 1, [8.252008438110352, -0.12333593517541885]]
[185951, 23, 1, [1.875054121017456, -9.834423065185547]]
[196151, 'popsize', 25, 'queuesize', 3]
[197451, 17, 0, [3.9912779331207275, -7.1403398513793945]]
[197451, 6, 0, [0.12333594262599945, -8.294819831848145]]
[197451, 0, 0, [12.376665115356445, -1.7103677988052368]]
[197451, 16, 0, [12.376357078552246, -7.9865641593933105]]
[197451, 12, 0, [7.333430290222168, -2.3670499324798584]]
[197451, 19, 0, [7.823618412017822, -3.4495699405670166]]
[197451, 11, 0, [2.6841070652008057, -6.464024066925049]]
[197451, 8, 0, [11.681669235229492, -5.3215861320495605]]
[197451, 13, 0, [3.1253912448883057, -12.376667022705078]]
[197451, 9, 0, [8.048498153686523, -12.309423446655273]]
[197451, 22, 0, [5.93681001663208, -9.530373573303223]]
[197451, 3, 0, [2.793255567550659, -0.10791383683681488]]
[197451, 2, 0, [1.3614511489868164, -11.273542404174805]]
[197451, 10, 1, [1.0771254301071167, -6.379508972167969]]
[197451, 5, 1, [8.089543342590332, -11.103364944458008]]
[197451, 24, 1, [2.42900013923645, -3.9491403102874756]]
[197451, 18, 1, [4.623669624328613, -1.7186028957366943]]
[197451, 20, 1, [8.674200057983398, -6.064668655395508]]
[197451, 14, 1, [0.09922017902135849, -0.11646367609500885]]
[197451, 1, 1, [10.672868728637695, -12.065390586853027]]
[197451, 15, 1, [5.636110782623291, -7.754876613616943]]
[197451, 21, 1, [1.2459360361099243, -6.135341644287109]]
[197451, 4, 1, [12.375849723815918, -3.923105239868164]]
[197451, 7, 1, [8.256957054138184, -0.12333396077156067]]
[197451, 23, 1, [1.5448284149169922, -10.171891212463379]]
[207852, 'popsize', 25, 'queuesize', 3]
[209202, 17, 0, [3.1149563789367676, -7.533326148986816]]
[209202, 6, 0, [0.12333078682422638, -8.289886474609375]]
[209202, 0, 0, [12.376663208007812, -1.7149585485458374]]
[209202, 16, 0, [12.37635326385498, -7.9763264656066895]]
[209202, 12, 0, [7.537508010864258, -1.4057644605636597]]
[209202, 19, 0, [7.842043399810791, -3.4529998302459717]]
[209202, 11, 0, [1.9743950366973877, -6.144134998321533]]
[209202, 8, 0, [11.68459701538086, -5.390620231628418]]
[209202, 13, 0, [3.119144916534424, -12.37667179107666]]
[209202, 9, 0, [8.073103904724121, -12.376052856445312]]
[209202, 22, 0, [6.536616325378418, -9.783641815185547]]
[209202, 3, 0, [2.909712553024292, -0.10795976966619492]]
[209202, 2, 0, [1.325868844985962, -11.268464088439941]]
[209202, 10, 1, [1.0644437074661255, -6.362538814544678]]
[209202, 5, 1, [8.241861343383789, -10.894957542419434]]
[209202, 24, 1, [2.2771332263946533, -4.92111873626709]]
[209202, 18, 1, [4.457489013671875, -1.4935840368270874]]
[209202, 20, 1, [8.588963508605957, -6.010718822479248]]
[209202, 14, 1, [0.1329795867204666, -0.1949036866426468]]
[209202, 1, 1, [10.69188404083252, -12.08654499053955]]
[209202, 15, 1, [6.035358428955078, -7.862608909606934]]
[209202, 21, 1, [1.432149887084961, -6.13632345199585]]
[209202, 4, 1, [12.37584400177002, -3.9122233390808105]]
[209202, 7, 1, [8.263455390930176, -0.12333294004201889]]
[209202, 23, 1, [1.693935751914978, -10.309189796447754]]
[219502, 'popsize', 25, 'queuesize', 3]
[220802, 17, 0, [2.3354804515838623, -8.105328559875488]]
[220802, 6, 0, [0.12333749979734421, -8.283401489257812]]
[220802, 0, 0, [12.376662254333496, -1.7236640453338623]]
[220802, 16, 0, [12.376355171203613, -7.965713024139404]]
[220802, 12, 0, [7.92926549911499, -0.5105876922607422]]
[220802, 19, 0, [8.46532154083252, -3.467459201812744]]
[220802, 11, 0, [1.6329200267791748, -5.9767889976501465]]
[220802, 8, 0, [11.699257850646973, -5.3433518409729]]
[220802, 13, 0, [3.1100597381591797, -12.376673698425293]]
[220802, 9, 0, [8.17459774017334, -12.392162322998047]]
[220802, 22, 0, [5.63416862487793, -9.422616004943848]]
[220802, 3, 0, [2.9307336807250977, -0.21287770569324493]]
[220802, 2, 0, [1.3297630548477173, -11.235722541809082]]
[220802, 10, 1, [1.0871952772140503, -6.33575439453125]]
[220802, 5, 1, [8.154642105102539, -11.03628921508789]]
[220802, 24, 1, [1.931603193283081, -5.83618688583374]]
[220802, 18, 1, [4.28328800201416, -1.2690398693084717]]
[220802, 20, 1, [8.556920051574707, -5.994791030883789]]
[220802, 14, 1, [0.132775217294693, -0.22490333020687103]]
[220802, 1, 1, [10.731292724609375, -12.070280075073242]]
[220802, 15, 1, [6.444079875946045, -7.8124823570251465]]
[220802, 21, 1, [1.5275418758392334, -6.131466865539551]]
[220802, 4, 1, [12.375849723815918, -3.8996355533599854]]
[220802, 7, 1, [8.270094871520996, -0.12333926558494568]]
[220802, 23, 1, [1.63076913356781, -10.130999565124512]]
[230952, 'popsize', 25, 'queuesize', 4]
[232352, 17, 0, [2.0074496269226074, -8.461254119873047]]
[232352, 6, 0, [0.12333498150110245, -8.27829360961914]]
[232352, 0, 0, [12.376660346984863, -1.730431318283081]]
[232352, 16, 0, [12.376340866088867, -7.954112529754639]]
[232352, 12, 0, [8.15359878540039, -0.1776173710823059]]
[232352, 19, 0, [8.746692657470703, -3.5351450443267822]]
[232352, 11, 0, [1.718876838684082, -5.854610443115234]]
[232352, 8, 0, [11.641403198242188, -5.341180801391602]]
[232352, 13, 0, [3.102947473526001, -12.376669883728027]]
[232352, 9, 0, [8.126058578491211, -12.367270469665527]]
[232352, 22, 0, [5.479466915130615, -9.321441650390625]]
[232352, 3, 0, [3.6069412231445312, -0.3252163231372833]]
[232352, 2, 0, [1.3540089130401611, -11.280645370483398]]
[232352, 10, 1, [1.1241596937179565, -6.341919422149658]]
[232352, 5, 1, [8.446319580078125, -10.581286430358887]]
[232352, 24, 1, [1.7794712781906128, -6.12166166305542]]
[232352, 18, 1, [4.303415298461914, -1.2952042818069458]]
[232352, 20, 1, [8.536300659179688, -6.023269176483154]]
[232352, 14, 1, [0.1662832498550415, -0.24310126900672913]]
[232352, 1, 1, [10.736359596252441, -12.029387474060059]]
[232352, 15, 1, [6.853844165802002, -7.890770435333252]]
[232352, 21, 1, [1.6024134159088135, -6.070761203765869]]
[232352, 4, 1, [12.375840187072754, -3.8883981704711914]]
[232352, 7, 1, [8.310232162475586, -0.12334022670984268]]
[232352, 23, 1, [1.0129094123840332, -9.410200119018555]]
[242552, 'popsize', 25, 'queuesize', 6]
[243852, 17, 0, [2.2608416080474854, -9.255719184875488]]
[243852, 6, 0, [0.12333551049232483, -8.273487091064453]]
[243852, 0, 0, [12.376669883728027, -1.7347239255905151]]
[243852, 16, 0, [12.37635326385498, -7.944158554077148]]
[243852, 12, 0, [8.209969520568848, -0.14443592727184296]]
[243852, 19, 0, [8.536052703857422, -3.608781099319458]]
[243852, 11, 0, [2.022858142852783, -5.743146896362305]]
[243852, 8, 0, [11.896808624267578, -5.254655361175537]]
[243852, 13, 0, [3.094980001449585, -12.376668930053711]]
[243852, 9, 0, [7.38008975982666, -12.39400863647461]]
[243852, 22, 0, [5.255928039550781, -9.042878150939941]]
[243852, 3, 0, [4.017642021179199, -0.4924551844596863]]
[243852, 2, 0, [1.313504695892334, -11.277962684631348]]
[243852, 10, 1, [1.130126714706421, -6.375112056732178]]
[243852, 5, 1, [8.130716323852539, -11.082571029663086]]
[243852, 24, 1, [1.4399254322052002, -6.244202136993408]]
[243852, 18, 1, [4.288126468658447, -1.3300830125808716]]
[243852, 20, 1, [8.55502986907959, -6.060144901275635]]
[243852, 14, 1, [0.1748424470424652, -0.18834814429283142]]
[243852, 1, 1, [10.69373607635498, -12.02457332611084]]
[243852, 15, 1, [7.259218692779541, -7.94834041595459]]
[243852, 21, 1, [1.544333815574646, -6.4040913581848145]]
[243852, 4, 1, [12.3758544921875, -3.876769542694092]]
[243852, 7, 1, [8.369040489196777, -0.1233113557100296]]
[243852, 23, 1, [0.5282192230224609, -9.285656929016113]]
[254002, 'popsize', 25, 'queuesize', 6]
[255302, 17, 0, [2.027505874633789, -9.149421691894531]]
[255302, 6, 0, [0.1233331486582756, -8.268774032592773]]
[255302, 0, 0, [12.376667022705078, -1.7404515743255615]]
[255302, 16, 0, [12.376359939575195, -7.934238433837891]]
[255302, 12, 0, [8.250202178955078, -0.14084647595882416]]
[255302, 19, 0, [7.619543075561523, -3.883075714111328]]
[255302, 11, 0, [2.34340763092041, -5.850405216217041]]
[255302, 8, 0, [12.155442237854004, -5.097696781158447]]
[255302, 13, 0, [3.087569236755371, -12.376666069030762]]
[255302, 9, 0, [7.2631001472473145, -12.392101287841797]]
[255302, 22, 0, [5.15394401550293, -8.676736831665039]]
[255302, 3, 0, [4.061634540557861, -0.493181049823761]]
[255302, 2, 0, [1.3215025663375854, -11.241781234741211]]
[255302, 10, 1, [1.0946012735366821, -6.3903608322143555]]
[255302, 5, 1, [7.492568492889404, -11.798918724060059]]
[255302, 24, 1, [1.182785153388977, -7.159792900085449]]
[255302, 18, 1, [4.246692657470703, -1.3300362825393677]]
[255302, 20, 1, [8.588175773620605, -6.053060054779053]]
[255302, 14, 1, [0.1451331377029419, -0.1781759113073349]]
[255302, 1, 1, [10.675034523010254, -12.058014869689941]]
[255302, 15, 1, [7.735964298248291, -8.02485179901123]]
[255302, 21, 1, [1.4667295217514038, -6.936625957489014]]
[255302, 4, 1, [12.375849723815918, -3.8653476238250732]]
[255302, 7, 1, [8.407471656799316, -0.12327051907777786]]
[255302, 23, 1, [0.4602891504764557, -10.223933219909668]]
[265652, 'popsize', 25, 'queuesize', 6]
[266952, 17, 0, [2.109931468963623, -9.531182289123535]]
[266952, 6, 0, [0.12333990633487701, -8.263238906860352]]
[266952, 0, 0, [12.376670837402344, -1.7445764541625977]]
[266952, 16, 0, [12.37635326385498, -7.922532081604004]]
[266952, 12, 0, [8.286706924438477, -0.14088188111782074]]
[266952, 19, 0, [7.214350700378418, -3.8671605587005615]]
[266952, 11, 0, [2.3661177158355713, -5.804931640625]]
[266952, 8, 0, [12.09897518157959, -5.0861735343933105]]
[266952, 13, 0, [3.0828659534454346, -12.376669883728027]]
[266952, 9, 0, [7.13490629196167, -12.392095565795898]]
[266952, 22, 0, [4.218656063079834, -8.382862091064453]]
[266952, 3, 0, [4.00341272354126, -0.12439178675413132]]
[266952, 2, 0, [1.36704421043396, -11.238443374633789]]
[266952, 10, 1, [1.067905068397522, -6.3730387687683105]]
[266952, 5, 1, [7.386083126068115, -11.900391578674316]]
[266952, 24, 1, [0.7512391209602356, -8.04269027709961]]
[266952, 18, 1, [4.23264217376709, -1.2974146604537964]]
[266952, 20, 1, [8.589068412780762, -6.025606155395508]]
[266952, 14, 1, [0.13035820424556732, -0.20991016924381256]]
[266952, 1, 1, [11.029722213745117, -12.2067232131958]]
[266952, 15, 1, [7.819983959197998, -8.205745697021484]]
[266952, 21, 1, [1.1938000917434692, -7.706526756286621]]
[266952, 4, 1, [12.375834465026855, -3.8538143634796143]]
[266952, 7, 1, [8.443840980529785, -0.12329491227865219]]
[266952, 23, 1, [0.6035496592521667, -11.175745010375977]]
[277052, 'popsize', 25, 'queuesize', 6]
[278352, 17, 0, [2.334299325942993, -10.029062271118164]]
[278352, 6, 0, [0.12333288788795471, -8.25840950012207]]
[278352, 0, 0, [12.376667022705078, -1.7493606805801392]]
[278352, 16, 0, [12.376357078552246, -7.9121928215026855]]
[278352, 12, 0, [8.323099136352539, -0.1409154236316681]]
[278352, 19, 0, [7.287655353546143, -3.6368024349212646]]
[278352, 11, 0, [2.797304391860962, -6.088227272033691]]
[278352, 8, 0, [12.350176811218262, -4.999477386474609]]
[278352, 13, 0, [3.0770297050476074, -12.376669883728027]]
[278352, 9, 0, [7.068269729614258, -12.325508117675781]]
[278352, 22, 0, [3.6109330654144287, -8.066213607788086]]
[278352, 3, 0, [3.9233405590057373, -0.11096940189599991]]
[278352, 2, 0, [1.3401507139205933, -11.263671875]]
[278352, 10, 1, [1.0737804174423218, -6.338609218597412]]
[278352, 5, 1, [7.187018871307373, -12.073612213134766]]
[278352, 24, 1, [0.8311676979064941, -8.204866409301758]]
[278352, 18, 1, [4.254559516906738, -1.2698971033096313]]
[278352, 20, 1, [8.550994873046875, -6.005729675292969]]
[278352, 14, 1, [0.21044188737869263, -0.12086319178342819]]
[278352, 1, 1, [11.019075393676758, -12.23159408569336]]
[278352, 15, 1, [7.764458656311035, -8.1945161819458]]
[278352, 21, 1, [1.7455908060073853, -7.492119789123535]]
[278352, 4, 1, [12.375831604003906, -3.842445135116577]]
[278352, 7, 1, [8.480135917663574, -0.12327481806278229]]
[278352, 23, 1, [0.5853577256202698, -11.574240684509277]]
[288452, 'popsize', 25, 'queuesize', 6]
[289752, 17, 0, [2.716118812561035, -10.21933364868164]]
[289752, 6, 0, [0.1233317032456398, -8.253308296203613]]
[289752, 0, 0, [12.376665115356445, -1.757556438446045]]
[289752, 16, 0, [12.376350402832031, -7.900871276855469]]
[289752, 12, 0, [8.360300064086914, -0.1408187448978424]]
[289752, 19, 0, [7.280012130737305, -3.6452863216400146]]
[289752, 11, 0, [2.6924591064453125, -6.252122402191162]]
[289752, 8, 0, [12.375089645385742, -4.916015625]]
[289752, 13, 0, [3.068584680557251, -12.37666130065918]]
[289752, 9, 0, [7.093711853027344, -12.377267837524414]]
[289752, 22, 0, [4.2566962242126465, -8.407886505126953]]
[289752, 3, 0, [3.7567620277404785, -0.10607556998729706]]
[289752, 2, 0, [1.3180021047592163, -11.242121696472168]]
[289752, 10, 1, [1.1077631711959839, -6.3340277671813965]]
[289752, 5, 1, [7.269565105438232, -11.960211753845215]]
[289752, 24, 1, [1.329006314277649, -9.02121353149414]]
[289752, 18, 1, [4.287740707397461, -1.285733938217163]]
[289752, 20, 1, [8.536646842956543, -6.041295051574707]]
[289752, 14, 1, [0.14806699752807617, -0.1264849603176117]]
[289752, 1, 1, [11.03341293334961, -12.257060050964355]]
[289752, 15, 1, [7.626803874969482, -8.144676208496094]]
[289752, 21, 1, [1.6556087732315063, -7.542027950286865]]
[289752, 4, 1, [12.375847816467285, -3.8305470943450928]]
[289752, 7, 1, [8.517742156982422, -0.1232866644859314]]
[289752, 23, 1, [0.11493949592113495, -11.768248558044434]]
[299903, 'popsize', 25, 'queuesize', 6]
[301253, 17, 0, [2.7799413204193115, -10.254557609558105]]
[301253, 6, 0, [0.12333324551582336, -8.247516632080078]]
[301253, 0, 0, [12.376668930053711, -1.7623906135559082]]
[301253, 16, 0, [12.376357078552246, -7.889997959136963]]
[301253, 12, 0, [8.396289825439453, -0.14089204370975494]]
[301253, 19, 0, [7.467459201812744, -3.5635929107666016]]
[301253, 11, 0, [2.538107395172119, -6.494132041931152]]
[301253, 8, 0, [12.310206413269043, -4.916825771331787]]
[301253, 13, 0, [3.062584161758423, -12.376667022705078]]
[301253, 9, 0, [7.184223175048828, -12.388374328613281]]
[301253, 22, 0, [4.483159065246582, -8.629985809326172]]
[301253, 3, 0, [3.601255416870117, -0.10597717016935349]]
[301253, 2, 0, [1.3615628480911255, -11.196284294128418]]
[301253, 10, 1, [1.12674880027771, -6.367970943450928]]
[301253, 5, 1, [7.325441360473633, -11.918994903564453]]
[301253, 24, 1, [1.6676839590072632, -9.920187950134277]]
[301253, 18, 1, [4.308846473693848, -1.5627673864364624]]
[301253, 20, 1, [8.622279167175293, -5.845180988311768]]
[301253, 14, 1, [0.1688365638256073, -0.1851395070552826]]
[301253, 1, 1, [11.016643524169922, -12.27787971496582]]
[301253, 15, 1, [6.9324774742126465, -7.753088474273682]]
[301253, 21, 1, [1.3288570642471313, -7.229514122009277]]
[301253, 4, 1, [12.37585163116455, -3.8210222721099854]]
[301253, 7, 1, [8.55359935760498, -0.1232805997133255]]
[301253, 23, 1, [0.10595064610242844, -11.933380126953125]]
[311353, 'popsize', 25, 'queuesize', 6]
[312653, 17, 0, [2.405366897583008, -10.191034317016602]]
[312653, 6, 0, [0.12333526462316513, -8.24285888671875]]
[312653, 0, 0, [12.376663208007812, -1.7662599086761475]]
[312653, 16, 0, [12.376320838928223, -7.878708362579346]]
[312653, 12, 0, [8.433187484741211, -0.1408994197845459]]
[312653, 19, 0, [7.679111480712891, -3.4312689304351807]]
[312653, 11, 0, [2.443438768386841, -6.511324882507324]]
[312653, 8, 0, [12.355244636535645, -4.942616939544678]]
[312653, 13, 0, [3.0525269508361816, -12.376657485961914]]
[312653, 9, 0, [7.269533634185791, -12.372110366821289]]
[312653, 22, 0, [3.7605316638946533, -8.005578994750977]]
[312653, 3, 0, [3.44449520111084, -0.10604982078075409]]
[312653, 2, 0, [1.3588632345199585, -11.231630325317383]]
[312653, 10, 1, [1.0404901504516602, -6.346796989440918]]
[312653, 5, 1, [7.379237651824951, -11.883947372436523]]
[312653, 24, 1, [1.8093032836914062, -10.870738983154297]]
[312653, 18, 1, [4.341738700866699, -1.8384932279586792]]
[312653, 20, 1, [8.737811088562012, -5.797147274017334]]
[312653, 14, 1, [0.18037989735603333, -0.12303187698125839]]
[312653, 1, 1, [10.971330642700195, -12.321654319763184]]
[312653, 15, 1, [6.50139856338501, -7.560624122619629]]
[312653, 21, 1, [1.0294952392578125, -6.522907257080078]]
[312653, 4, 1, [12.375853538513184, -3.809688091278076]]
[312653, 7, 1, [8.590181350708008, -0.12328321486711502]]
[312653, 23, 1, [0.10605761408805847, -12.087328910827637]]
[322753, 'popsize', 25, 'queuesize', 6]
[324053, 17, 0, [2.337306022644043, -10.604497909545898]]
[324053, 6, 0, [0.12332877516746521, -8.237754821777344]]
[324053, 0, 0, [12.37666130065918, -1.771445870399475]]
[324053, 16, 0, [12.376364707946777, -7.869544982910156]]
[324053, 12, 0, [8.46976375579834, -0.14080750942230225]]
[324053, 19, 0, [7.591575622558594, -3.6402907371520996]]
[324053, 11, 0, [2.130528211593628, -6.671268939971924]]
[324053, 8, 0, [12.334893226623535, -4.877048492431641]]
[324053, 13, 0, [3.0476276874542236, -12.376665115356445]]
[324053, 9, 0, [7.405359268188477, -12.40031623840332]]
[324053, 22, 0, [3.3292644023895264, -7.483107566833496]]
[324053, 3, 0, [3.28973388671875, -0.10599841177463531]]
[324053, 2, 0, [1.3223967552185059, -11.236474990844727]]
[324053, 10, 1, [0.8347235321998596, -6.320347785949707]]
[324053, 5, 1, [7.440919399261475, -11.834147453308105]]
[324053, 24, 1, [1.9708452224731445, -10.977217674255371]]
[324053, 18, 1, [4.33173942565918, -1.8005661964416504]]
[324053, 20, 1, [8.753006935119629, -5.76303768157959]]
[324053, 14, 1, [0.25565481185913086, -0.10503417253494263]]
[324053, 1, 1, [11.001954078674316, -12.306620597839355]]
[324053, 15, 1, [6.702431678771973, -7.229018688201904]]
[324053, 21, 1, [0.98748779296875, -6.267177581787109]]
[324053, 4, 1, [12.375865936279297, -3.7986648082733154]]
[324053, 7, 1, [8.627006530761719, -0.12329256534576416]]
[324053, 23, 1, [0.10607393085956573, -12.2423734664917]]
[334353, 'popsize', 25, 'queuesize', 6]
[335653, 17, 0, [2.5622427463531494, -11.504964828491211]]
[335653, 6, 0, [0.12332724779844284, -8.233034133911133]]
[335653, 0, 0, [12.37666130065918, -1.777927041053772]]
[335653, 16, 0, [12.376359939575195, -7.859490394592285]]
[335653, 12, 0, [8.50682544708252, -0.1410013735294342]]
[335653, 19, 0, [7.388735294342041, -4.524580955505371]]
[335653, 11, 0, [2.1491785049438477, -6.765315055847168]]
[335653, 8, 0, [12.295945167541504, -4.899603366851807]]
[335653, 13, 0, [3.0424954891204834, -12.376666069030762]]
[335653, 9, 0, [7.4751877784729, -12.265746116638184]]
[335653, 22, 0, [3.376960277557373, -7.565761089324951]]
[335653, 3, 0, [3.133186101913452, -0.10603828728199005]]
[335653, 2, 0, [1.3263717889785767, -11.203619003295898]]
[335653, 10, 1, [0.6590715050697327, -6.556960105895996]]
[335653, 5, 1, [7.6342902183532715, -11.647592544555664]]
[335653, 24, 1, [2.198922872543335, -10.779090881347656]]
[335653, 18, 1, [4.355701923370361, -1.7834815979003906]]
[335653, 20, 1, [8.727763175964355, -5.736297607421875]]
[335653, 14, 1, [0.2671004831790924, -0.1735198199748993]]
[335653, 1, 1, [10.98997974395752, -12.335896492004395]]
[335653, 15, 1, [7.116480350494385, -7.291885852813721]]
[335653, 21, 1, [0.9352706074714661, -6.676671504974365]]
[335653, 4, 1, [12.375868797302246, -3.787520170211792]]
[335653, 7, 1, [8.664037704467773, -0.12330178171396255]]
[335653, 23, 1, [0.10606390982866287, -12.388959884643555]]
[345753, 'popsize', 25, 'queuesize', 6]
[347053, 17, 0, [2.163390874862671, -11.712916374206543]]
[347053, 6, 0, [0.12333931773900986, -8.227845191955566]]
[347053, 0, 0, [12.376665115356445, -1.7827004194259644]]
[347053, 16, 0, [12.376352310180664, -7.847299575805664]]
[347053, 12, 0, [8.543396949768066, -0.14082680642604828]]
[347053, 19, 0, [7.398728370666504, -4.780733108520508]]
[347053, 11, 0, [2.0021896362304688, -6.780138969421387]]
[347053, 8, 0, [12.3299560546875, -4.917229652404785]]
[347053, 13, 0, [3.036135196685791, -12.376665115356445]]
[347053, 9, 0, [7.176332473754883, -12.036918640136719]]
[347053, 22, 0, [3.4158682823181152, -7.631458759307861]]
[347053, 3, 0, [2.978548049926758, -0.10602135956287384]]
[347053, 2, 0, [1.3634631633758545, -11.233043670654297]]
[347053, 10, 1, [0.6710960268974304, -6.527615547180176]]
[347053, 5, 1, [7.339792251586914, -11.931344032287598]]
[347053, 24, 1, [2.447145938873291, -9.853803634643555]]
[347053, 18, 1, [4.391829013824463, -1.8043360710144043]]
[347053, 20, 1, [8.744240760803223, -6.135699272155762]]
[347053, 14, 1, [0.11060323566198349, -0.1065898984670639]]
[347053, 1, 1, [11.02275276184082, -12.356498718261719]]
[347053, 15, 1, [7.518521785736084, -7.270848274230957]]
[347053, 21, 1, [1.8099653720855713, -6.816094398498535]]
[347053, 4, 1, [12.375837326049805, -3.77616286277771]]
[347053, 7, 1, [8.700579643249512, -0.12329760193824768]]
[347053, 23, 1, [0.10604621469974518, -12.388935089111328]]
[357153, 'popsize', 25, 'queuesize', 6]
[358453, 17, 0, [1.7321438789367676, -11.935423851013184]]
[358453, 6, 0, [0.12333782762289047, -8.221582412719727]]
[358453, 0, 0, [12.376663208007812, -1.7896937131881714]]
[358453, 16, 0, [12.376360893249512, -7.835910320281982]]
[358453, 12, 0, [8.580514907836914, -0.140939399600029]]
[358453, 19, 0, [7.994544506072998, -4.594641208648682]]
[358453, 11, 0, [2.141695022583008, -6.749284267425537]]
[358453, 8, 0, [12.35792064666748, -4.845349311828613]]
[358453, 13, 0, [3.028503656387329, -12.376664161682129]]
[358453, 9, 0, [7.119050025939941, -11.925931930541992]]
[358453, 22, 0, [3.3652503490448, -7.6026177406311035]]
[358453, 3, 0, [2.824127674102783, -0.10599221289157867]]
[358453, 2, 0, [1.3243523836135864, -11.218968391418457]]
[358453, 10, 1, [0.7074877023696899, -6.53525447845459]]
[358453, 5, 1, [7.449605464935303, -11.921699523925781]]
[358453, 24, 1, [2.8875999450683594, -9.003765106201172]]
[358453, 18, 1, [4.379485607147217, -1.8477989435195923]]
[358453, 20, 1, [8.720856666564941, -6.177741050720215]]
[358453, 14, 1, [0.11106652021408081, -0.1060631275177002]]
[358453, 1, 1, [11.045268058776855, -12.328250885009766]]
[358453, 15, 1, [7.925685882568359, -7.290694236755371]]
[358453, 21, 1, [2.383641481399536, -6.957329273223877]]
[358453, 4, 1, [12.37585735321045, -3.7653725147247314]]
[358453, 7, 1, [8.737497329711914, -0.12329325824975967]]
[358453, 23, 1, [0.10604986548423767, -12.388933181762695]]
[368703, 'popsize', 25, 'queuesize', 6]
[370053, 17, 0, [1.411534309387207, -12.380846977233887]]
[370053, 6, 0, [0.12333675473928452, -8.216809272766113]]
[370053, 0, 0, [12.376660346984863, -1.794121265411377]]
[370053, 16, 0, [12.37635326385498, -7.824586391448975]]
[370053, 12, 0, [8.61674690246582, -0.14074788987636566]]
[370053, 19, 0, [8.213955879211426, -4.322599411010742]]
[370053, 11, 0, [2.1555283069610596, -6.94244384765625]]
[370053, 8, 0, [12.287314414978027, -4.847110271453857]]
[370053, 13, 0, [3.022231101989746, -12.376668930053711]]
[370053, 9, 0, [7.345740795135498, -12.021771430969238]]
[370053, 22, 0, [3.7594153881073, -8.044297218322754]]
[370053, 3, 0, [2.6670777797698975, -0.10600167512893677]]
[370053, 2, 0, [1.319438099861145, -11.186530113220215]]
[370053, 10, 1, [0.7061957120895386, -6.574295520782471]]
[370053, 5, 1, [7.501004219055176, -11.869812965393066]]
[370053, 24, 1, [3.493183135986328, -8.247543334960938]]
[370053, 18, 1, [4.344593048095703, -1.850890874862671]]
[370053, 20, 1, [8.795307159423828, -5.968790531158447]]
[370053, 14, 1, [0.1110817939043045, -0.10605763643980026]]
[370053, 1, 1, [11.028824806213379, -12.332112312316895]]
[370053, 15, 1, [8.330790519714355, -7.213736057281494]]
[370053, 21, 1, [3.0073914527893066, -7.135326385498047]]
[370053, 4, 1, [12.37585163116455, -3.7539143562316895]]
[370053, 7, 1, [8.773829460144043, -0.12329059094190598]]
[370053, 23, 1, [0.10605669021606445, -12.388935089111328]]
[380203, 'popsize', 25, 'queuesize', 6]
[381503, 17, 0, [1.4207905530929565, -12.387679100036621]]
[381503, 6, 0, [0.12333326041698456, -8.211591720581055]]
[381503, 0, 0, [12.376659393310547, -1.8013094663619995]]
[381503, 16, 0, [12.376354217529297, -7.814169406890869]]
[381503, 12, 0, [8.65391731262207, -0.1407996565103531]]
[381503, 19, 0, [8.212148666381836, -4.436986446380615]]
[381503, 11, 0, [2.2022640705108643, -7.904080390930176]]
[381503, 8, 0, [12.306085586547852, -4.881763458251953]]
[381503, 13, 0, [3.0154123306274414, -12.376664161682129]]
[381503, 9, 0, [8.243741989135742, -12.206646919250488]]
[381503, 22, 0, [4.235769748687744, -8.520556449890137]]
[381503, 3, 0, [2.5104081630706787, -0.10577856749296188]]
[381503, 2, 0, [1.3474104404449463, -11.183004379272461]]
[381503, 10, 1, [0.6759187579154968, -6.588676929473877]]
[381503, 5, 1, [7.556711196899414, -11.818568229675293]]
[381503, 24, 1, [4.239798545837402, -7.742038249969482]]
[381503, 18, 1, [4.344127655029297, -1.811727523803711]]
[381503, 20, 1, [9.113762855529785, -5.870952129364014]]
[381503, 14, 1, [0.11108577996492386, -0.10606098175048828]]
[381503, 1, 1, [11.075943946838379, -12.386157989501953]]
[381503, 15, 1, [8.417753219604492, -7.415473461151123]]
[381503, 21, 1, [2.585031509399414, -7.800663948059082]]
[381503, 4, 1, [12.375847816467285, -3.7429239749908447]]
[381503, 7, 1, [8.811511039733887, -0.12328492850065231]]
[381503, 23, 1, [0.10604513436555862, -12.388916969299316]]
[391653, 'popsize', 25, 'queuesize', 6]
[392953, 17, 0, [1.28752601146698, -12.390987396240234]]
[392953, 6, 0, [0.12333229929208755, -8.206339836120605]]
[392953, 0, 0, [12.376663208007812, -1.805736780166626]]
[392953, 16, 0, [12.376350402832031, -7.804415225982666]]
[392953, 12, 0, [8.689651489257812, -0.1406075656414032]]
[392953, 19, 0, [8.264896392822266, -4.242833614349365]]
[392953, 11, 0, [2.051806688308716, -8.844331741333008]]
[392953, 8, 0, [12.355293273925781, -4.743613243103027]]
[392953, 13, 0, [3.0083775520324707, -12.376663208007812]]
[392953, 9, 0, [9.095682144165039, -12.35094165802002]]
[392953, 22, 0, [3.828498125076294, -8.394627571105957]]
[392953, 3, 0, [2.3558688163757324, -0.10601632297039032]]
[392953, 2, 0, [1.3403687477111816, -11.222570419311523]]
[392953, 10, 1, [0.6461502909660339, -6.561944961547852]]
[392953, 5, 1, [8.091782569885254, -11.028096199035645]]
[392953, 24, 1, [5.131021976470947, -7.381585121154785]]
[392953, 18, 1, [4.3743205070495605, -1.7918891906738281]]
[392953, 20, 1, [9.120216369628906, -5.910201549530029]]
[392953, 14, 1, [0.11109001189470291, -0.10606000572443008]]
[392953, 1, 1, [11.16982650756836, -12.374931335449219]]
[392953, 15, 1, [8.144332885742188, -7.924282550811768]]
[392953, 21, 1, [2.3948628902435303, -8.709304809570312]]
[392953, 4, 1, [12.37585163116455, -3.732658863067627]]
[392953, 7, 1, [8.846831321716309, -0.12328842282295227]]
[392953, 23, 1, [0.10604409128427505, -12.388912200927734]]
[403054, 'popsize', 25, 'queuesize', 6]
[404404, 17, 0, [1.1663304567337036, -12.392054557800293]]
[404404, 6, 0, [0.12333245575428009, -8.202098846435547]]
[404404, 0, 0, [12.376666069030762, -1.8108388185501099]]
[404404, 16, 0, [12.376349449157715, -7.793749809265137]]
[404404, 12, 0, [8.726618766784668, -0.14072079956531525]]
[404404, 19, 0, [8.286151885986328, -4.469615936279297]]
[404404, 11, 0, [1.7148182392120361, -9.736638069152832]]
[404404, 8, 0, [12.358336448669434, -4.790239334106445]]
[404404, 13, 0, [3.0025293827056885, -12.37666130065918]]
[404404, 9, 0, [9.467906951904297, -12.39626407623291]]
[404404, 22, 0, [3.4246227741241455, -9.249582290649414]]
[404404, 3, 0, [2.2013423442840576, -0.106011301279068]]
[404404, 2, 0, [1.3020243644714355, -11.180898666381836]]
[404404, 10, 1, [0.6705477833747864, -6.527956485748291]]
[404404, 5, 1, [8.439056396484375, -10.153077125549316]]
[404404, 24, 1, [6.0725908279418945, -7.222877502441406]]
[404404, 18, 1, [4.411351203918457, -1.815966010093689]]
[404404, 20, 1, [9.160340309143066, -5.910859107971191]]
[404404, 14, 1, [0.11110018193721771, -0.10605283081531525]]
[404404, 1, 1, [11.203084945678711, -12.345155715942383]]
[404404, 15, 1, [7.983479976654053, -8.217377662658691]]
[404404, 21, 1, [2.383793830871582, -9.29472541809082]]
[404404, 4, 1, [12.375866889953613, -3.7216413021087646]]
[404404, 7, 1, [8.883670806884766, -0.1232798621058464]]
[404404, 23, 1, [0.10604573786258698, -12.388907432556152]]
[414604, 'popsize', 25, 'queuesize', 6]
[415904, 17, 0, [1.0432225465774536, -12.392071723937988]]
[415904, 6, 0, [0.12333320826292038, -8.196346282958984]]
[415904, 0, 0, [12.376663208007812, -1.8166601657867432]]
[415904, 16, 0, [12.376359939575195, -7.783013820648193]]
[415904, 12, 0, [8.764582633972168, -0.1408601701259613]]
[415904, 19, 0, [8.106385231018066, -4.8256449699401855]]
[415904, 11, 0, [1.558066487312317, -10.014975547790527]]
[415904, 8, 0, [12.36203670501709, -4.727318286895752]]
[415904, 13, 0, [2.9953479766845703, -12.376666069030762]]
[415904, 9, 0, [9.554220199584961, -12.372344017028809]]
[415904, 22, 0, [3.4382996559143066, -9.10184383392334]]
[415904, 3, 0, [2.1669435501098633, -0.11627969145774841]]
[415904, 2, 0, [1.3379818201065063, -11.192795753479004]]
[415904, 10, 1, [0.6986512541770935, -6.534222602844238]]
[415904, 5, 1, [8.506074905395508, -9.901216506958008]]
[415904, 24, 1, [6.531008243560791, -7.315691947937012]]
[415904, 18, 1, [4.396627426147461, -1.8523163795471191]]
[415904, 20, 1, [9.172005653381348, -5.873493194580078]]
[415904, 14, 1, [0.11110225319862366, -0.10606180876493454]]
[415904, 1, 1, [11.180768966674805, -12.343113899230957]]
[415904, 15, 1, [8.084381103515625, -8.100836753845215]]
[415904, 21, 1, [2.3655638694763184, -9.137775421142578]]
[415904, 4, 1, [12.375848770141602, -3.710639715194702]]
[415904, 7, 1, [8.921751022338867, -0.12328498810529709]]
[415904, 23, 1, [0.1060495376586914, -12.388906478881836]]
[426104, 'popsize', 25, 'queuesize', 6]
[427404, 17, 0, [0.9663735628128052, -12.357521057128906]]
[427404, 6, 0, [0.12333361804485321, -8.19103717803955]]
[427404, 0, 0, [12.376657485961914, -1.8258062601089478]]
[427404, 16, 0, [12.376359939575195, -7.771705150604248]]
[427404, 12, 0, [8.800657272338867, -0.14087706804275513]]
[427404, 19, 0, [7.157403945922852, -4.977473735809326]]
[427404, 11, 0, [1.5899547338485718, -9.996552467346191]]
[427404, 8, 0, [12.310484886169434, -4.746232986450195]]
[427404, 13, 0, [2.988051652908325, -12.376668930053711]]
[427404, 9, 0, [9.787432670593262, -12.39586067199707]]
[427404, 22, 0, [3.75398325920105, -8.196661949157715]]
[427404, 3, 0, [2.197204351425171, -0.12395892292261124]]
[427404, 2, 0, [1.34026038646698, -11.229886054992676]]
[427404, 10, 1, [0.7099934816360474, -6.568690299987793]]
[427404, 5, 1, [8.58308219909668, -9.3677339553833]]
[427404, 24, 1, [6.512209415435791, -7.397205352783203]]
[427404, 18, 1, [4.359368801116943, -1.84898841381073]]
[427404, 20, 1, [9.137298583984375, -5.8557353019714355]]
[427404, 14, 1, [0.11110838502645493, -0.10606002807617188]]
[427404, 1, 1, [11.153159141540527, -12.335661888122559]]
[427404, 15, 1, [8.682232856750488, -7.587649345397949]]
[427404, 21, 1, [2.3813250064849854, -9.314312934875488]]
[427404, 4, 1, [12.375864028930664, -3.699800729751587]]
[427404, 7, 1, [8.957942008972168, -0.1233234778046608]]
[427404, 23, 1, [0.10604371875524521, -12.388891220092773]]
[437604, 'popsize', 25, 'queuesize', 6]
[438904, 17, 0, [0.9881166219711304, -12.30337905883789]]
[438904, 6, 0, [0.12333559989929199, -8.185599327087402]]
[438904, 0, 0, [12.376663208007812, -1.8310941457748413]]
[438904, 16, 0, [12.376349449157715, -7.76059627532959]]
[438904, 12, 0, [8.837235450744629, -0.14087636768817902]]
[438904, 19, 0, [6.190739154815674, -4.940115928649902]]
[438904, 11, 0, [1.6327712535858154, -10.030599594116211]]
[438904, 8, 0, [12.336298942565918, -4.774432182312012]]
[438904, 13, 0, [2.9774889945983887, -12.376667976379395]]
[438904, 9, 0, [9.974839210510254, -12.394766807556152]]
[438904, 22, 0, [4.0823750495910645, -7.587042808532715]]
[438904, 3, 0, [2.1149959564208984, -0.11123435199260712]]
[438904, 2, 0, [1.3003324270248413, -11.239022254943848]]
[438904, 10, 1, [0.6823086738586426, -6.589500427246094]]
[438904, 5, 1, [8.598657608032227, -9.26559066772461]]
[438904, 24, 1, [6.19172477722168, -7.209310531616211]]
[438904, 18, 1, [4.057522296905518, -2.115861415863037]]
[438904, 20, 1, [9.14864444732666, -6.107386112213135]]
[438904, 14, 1, [0.11111852526664734, -0.10606004297733307]]
[438904, 1, 1, [11.117563247680664, -12.34156608581543]]
[438904, 15, 1, [8.468009948730469, -7.042774677276611]]
[438904, 21, 1, [2.3372316360473633, -9.065945625305176]]
[438904, 4, 1, [12.375842094421387, -3.687699317932129]]
[438904, 7, 1, [8.994215965270996, -0.1232818216085434]]
[438904, 23, 1, [0.10604939609766006, -12.388897895812988]]
[449104, 'popsize', 25, 'queuesize', 6]
[450404, 17, 0, [0.9847514033317566, -12.34991455078125]]
[450404, 6, 0, [0.12333957105875015, -8.179984092712402]]
[450404, 0, 0, [12.376656532287598, -1.837898850440979]]
[450404, 16, 0, [12.376349449157715, -7.751481056213379]]
[450404, 12, 0, [8.875983238220215, -0.1409054398536682]]
[450404, 19, 0, [5.947143077850342, -4.684745788574219]]
[450404, 11, 0, [1.644376277923584, -10.125511169433594]]
[450404, 8, 0, [12.37524127960205, -4.72582483291626]]
[450404, 13, 0, [2.9703588485717773, -12.376664161682129]]
[450404, 9, 0, [10.137487411499023, -12.393927574157715]]
[450404, 22, 0, [4.032293796539307, -7.643960475921631]]
[450404, 3, 0, [1.9475008249282837, -0.10605283826589584]]
[450404, 2, 0, [1.2738286256790161, -11.20943832397461]]
[450404, 10, 1, [0.6491982936859131, -6.567591667175293]]
[450404, 5, 1, [8.605904579162598, -9.19100284576416]]
[450404, 24, 1, [6.427186012268066, -7.214941024780273]]
[450404, 18, 1, [3.783750534057617, -2.41347336769104]]
[450404, 20, 1, [9.105143547058105, -6.100457191467285]]
[450404, 14, 1, [0.11111792176961899, -0.10605715215206146]]
[450404, 1, 1, [11.112427711486816, -12.343167304992676]]
[450404, 15, 1, [8.231492042541504, -6.75692081451416]]
[450404, 21, 1, [2.334437608718872, -9.04463005065918]]
[450404, 4, 1, [12.375848770141602, -3.677886724472046]]
[450404, 7, 1, [9.033575057983398, -0.12328671663999557]]
[450404, 23, 1, [0.10603707283735275, -12.388876914978027]]
[460504, 'popsize', 25, 'queuesize', 6]
[461804, 17, 0, [0.9540011286735535, -12.329628944396973]]
[461804, 6, 0, [0.12333022803068161, -8.175697326660156]]
[461804, 0, 0, [12.376657485961914, -1.8426342010498047]]
[461804, 16, 0, [12.37635612487793, -7.742103099822998]]
[461804, 12, 0, [8.912117004394531, -0.14089414477348328]]
[461804, 19, 0, [6.031350612640381, -4.448602676391602]]
[461804, 11, 0, [1.7638778686523438, -10.024895668029785]]
[461804, 8, 0, [12.321616172790527, -4.733404636383057]]
[461804, 13, 0, [2.9629769325256348, -12.376664161682129]]
[461804, 9, 0, [10.292428970336914, -12.394176483154297]]
[461804, 22, 0, [3.926816701889038, -7.782841682434082]]
[461804, 3, 0, [1.793257474899292, -0.10600832104682922]]
[461804, 2, 0, [1.3013417720794678, -11.175195693969727]]
[461804, 10, 1, [0.6586716771125793, -6.527508735656738]]
[461804, 5, 1, [8.621423721313477, -9.102228164672852]]
[461804, 24, 1, [6.894196510314941, -8.04816722869873]]
[461804, 18, 1, [3.5520167350769043, -2.74395751953125]]
[461804, 20, 1, [9.089949607849121, -6.131157398223877]]
[461804, 14, 1, [0.11112459748983383, -0.10605847090482712]]
[461804, 1, 1, [11.104851722717285, -12.348373413085938]]
[461804, 15, 1, [7.421800136566162, -6.890780448913574]]
[461804, 21, 1, [2.3374457359313965, -8.638542175292969]]
[461804, 4, 1, [12.375852584838867, -3.6662158966064453]]
[461804, 7, 1, [9.069095611572266, -0.12329231947660446]]
[461804, 23, 1, [0.10604358464479446, -12.388876914978027]]
[471954, 'popsize', 25, 'queuesize', 6]
[473254, 17, 0, [0.9849353432655334, -12.328411102294922]]
[473254, 6, 0, [0.12333158403635025, -8.168248176574707]]
[473254, 0, 0, [12.376654624938965, -1.84823739528656]]
[473254, 16, 0, [12.376349449157715, -7.732308387756348]]
[473254, 12, 0, [8.948213577270508, -0.14080971479415894]]
[473254, 19, 0, [5.884984493255615, -4.616713047027588]]
[473254, 11, 0, [1.875399112701416, -9.805859565734863]]
[473254, 8, 0, [12.34923267364502, -4.739528179168701]]
[473254, 13, 0, [2.9563677310943604, -12.376667022705078]]
[473254, 9, 0, [10.204635620117188, -12.362593650817871]]
[473254, 22, 0, [4.005801200866699, -7.11687707901001]]
[473254, 3, 0, [1.6382005214691162, -0.1059989333152771]]
[473254, 2, 0, [1.3346316814422607, -11.191549301147461]]
[473254, 10, 1, [0.6977055072784424, -6.524864673614502]]
[473254, 5, 1, [8.62822437286377, -8.862299919128418]]
[473254, 24, 1, [7.252101421356201, -8.165475845336914]]
[473254, 18, 1, [3.518357753753662, -2.709104299545288]]
[473254, 20, 1, [9.124711990356445, -6.150814056396484]]
[473254, 14, 1, [0.11112785339355469, -0.10605566948652267]]
[473254, 1, 1, [11.076573371887207, -12.349874496459961]]
[473254, 15, 1, [7.9567131996154785, -6.4070611000061035]]
[473254, 21, 1, [2.6411635875701904, -8.186530113220215]]
[473254, 4, 1, [12.375855445861816, -3.655362844467163]]
[473254, 7, 1, [9.105545997619629, -0.12328006327152252]]
[473254, 23, 1, [0.10604196041822433, -12.388880729675293]]
[483454, 'popsize', 25, 'queuesize', 6]
[484754, 17, 0, [0.949052095413208, -12.310684204101562]]
[484754, 6, 0, [0.12333544343709946, -8.163496971130371]]
[484754, 0, 0, [12.376660346984863, -1.8540478944778442]]
[484754, 16, 0, [12.376354217529297, -7.721772193908691]]
[484754, 12, 0, [8.983368873596191, -0.1409536600112915]]
[484754, 19, 0, [5.692517280578613, -4.834403991699219]]
[484754, 11, 0, [1.8269405364990234, -9.722861289978027]]
[484754, 8, 0, [12.360071182250977, -4.681766986846924]]
[484754, 13, 0, [2.9499614238739014, -12.376663208007812]]
[484754, 9, 0, [9.327866554260254, -12.379176139831543]]
[484754, 22, 0, [3.933929920196533, -8.069096565246582]]
[484754, 3, 0, [1.4807193279266357, -0.10592344403266907]]
[484754, 2, 0, [1.3284038305282593, -11.234359741210938]]
[484754, 10, 1, [0.7075595259666443, -6.561640739440918]]
[484754, 5, 1, [8.606494903564453, -8.957818984985352]]
[484754, 24, 1, [8.196008682250977, -7.9676127433776855]]
[484754, 18, 1, [3.5624725818634033, -2.430842638015747]]
[484754, 20, 1, [9.152521133422852, -6.1161274909973145]]
[484754, 14, 1, [0.11114545911550522, -0.10604910552501678]]
[484754, 1, 1, [11.039173126220703, -12.33480453491211]]
[484754, 15, 1, [8.83633041381836, -6.008221626281738]]
[484754, 21, 1, [3.3306403160095215, -7.519988059997559]]
[484754, 4, 1, [12.375843048095703, -3.6441361904144287]]
[484754, 7, 1, [9.140871047973633, -0.12330113351345062]]
[484754, 23, 1, [0.10604140907526016, -12.388875961303711]]
[494904, 'popsize', 25, 'queuesize', 6]
[496204, 17, 0, [0.8582591414451599, -12.385427474975586]]
[496204, 6, 0, [0.1233300045132637, -8.158820152282715]]
[496204, 0, 0, [12.37666130065918, -1.859071969985962]]
[496204, 16, 0, [12.376352310180664, -7.709568500518799]]
[496204, 12, 0, [9.019667625427246, -0.1408955156803131]]
[496204, 19, 0, [5.163033485412598, -4.939328193664551]]
[496204, 11, 0, [1.8168636560440063, -9.40324592590332]]
[496204, 8, 0, [12.334383010864258, -4.728865623474121]]
[496204, 13, 0, [2.9440560340881348, -12.376664161682129]]
[496204, 9, 0, [9.085077285766602, -12.325918197631836]]
[496204, 22, 0, [3.8181729316711426, -8.767149925231934]]
[496204, 3, 0, [1.3274539709091187, -0.10579387843608856]]
[496204, 2, 0, [1.2812808752059937, -11.233085632324219]]
[496204, 10, 1, [0.6775035262107849, -6.589375972747803]]
[496204, 5, 1, [8.548644065856934, -9.015320777893066]]
[496204, 24, 1, [8.199597358703613, -7.942455291748047]]
[496204, 18, 1, [3.722724676132202, -1.482898235321045]]
[496204, 20, 1, [9.066583633422852, -6.081055164337158]]
[496204, 14, 1, [0.11113717406988144, -0.10605718940496445]]
[496204, 1, 1, [11.054608345031738, -12.340182304382324]]
[496204, 15, 1, [9.185382843017578, -5.742217540740967]]
[496204, 21, 1, [4.065680980682373, -6.928633213043213]]
[496204, 4, 1, [12.37585163116455, -3.63381290435791]]
[496204, 7, 1, [9.176896095275879, -0.12329067289829254]]
[496204, 23, 1, [0.10603270679712296, -12.388859748840332]]
[506355, 'popsize', 25, 'queuesize', 6]
[507655, 17, 0, [0.8650723099708557, -12.308008193969727]]
[507655, 6, 0, [0.12334145605564117, -8.147744178771973]]
[507655, 0, 0, [12.376655578613281, -1.8639287948608398]]
[507655, 16, 0, [12.376354217529297, -7.699157238006592]]
[507655, 12, 0, [9.05582332611084, -0.14089447259902954]]
[507655, 19, 0, [4.455222129821777, -5.078503608703613]]
[507655, 11, 0, [1.7517369985580444, -9.384658813476562]]
[507655, 8, 0, [12.319745063781738, -4.675812721252441]]
[507655, 13, 0, [2.938351631164551, -12.376669883728027]]
[507655, 9, 0, [9.056395530700684, -12.308094024658203]]
[507655, 22, 0, [4.157776355743408, -8.571084022521973]]
[507655, 3, 0, [1.3465452194213867, -0.18435105681419373]]
[507655, 2, 0, [1.2660882472991943, -11.19237232208252]]
[507655, 10, 1, [0.6479233503341675, -6.569304466247559]]
[507655, 5, 1, [8.344176292419434, -9.196013450622559]]
[507655, 24, 1, [8.502174377441406, -7.397984981536865]]
[507655, 18, 1, [4.069040775299072, -0.588138997554779]]
[507655, 20, 1, [9.109371185302734, -6.327719688415527]]
[507655, 14, 1, [0.13861185312271118, -0.14257800579071045]]
[507655, 1, 1, [11.022594451904297, -12.336228370666504]]
[507655, 15, 1, [9.177675247192383, -5.4151835441589355]]
[507655, 21, 1, [4.469552993774414, -6.920882225036621]]
[507655, 4, 1, [12.375847816467285, -3.6230976581573486]]
[507655, 7, 1, [9.212925910949707, -0.12328540533781052]]
[507655, 23, 1, [0.10603833198547363, -12.388860702514648]]
[517905, 'popsize', 25, 'queuesize', 6]
[519205, 17, 0, [0.8607494235038757, -12.372871398925781]]
[519205, 6, 0, [0.12333124876022339, -8.141956329345703]]
[519205, 0, 0, [12.376662254333496, -1.8688018321990967]]
[519205, 16, 0, [12.37635326385498, -7.687463760375977]]
[519205, 12, 0, [9.09312629699707, -0.14085185527801514]]
[519205, 19, 0, [4.49981164932251, -4.960475444793701]]
[519205, 11, 0, [1.7810815572738647, -9.364984512329102]]
[519205, 8, 0, [12.278867721557617, -4.700746059417725]]
[519205, 13, 0, [2.929774284362793, -12.376669883728027]]
[519205, 9, 0, [9.064336776733398, -12.322789192199707]]
[519205, 22, 0, [5.127574920654297, -8.520293235778809]]
[519205, 3, 0, [2.06193470954895, -0.5400076508522034]]
[519205, 2, 0, [1.2985397577285767, -11.182132720947266]]
[519205, 10, 1, [0.6584341526031494, -6.531291484832764]]
[519205, 5, 1, [9.036311149597168, -8.552453994750977]]
[519205, 24, 1, [9.16395378112793, -6.686087131500244]]
[519205, 18, 1, [4.324514389038086, -0.12332987785339355]]
[519205, 20, 1, [9.07300853729248, -6.324138641357422]]
[519205, 14, 1, [0.1231735348701477, -0.11810209602117538]]
[519205, 1, 1, [11.020984649658203, -12.334877967834473]]
[519205, 15, 1, [9.09451961517334, -5.5353684425354]]
[519205, 21, 1, [4.369562149047852, -6.697405815124512]]
[519205, 4, 1, [12.375846862792969, -3.610419988632202]]
[519205, 7, 1, [9.250576972961426, -0.12327652424573898]]
[519205, 23, 1, [0.1060328260064125, -12.388850212097168]]
[529405, 'popsize', 25, 'queuesize', 6]
[530705, 17, 0, [0.8193809390068054, -12.339130401611328]]
[530705, 6, 0, [0.12333502620458603, -8.130109786987305]]
[530705, 0, 0, [12.37666130065918, -1.8731884956359863]]
[530705, 16, 0, [12.37635612487793, -7.6766357421875]]
[530705, 12, 0, [9.130122184753418, -0.14077405631542206]]
[530705, 19, 0, [4.462384223937988, -5.004344463348389]]
[530705, 11, 0, [1.8114383220672607, -9.388866424560547]]
[530705, 8, 0, [12.312292098999023, -4.726010322570801]]
[530705, 13, 0, [2.9217605590820312, -12.376663208007812]]
[530705, 9, 0, [8.525800704956055, -12.096013069152832]]
[530705, 22, 0, [6.087784290313721, -8.661368370056152]]
[530705, 3, 0, [2.9758667945861816, -0.8053795695304871]]
[530705, 2, 0, [1.296834945678711, -11.236865997314453]]
[530705, 10, 1, [0.695271372795105, -6.522964954376221]]
[530705, 5, 1, [9.540826797485352, -8.581274032592773]]
[530705, 24, 1, [9.964780807495117, -6.144435405731201]]
[530705, 18, 1, [4.328168869018555, -0.1233297809958458]]
[530705, 20, 1, [9.067201614379883, -6.35745096206665]]
[530705, 14, 1, [0.12293770909309387, -0.10568803548812866]]
[530705, 1, 1, [11.001898765563965, -12.341423988342285]]
[530705, 15, 1, [8.86948013305664, -5.713032245635986]]
[530705, 21, 1, [4.12216329574585, -5.764537334442139]]
[530705, 4, 1, [12.375852584838867, -3.5997588634490967]]
[530705, 7, 1, [9.2874755859375, -0.12328687310218811]]
[530705, 23, 1, [0.10603134334087372, -12.388845443725586]]
[540855, 'popsize', 25, 'queuesize', 6]
[542155, 17, 0, [0.8189317584037781, -12.28634262084961]]
[542155, 6, 0, [0.12333189696073532, -8.125184059143066]]
[542155, 0, 0, [12.376653671264648, -1.879285454750061]]
[542155, 16, 0, [12.37635326385498, -7.666378498077393]]
[542155, 12, 0, [9.165810585021973, -0.1408146321773529]]
[542155, 19, 0, [4.475743770599365, -5.041766166687012]]
[542155, 11, 0, [1.790095329284668, -9.42803955078125]]
[542155, 8, 0, [12.342589378356934, -4.675151824951172]]
[542155, 13, 0, [2.911059856414795, -12.376667022705078]]
[542155, 9, 0, [7.673828125, -11.866857528686523]]
[542155, 22, 0, [6.5150957107543945, -8.601861000061035]]
[542155, 3, 0, [3.9073405265808105, -0.8737729787826538]]
[542155, 2, 0, [1.263546347618103, -11.218043327331543]]
[542155, 10, 1, [0.7167612910270691, -6.551804542541504]]
[542155, 5, 1, [9.692231178283691, -8.60030460357666]]
[542155, 24, 1, [10.865599632263184, -5.797897815704346]]
[542155, 18, 1, [4.337050914764404, -0.12333279103040695]]
[542155, 20, 1, [9.105142593383789, -6.373936653137207]]
[542155, 14, 1, [0.1176416352391243, -0.09669828414916992]]
[542155, 1, 1, [10.973868370056152, -12.340338706970215]]
[542155, 15, 1, [8.804604530334473, -5.599405765533447]]
[542155, 21, 1, [4.096948146820068, -5.602465629577637]]
[542155, 4, 1, [12.37584114074707, -3.588846206665039]]
[542155, 7, 1, [9.322827339172363, -0.12329753488302231]]
[542155, 23, 1, [0.10604607313871384, -12.3888578414917]]
[552305, 'popsize', 25, 'queuesize', 6]
[553655, 17, 0, [0.8170350193977356, -12.342982292175293]]
[553655, 6, 0, [0.1233290433883667, -8.116507530212402]]
[553655, 0, 0, [12.376664161682129, -1.8837872743606567]]
[553655, 16, 0, [12.376358032226562, -7.6555376052856445]]
[553655, 12, 0, [9.203268051147461, -0.1407840996980667]]
[553655, 19, 0, [4.381970405578613, -5.2596354484558105]]
[553655, 11, 0, [1.754680871963501, -9.428268432617188]]
[553655, 8, 0, [12.399687767028809, -4.8679609298706055]]
[553655, 13, 0, [2.90299391746521, -12.376668930053711]]
[553655, 9, 0, [7.596648693084717, -11.776923179626465]]
[553655, 22, 0, [6.5057148933410645, -7.6549577713012695]]
[553655, 3, 0, [4.6869988441467285, -0.930655837059021]]
[553655, 2, 0, [1.2650103569030762, -11.180862426757812]]
[553655, 10, 1, [0.6949438452720642, -6.58298397064209]]
[553655, 5, 1, [9.16982650756836, -8.479811668395996]]
[553655, 24, 1, [11.318387985229492, -5.795168399810791]]
[553655, 18, 1, [4.340966701507568, -0.12333155423402786]]
[553655, 20, 1, [9.130880355834961, -6.347239017486572]]
[553655, 14, 1, [0.11830511689186096, -0.09542208164930344]]
[553655, 1, 1, [10.945910453796387, -12.328855514526367]]
[553655, 15, 1, [8.731464385986328, -5.295475006103516]]
[553655, 21, 1, [3.939727783203125, -4.988999843597412]]
[553655, 4, 1, [12.375822067260742, -3.5772924423217773]]
[553655, 7, 1, [9.360676765441895, -0.12328553199768066]]
[553655, 23, 1, [0.10603594779968262, -12.388837814331055]]
[563705, 'popsize', 25, 'queuesize', 6]
[565005, 17, 0, [0.8160483837127686, -12.29669189453125]]
[565005, 6, 0, [0.12333378940820694, -8.111186981201172]]
[565005, 0, 0, [12.376659393310547, -1.8931218385696411]]
[565005, 16, 0, [12.376361846923828, -7.645162582397461]]
[565005, 12, 0, [9.239103317260742, -0.14092589914798737]]
[565005, 19, 0, [4.262626647949219, -5.468244552612305]]
[565005, 11, 0, [1.6759998798370361, -9.822651863098145]]
[565005, 8, 0, [12.3713960647583, -4.959120750427246]]
[565005, 13, 0, [2.896890640258789, -12.376667976379395]]
[565005, 9, 0, [7.714700222015381, -11.957972526550293]]
[565005, 22, 0, [6.304247856140137, -7.135711193084717]]
[565005, 3, 0, [4.606357574462891, -1.039582371711731]]
[565005, 2, 0, [1.3074780702590942, -11.191605567932129]]
[565005, 10, 1, [0.6593797206878662, -6.567068576812744]]
[565005, 5, 1, [9.083810806274414, -8.452775001525879]]
[565005, 24, 1, [11.267029762268066, -5.480311393737793]]
[565005, 18, 1, [4.3486809730529785, -0.12333501130342484]]
[565005, 20, 1, [9.105127334594727, -6.314919471740723]]
[565005, 14, 1, [0.1184544637799263, -0.09512191265821457]]
[565005, 1, 1, [10.949875831604004, -12.336045265197754]]
[565005, 15, 1, [8.337037086486816, -5.293801307678223]]
[565005, 21, 1, [3.741358518600464, -5.084761142730713]]
[565005, 4, 1, [12.375844955444336, -3.565864324569702]]
[565005, 7, 1, [9.396309852600098, -0.12329572439193726]]
[565005, 23, 1, [0.10603337734937668, -12.38884449005127]]
[575105, 'popsize', 25, 'queuesize', 6]
[582005, 'popsize', 6, 'queuesize', 0]
[582355, 20, 0, [9.089899063110352, -6.4807353019714355]]
[582355, 0, 0, [12.376646995544434, -1.9004286527633667]]
[582355, 2, 0, [1.3169529438018799, -11.20179557800293]]
[582355, 3, 1, [4.658026218414307, -0.8061105608940125]]
[582355, 22, 1, [6.713233470916748, -7.246842384338379]]
[582355, 24, 1, [11.075939178466797, -6.161477088928223]]
[584855, 'popsize', 6, 'queuesize', 0]
[585205, 20, 0, [9.075576782226562, -6.718909740447998]]
[585205, 0, 0, [12.376660346984863, -1.901845932006836]]
[585205, 2, 0, [1.3252061605453491, -11.23032283782959]]
[585205, 3, 1, [4.594912528991699, -0.8310112357139587]]
[585205, 22, 1, [6.687374591827393, -7.302271842956543]]
[585205, 24, 1, [11.147054672241211, -5.939062595367432]]
[587705, 'popsize', 6, 'queuesize', 0]
[588055, 20, 0, [9.050171852111816, -6.956712245941162]]
[588055, 0, 0, [12.376659393310547, -1.9027098417282104]]
[588055, 2, 0, [1.3592698574066162, -11.218246459960938]]
[588055, 3, 1, [4.620241165161133, -0.8929598927497864]]
[588055, 22, 1, [6.734144687652588, -7.253692626953125]]
[588055, 24, 1, [11.197936058044434, -5.711513042449951]]
[590555, 'popsize', 6, 'queuesize', 0]
[590905, 20, 0, [9.014901161193848, -7.192906379699707]]
[590905, 0, 0, [12.376660346984863, -1.9038026332855225]]
[590905, 2, 0, [1.346293568611145, -11.186546325683594]]
[590905, 3, 1, [4.683117866516113, -0.868221640586853]]
[590905, 22, 1, [6.679131031036377, -7.282645225524902]]
[590905, 24, 1, [11.226024627685547, -5.484560489654541]]
[593405, 'popsize', 6, 'queuesize', 0]
[593755, 20, 0, [8.967771530151367, -7.426959991455078]]
[593755, 0, 0, [12.376662254333496, -1.9049558639526367]]
[593755, 2, 0, [1.322437047958374, -11.202214241027832]]
[593755, 3, 1, [4.652463436126709, -0.8059071898460388]]
[593755, 22, 1, [6.742863655090332, -7.27465295791626]]
[593755, 24, 1, [11.235160827636719, -5.253207683563232]]
[596255, 'popsize', 6, 'queuesize', 0]
[596605, 20, 0, [8.90908145904541, -7.6609063148498535]]
[596605, 0, 0, [12.376663208007812, -1.90582275390625]]
[596605, 2, 0, [1.3093527555465698, -11.236175537109375]]
[596605, 3, 1, [4.590950012207031, -0.8350174427032471]]
[596605, 22, 1, [6.682562351226807, -7.259220600128174]]
[596605, 24, 1, [11.222402572631836, -5.022130012512207]]
[599106, 'popsize', 6, 'queuesize', 0]
[599456, 20, 0, [8.839048385620117, -7.889511585235596]]
[599456, 0, 0, [12.376660346984863, -1.9066377878189087]]
[599456, 2, 0, [1.2571723461151123, -11.258837699890137]]
[599456, 3, 1, [4.620846748352051, -0.8941155076026917]]
[599456, 22, 1, [6.735438823699951, -7.294482707977295]]
[599456, 24, 1, [11.187278747558594, -4.789577960968018]]
[601956, 'popsize', 6, 'queuesize', 0]
[602306, 20, 0, [8.758957862854004, -8.114320755004883]]
[602306, 0, 0, [12.37665843963623, -1.9075287580490112]]
[602306, 2, 0, [1.2584331035614014, -11.234312057495117]]
[602306, 3, 1, [4.680927276611328, -0.8618724942207336]]
[602306, 22, 1, [6.6988067626953125, -7.242160797119141]]
[602306, 24, 1, [11.132436752319336, -4.5657267570495605]]
[604856, 'popsize', 6, 'queuesize', 0]
[605206, 20, 0, [8.666797637939453, -8.341428756713867]]
[605206, 0, 0, [12.376655578613281, -1.908205509185791]]
[605206, 2, 0, [1.2269706726074219, -11.235905647277832]]
[605206, 3, 1, [4.644168376922607, -0.802040696144104]]
[605206, 22, 1, [6.722609996795654, -7.300044536590576]]
[605206, 24, 1, [11.055410385131836, -4.345014572143555]]
[607756, 'popsize', 6, 'queuesize', 0]
[608106, 20, 0, [8.567737579345703, -8.564399719238281]]
[608106, 0, 0, [12.37665843963623, -1.9095183610916138]]
[608106, 2, 0, [1.2343266010284424, -11.263528823852539]]
[608106, 3, 1, [4.589877128601074, -0.8384675979614258]]
[608106, 22, 1, [6.728795051574707, -7.238589763641357]]
[608106, 24, 1, [10.957972526550293, -4.132294178009033]]
[610656, 'popsize', 6, 'queuesize', 0]
[611006, 20, 0, [8.46001148223877, -8.782347679138184]]
[611006, 0, 0, [12.376660346984863, -1.910409688949585]]
[611006, 2, 0, [1.2677478790283203, -11.253890037536621]]
[611006, 3, 1, [4.635564804077148, -0.8911734819412231]]
[611006, 22, 1, [6.706384181976318, -7.2961554527282715]]
[611006, 24, 1, [10.841054916381836, -3.9255518913269043]]
[613556, 'popsize', 6, 'queuesize', 0]
[613906, 20, 0, [8.34359359741211, -8.996841430664062]]
[613906, 0, 0, [12.376659393310547, -1.9111324548721313]]
[613906, 2, 0, [1.2492116689682007, -11.227190971374512]]
[613906, 3, 1, [4.682462692260742, -0.8429940342903137]]
[613906, 22, 1, [6.747715473175049, -7.2482757568359375]]
[613906, 24, 1, [10.706646919250488, -3.7337894439697266]]
[616406, 'popsize', 6, 'queuesize', 0]
[616756, 20, 0, [8.217235565185547, -9.199858665466309]]
[616756, 0, 0, [12.376663208007812, -1.9119807481765747]]
[616756, 2, 0, [1.213875412940979, -11.244081497192383]]
[616756, 3, 1, [4.627078056335449, -0.7977530360221863]]
[616756, 22, 1, [6.695235252380371, -7.282358169555664]]
[616756, 24, 1, [10.555466651916504, -3.559325695037842]]
[619306, 'popsize', 6, 'queuesize', 0]
[619656, 20, 0, [8.07819652557373, -9.399590492248535]]
[619656, 0, 0, [12.376665115356445, -1.9128130674362183]]
[619656, 2, 0, [1.2464687824249268, -11.249096870422363]]
[619656, 3, 1, [4.5855584144592285, -0.8522736430168152]]
[619656, 22, 1, [6.758691310882568, -7.262426853179932]]
[619656, 24, 1, [10.387184143066406, -3.396418333053589]]
[622156, 'popsize', 6, 'queuesize', 0]
[622506, 20, 0, [7.933872699737549, -9.589703559875488]]
[622506, 0, 0, [12.376663208007812, -1.9141031503677368]]
[622506, 2, 0, [1.4387423992156982, -11.147810935974121]]
[622506, 3, 1, [4.640780448913574, -0.8912658095359802]]
[622506, 22, 1, [6.695126533508301, -7.256909370422363]]
[622506, 24, 1, [10.2097806930542, -3.2550058364868164]]
[625006, 'popsize', 6, 'queuesize', 0]
[625356, 20, 0, [7.779494285583496, -9.771289825439453]]
[625356, 0, 0, [12.376651763916016, -1.9173002243041992]]
[625356, 2, 0, [1.624543309211731, -11.077898025512695]]
[625356, 3, 1, [4.678045749664307, -0.8368832468986511]]
[625356, 22, 1, [6.752002716064453, -7.279250144958496]]
[625356, 24, 1, [10.016563415527344, -3.1322884559631348]]
[627906, 'popsize', 6, 'queuesize', 0]
[628256, 20, 0, [7.610973358154297, -9.946467399597168]]
[628256, 0, 0, [12.376659393310547, -1.9198248386383057]]
[628256, 2, 0, [1.64382803440094, -11.062931060791016]]
[628256, 3, 1, [4.621571063995361, -0.7987356781959534]]
[628256, 22, 1, [6.705132961273193, -7.235408306121826]]
[628256, 24, 1, [9.80582046508789, -3.021343231201172]]
[630756, 'popsize', 6, 'queuesize', 0]
[631106, 20, 0, [7.43658971786499, -10.109564781188965]]
[631106, 0, 0, [12.376662254333496, -1.9205955266952515]]
[631106, 2, 0, [1.628809928894043, -11.03363037109375]]
[631106, 3, 1, [4.588617324829102, -0.8615171313285828]]
[631106, 22, 1, [6.736710548400879, -7.288153171539307]]
[631106, 24, 1, [9.591110229492188, -2.931942939758301]]
[633606, 'popsize', 6, 'queuesize', 0]
[633956, 20, 0, [7.255136966705322, -10.265146255493164]]
[633956, 0, 0, [12.376659393310547, -1.9215999841690063]]
[633956, 2, 0, [1.6054860353469849, -11.0512056350708]]
[633956, 3, 1, [4.646015644073486, -0.8957014679908752]]
[633956, 22, 1, [6.722985744476318, -7.225857257843018]]
[633956, 24, 1, [9.368127822875977, -2.863884449005127]]
[636456, 'popsize', 6, 'queuesize', 0]
[636806, 20, 0, [7.067991733551025, -10.414292335510254]]
[636806, 0, 0, [12.376662254333496, -1.9229302406311035]]
[636806, 2, 0, [1.6092292070388794, -11.072186470031738]]
[636806, 3, 1, [4.67735481262207, -0.8352802991867065]]
[636806, 22, 1, [6.715172290802002, -7.289551258087158]]
[636806, 24, 1, [9.19326400756836, -2.823713779449463]]
[639356, 'popsize', 6, 'queuesize', 0]
[639706, 20, 0, [6.869453430175781, -10.557007789611816]]
[639706, 0, 0, [12.376662254333496, -1.924601435661316]]
[639706, 2, 0, [1.6232300996780396, -11.081038475036621]]
[639706, 3, 1, [4.648789882659912, -0.8127251863479614]]
[639706, 22, 1, [6.746391773223877, -7.23372745513916]]
[639706, 24, 1, [9.265565872192383, -2.872497320175171]]
[642206, 'popsize', 6, 'queuesize', 0]
[642556, 20, 0, [6.668580532073975, -10.686090469360352]]
[642556, 0, 0, [12.376662254333496, -1.9265835285186768]]
[642556, 2, 0, [1.6582138538360596, -11.075505256652832]]
[642556, 3, 1, [4.67333459854126, -0.8812060952186584]]
[642556, 22, 1, [6.7021002769470215, -7.272299289703369]]
[642556, 24, 1, [9.318860054016113, -2.9141430854797363]]
[645056, 'popsize', 6, 'queuesize', 0]
[645406, 20, 0, [6.461678981781006, -10.804317474365234]]
[645406, 0, 0, [12.376663208007812, -1.9298735857009888]]
[645406, 2, 0, [1.7498365640640259, -10.985940933227539]]
[645406, 3, 1, [4.741135597229004, -0.8720906972885132]]
[645406, 22, 1, [6.7580742835998535, -7.244668483734131]]
[645406, 24, 1, [9.277813911437988, -2.768659830093384]]
[647906, 'popsize', 6, 'queuesize', 0]
[648256, 20, 0, [6.248112678527832, -10.912459373474121]]
[648256, 0, 0, [12.376654624938965, -1.933100938796997]]
[648256, 2, 0, [1.7401021718978882, -10.958227157592773]]
[648256, 3, 1, [4.732879161834717, -0.8063142895698547]]
[648256, 22, 1, [6.69553279876709, -7.245916843414307]]
[648256, 24, 1, [9.232816696166992, -2.545217275619507]]
[650806, 'popsize', 6, 'queuesize', 0]
[651156, 20, 0, [6.025554180145264, -11.009398460388184]]
[651156, 0, 0, [12.376656532287598, -1.9348787069320679]]
[651156, 2, 0, [1.702669382095337, -10.977919578552246]]
[651156, 3, 1, [4.708754539489746, -0.8449749946594238]]
[651156, 22, 1, [6.755224227905273, -7.2632622718811035]]
[651156, 24, 1, [9.166898727416992, -2.3166744709014893]]
[653656, 'popsize', 6, 'queuesize', 0]
[654006, 20, 0, [5.800771713256836, -11.093687057495117]]
[654006, 0, 0, [12.376662254333496, -1.9363579750061035]]
[654006, 2, 0, [1.7341657876968384, -10.995226860046387]]
[654006, 3, 1, [4.751286029815674, -0.9010751247406006]]
[654006, 22, 1, [6.704259395599365, -7.225398063659668]]
[654006, 24, 1, [9.082974433898926, -2.1007933616638184]]
[656606, 'popsize', 6, 'queuesize', 0]
[656956, 20, 0, [5.564417839050293, -11.16776180267334]]
[656956, 0, 0, [12.37665843963623, -1.9374475479125977]]
[656956, 2, 0, [1.848381519317627, -10.918172836303711]]
[656956, 3, 1, [4.80657958984375, -0.8548815846443176]]
[656956, 22, 1, [6.747693061828613, -7.274155139923096]]
[656956, 24, 1, [8.975719451904297, -1.8867307901382446]]
[659456, 'popsize', 6, 'queuesize', 0]
[659806, 20, 0, [5.3323187828063965, -11.22663402557373]]
[659806, 0, 0, [12.37666130065918, -1.9383354187011719]]
[659806, 2, 0, [1.8727680444717407, -10.787275314331055]]
[659806, 3, 1, [4.757211685180664, -0.806743860244751]]
[659806, 22, 1, [6.724145412445068, -7.216457366943359]]
[659806, 24, 1, [8.853963851928711, -1.6960086822509766]]
[662256, 'popsize', 6, 'queuesize', 0]
[662606, 20, 0, [5.1006951332092285, -11.273517608642578]]
[662606, 0, 0, [12.376662254333496, -1.9390817880630493]]
[662606, 2, 0, [1.8469258546829224, -10.769671440124512]]
[662606, 3, 1, [4.790541172027588, -0.7946972846984863]]
[662606, 22, 1, [6.724242687225342, -7.2813720703125]]
[662606, 24, 1, [8.715485572814941, -1.522204875946045]]
[665056, 'popsize', 6, 'queuesize', 0]
[665406, 20, 0, [4.866104602813721, -11.30644702911377]]
[665406, 0, 0, [12.376660346984863, -1.9405758380889893]]
[665406, 2, 0, [1.8332923650741577, -10.793543815612793]]
[665406, 3, 1, [4.812399387359619, -0.8549572229385376]]
[665406, 22, 1, [6.7441630363464355, -7.220378398895264]]
[665406, 24, 1, [8.559657096862793, -1.3610546588897705]]
[667906, 'popsize', 6, 'queuesize', 0]
[668256, 20, 0, [4.629306793212891, -11.328017234802246]]
[668256, 0, 0, [12.376660346984863, -1.9413951635360718]]
[668256, 2, 0, [1.845277190208435, -10.807639122009277]]
[668256, 3, 1, [4.875051021575928, -0.8296259045600891]]
[668256, 22, 1, [6.703223705291748, -7.267016887664795]]
[668256, 24, 1, [8.383200645446777, -1.2105858325958252]]
[670756, 'popsize', 6, 'queuesize', 0]
[671106, 20, 0, [4.389075756072998, -11.337220191955566]]
[671106, 0, 0, [12.37666130065918, -1.9424290657043457]]
[671106, 2, 0, [1.869735836982727, -10.795919418334961]]
[671106, 3, 1, [4.844701766967773, -0.7662772536277771]]
[671106, 22, 1, [6.75496244430542, -7.23661470413208]]
[671106, 24, 1, [8.279415130615234, -1.1760733127593994]]
[673606, 'popsize', 6, 'queuesize', 0]
[673956, 20, 0, [4.147300720214844, -11.334086418151855]]
[673956, 0, 0, [12.37666130065918, -1.9438302516937256]]
[673956, 2, 0, [1.8830550909042358, -10.82373332977295]]
[673956, 3, 1, [4.979915618896484, -0.7310239672660828]]
[673956, 22, 1, [6.691827774047852, -7.247390270233154]]
[673956, 24, 1, [8.185768127441406, -1.246302604675293]]
[676456, 'popsize', 6, 'queuesize', 0]
[676806, 20, 0, [3.90938138961792, -11.320429801940918]]
[676806, 0, 0, [12.37666130065918, -1.9452701807022095]]
[676806, 2, 0, [1.91014564037323, -10.809085845947266]]
[676806, 3, 1, [5.215117931365967, -0.690304160118103]]
[676806, 22, 1, [6.754021167755127, -7.255711555480957]]
[676806, 24, 1, [8.118797302246094, -1.451637864112854]]
[679356, 'popsize', 6, 'queuesize', 0]
[679756, 20, 0, [3.666138172149658, -11.293910026550293]]
[679756, 0, 0, [12.376662254333496, -1.9471417665481567]]
[679756, 2, 0, [1.915875792503357, -10.826372146606445]]
[679756, 3, 1, [5.45886754989624, -0.6614862084388733]]
[679756, 22, 1, [6.697268486022949, -7.225579738616943]]
[679756, 24, 1, [8.064552307128906, -1.6874802112579346]]
[682206, 'popsize', 6, 'queuesize', 0]
[682556, 20, 0, [3.431255340576172, -11.25425910949707]]
[682556, 0, 0, [12.376655578613281, -1.9499390125274658]]
[682556, 2, 0, [1.9220905303955078, -10.835409164428711]]
[682556, 3, 1, [5.581514835357666, -0.6583115458488464]]
[682556, 22, 1, [6.740154266357422, -7.269653797149658]]
[682556, 24, 1, [8.035442352294922, -1.9108452796936035]]
[685056, 'popsize', 6, 'queuesize', 0]
[685406, 20, 0, [3.1980249881744385, -11.202094078063965]]
[685406, 0, 0, [12.376659393310547, -1.9517185688018799]]
[685406, 2, 0, [1.9314377307891846, -10.85099983215332]]
[685406, 3, 1, [5.576807498931885, -0.7250007390975952]]
[685406, 22, 1, [6.716755390167236, -7.213963985443115]]
[685406, 24, 1, [8.028474807739258, -2.1427340507507324]]
[687906, 'popsize', 6, 'queuesize', 0]
[688256, 20, 0, [2.9678447246551514, -11.136245727539062]]
[688256, 0, 0, [12.376659393310547, -1.9525718688964844]]
[688256, 2, 0, [1.9581773281097412, -10.848461151123047]]
[688256, 3, 1, [5.64435338973999, -0.7291585803031921]]
[688256, 22, 1, [6.7201409339904785, -7.279574394226074]]
[688256, 24, 1, [8.041487693786621, -2.3733608722686768]]
[690756, 'popsize', 6, 'queuesize', 0]
[691106, 20, 0, [2.741893768310547, -11.058658599853516]]
[691106, 0, 0, [12.37666130065918, -1.9539328813552856]]
[691106, 2, 0, [1.9674158096313477, -10.881617546081543]]
[691106, 3, 1, [5.644411563873291, -0.6598730683326721]]
[691106, 22, 1, [6.741185665130615, -7.218710899353027]]
[691106, 24, 1, [8.077198028564453, -2.602668523788452]]
[693506, 'popsize', 6, 'queuesize', 0]
[693856, 20, 0, [2.528010129928589, -10.9732666015625]]
[693856, 0, 0, [12.376662254333496, -1.9556716680526733]]
[693856, 2, 0, [1.9732303619384766, -10.887527465820312]]
[693856, 3, 1, [5.770920276641846, -0.6837655305862427]]
[693856, 22, 1, [6.698877811431885, -7.266802787780762]]
[693856, 24, 1, [8.129425048828125, -2.821725368499756]]
[696306, 'popsize', 6, 'queuesize', 0]
[696657, 20, 0, [2.31387996673584, -10.87627124786377]]
[696657, 0, 0, [12.376660346984863, -1.9585577249526978]]
[696657, 2, 0, [1.989357352256775, -10.898137092590332]]
[696657, 3, 1, [5.9982757568359375, -0.7494254112243652]]
[696657, 22, 1, [6.756800651550293, -7.240513324737549]]
[696657, 24, 1, [8.183371543884277, -2.991419553756714]]
[699207, 'popsize', 6, 'queuesize', 0]
[699557, 20, 0, [2.155508279800415, -10.801593780517578]]
[699557, 0, 0, [12.376663208007812, -1.9606726169586182]]
[699557, 2, 0, [2.001556634902954, -10.893356323242188]]
[699557, 3, 1, [6.226137161254883, -0.8311063647270203]]
[699557, 22, 1, [6.6937971115112305, -7.251340389251709]]
[699557, 24, 1, [8.317394256591797, -2.945910930633545]]
[702007, 'popsize', 6, 'queuesize', 0]
[702357, 20, 0, [1.9548671245574951, -10.75845718383789]]
[702357, 0, 0, [12.376654624938965, -1.9628864526748657]]
[702357, 2, 0, [2.0058953762054443, -10.928622245788574]]
[702357, 3, 1, [6.440666198730469, -0.9259116649627686]]
[702357, 22, 1, [6.754023551940918, -7.262903690338135]]
[702357, 24, 1, [8.532450675964355, -2.881772041320801]]
[704857, 'popsize', 6, 'queuesize', 0]
[705207, 20, 0, [1.7231281995773315, -10.709735870361328]]
[705207, 0, 0, [12.376659393310547, -1.9648066759109497]]
[705207, 2, 0, [2.0284628868103027, -10.906604766845703]]
[705207, 3, 1, [6.653029918670654, -1.0333231687545776]]
[705207, 22, 1, [6.696328163146973, -7.231782913208008]]
[705207, 24, 1, [8.751479148864746, -2.7941958904266357]]
[707757, 'popsize', 6, 'queuesize', 0]
[708107, 20, 0, [1.4865833520889282, -10.646539688110352]]
[708107, 0, 0, [12.376662254333496, -1.9661805629730225]]
[708107, 2, 0, [2.017138719558716, -10.8876314163208]]
[708107, 3, 1, [6.865348815917969, -1.1541863679885864]]
[708107, 22, 1, [6.736851215362549, -7.276620388031006]]
[708107, 24, 1, [8.960986137390137, -2.689260721206665]]
[710607, 'popsize', 6, 'queuesize', 0]
[710957, 20, 0, [1.2622945308685303, -10.573404312133789]]
[710957, 0, 0, [12.376662254333496, -1.9673986434936523]]
[710957, 2, 0, [1.9934626817703247, -10.87252140045166]]
[710957, 3, 1, [7.066946506500244, -1.2826130390167236]]
[710957, 22, 1, [6.714631080627441, -7.216679096221924]]
[710957, 24, 1, [9.153572082519531, -2.5686821937561035]]
[713557, 'popsize', 6, 'queuesize', 0]
[713907, 20, 0, [1.031603217124939, -10.48654842376709]]
[713907, 0, 0, [12.376662254333496, -1.9686295986175537]]
[713907, 2, 0, [2.022470712661743, -10.73803997039795]]
[713907, 3, 1, [7.270555019378662, -1.425865888595581]]
[713907, 22, 1, [6.722958564758301, -7.279880046844482]]
[713907, 24, 1, [9.208556175231934, -2.5121922492980957]]
[716407, 'popsize', 6, 'queuesize', 0]
[716757, 20, 0, [0.8128814697265625, -10.39138412475586]]
[716757, 0, 0, [12.37666130065918, -1.9696547985076904]]
[716757, 2, 0, [2.0075974464416504, -10.721115112304688]]
[716757, 3, 1, [7.458793640136719, -1.5731091499328613]]
[716757, 22, 1, [6.733025550842285, -7.220068454742432]]
[716757, 24, 1, [9.106840133666992, -2.5335516929626465]]
[719257, 'popsize', 6, 'queuesize', 0]
[719607, 20, 0, [0.6000410914421082, -10.284335136413574]]
[719607, 0, 0, [12.376657485961914, -1.9705315828323364]]
[719607, 2, 0, [1.9791656732559204, -10.72366714477539]]
[719607, 3, 1, [7.639511585235596, -1.729866623878479]]
[719607, 22, 1, [6.697706699371338, -7.272915363311768]]
[719607, 24, 1, [9.09867000579834, -2.6703619956970215]]
[722107, 'popsize', 6, 'queuesize', 0]
