[time, indiv, parent1, parent2, gender, brain]
[150, 9, -1, -1, 0, [[array([[ 0.34001826, -2.37691301, -1.63304306,  2.37341657,  0.64048582,
         1.68434776],
       [ 1.22448033, -0.36469637, -1.33939168, -0.86943419, -0.92686929,
         2.00669617],
       [-1.19457821, -0.56216541,  1.0292556 , -0.03615717, -0.03890613,
        -1.11685153],
       [ 1.20820189,  0.09012278,  0.10923782,  0.7963373 ,  0.83454137,
        -1.75430185],
       [ 0.03769136, -2.07339399,  1.28142001,  0.20912636,  1.81186669,
         1.56943554],
       [ 0.2267697 ,  0.67459053,  1.88125518,  1.74419796, -1.3664436 ,
        -2.15870177]]), array([[-0.55244763, -2.08758662],
       [ 2.36692312,  1.54524953],
       [ 0.73626575,  0.50000908],
       [ 1.13701271,  0.21160688],
       [-0.87586379,  0.77623787],
       [ 0.22534125,  1.48419355]])], [array([ 1.99130109, -2.43220998,  1.67384491,  1.66208671,  1.01039467,
        2.28452312]), array([-1.15032735, -0.65188099])]]]
[150, 24, -1, -1, 1, [[array([[ 1.13992319e+00,  1.44507873e+00,  4.96027836e-01,
         9.83074765e-04,  1.22798365e+00,  1.51273588e+00],
       [-2.08598371e+00,  9.76139685e-02,  6.73815186e-03,
         8.93834922e-01, -6.68842510e-01,  1.64434913e+00],
       [ 1.36879508e+00,  1.11902077e+00, -1.96940706e+00,
        -6.63996032e-01, -2.00145774e+00,  2.38282117e+00],
       [ 2.78785407e-02, -2.15084737e+00,  1.62757680e+00,
        -6.44495771e-01,  1.69957588e+00,  5.18833181e-01],
       [-8.02939770e-01, -1.31799602e+00,  7.32556077e-02,
        -5.59840408e-01,  2.00336504e+00, -4.17294796e-01],
       [ 1.97342199e+00, -7.82381447e-01,  1.32603015e+00,
         8.06031149e-01, -3.78326500e-01, -1.65016324e+00]]), array([[ 0.22160241,  0.9706112 ],
       [ 2.00414643,  1.09802978],
       [-0.43077533, -1.10304286],
       [ 1.40437993,  0.11720026],
       [-1.62130706, -0.8255723 ],
       [ 2.38784202,  1.7533902 ]])], [array([ 0.9521691 , -0.59867093, -1.98456428,  1.56871924,  0.61836467,
       -2.27711667]), array([-1.10346042, -0.87101427])]]]
[150, 21, -1, -1, 0, [[array([[-0.00840486, -0.74076018,  1.8341391 , -1.16866686,  2.43047848,
         1.26745212],
       [-2.2474048 , -2.39322027,  1.54866644,  0.1472915 , -0.79132419,
         2.23130531],
       [ 1.57606451,  1.16424782, -0.89827149,  0.51042605, -0.67692331,
         1.24723616],
       [ 2.11023277, -2.1060411 ,  1.80510245,  1.19873413, -0.94815317,
        -0.11493985],
       [-1.25084043,  0.83850395, -1.71983584, -1.03743426,  0.52021562,
        -1.14453479],
       [-2.09052704,  2.37558309,  0.2981558 , -0.39162705,  1.81978326,
        -0.02193603]]), array([[ 2.2270068 ,  2.12944533],
       [-1.86783184,  0.21421461],
       [ 0.65354197,  2.049667  ],
       [ 1.21092533,  2.00866507],
       [-2.27251407, -0.63558383],
       [ 0.92256496,  0.0865784 ]])], [array([-1.10026359, -1.51256139,  1.12087557, -2.11494972,  0.34253655,
       -1.86978711]), array([ 0.86404687, -0.56430463])]]]
[150, 14, -1, -1, 1, [[array([[-0.72310443, -1.22240861,  2.02705914,  1.91746411,  2.31874747,
        -1.65329704],
       [ 2.14235659, -2.18266488, -1.43022164, -1.04676912,  1.43969809,
        -1.88267168],
       [ 0.64571809,  0.74089002, -0.44674367, -1.92842349,  0.20651787,
         0.13506054],
       [-1.58791147,  0.05201723, -0.1463227 , -0.0908782 , -0.96193866,
         1.60562024],
       [ 1.62321575, -1.10236107, -0.62891247,  0.262761  , -0.03205837,
        -1.73897783],
       [ 1.14872851,  2.39082698, -2.19037015,  0.93579253,  2.3533233 ,
        -0.67559246]]), array([[ 1.0371457 , -2.10105518],
       [ 1.32877855, -2.10598713],
       [-0.56689431,  2.43182606],
       [ 2.32680574,  0.43580331],
       [-0.50647645, -0.88591559],
       [ 1.39810369, -1.30670228]])], [array([-0.31670083,  0.7918176 , -0.73718431,  2.23918972, -0.66174012,
        2.21827517]), array([2.3502544 , 1.41948625])]]]
[150, 1, -1, -1, 0, [[array([[-0.56390264, -1.291442  , -0.47390593, -0.41299169, -1.41344756,
         0.84283119],
       [ 1.52215974,  1.3311866 , -1.35214934, -1.25686864,  1.88264246,
        -1.26403987],
       [-2.11195664, -0.17109852, -0.43088491,  1.67135168,  2.04120145,
        -0.88550385],
       [ 0.46281596,  1.97168696, -0.86834015,  1.55329473, -1.86945872,
        -0.51397105],
       [-1.15251673, -1.52609108, -0.09609464,  2.43803296, -0.08362148,
        -2.12151459],
       [-0.82194657, -1.87538466,  1.49503673, -0.77814369,  1.55709043,
         1.4994186 ]]), array([[ 0.0367145 ,  0.87424422],
       [-1.47908049,  1.81782889],
       [ 1.19431846,  1.65043546],
       [ 1.53378047, -0.64846828],
       [ 0.57438209,  0.16435268],
       [ 2.24960492, -2.26615064]])], [array([ 1.36894402,  0.06378739,  1.71743589, -2.3544281 ,  0.96300317,
        1.70508797]), array([ 0.21529601, -1.60160327])]]]
[150, 22, -1, -1, 1, [[array([[-1.82456438, -0.25222621, -0.61208681,  1.06979791, -1.96600734,
        -2.26207134],
       [-1.95967808, -0.97382535,  2.15218335,  2.19794229, -1.56892722,
        -1.02045124],
       [ 0.03010706,  1.76784221,  2.42505777,  0.25522086,  0.23891669,
        -1.1585948 ],
       [ 0.14994366,  1.55563777,  0.79234415, -1.53589804, -1.56619651,
         1.33911157],
       [-1.01023798, -1.2181176 ,  0.99101001, -0.67892733,  1.26399865,
         2.39262047],
       [-0.18443196,  2.15374657, -1.28923431,  1.21248306,  1.83515534,
        -0.26852604]]), array([[ 1.89881629,  1.72747451],
       [-1.23932322, -0.23821675],
       [ 1.81537698,  1.04211742],
       [ 2.32668703, -0.83117583],
       [ 0.12370509, -1.41179123],
       [ 1.05756774, -1.60347795]])], [array([-0.50578969,  1.87562216,  0.79311934, -1.37944744, -1.94324122,
        2.06128753]), array([ 1.72050735, -2.23709669])]]]
[150, 6, -1, -1, 0, [[array([[ 1.56685069, -0.09135697,  1.12423379, -2.04208504, -0.45283427,
        -1.83354128],
       [ 2.34469354,  2.11804572, -2.02419657,  1.58440419, -0.28766962,
         2.11367177],
       [-1.90112704,  1.42380416,  0.76718369,  1.54082382, -0.00749003,
        -1.46708131],
       [ 2.1169304 ,  1.14463548, -2.42177276, -1.64231067, -2.26881729,
        -1.88385208],
       [ 2.12796687,  0.69571591, -0.78305918, -0.31258963,  1.21073403,
        -2.33856237],
       [-1.16946032, -2.29517385, -0.46188006, -1.63268327, -1.58211414,
        -1.29200628]]), array([[ 1.34954365,  0.46224658],
       [-1.31600814,  2.332031  ],
       [-0.99932366,  0.95586097],
       [-0.09018628, -0.27741628],
       [ 2.04211777, -0.4555622 ],
       [-1.42469294,  1.23001621]])], [array([-1.94905853, -0.03501519, -2.44113668,  0.14248234,  1.09851963,
       -2.34255501]), array([ 0.67388497, -1.10485081])]]]
[150, 16, -1, -1, 1, [[array([[-0.63002551,  1.00426677,  0.12610146, -1.03814978,  1.13361727,
        -0.76550448],
       [ 0.26532704, -1.96067222, -2.2222792 ,  1.97368595, -1.10324643,
         2.0970032 ],
       [ 1.39189173, -0.44329577, -1.19396348, -1.15631106,  2.138695  ,
        -0.85625541],
       [ 1.21711691, -0.82335141, -1.64475364, -2.08858893,  1.64538019,
         0.64550747],
       [-2.38900184, -0.74139623,  2.19437858, -0.36255009,  2.0372458 ,
         1.18354679],
       [-0.61517465,  1.83454297,  1.38575885,  0.27337467,  2.0113764 ,
         0.8653175 ]]), array([[-0.89330178, -1.26339934],
       [ 0.70044077,  1.91183474],
       [-1.16663571,  1.36694083],
       [ 1.54317835, -2.41490715],
       [ 2.2740309 ,  0.41474916],
       [ 2.03761091,  0.68377383]])], [array([ 0.67054506, -1.6176933 , -0.15308869,  1.68795915,  1.02341907,
       -1.20496517]), array([-0.82512159,  1.01021317])]]]
[150, 7, -1, -1, 0, [[array([[ 1.5948291 ,  2.3689923 , -1.18579342, -1.95804078, -0.25655818,
         1.312327  ],
       [-0.46781778,  1.80499403, -1.01105095,  1.17059433,  1.03500326,
         0.79163342],
       [-1.82558224,  1.21800093, -0.39062121, -2.34694888,  2.12573837,
         2.00085716],
       [ 0.04553022, -0.40010443, -0.65227084, -1.41199281,  0.09130981,
         2.02873841],
       [ 0.75696253, -1.93330817,  0.72196261,  1.52568284,  2.30964088,
        -0.88411042],
       [ 0.98780676,  0.36093876, -2.2958432 , -0.75720966,  2.02320503,
        -1.31380465]]), array([[ 1.57074536, -2.20401385],
       [ 0.13347128, -0.6907236 ],
       [-2.09949392, -1.96224288],
       [ 1.60823496,  0.23607065],
       [-0.56726316, -0.14892558],
       [-0.48472885, -2.08867114]])], [array([ 2.04140596,  0.79661776, -0.50202439,  2.3503884 , -2.06716736,
       -1.77314615]), array([ 1.41453926, -1.28795349])]]]
[150, 19, -1, -1, 1, [[array([[ 0.80017655,  0.8863875 , -1.35609979,  2.40393676, -0.91845495,
         2.01800822],
       [ 1.17730322,  1.46686724,  0.51118366, -2.2567504 , -2.31629234,
         2.24897933],
       [-0.8813453 ,  0.33110022,  1.06859876, -0.4376731 ,  0.16879282,
         1.15626014],
       [ 0.48167947,  0.19753466, -1.01602557, -0.36126911,  1.54261485,
         1.96440827],
       [ 1.65744725,  0.51248516,  1.6498159 , -0.84991767,  0.29123173,
         2.10676588],
       [-1.81317487, -0.31807546, -1.99796708,  0.25241714,  0.25245954,
        -0.97374032]]), array([[ 1.55328431, -1.96156536],
       [-1.78999606, -1.10104737],
       [ 2.24951678,  1.1066329 ],
       [ 0.77557237,  1.76960583],
       [ 1.01975686,  0.87793106],
       [ 2.32733377,  0.26322035]])], [array([-0.98076774, -0.41275305, -2.27183803,  0.117071  , -1.28935613,
       -1.74084314]), array([-0.3058489 ,  0.06907227])]]]
[129301, 2, 'birth', 21, 24, 1, [[array([[-0.00840486, -0.74076018,  2.44948974,  2.44948974,  1.09672983,
         1.26745212],
       [-2.2474048 , -2.39322027,  1.17527882,  0.1472915 , -0.79132419,
        -0.49839492],
       [ 1.57606451,  1.16424782, -0.89827149,  0.51042605, -0.67692331,
         1.24723616],
       [ 2.11023277, -2.1060411 ,  2.44948974,  1.19873413, -0.94815317,
        -0.11493985],
       [-1.25084043,  0.83850395, -1.71983584, -1.03743426,  0.52021562,
        -2.44948974],
       [-2.09052704,  2.37558309,  0.2981558 ,  0.80603115, -2.44948974,
        -2.44948974]]), array([[-0.23367467,  0.99939817],
       [ 1.41421356,  1.09802978],
       [-0.43077533, -1.10304286],
       [ 1.40437993,  0.11720026],
       [-1.08813689, -0.8255723 ],
       [ 1.41421356,  1.41421356]])], [array([ 0.9521691 , -0.59867093, -1.98456428,  1.56871924,  2.25288294,
       -2.27711667]), array([-1.41421356, -1.41421356])]]]
[150701, 13, 'birth', 21, 19, 0, [[array([[-0.00840486, -0.74076018,  1.8341391 , -1.16866686,  2.43047848,
         1.26745212],
       [-2.2474048 , -2.39322027,  2.44948974,  0.1472915 , -0.79132419,
         2.23130531],
       [ 0.66539786,  0.74391311, -0.89827149,  0.51042605,  1.17187819,
         1.24723616],
       [ 2.41996284, -2.1060411 ,  1.80510245,  1.19873413, -0.94815317,
        -0.11493985],
       [-1.25084043,  0.83850395, -2.03503112, -1.03743426,  0.52021562,
        -1.14453479],
       [-2.09052704,  2.37558309,  0.2981558 , -2.44948974,  1.81978326,
        -0.02193603]]), array([[ 1.41421356,  1.41421356],
       [-1.41421356,  0.21421461],
       [ 0.65354197,  1.41421356],
       [ 0.73534385,  1.41421356],
       [-1.41421356, -0.63558383],
       [ 0.92256496,  0.0865784 ]])], [array([-1.10026359, -2.44948974, -2.27183803,  0.117071  , -1.28935613,
       -1.74084314]), array([-0.3058489 ,  0.06907227])]]]
[206302, 18, 'birth', 9, 14, 0, [[array([[ 0.34001826, -2.37691301, -1.63304306, -0.17503896,  0.64048582,
         1.68434776],
       [ 1.22448033,  1.44593447, -2.21664841, -0.86943419, -0.92686929,
         2.00669617],
       [-1.93855222, -0.56216541, -1.28324348, -0.03615717, -0.03890613,
        -1.11685153],
       [ 1.20820189,  0.09012278,  2.44948974, -0.0908782 , -2.44948974,
         1.60562024],
       [ 1.62321575, -1.10236107, -0.62891247,  2.44948974, -0.03205837,
        -1.73897783],
       [ 1.14872851,  2.39082698, -2.19037015,  0.93579253, -1.07698012,
        -0.67559246]]), array([[ 1.0371457 , -1.41421356],
       [ 1.32877855, -1.41421356],
       [-0.56689431,  1.41421356],
       [ 1.41421356,  0.43580331],
       [-0.50647645, -1.41421356],
       [ 0.89801305, -1.30670228]])], [array([-0.31539586,  0.7918176 , -0.73718431,  2.23918972, -0.66174012,
        2.44948974]), array([1.41421356, 1.41421356])]]]
[212952, 12, 'birth', 18, 16, 0, [[array([[ 0.34001826, -2.37691301, -1.63304306, -0.17503896,  0.55207652,
         1.68434776],
       [ 1.22448033,  2.44948974, -2.44948974, -0.86943419, -0.92686929,
        -0.38363574],
       [-1.93855222, -0.56216541, -1.28324348, -0.03615717, -0.03890613,
        -1.11685153],
       [ 1.20820189, -2.44948974,  2.44948974, -0.0908782 , -2.44948974,
         1.60562024],
       [ 1.62321575, -1.10236107, -0.62891247,  2.44948974, -0.03205837,
        -2.44948974],
       [ 1.40272087,  2.39082698, -2.19037015,  0.93579253, -1.07698012,
        -0.67559246]]), array([[ 1.0371457 , -1.41421356],
       [ 1.32877855, -1.41421356],
       [-0.56689431,  1.41421356],
       [ 1.41421356,  0.43580331],
       [-0.50647645, -1.41421356],
       [ 0.89801305, -1.30670228]])], [array([-0.31539586,  0.7918176 , -0.73718431,  2.23918972, -0.66174012,
        2.44948974]), array([-0.82512159,  1.01021317])]]]
[348953, 10, 'birth', 21, 22, 1, [[array([[-0.00840486, -0.74076018,  2.44948974, -1.16866686,  2.44948974,
         1.26745212],
       [-2.2474048 , -2.39322027,  1.54866644,  0.1472915 , -0.79132419,
         2.23130531],
       [ 1.57606451,  1.16424782, -0.89827149,  0.51042605, -0.67692331,
         1.24723616],
       [ 2.11023277, -2.1060411 ,  1.80510245,  1.19873413, -0.94815317,
        -0.11493985],
       [ 0.38843131, -1.42709069,  2.07542521, -2.44948974,  1.26399865,
         2.39262047],
       [-0.18443196,  2.15374657, -1.28923431,  2.44948974,  1.83515534,
        -0.17740855]]), array([[ 1.41421356,  1.41421356],
       [-1.23932322, -0.23821675],
       [ 1.41421356,  1.04211742],
       [ 1.41421356, -0.83117583],
       [ 0.12370509, -1.41179123],
       [-0.0551162 , -1.41421356]])], [array([-0.50578969,  1.87562216,  0.79311934, -1.50968945, -1.94324122,
       -2.44948974]), array([ 1.41421356, -1.41421356])]]]
[357453, 0, 'birth', 9, 10, 1, [[array([[ 0.34001826, -2.37691301, -1.63304306,  2.44948974,  0.64048582,
         1.68434776],
       [ 1.22448033, -0.36469637, -1.33939168, -0.86943419, -0.92686929,
         2.00669617],
       [-1.19457821, -0.56216541,  1.0292556 , -0.03615717, -0.03890613,
        -1.11685153],
       [ 1.20820189,  2.44948974,  1.80510245,  1.19873413, -0.94815317,
        -0.11493985],
       [ 0.38843131, -1.42709069,  2.44948974, -2.44948974,  1.26399865,
         2.39262047],
       [-0.18443196,  2.15374657, -1.28923431,  2.44948974,  1.87121425,
        -0.17740855]]), array([[ 1.41421356,  1.41421356],
       [-1.23932322, -0.23821675],
       [ 1.41421356,  1.04211742],
       [ 1.41421356, -1.41421356],
       [ 0.12370509, -1.41179123],
       [-0.0551162 , -1.41421356]])], [array([ 0.98106886,  1.32928491,  0.79311934, -1.50968945, -2.44948974,
       -1.48354778]), array([ 1.41421356, -1.41421356])]]]
[394053, 5, 'birth', 6, 22, 0, [[array([[ 1.56685069, -0.09135697,  1.12423379, -2.04208504, -0.45283427,
        -1.83354128],
       [ 2.34469354,  2.11804572, -2.44948974,  1.58440419, -2.40794334,
         2.11367177],
       [-1.90112704,  1.42380416,  0.76718369,  1.54082382,  0.69863082,
        -1.46708131],
       [ 2.1169304 ,  1.14463548, -2.42177276, -1.64231067, -2.26881729,
        -1.88385208],
       [ 2.12796687,  0.69571591, -0.78305918, -0.31258963,  1.21073403,
        -2.33856237],
       [-0.18443196,  2.15374657, -1.28923431,  1.21248306,  1.83515534,
        -0.26852604]]), array([[ 0.48846315,  1.41421356],
       [-1.23932322, -0.23821675],
       [ 1.41421356, -0.38681219],
       [ 1.41421356, -0.83117583],
       [-1.41421356, -1.41179123],
       [ 0.47822899, -1.41421356]])], [array([-0.50578969,  0.31650866,  0.79311934, -1.37944744, -1.94324122,
        2.06128753]), array([ 0.44054856, -1.41421356])]]]
[412354, 17, 'birth', 6, 2, 0, [[array([[ 1.56685069, -0.09135697,  1.12423379, -2.04208504, -0.45283427,
        -1.83354128],
       [ 2.34469354,  2.11804572, -2.02419657,  1.58440419, -0.28766962,
         1.14643759],
       [-1.90112704,  1.84239171, -0.89827149,  0.51042605, -0.67692331,
         1.24723616],
       [ 2.11023277,  1.61929412,  2.44948974,  1.19873413, -0.94815317,
        -0.11493985],
       [-1.25084043,  0.83850395, -2.44948974, -1.03743426,  0.52021562,
        -2.44948974],
       [-2.09052704,  2.44948974,  0.2981558 ,  0.80603115, -2.44948974,
        -0.83606067]]), array([[-0.23367467,  0.99939817],
       [ 1.41421356,  1.09802978],
       [-0.43077533, -1.10304286],
       [ 1.40437993,  0.11720026],
       [-1.08813689,  0.18584502],
       [ 1.41421356,  1.41421356]])], [array([ 0.9521691 , -0.59867093, -1.98456428,  1.56871924,  2.25288294,
       -2.27711667]), array([-1.41421356, -1.41421356])]]]
[438904, 23, 'birth', 21, 2, 0, [[array([[-0.00840486, -0.74076018,  1.8341391 , -1.73736871, -1.67185235,
         1.26745212],
       [-2.2474048 , -2.39322027,  1.54866644,  2.44948974, -0.79132419,
         2.23130531],
       [ 1.57606451,  1.16424782, -0.89827149,  0.51042605, -2.44948974,
         1.24723616],
       [ 2.11023277, -2.1060411 , -2.25497876,  1.19873413, -0.94815317,
        -0.11493985],
       [-1.33356121, -1.40055352, -0.36369625, -2.44948974,  0.52021562,
        -2.44948974],
       [-2.09052704,  2.37558309, -0.97208383,  0.80603115, -2.44948974,
        -2.44948974]]), array([[ 0.45176552,  1.41421356],
       [ 1.41421356,  1.09802978],
       [-0.43077533, -1.10304286],
       [ 1.40437993,  0.11720026],
       [-1.08813689, -0.8255723 ],
       [ 1.41421356,  1.41421356]])], [array([ 0.9521691 ,  2.44948974, -1.98456428,  1.56871924,  2.25288294,
       -2.27711667]), array([-1.41421356, -1.41421356])]]]
[537755, 3, 'birth', 13, 2, 1, [[array([[-0.00840486, -0.74076018,  2.44948974,  1.60285192,  1.09672983,
         1.26745212],
       [-2.2474048 , -2.39322027,  1.17527882,  0.1472915 , -0.79132419,
        -0.49839492],
       [ 1.57606451,  1.16424782, -2.44948974,  0.51042605, -0.67692331,
        -0.61530421],
       [ 2.11023277, -2.1060411 , -1.24996756,  1.04654106, -0.94815317,
        -0.11493985],
       [-1.25084043, -1.3747839 , -1.71983584, -1.03743426,  1.43549388,
        -2.44948974],
       [-2.09052704, -0.71695639,  0.2981558 ,  0.80603115, -2.44948974,
        -2.44948974]]), array([[ 0.1920924 ,  0.99939817],
       [ 1.41421356,  1.09802978],
       [-0.43077533, -1.10304286],
       [ 1.41421356,  1.32867216],
       [-1.08813689, -0.8255723 ],
       [ 1.41421356,  1.41421356]])], [array([ 0.9521691 , -0.59867093, -1.98456428,  1.56871924,  2.25288294,
       -2.27711667]), array([-1.41421356, -1.41421356])]]]
[589705, 11, 'birth', 13, 24, 0, [[array([[-8.40485965e-03,  1.44507873e+00,  2.15964912e+00,
         9.83074765e-04,  1.22798365e+00,  1.51273588e+00],
       [-2.08598371e+00,  2.67365525e-01,  6.73815186e-03,
         8.93834922e-01, -6.68842510e-01,  2.44948974e+00],
       [ 1.36879508e+00,  1.11902077e+00, -1.96940706e+00,
         1.18917377e+00, -2.00145774e+00,  1.30090091e+00],
       [ 2.78785407e-02, -2.15084737e+00,  1.62757680e+00,
        -6.44495771e-01,  2.44948974e+00,  2.44948974e+00],
       [-8.02939770e-01, -1.31799602e+00,  6.56179377e-01,
        -5.59840408e-01,  2.00336504e+00, -4.17294796e-01],
       [ 1.97342199e+00, -7.82381447e-01,  1.32603015e+00,
         8.06031149e-01, -1.54624230e+00, -1.65016324e+00]]), array([[ 0.22160241,  0.9706112 ],
       [ 1.41421356,  1.09802978],
       [-0.43077533, -1.10304286],
       [ 1.40437993,  0.11720026],
       [ 0.81802156, -0.8255723 ],
       [ 1.41421356,  1.41421356]])], [array([ 0.9521691 , -0.59867093, -1.98456428, -1.29565642, -0.64274633,
       -2.27711667]), array([-1.10346042, -0.87101427])]]]
[634906, 8, 'birth', 13, 22, 1, [[array([[-0.00840486, -0.74076018,  2.32975927, -1.16866686,  2.43047848,
         1.26745212],
       [-2.2474048 , -2.39322027,  2.44948974,  0.06271938, -2.44948974,
         2.23130531],
       [ 0.66539786,  0.74391311, -0.89827149,  0.23251439,  1.17187819,
         1.24723616],
       [ 2.41996284, -2.1060411 ,  1.80510245,  2.11732396, -0.94815317,
        -0.11493985],
       [-1.25084043,  0.83850395,  0.15044654, -1.03743426, -2.44948974,
        -1.14453479],
       [-2.09052704,  2.37558309,  0.2981558 ,  2.44948974,  2.41603368,
        -0.26852604]]), array([[ 1.41421356,  1.41421356],
       [-1.23932322, -0.23821675],
       [ 1.41421356,  1.04211742],
       [ 1.41421356, -0.62194218],
       [ 0.12370509, -1.41179123],
       [ 1.41421356, -1.41421356]])], [array([-0.50578969,  1.87562216,  0.79311934, -1.37944744, -1.94324122,
        2.44948974]), array([ 1.41421356, -1.41421356])]]]
[729257, 20, 'birth', 5, 16, 0, [[array([[ 1.51644378, -0.09135697,  1.12423379, -2.04208504,  0.8911277 ,
        -1.83354128],
       [ 2.34469354,  2.11804572, -2.44948974,  1.58440419, -2.40794334,
         2.44948974],
       [-1.90112704,  1.42380416,  0.76718369,  1.54082382,  0.69863082,
         2.44948974],
       [ 2.1169304 ,  2.44948974, -2.42177276, -2.44948974, -2.26881729,
         0.59921582],
       [ 2.12796687,  0.69571591, -2.44948974, -0.31258963,  1.21073403,
        -2.33856237],
       [-0.61517465,  1.83454297, -1.33508223,  0.27337467,  2.0113764 ,
         0.8653175 ]]), array([[-0.89330178, -1.26339934],
       [-0.03173959,  1.41421356],
       [ 1.41421356,  1.36694083],
       [ 0.13014904, -1.41421356],
       [ 1.41421356,  0.41474916],
       [ 1.41421356,  0.68377383]])], [array([ 0.67054506, -1.6176933 ,  2.44948974,  1.68795915,  1.02341907,
       -1.20496517]), array([-0.82512159,  1.01021317])]]]
[750857, 9, 'death']
[751057, 24, 'death']
[751307, 21, 'death']
[751557, 14, 'death']
[751707, 1, 'death']
[751857, 22, 'death']
[752007, 6, 'death']
[752157, 16, 'death']
[752307, 7, 'death']
[752457, 19, 'death']
[784307, 14, 'birth', 13, 10, 0, [[array([[-0.00840486, -0.11963165,  1.8341391 , -1.16866686,  2.43047848,
         1.26745212],
       [-2.2474048 , -2.39322027,  2.44948974,  0.1472915 , -0.79132419,
         2.23130531],
       [ 0.66539786,  0.74391311, -0.89827149,  0.51042605,  1.17187819,
         1.24723616],
       [ 1.83920804, -2.44948974,  0.38830119,  1.19873413, -0.94815317,
        -0.11493985],
       [-1.93398481, -1.42709069,  2.07542521, -2.44948974,  0.6383425 ,
         0.97644255],
       [-0.18443196,  2.15374657,  0.11643192,  2.44948974,  1.83515534,
        -0.50000263]]), array([[ 1.41421356,  1.41421356],
       [-1.23932322, -0.23821675],
       [ 1.41421356,  1.04211742],
       [ 1.41421356, -0.83117583],
       [ 0.12370509, -1.41179123],
       [-0.0551162 , -1.41421356]])], [array([ 0.54623818,  1.19679054,  0.79311934, -1.50968945, -1.94324122,
       -2.44948974]), array([ 1.41421356, -1.41421356])]]]
[836258, 16, 'birth', 11, 0, 0, [[array([[-8.40485965e-03,  1.44507873e+00,  2.15964912e+00,
         9.83074765e-04,  1.22798365e+00,  1.51273588e+00],
       [-2.40165025e+00,  2.67365525e-01,  6.73815186e-03,
         2.44948974e+00, -6.68842510e-01, -1.65904328e+00],
       [ 1.55549195e-01, -6.82337331e-01, -1.96940706e+00,
         1.18917377e+00, -2.00145774e+00,  1.30090091e+00],
       [ 2.78785407e-02, -2.15084737e+00,  1.62757680e+00,
        -2.24226403e+00, -9.48153172e-01, -2.44948974e+00],
       [ 3.88431306e-01, -1.42709069e+00,  2.44948974e+00,
        -2.44948974e+00,  1.26399865e+00,  2.39262047e+00],
       [-1.84431958e-01,  2.15374657e+00, -1.98382668e-01,
         2.35677080e+00,  1.87121425e+00, -1.77408553e-01]]), array([[ 1.41421356,  1.41421356],
       [-1.23932322, -0.23821675],
       [ 1.41421356,  1.41421356],
       [ 0.60741992, -1.41421356],
       [ 0.12370509, -1.41179123],
       [ 1.41421356, -1.41421356]])], [array([ 0.98106886,  1.32928491,  0.79311934, -1.50968945, -2.44948974,
       -1.48354778]), array([ 1.41421356, -1.41421356])]]]
[871258, 22, 'birth', 13, 3, 0, [[array([[-0.00840486,  0.80604681,  1.8341391 ,  2.44948974,  2.43047848,
         2.44948974],
       [-2.2474048 , -2.39322027,  2.44948974,  0.1472915 , -0.79132419,
         2.23130531],
       [ 2.44948974,  2.44948974, -0.89827149,  0.51042605,  1.17187819,
        -2.0571023 ],
       [ 2.41996284, -2.1060411 ,  1.80510245,  1.19873413, -0.94815317,
        -0.11493985],
       [-1.25084043,  0.83850395, -2.44948974, -1.03743426,  0.52021562,
        -1.14453479],
       [-2.09052704,  2.44948974,  0.2981558 , -2.44948974,  2.44948974,
        -0.02193603]]), array([[ 1.41421356,  1.41421356],
       [-1.41421356,  0.21421461],
       [ 0.65354197,  1.41421356],
       [ 1.17262145,  1.41421356],
       [-0.98080269, -0.63558383],
       [ 1.41421356,  1.41421356]])], [array([ 0.9521691 , -0.59867093, -1.98456428, -0.13663929,  2.44948974,
       -2.27711667]), array([-1.41421356, -1.41421356])]]]
[878708, 15, 'birth', 13, 8, 0, [[array([[-0.00840486, -0.74076018,  1.8341391 , -1.16866686,  1.60924178,
         1.26745212],
       [-2.2474048 , -2.39322027,  2.44948974,  1.57190526, -0.79132419,
         2.23130531],
       [ 0.66539786,  0.74391311, -0.89827149,  0.51042605,  1.17187819,
         1.24723616],
       [ 2.41996284, -2.1060411 ,  1.80510245,  1.19873413, -0.94815317,
        -0.11493985],
       [-1.25084043,  0.83850395, -2.03503112, -1.03743426,  0.52021562,
        -1.1054221 ],
       [-2.44948974,  2.37558309,  0.2981558 ,  2.44948974,  2.41603368,
        -0.26852604]]), array([[ 1.41421356,  1.41421356],
       [-1.23932322, -0.23821675],
       [ 1.41421356,  1.41421356],
       [-1.41421356, -0.62194218],
       [ 0.12370509,  0.7220719 ],
       [ 1.41421356, -1.41421356]])], [array([-0.50578969,  1.87562216,  0.79311934,  0.96492237, -1.94324122,
        1.73854587]), array([ 1.41421356, -1.41421356])]]]
[886758, 21, 'birth', 22, 8, 0, [[array([[-0.00840486,  0.80604681,  1.8341391 ,  2.44948974,  2.44948974,
         2.44948974],
       [-2.2474048 , -2.39322027,  2.44948974,  0.1472915 , -0.79132419,
         2.23130531],
       [ 2.44948974,  2.44948974, -0.89827149,  0.51042605,  0.46405991,
        -2.0571023 ],
       [ 2.41996284, -2.1060411 ,  1.80510245,  1.19873413, -0.94815317,
        -0.11493985],
       [-0.16713322,  0.83850395, -2.44948974, -1.03743426,  0.52021562,
        -1.14453479],
       [-2.09052704,  2.44948974, -1.64998547, -2.44948974,  2.41603368,
        -0.26852604]]), array([[ 1.41421356,  1.41421356],
       [-1.23932322,  0.59899719],
       [ 1.41421356,  1.04211742],
       [ 1.41421356, -0.62194218],
       [ 1.41421356, -1.41179123],
       [ 1.41421356, -0.07187844]])], [array([-0.50578969,  2.38927925,  2.44948974, -1.37944744, -1.94324122,
        2.44948974]), array([-0.41337323, -1.41421356])]]]
[903409, 1, 'birth', 22, 3, 0, [[array([[-0.00840486,  0.80604681,  1.8341391 ,  2.44948974,  2.43047848,
         2.44948974],
       [-2.2474048 , -2.39322027,  2.44948974,  0.1472915 , -0.79132419,
        -0.49839492],
       [ 1.57606451,  1.16424782, -2.44948974,  0.51042605, -2.10088416,
        -0.61530421],
       [ 2.11023277, -2.1060411 , -1.24996756,  1.04654106, -0.94815317,
        -0.11493985],
       [-1.25084043, -1.3747839 , -1.71983584, -1.03743426,  1.43549388,
        -2.44948974],
       [-2.09052704, -0.71695639, -2.44948974,  0.80603115, -2.44948974,
        -2.44948974]]), array([[ 0.1920924 ,  0.99939817],
       [ 1.41421356,  1.09802978],
       [-1.34795868, -1.41421356],
       [ 1.41421356,  1.32867216],
       [-1.08813689, -0.92919586],
       [ 1.41421356,  1.41421356]])], [array([ 0.9521691 , -0.59867093, -1.98456428,  1.56871924,  1.29364957,
       -2.27711667]), array([-1.41421356, -1.41421356])]]]
[946609, 2, 'death']
[979709, 13, 'death']
[980659, 19, 'birth', 21, 8, 0, [[array([[-0.00840486, -0.27992657,  1.8341391 ,  2.44948974,  2.44948974,
         2.44948974],
       [-2.2474048 , -2.39322027,  2.44948974,  0.1472915 , -0.79132419,
        -1.21403582],
       [ 2.44948974,  2.44948974, -1.1199789 ,  0.51042605,  0.0686729 ,
        -2.0571023 ],
       [ 2.41996284, -2.1060411 ,  1.80510245,  1.19873413, -0.94815317,
         1.63827399],
       [-0.16713322,  0.83850395,  0.15044654, -1.03743426, -2.44948974,
        -2.42046132],
       [-2.09052704,  2.37558309,  0.2981558 ,  2.44948974,  2.41603368,
        -0.26852604]]), array([[ 1.41421356,  1.41421356],
       [-0.84770248, -1.41421356],
       [ 1.41421356,  1.04211742],
       [ 1.41421356,  0.68962509],
       [-0.70196139, -1.41179123],
       [ 1.41421356,  0.40990686]])], [array([-0.50578969,  1.87562216,  0.79311934, -1.37944744, -1.94324122,
        2.44948974]), array([ 1.41421356, -1.41421356])]]]
[997310, 4, 'birth', 19, 10, 1, [[array([[-0.00840486, -0.27992657,  2.44948974,  2.44948974,  0.94745178,
         2.44948974],
       [-2.2474048 , -2.39322027,  2.44948974,  0.1472915 , -0.79132419,
        -1.21403582],
       [ 2.44948974,  2.44948974, -1.1199789 ,  0.51042605,  0.0686729 ,
        -2.16222961],
       [ 2.41996284, -2.1060411 ,  1.80510245,  1.19873413, -0.94815317,
         1.63827399],
       [-0.16713322,  0.83850395,  0.15044654, -1.03743426, -2.44948974,
         2.44948974],
       [-0.18443196,  2.15374657, -1.28923431,  2.44948974,  2.44948974,
        -0.17740855]]), array([[ 1.41421356,  1.41421356],
       [-1.23932322, -0.23821675],
       [ 1.41421356,  1.04211742],
       [ 1.41421356, -0.40466545],
       [ 1.41421356, -1.41179123],
       [-0.0551162 , -1.41421356]])], [array([-0.50578969,  1.87562216, -1.87587832, -1.50968945, -1.94324122,
       -2.44948974]), array([ 1.41421356, -1.41421356])]]]
[1006210, 7, 'birth', 14, 10, 1, [[array([[ 2.44948974, -0.11963165,  1.8341391 , -1.16866686,  2.43047848,
         1.26745212],
       [-2.2474048 ,  0.08228838,  2.44948974,  0.1472915 , -0.79132419,
         2.23130531],
       [ 0.66539786,  0.74391311, -0.89827149,  1.3681074 ,  1.17187819,
         2.44948974],
       [ 1.83920804, -2.44948974,  0.38830119,  1.19873413,  0.24074454,
        -2.44948974],
       [-2.44948974, -1.42709069,  2.07542521, -2.44948974,  1.26399865,
         2.39262047],
       [-0.18443196,  2.15374657, -1.28923431,  2.44948974,  1.83515534,
         2.44948974]]), array([[ 1.41421356e+00,  1.41421356e+00],
       [-1.14468960e+00, -2.38216753e-01],
       [-1.35091916e-03,  1.04211742e+00],
       [ 1.41421356e+00, -8.31175828e-01],
       [ 1.23705092e-01, -1.41179123e+00],
       [-5.51161988e-02, -1.41421356e+00]])], [array([-0.50578969,  1.87562216, -1.84022237, -1.50968945, -1.94595102,
       -2.44948974]), array([-1.41421356, -1.15390548])]]]
[1015460, 13, 'birth', 16, 8, 1, [[array([[-8.40485965e-03,  1.44507873e+00,  2.15964912e+00,
         9.83074765e-04,  1.22798365e+00,  1.51273588e+00],
       [-2.40165025e+00,  2.67365525e-01,  6.73815186e-03,
         2.44948974e+00, -6.68842510e-01, -1.65904328e+00],
       [ 1.55549195e-01, -6.82337331e-01, -1.96940706e+00,
         1.18917377e+00, -2.00145774e+00,  1.30090091e+00],
       [ 2.78785407e-02, -2.15084737e+00,  1.62757680e+00,
        -2.24226403e+00, -9.48153172e-01, -2.44948974e+00],
       [ 3.88431306e-01, -1.42709069e+00,  2.44948974e+00,
        -2.44948974e+00,  1.26399865e+00,  2.44948974e+00],
       [-1.84431958e-01,  2.15374657e+00, -1.98382668e-01,
         2.35677080e+00,  2.12775646e+00,  2.32994756e+00]]), array([[ 1.41421356,  1.41421356],
       [-1.23932322, -1.41421356],
       [ 1.41421356,  1.41421356],
       [ 0.40933624, -1.41421356],
       [ 0.12370509, -1.41421356],
       [ 1.41421356, -1.41421356]])], [array([-0.50578969,  1.87562216,  0.79311934, -0.33336011, -1.94324122,
        2.44948974]), array([ 1.41421356, -1.41421356])]]]
[1044360, 24, 'birth', 16, 13, 0, [[array([[-8.40485965e-03,  1.44507873e+00,  2.15964912e+00,
         9.83074765e-04,  1.22798365e+00,  1.51273588e+00],
       [-2.40165025e+00,  2.67365525e-01,  6.73815186e-03,
         2.44948974e+00, -6.68842510e-01, -1.65904328e+00],
       [ 1.55549195e-01, -2.44948974e+00, -2.44948974e+00,
         1.18917377e+00, -2.00145774e+00,  1.30090091e+00],
       [ 2.78785407e-02, -2.15084737e+00,  1.62757680e+00,
         6.21988201e-01, -9.48153172e-01, -2.44948974e+00],
       [ 3.88431306e-01, -2.44948974e+00,  2.44948974e+00,
        -2.44948974e+00,  1.26399865e+00,  2.39262047e+00],
       [-1.84431958e-01,  2.15374657e+00, -1.98382668e-01,
         2.44948974e+00, -1.80806857e+00, -1.77408553e-01]]), array([[ 1.41421356,  1.41421356],
       [-1.23932322, -1.41421356],
       [ 1.41421356,  1.41421356],
       [ 0.40933624, -1.41421356],
       [ 0.12370509, -1.41421356],
       [ 1.41421356, -1.41421356]])], [array([-0.50578969,  1.87562216,  0.79311934, -0.33336011, -1.94324122,
        2.44948974]), array([ 1.41421356, -0.75582746])]]]
[1054460, 2, 'birth', 22, 13, 0, [[array([[-0.00840486,  0.80604681,  1.8341391 ,  2.44948974,  2.43047848,
         2.44948974],
       [-2.44948974, -2.44948974,  2.44948974,  0.1472915 , -0.79132419,
         2.23130531],
       [ 2.44948974,  2.44948974, -0.89827149,  0.51042605,  1.17187819,
        -2.0571023 ],
       [ 2.41996284, -2.1060411 ,  1.80510245,  1.19873413, -0.94815317,
         1.92624424],
       [-1.25084043,  0.83850395, -2.44948974, -1.90298107,  0.52021562,
        -1.14453479],
       [-2.09052704,  2.44948974,  0.2981558 , -2.44948974,  2.44948974,
        -0.02193603]]), array([[ 1.41421356,  1.41421356],
       [-1.41421356, -1.41421356],
       [ 1.41421356,  1.41421356],
       [ 1.41421356, -1.41421356],
       [ 0.12370509, -1.41421356],
       [ 1.41421356, -1.41421356]])], [array([-0.50578969,  1.87562216,  1.10717005, -0.33336011, -1.94324122,
        2.44948974]), array([ 1.41421356, -1.41421356])]]]
[1063960, 18, 'death']
[1065210, 18, 'birth', 22, 10, 0, [[array([[-0.00840486,  0.80604681,  1.8341391 ,  2.44948974,  2.43047848,
         2.44948974],
       [-2.2474048 , -2.39322027,  2.44948974,  0.1472915 , -0.79132419,
         2.23130531],
       [ 2.44948974,  2.44948974,  1.35776495,  2.44948974,  1.17187819,
         0.7266704 ],
       [ 2.41996284,  2.44948974,  1.80510245,  1.19873413, -0.94815317,
        -0.11493985],
       [-1.25084043,  0.83850395, -2.44948974, -1.03743426,  2.44948974,
        -1.14453479],
       [-2.09052704,  2.44948974,  0.2981558 ,  2.44948974,  1.83515534,
        -2.36592218]]), array([[ 1.31259861,  1.41421356],
       [-1.41421356, -0.23821675],
       [ 1.41421356,  1.04211742],
       [ 1.41421356, -1.41421356],
       [ 0.04106676, -1.41421356],
       [ 0.6116046 , -1.41421356]])], [array([-0.50578969,  1.87562216,  0.79311934, -0.531999  , -1.94324122,
       -2.44948974]), array([ 1.41421356, -1.41421356])]]]
[1074710, 12, 'death']
[1075910, 6, 'birth', 24, 7, 1, [[array([[-8.40485965e-03,  1.44507873e+00,  2.15964912e+00,
         9.83074765e-04,  1.22798365e+00,  1.51273588e+00],
       [-2.40165025e+00, -9.21507407e-02, -5.03716469e-01,
         2.44948974e+00, -6.68842510e-01, -1.65904328e+00],
       [ 1.55549195e-01, -2.44948974e+00, -2.44948974e+00,
         1.18917377e+00, -2.00145774e+00,  1.30090091e+00],
       [ 2.78785407e-02, -2.15084737e+00,  1.62757680e+00,
         6.21988201e-01, -9.48153172e-01,  1.14766162e+00],
       [-1.12029891e+00, -2.44948974e+00,  2.44948974e+00,
        -5.82306887e-01,  1.26399865e+00,  2.39262047e+00],
       [-1.84431958e-01,  1.82902744e+00, -1.98382668e-01,
         2.44948974e+00, -1.80806857e+00, -1.77408553e-01]]), array([[ 1.41421356,  0.34169277],
       [-1.23932322, -1.41421356],
       [ 1.41421356,  1.41421356],
       [ 0.40933624, -1.41421356],
       [ 0.12370509, -1.41421356],
       [ 1.41421356, -1.41421356]])], [array([-0.50578969,  1.87562216, -1.84022237, -1.50968945, -2.44948974,
       -2.44948974]), array([-1.41421356, -1.41421356])]]]
[1086510, 12, 'birth', 2, 3, 0, [[array([[-0.00840486,  0.80604681,  1.8341391 ,  2.44948974,  2.43047848,
         2.44948974],
       [-2.44948974, -2.44948974,  2.44948974,  0.1472915 , -0.88665378,
         2.23130531],
       [ 2.44948974, -1.66261453, -0.89827149, -0.50074721,  1.17187819,
        -2.0571023 ],
       [ 2.41996284, -2.1060411 ,  1.80510245,  1.19873413, -0.94815317,
         1.92624424],
       [-1.25084043,  0.83850395, -2.44948974, -1.90298107, -2.20511304,
        -1.14453479],
       [-2.09052704,  2.44948974,  0.2981558 ,  0.36449203,  2.44948974,
        -0.02193603]]), array([[ 1.41421356,  1.41421356],
       [-1.41421356, -1.41421356],
       [ 1.41421356, -0.9412264 ],
       [ 0.07526778,  1.30764184],
       [-1.08813689, -0.8255723 ],
       [ 1.41421356,  1.41421356]])], [array([ 0.9521691 , -0.59867093, -1.98456428,  1.56871924,  2.25288294,
       -2.27711667]), array([-1.41421356, -0.88930339])]]]
[1119461, 9, 'birth', 11, 4, 1, [[array([[-8.40485965e-03,  1.44507873e+00,  2.15964912e+00,
         9.83074765e-04,  1.22798365e+00,  1.51273588e+00],
       [-2.08598371e+00,  2.67365525e-01,  6.73815186e-03,
         8.93834922e-01, -6.68842510e-01,  2.44948974e+00],
       [ 1.36879508e+00,  1.52310639e+00,  1.37375130e+00,
         1.18917377e+00, -2.00145774e+00,  1.30090091e+00],
       [-2.44948974e+00, -2.15084737e+00,  1.62757680e+00,
        -6.44495771e-01,  2.44948974e+00, -2.44948974e+00],
       [-1.67133220e-01,  8.38503950e-01,  1.50446543e-01,
        -1.03743426e+00, -2.44948974e+00,  2.44948974e+00],
       [-1.84431958e-01,  2.15374657e+00, -1.28923431e+00,
         2.44948974e+00,  2.44948974e+00, -1.77408553e-01]]), array([[ 1.41421356, -1.41421356],
       [-1.41421356,  0.02907344],
       [ 1.41421356,  1.41421356],
       [ 1.41421356, -0.40466545],
       [ 1.41421356, -1.41179123],
       [ 1.41421356, -1.41421356]])], [array([ 2.18142717,  1.87562216, -1.87587832, -1.50968945, -1.94324122,
       -2.44948974]), array([ 1.41421356, -1.41421356])]]]
[1119561, 10, 'death']
[1119561, 0, 'death']
[1119561, 5, 'death']
[1119561, 17, 'death']
[1119561, 23, 'death']
[1119561, 3, 'death']
[1119561, 11, 'death']
[1119561, 8, 'death']
[1119561, 20, 'death']
[1119561, 14, 'death']
[1119561, 16, 'death']
[1119561, 22, 'death']
[1119561, 15, 'death']
[1119561, 21, 'death']
[1119561, 1, 'death']
[1119561, 19, 'death']
[1119561, 4, 'death']
[1119561, 7, 'death']
[1119561, 13, 'death']
[1119561, 24, 'death']
[1119561, 2, 'death']
[1119561, 18, 'death']
[1119561, 6, 'death']
[1119561, 12, 'death']
[1119561, 9, 'death']
[1119561, 'Explosion!']
