[time, indiv, parent1, parent2, gender, brain]
[150, 8, -1, -1, 0, [[array([[-1.42258033, -2.30419814, -1.96034936, -1.62451319, -0.55399912,
         2.28232515],
       [-1.46348102,  1.44548418, -0.63820002, -0.27771719, -0.88465932,
         1.79602154],
       [ 1.2802077 , -1.27943289,  1.34482896, -0.72325821,  1.69537993,
        -2.25836389],
       [ 0.60151272, -0.56340064, -0.77918424,  2.09484472,  0.29749934,
         2.43384246],
       [ 0.40480055,  1.45829309,  1.19272698, -2.26265713, -0.70171103,
         1.50433321],
       [ 0.54827115,  0.9941916 , -0.7257284 , -2.3848011 , -0.75564569,
         1.12333487]]), array([[ 1.38567082, -1.23619438],
       [ 0.99909514,  2.18236165],
       [-0.81409492,  0.6356895 ],
       [ 0.94548921, -2.16773909],
       [-0.08692861,  1.86346394],
       [-0.5903795 , -0.46774486]])], [array([-0.53515775,  1.40643756, -0.80377158,  0.72795087, -1.6250849 ,
       -1.7904422 ]), array([-1.49660318, -1.67837313])]]]
[150, 9, -1, -1, 1, [[array([[-0.57203185,  1.14790811, -0.10168665, -2.31304787,  0.8124928 ,
         0.37648086],
       [-2.11489655, -1.94457531, -2.41198721,  2.09779899,  1.55762222,
         0.28099866],
       [-0.70985613, -2.34841684,  1.63717532,  1.78751066, -1.01404354,
         2.0092401 ],
       [-0.74136074,  1.85378372, -1.75847444,  1.34178002, -0.61790466,
         1.48493661],
       [ 0.72344785,  0.80407876, -0.427944  ,  0.60602174, -1.49364384,
        -2.04033952],
       [ 2.06831424, -1.68825564, -2.07640353, -0.39703759, -0.42473206,
        -1.44398584]]), array([[ 1.83372533,  0.61012778],
       [-0.48306645, -1.40945439],
       [-1.36279787, -1.62245867],
       [-1.91771197, -1.93934717],
       [ 1.89349387, -1.97182773],
       [-2.31748747, -0.84892683]])], [array([-1.22653821, -1.87072156, -0.42932712, -0.92605815, -0.77155998,
        2.05150811]), array([-0.12765577,  1.84353271])]]]
[150, 22, -1, -1, 0, [[array([[-2.16427903, -1.77113031, -1.76310923,  0.28345619,  0.84026529,
         0.84354128],
       [ 2.16665914,  0.08602157,  1.16448891,  2.18498091, -1.41019741,
        -1.33157474],
       [ 1.46011664,  1.36629974, -2.39737334,  1.95386367,  0.35326026,
        -0.98070852],
       [ 0.13020323, -0.60493117, -2.2854618 , -0.64104368,  1.81201172,
         0.11564627],
       [ 0.96661406, -1.18060795, -0.55915199, -0.44393809,  1.12698706,
        -1.71389495],
       [-1.61925948, -2.29414415, -0.25324611, -0.91120266, -0.25251412,
        -1.72175811]]), array([[ 2.02489299,  0.67366412],
       [-0.24175989,  2.12940489],
       [ 0.85106423,  0.25445885],
       [-0.81953981, -2.0379365 ],
       [ 0.27461796, -2.07196463],
       [-0.93578654, -0.28959854]])], [array([ 1.60265205,  0.1298395 ,  0.74509484, -1.87502153, -2.03295599,
        1.92893698]), array([ 0.08627324, -2.3117463 ])]]]
[150, 12, -1, -1, 1, [[array([[-1.36723981, -1.35569757,  1.00336225, -0.19196431,  1.51842266,
         1.37906523],
       [ 2.14866444, -0.13617589, -0.73001761, -0.59550778,  1.14937132,
        -0.77792051],
       [-0.92057114,  0.89854864, -1.64668972, -1.52673419,  2.23778523,
         1.27411522],
       [-2.21661575, -0.2759994 , -1.58606615, -1.73567525,  1.86483964,
         1.67921668],
       [-2.23620677, -1.95173121, -1.49866912, -0.12396372, -1.53077313,
        -0.08438652],
       [-0.92450978,  1.25983252, -1.6576943 , -2.22324178,  2.1191919 ,
        -1.07737938]]), array([[ 0.97055397,  0.54504729],
       [-0.72201072,  2.2740747 ],
       [-1.02908715,  0.91687478],
       [-1.91069482, -0.40201057],
       [-0.59722513, -2.12612313],
       [-0.35549779, -0.60903671]])], [array([-0.86492589, -0.57743065,  0.10590239, -1.25803673,  1.50918606,
       -1.85816616]), array([-0.12182151,  1.9552158 ])]]]
[150, 5, -1, -1, 0, [[array([[ 0.972042  , -1.51178363,  1.40411656, -1.97753265, -0.10392653,
         0.33999048],
       [-1.72331632, -1.50404044, -1.41755866, -1.94852858, -0.77757277,
         1.17011173],
       [-0.86841912,  1.30536035, -0.69301518, -0.44115353, -0.69209966,
         1.35527955],
       [-1.57163833,  0.25662737, -0.73052447,  0.35160602, -0.9671443 ,
         1.56822415],
       [-2.04224762,  1.13106027,  0.35040056, -2.010482  , -1.05377065,
         0.61458349],
       [-1.18763923,  0.02633696, -1.15294921,  0.38838419,  0.69538817,
         2.42663588]]), array([[ 1.09890384,  1.78619961],
       [-0.35956354, -0.69654701],
       [ 2.26829064, -2.39625628],
       [ 0.64628623, -1.13950784],
       [ 0.27360117, -1.84472719],
       [ 0.35440556,  1.79429132]])], [array([-1.39998987,  1.83965424, -1.37432287, -1.22388978, -2.09205783,
       -2.15896395]), array([-1.39805445,  1.98378989])]]]
[150, 24, -1, -1, 1, [[array([[-0.12175213,  1.55132159,  1.08954312, -0.99577943,  2.29201002,
        -1.59013399],
       [-1.21553554,  1.39894392, -2.35050972, -1.72214626,  0.80899446,
        -2.22726622],
       [-1.60174642, -2.27089898,  1.80082876, -1.55568797,  2.09266544,
        -1.30876919],
       [ 0.74645143, -1.70843417, -1.67439603, -2.14003071,  0.3946751 ,
        -0.52016598],
       [ 1.17025513, -1.70387216,  0.78543596,  2.3271051 ,  0.93049451,
        -1.28488502],
       [-1.54619838, -1.11409248,  0.54660198, -2.34311355, -1.14096916,
         0.31263317]]), array([[ 1.28924812,  1.10521596],
       [-1.80493922, -0.83288506],
       [ 1.83751486,  2.13393838],
       [ 0.38106925,  1.81503543],
       [ 2.23410964,  0.13995538],
       [ 1.38389238, -1.7924129 ]])], [array([-0.75861971, -1.57315557, -1.76002482,  1.20897209, -1.22713053,
        0.1154447 ]), array([-2.18479294, -0.71129033])]]]
[150, 2, -1, -1, 0, [[array([[-0.66006379, -0.45862719,  0.90835814, -0.15176406, -0.77597283,
        -1.06111521],
       [ 2.36555467, -2.13916464, -1.02949296,  1.33445006, -1.19321181,
        -2.22674624],
       [ 0.47692411, -0.60245343, -1.09378222, -0.64044988, -0.27565818,
         0.68625341],
       [-2.03412231, -0.76739141,  0.79444893,  2.10292317, -2.15859627,
        -1.73847317],
       [-1.33611125,  1.23926889,  1.15410096, -0.78884638,  1.02349944,
        -1.60646131],
       [ 0.41822263,  1.5862721 ,  1.77025469, -2.25245855, -0.64027331,
         1.01285726]]), array([[-2.29354571,  1.62486864],
       [ 2.20555618, -0.9284988 ],
       [-2.03899395,  1.82145525],
       [ 1.75497031, -1.2636424 ],
       [-1.4668623 , -2.22445474],
       [ 0.99256889,  2.01553985]])], [array([-0.2490166 ,  0.93577375,  0.95163413,  1.49587052, -1.02558841,
       -0.94809595]), array([-1.11369259,  2.43007656])]]]
[150, 7, -1, -1, 1, [[array([[-1.77551562, -1.08756938, -0.2755349 , -0.66125738, -2.00997501,
         0.66826777],
       [-1.17919405, -2.00790408,  0.20658263, -2.43474115, -1.80410238,
        -0.24160129],
       [ 1.19382517,  1.53011073,  0.29716438, -0.63889628, -0.80243652,
        -0.53288368],
       [-1.54539591, -0.4240028 , -2.34538441,  0.91796649,  2.12769882,
        -0.09249136],
       [ 0.23594324, -1.8995035 ,  0.91867   , -1.69274676,  1.02484881,
         1.39617373],
       [ 1.56566222, -1.4838685 ,  1.06635338,  1.11594397,  1.49426708,
        -0.61521568]]), array([[-1.42848804,  2.10740329],
       [ 1.9818986 , -1.65151193],
       [ 1.10383837, -0.23363924],
       [ 0.18062434, -1.35707174],
       [-2.22634506, -1.48335411],
       [-1.37032304,  1.84574848]])], [array([1.45622949, 1.36372512, 0.92284073, 1.99883827, 1.29918319,
       2.41255188]), array([ 1.42845436, -2.30299756])]]]
[150, 18, -1, -1, 0, [[array([[ 1.82977703, -1.88401114, -1.67560753,  0.00618825, -1.50233769,
        -1.2473749 ],
       [ 1.12711254, -1.43561449, -2.00946452, -1.05147733,  0.68008937,
        -1.11099087],
       [ 0.49115805, -0.9075485 ,  0.3679562 ,  0.81124058,  1.37864186,
        -1.18206858],
       [ 0.81780143,  0.46648019,  1.47279363,  1.85308538, -0.342403  ,
        -1.14857898],
       [-1.85930771, -2.27593472,  1.80978965, -0.58452801, -0.86029849,
        -0.41991166],
       [ 1.52376532,  0.50271785, -0.32389231, -0.51054284, -0.85141732,
        -1.37603653]]), array([[ 1.10176752,  1.09400393],
       [-0.31102301,  2.31118105],
       [ 1.35606868, -0.12474866],
       [-2.20136835,  1.64708619],
       [ 0.3028844 , -1.64082698],
       [-2.09969865,  1.66819951]])], [array([ 1.58144643, -2.14771523, -0.91847971,  1.62046404,  2.19977596,
       -1.804531  ]), array([1.32820182, 0.71617101])]]]
[150, 11, -1, -1, 1, [[array([[ 0.89812139, -1.59300716, -0.41792266, -1.14832078, -2.36312057,
         1.45853675],
       [-2.32823529, -0.65000437,  1.81495139, -0.91575021, -0.70887999,
        -0.53026523],
       [ 2.19016265,  1.06863766,  0.33386185,  2.10928172, -1.09890747,
        -2.19792088],
       [ 1.00542117,  2.19839923,  2.03844369,  1.94363744, -0.34352821,
         1.74827116],
       [-0.13750529,  2.08461395, -1.91092163,  0.96462851,  2.18116511,
         2.14125067],
       [-1.41902603, -0.20178703, -0.92012267, -0.90758576,  1.44527684,
        -1.7291493 ]]), array([[-0.87510295,  0.64353701],
       [ 0.60026705, -1.32906593],
       [ 1.59436411,  0.46047805],
       [ 1.54727666,  0.08179718],
       [ 0.53715581,  0.72619056],
       [ 2.01490863,  0.10697911]])], [array([-2.36512518, -1.28649338,  2.37974672,  1.97816097, -0.23878218,
        0.93305902]), array([-0.87792629, -0.89940689])]]]
[29550, 16, 'birth', 5, 9, 1, [[array([[ 0.972042  , -1.51178363,  1.40411656, -0.68244738, -0.59777864,
         0.33999048],
       [-1.72331632, -1.190497  , -1.41755866, -1.94852858, -0.77757277,
         0.90457549],
       [-0.86841912, -2.06284544, -0.69301518, -0.44115353, -0.69209966,
        -0.42791231],
       [-1.57163833,  0.25662737, -0.73052447,  0.46592455, -2.44948974,
         1.56822415],
       [-2.04224762, -0.32573852,  0.35040056, -2.010482  , -1.91158571,
        -2.44948974],
       [-1.18763923,  0.02633696, -1.15294921, -2.44948974,  0.69538817,
         2.42663588]]), array([[ 1.09890384,  0.61012778],
       [-1.41421356, -1.40945439],
       [-1.36279787, -1.41421356],
       [-1.41421356, -1.41421356],
       [ 1.06126289, -1.41421356],
       [-1.41421356, -0.84892683]])], [array([-1.22653821, -1.87072156,  0.67506281, -0.92605815, -2.44948974,
        2.05150811]), array([-0.12765577,  1.41421356])]]]
[193501, 10, 'birth', 8, 16, 1, [[array([[-1.42258033, -2.30419814, -1.71640147, -1.62451319, -0.55399912,
         2.28232515],
       [-1.46348102,  1.44548418, -1.23430969, -0.27771719, -0.88465932,
         0.25324225],
       [ 1.2802077 , -1.27943289,  1.34482896, -0.72325821,  2.44948974,
        -2.25836389],
       [ 1.23647403, -0.56340064, -0.04774073,  2.09484472,  0.29749934,
         2.44948974],
       [ 0.40480055,  2.44948974,  1.19272698, -2.26265713, -0.70171103,
        -2.43791649],
       [-1.18763923,  2.44948974, -1.15294921, -2.44948974,  0.69538817,
         2.42663588]]), array([[ 1.09890384,  0.36338932],
       [-1.41421356, -1.40945439],
       [-1.41421356, -1.41421356],
       [-1.41421356, -1.41421356],
       [ 1.06126289, -1.41421356],
       [-1.41421356, -1.41421356]])], [array([-1.22653821, -1.87072156,  2.44948974, -0.92605815, -2.44948974,
        2.05150811]), array([-0.12765577,  0.25025224])]]]
[199352, 3, 'birth', 22, 24, 1, [[array([[-2.16427903, -2.44948974, -1.76310923,  0.28345619,  0.25037601,
        -1.59013399],
       [-1.21553554,  1.39894392,  2.44948974, -1.72214626,  0.80899446,
        -2.22726622],
       [ 0.1550063 , -2.27089898,  0.76077871, -1.55568797,  2.09266544,
        -1.30876919],
       [ 0.74645143, -1.70843417, -2.44948974, -2.14003071,  1.31636681,
        -0.52016598],
       [ 1.17025513, -1.70387216,  0.78543596,  2.3271051 ,  0.93049451,
        -1.28488502],
       [-1.54619838, -1.11409248,  0.54660198, -2.34311355, -1.14096916,
         1.76985374]]), array([[-0.53964645,  1.10521596],
       [-1.41421356, -0.83288506],
       [ 1.41421356,  1.41421356],
       [ 0.38106925,  1.41421356],
       [ 1.41421356,  0.50498507],
       [ 0.40399274, -1.34709171]])], [array([-0.75861971,  0.47357285, -2.03408198,  1.20897209, -2.44948974,
        0.1154447 ]), array([-1.41421356, -0.71129033])]]]
[564705, 8, 'death']
[564855, 9, 'death']
[565005, 22, 'death']
[565155, 12, 'death']
[565305, 5, 'death']
[565455, 24, 'death']
[565605, 2, 'death']
[565755, 7, 'death']
[565905, 18, 'death']
[566055, 11, 'death']
[575055, 16, 'death']
[607806, 10, 'death']
[607956, 3, 'death']
[607956, 'Extinction!']
