[time, indiv, parent1, parent2, gender, brain]
[150, 13, -1, -1, 0, [[array([[ 1.20702018,  1.99200192, -0.99156496,  1.56818896,  1.53214074,
         2.18896296],
       [ 1.86265279, -1.59326138,  1.84063084, -1.99109283,  0.33544936,
        -0.59161535],
       [-2.26958791, -0.29582178, -0.13653279,  1.29831688, -0.01925399,
        -2.34388767],
       [-0.65950095,  1.15172156, -1.62131104, -1.92009988,  0.17801112,
         0.38777058],
       [ 0.88127689,  0.84312254, -1.64368665, -1.76714701, -1.85176143,
        -1.54119446],
       [-1.91956221,  0.96843464,  0.18130796, -2.33169198,  2.06043401,
        -1.97699149]]), array([[-1.50654772, -0.72071442],
       [ 1.53347984, -2.217113  ],
       [-0.51296801, -0.06512591],
       [-2.30564014,  0.95163385],
       [-2.28408637, -0.5318932 ],
       [ 2.2165636 , -0.07958407]])], [array([-1.59854795, -0.02146896, -1.70657669, -2.28265532,  0.42173287,
        0.30915704]), array([ 1.40526184, -1.89783577])]]]
[150, 12, -1, -1, 1, [[array([[-1.16140532,  0.61907019,  2.07004123,  1.73931129, -1.41024637,
         0.7234178 ],
       [-2.28655063,  1.637687  ,  1.48894077, -0.09905779, -2.41266643,
        -0.08684758],
       [-1.44930624, -2.26864833, -1.3328083 , -1.30285052,  1.23530204,
         0.45487403],
       [ 1.13042225,  1.47556912, -0.17249621,  1.7259963 ,  2.07663188,
        -1.42808353],
       [-0.92231775,  2.07506719, -0.51455654, -1.67909622,  0.18006377,
        -2.12486269],
       [-1.23091331, -0.15595642,  2.29610367, -0.72761669,  2.25161745,
         0.02561321]]), array([[ 0.84940401,  1.58401206],
       [-1.02213277, -0.75204863],
       [-0.77892014, -0.4130266 ],
       [ 1.50987001,  1.15876823],
       [-0.50786759,  1.88320155],
       [ 1.7577446 ,  0.11990578]])], [array([ 1.22527071,  0.9110465 , -0.41957198,  2.24014999, -2.10409868,
        1.04225215]), array([0.65142744, 1.39292979])]]]
[150, 4, -1, -1, 0, [[array([[ 2.05153341,  1.66175619, -2.03763502,  0.88250763,  0.05322639,
         0.3320641 ],
       [ 0.01924627, -0.94955041, -0.19185807, -0.05156757, -0.20893747,
         1.40601196],
       [ 2.37241838, -0.9759018 , -1.20238579,  1.98912812, -0.09073678,
        -1.54966936],
       [ 1.6367235 , -0.44205559, -0.86853523,  0.12972223, -1.32787557,
        -2.13402369],
       [-0.28027512, -2.37089181, -0.30128945,  1.07547462,  0.06107814,
        -1.36340452],
       [-2.06121028, -0.19573577,  1.36059911, -1.46064971, -2.29677013,
         2.37752707]]), array([[-0.53580869, -1.86521844],
       [-1.98938032,  1.69378562],
       [-0.47808417, -2.23884252],
       [-0.81197182,  1.63220366],
       [-1.76324298,  1.41525554],
       [ 2.29627849, -2.06773679]])], [array([ 2.32296382, -0.58449164, -0.96441992,  1.82468054,  0.64747069,
       -0.95035758]), array([-0.36349662,  2.37102154])]]]
[150, 2, -1, -1, 1, [[array([[-2.06857225,  0.14586314, -1.08405667,  0.10531172, -1.13816035,
         0.29846131],
       [-0.43260416,  0.43158925,  1.7806432 ,  1.07141476, -1.86448263,
        -1.58797944],
       [ 2.16483083,  2.2360553 ,  0.57982462, -1.4521397 , -2.2921534 ,
        -2.20746282],
       [-1.92118455,  1.0843091 , -1.47933096,  1.87826286,  2.41522618,
         0.82992514],
       [ 0.8283146 , -2.04030209,  1.56219243,  2.14754231, -1.99284611,
        -1.88323306],
       [ 0.58852961, -0.98264181, -0.6209    ,  0.35239846, -1.48878989,
        -0.23636679]]), array([[-0.70357992, -1.87169674],
       [ 0.48565742, -1.25628102],
       [ 0.81752104, -2.22164359],
       [ 0.89610989, -1.49174528],
       [-1.69293821, -1.49188652],
       [ 1.04685231, -0.54050253]])], [array([-0.81873566,  2.18989587,  2.24971094, -2.42577381,  1.26504429,
       -1.54576843]), array([-0.07172607,  1.35736863])]]]
[150, 1, -1, -1, 0, [[array([[ 1.88222383,  0.16133515, -0.42774536,  2.10543382, -1.58417861,
         1.01433736],
       [ 0.2109877 ,  0.22559196, -1.47323002,  0.40802208,  0.18950196,
         1.24856532],
       [ 1.5051953 , -1.35038485,  0.60524564, -2.15012689, -1.58369685,
        -1.2360615 ],
       [ 1.00900188,  0.53090509, -1.487622  , -1.5156789 ,  0.03204188,
         1.00410746],
       [-1.46432589,  2.17421667, -1.20297356, -0.04996938,  1.06867289,
        -0.19003024],
       [ 1.3258531 , -2.16436676, -1.14200568,  0.88545863, -0.01936555,
         0.48223577]]), array([[-0.08455315, -1.35415813],
       [ 2.07376813, -0.70849435],
       [-1.50883585,  1.01308909],
       [-1.97635336, -2.40531432],
       [-0.17593279, -1.36946582],
       [-2.18834226,  1.89742207]])], [array([ 1.19534617, -0.48049978, -1.48550817, -0.48211138,  2.44730191,
        0.62678921]), array([-0.37169096, -2.03685927])]]]
[150, 18, -1, -1, 1, [[array([[ 0.32534668, -0.99512775, -1.18357414,  1.88595785,  1.47168332,
        -0.48494779],
       [ 1.82542714, -0.03665881, -1.08966961,  1.81353671, -1.52644875,
         0.43374624],
       [-0.57579577, -1.05807893,  0.49857666,  0.75522575,  2.3484446 ,
         1.76284735],
       [ 0.33302692, -1.68368085, -1.75158882,  2.30167682, -1.980947  ,
        -1.28561207],
       [ 1.4918776 ,  2.1195092 , -1.3206374 , -1.67513748, -2.42096698,
        -0.65161086],
       [-2.25211902, -0.97123464, -0.75038171, -2.2817914 ,  1.24598976,
        -1.61001619]]), array([[-2.18114159, -0.60308675],
       [-0.87604443, -2.40809718],
       [-1.98680679,  1.18863418],
       [ 1.37811746,  0.86905994],
       [ 0.45497953,  0.45929815],
       [ 0.72197147,  1.48911423]])], [array([ 0.68744263, -0.29200812,  0.54773358,  1.56652142, -0.19093122,
        2.31048778]), array([ 2.36135996, -0.1210849 ])]]]
[150, 6, -1, -1, 0, [[array([[ 2.38932474,  2.37373595,  0.44274633, -0.48702821, -1.17252725,
         0.17914661],
       [ 0.08702105,  0.93759626,  0.89975667, -1.07280194, -1.60339337,
         2.04628529],
       [ 1.33788961,  1.21715956,  2.37753314,  1.55338641, -0.19431811,
         0.40692775],
       [ 1.92455693,  1.63291321,  2.07815751, -1.32358704, -2.17291536,
        -0.1721255 ],
       [-1.7469518 ,  2.38635575, -2.12571588, -1.30882238,  2.4363059 ,
         2.17978048],
       [ 1.1822339 , -1.16482279, -1.69546027, -1.01180838,  1.7990063 ,
         0.95925812]]), array([[-1.36081613,  1.00018245],
       [-2.10938863, -0.37142024],
       [ 1.78406333,  0.62825295],
       [-0.95171925,  0.17713085],
       [ 1.01381285, -2.35764733],
       [-0.59822882,  0.90890766]])], [array([ 1.04989209,  1.97010537,  2.32897163, -0.9661776 , -1.76774937,
        2.04338299]), array([-1.45243724, -1.12733485])]]]
[150, 0, -1, -1, 1, [[array([[-2.40551778,  1.48097456,  0.9379804 ,  0.67785494, -0.08494032,
        -0.40777843],
       [ 0.34257675,  0.06735032,  0.89590986,  2.13652895,  0.85423987,
        -0.23538149],
       [ 2.08651627,  1.25223961, -0.51440279, -0.76419074,  0.7841479 ,
        -1.2368288 ],
       [ 1.01296196,  1.7571302 , -2.06047595,  1.63454594,  0.32346452,
         1.81294621],
       [ 1.96005388, -0.71532943,  0.94706035,  1.97642311, -1.09327584,
        -1.97314595],
       [-1.93566312,  1.87334029,  0.78346913, -1.02786187, -0.04881784,
        -2.21358582]]), array([[-0.42605652,  0.06025862],
       [-2.04339075, -1.20774975],
       [ 0.04611274, -1.50915165],
       [ 0.31655273, -0.44772737],
       [ 0.59299393, -0.15919311],
       [-2.42768709,  0.68337848]])], [array([-0.28697359, -2.22190419, -0.04755053, -0.98902997, -0.35630855,
        0.18465818]), array([-0.33771177, -0.79395935])]]]
[150, 15, -1, -1, 0, [[array([[-2.11416311, -0.17026565, -1.9296115 ,  2.17185644, -1.96860873,
        -2.36400783],
       [ 0.0570091 , -0.52344697, -1.37951397,  0.7286509 ,  1.21767944,
        -1.89231107],
       [-1.7189227 ,  1.15521238,  0.03233849,  1.42207014, -2.40328927,
        -0.07302073],
       [ 0.57464761,  0.82130482, -2.02455393,  0.84233092, -1.44418239,
        -0.03694292],
       [ 1.2139961 ,  0.73300783,  1.72234796,  2.06010023, -1.29865335,
        -0.03918917],
       [-0.63801305,  2.42741352, -1.98913035, -2.00297717, -1.87891296,
        -2.11825923]]), array([[ 1.72405529, -1.56969102],
       [-2.08785219,  0.88594982],
       [-1.74737396,  0.92262003],
       [ 1.69519399,  1.39635912],
       [ 1.3724251 ,  0.07126063],
       [-1.86445231,  1.66331989]])], [array([-1.49814337,  1.01528672,  1.49456435,  0.84565946,  0.12997672,
        0.62138185]), array([-0.70728974, -0.12526534])]]]
[150, 21, -1, -1, 1, [[array([[-1.52206607,  1.72959918, -0.49770383,  1.04917236,  1.83436118,
        -1.466848  ],
       [ 1.889251  , -2.30557982, -1.49904939,  0.44733809,  2.41437857,
        -2.07292137],
       [ 0.01808731, -0.3937545 , -0.4543452 , -0.66220924,  2.17395918,
         1.40471854],
       [-2.21808832, -0.33548289,  0.95102428,  0.69902973, -1.05791202,
         1.51502515],
       [ 1.67040437, -2.40979694, -1.43758879, -1.47662777, -0.75438491,
         1.60537255],
       [-1.62676469, -1.88614732,  2.17794019,  0.6122432 ,  1.89518612,
        -0.1618202 ]]), array([[-1.21102743, -1.87953599],
       [-0.24720729,  0.88047146],
       [ 0.32917357,  1.27608107],
       [ 1.66612783,  0.392685  ],
       [ 1.40167342, -0.57902154],
       [ 0.74996555, -0.17838116]])], [array([ 0.08799808, -0.9419634 , -2.01744176, -1.06479639, -0.4067797 ,
       -1.99881161]), array([-2.27274875, -1.03226887])]]]
[307453, 3, 'birth', 15, 0, 1, [[array([[-2.11416311, -0.17026565, -1.9296115 ,  2.17185644,  0.9739153 ,
        -2.36400783],
       [ 0.0570091 , -0.52344697, -2.44948974,  0.7286509 ,  1.21767944,
        -1.89231107],
       [ 2.08651627,  2.44948974, -0.51440279, -0.76419074,  0.7841479 ,
        -1.2368288 ],
       [ 1.01296196,  1.7571302 , -2.06047595,  1.63454594,  0.32346452,
         1.81294621],
       [ 1.96005388, -0.71532943,  0.94706035,  1.97642311, -1.09327584,
        -1.97314595],
       [-1.93566312,  1.87334029, -2.44948974, -1.02786187, -0.04881784,
        -2.21358582]]), array([[-0.42605652,  0.02526265],
       [-0.61948266, -1.20774975],
       [-0.1825021 , -1.41421356],
       [ 0.31655273, -0.44772737],
       [ 0.59299393, -0.15919311],
       [-1.41421356, -1.41421356]])], [array([-0.28697359, -2.22190419, -0.04755053, -0.98902997,  0.9813148 ,
        0.18465818]), array([-0.33771177, -0.27294892])]]]
[488004, 13, 'death']
[488154, 12, 'death']
[488304, 4, 'death']
[488454, 2, 'death']
[488654, 1, 'death']
[488804, 18, 'death']
[488954, 6, 'death']
[489104, 0, 'death']
[489254, 15, 'death']
[489404, 21, 'death']
[489554, 3, 'death']
[489554, 'Extinction!']
