[time, indiv, parent1, parent2, gender, brain]
[150, 13, -1, -1, 0, [[array([[ 0.04303683, -1.7057846 ,  0.32537399,  0.98097732, -0.74525712,
         0.48364487],
       [ 2.40759909, -1.29291215, -0.24699492,  0.07458519,  1.49150999,
        -1.65672702],
       [ 1.65819138,  1.20718706,  2.04927608, -1.41558447, -2.13222113,
        -1.72708513],
       [ 1.14293335,  1.43729992, -1.64642427,  0.67689774, -2.43672273,
        -2.42130089],
       [-1.98944731,  1.35357878, -0.66348343, -1.23016458, -0.10258369,
         1.18115526],
       [ 0.25721715,  2.0909232 ,  2.27746311, -2.28698715,  1.93384211,
        -0.43143195]]), array([[-0.60054655, -1.86185334],
       [ 0.14602941, -0.65764703],
       [ 0.2261985 ,  1.87604805],
       [ 0.945689  , -1.78869752],
       [-0.14525655,  0.67410794],
       [ 1.12832324,  1.12430791]])], [array([ 1.24355964, -2.09877513, -1.15179844,  1.54950804, -2.33002881,
       -0.97887094]), array([ 1.58505451, -2.40210645])]]]
[150, 15, -1, -1, 1, [[array([[-1.09581444,  1.24025213, -0.4019238 , -1.89712246,  2.10085663,
         0.49261483],
       [-0.12696616,  0.58920669,  1.23039054, -2.27744514,  1.53557466,
        -1.92322548],
       [ 1.38763321, -1.56118266,  1.77532007, -1.17048365, -0.98080219,
         2.00971023],
       [-0.61639974, -2.25100923, -1.81094242,  0.55947546, -0.86582308,
         1.89002488],
       [-2.10515938, -0.22829303,  0.00617697, -0.27943518,  1.13599774,
         2.10225233],
       [-1.68826378,  2.13136428, -2.25374103, -1.37118778, -1.13129319,
        -1.91030932]]), array([[ 1.9202508 , -0.88148546],
       [-0.30359257,  0.69676231],
       [-0.74373532, -0.72953985],
       [ 0.46220581,  1.86880918],
       [ 0.45802633, -0.75411181],
       [ 1.87756668, -2.24096472]])], [array([ 0.51895674, -1.35985919,  0.50225668,  0.70477229, -0.8042391 ,
       -1.37330135]), array([-0.78504145, -1.88793458])]]]
[150, 2, -1, -1, 0, [[array([[-0.95718072, -0.94480444, -2.2629817 ,  0.05713796,  0.75854292,
         0.44354442],
       [-1.15800227,  0.79079568,  1.73913731, -0.26704727,  1.2603083 ,
        -0.15094792],
       [-2.4276404 , -0.5830756 , -0.07207682,  1.43687659,  2.1950313 ,
         2.15507688],
       [ 0.56281509,  1.55114498,  1.66803973, -2.00279124,  1.13969171,
         1.60725348],
       [-1.61764023,  1.98710843, -1.11945326, -2.19412839,  1.21190934,
        -1.44770958],
       [ 0.39752875,  1.47696665,  2.00494916,  0.01230039,  1.76901353,
        -0.36434883]]), array([[ 1.7369845 ,  1.76206689],
       [ 1.73314089,  0.51147873],
       [-0.64188438, -1.39297531],
       [-1.90499402, -1.66608148],
       [ 0.15233128, -0.03827294],
       [-1.11412009, -2.4391198 ]])], [array([-2.19518065,  1.09344906,  0.23259877, -0.46803664, -0.67579151,
       -2.00036872]), array([-1.62513015, -2.36298371])]]]
[150, 22, -1, -1, 1, [[array([[-0.39881597,  1.14293053, -1.2320994 , -0.97385917, -0.03113063,
         0.20641922],
       [ 1.79040808, -1.08199072,  2.10938336,  0.88232745,  2.41738729,
        -0.40031679],
       [ 2.28656683, -0.76376192, -2.18430134, -0.55809064, -0.43679878,
        -1.32221058],
       [ 0.83079512,  1.41256669, -1.41137027, -0.68620403,  1.58635169,
         0.47428061],
       [ 0.2596913 , -1.42080626,  1.72342098, -0.10702115, -2.37768932,
        -0.42131833],
       [ 0.06663082, -1.24223969, -0.47707616,  0.64959126, -2.09744202,
         1.24482523]]), array([[ 1.11581392,  1.65483406],
       [-1.70759938,  1.0438754 ],
       [-0.11805145,  0.19238846],
       [-2.12832154, -2.2566409 ],
       [ 1.77794407,  1.02723642],
       [ 0.00738021,  1.97070798]])], [array([-0.35795973, -2.0438341 ,  0.095454  ,  1.27603623, -0.34277613,
       -1.26711899]), array([1.92447186, 2.28885653])]]]
[150, 24, -1, -1, 0, [[array([[-0.899585  ,  0.01073075, -2.23282827, -1.21165456,  1.15809765,
        -0.18221171],
       [-1.43528593, -1.98210693,  2.20214177, -1.65569384,  1.77960256,
        -0.54174549],
       [-1.87082866, -0.0462575 , -1.88306836,  1.63558418, -1.32449404,
         1.37752259],
       [ 0.08040959,  1.81182763,  1.80671086,  1.61599668,  1.85868422,
         0.85758719],
       [ 1.80820103, -1.09612474, -1.34737239, -2.0774286 ,  1.07783206,
         1.30992297],
       [ 0.2172205 , -0.2210421 , -0.34658778, -0.86337905, -1.05212699,
        -1.70874149]]), array([[ 0.55522718,  0.66293677],
       [ 1.07670524, -0.9644042 ],
       [-0.44784464,  0.5041561 ],
       [-1.25014029,  0.14569306],
       [-0.3863584 ,  1.29741732],
       [ 2.31030415,  0.355943  ]])], [array([ 0.17230074,  1.24492715, -0.71009347,  2.28859737, -0.35777941,
       -1.64806764]), array([0.289335  , 2.09256206])]]]
[150, 19, -1, -1, 1, [[array([[ 0.27518707,  1.93045909, -2.03492384,  0.98540963,  1.31524959,
         0.60714247],
       [ 0.45040225,  0.87967964,  1.03798108,  1.68411571,  0.01659567,
         0.4190255 ],
       [-0.23889028,  2.4059945 ,  1.06768111, -2.17113399,  1.83313398,
         0.01983288],
       [ 0.19672551, -0.77341475,  0.05491866,  0.17483948,  1.92015716,
        -0.26911079],
       [-1.47422165, -0.80210537, -2.26628178, -0.15100291, -0.49545743,
         1.86810485],
       [ 1.58630222, -1.67079731, -1.99369255,  1.01629909, -0.72673804,
         0.90826897]]), array([[-0.99536647,  1.52963421],
       [-1.70693428,  1.16282574],
       [ 2.24160126, -2.3608567 ],
       [ 1.76708545, -1.98762257],
       [ 1.5074917 ,  1.61014749],
       [ 0.73757647, -1.9416691 ]])], [array([-0.01537026, -0.50848097, -2.11203744, -0.3461192 ,  1.65305751,
       -2.17286039]), array([0.08373047, 1.18722404])]]]
[150, 1, -1, -1, 0, [[array([[ 0.94696369, -1.55699197,  1.71985476,  1.33912799,  0.59204772,
        -1.99330457],
       [ 0.35839868,  1.24678589, -2.10457726,  1.34860188,  0.83666942,
        -0.79208239],
       [-1.20371888, -2.22665372,  0.53154492,  0.15233517,  0.13119033,
        -0.89811026],
       [ 2.1056123 ,  2.26949318, -1.43112393,  0.7801059 ,  1.0758482 ,
        -0.67271429],
       [ 2.30582558,  1.53961946, -1.86347014, -1.13067838,  2.12423281,
         0.42949992],
       [ 1.73148335, -0.06510839, -2.41402619, -1.57971158, -0.01186224,
        -1.28006272]]), array([[-0.60349823, -0.29676216],
       [-1.67764844,  1.52539378],
       [ 0.76504173,  0.08165438],
       [-2.31428543,  1.70392596],
       [-1.40780422,  1.35740014],
       [ 1.86109867,  1.16264687]])], [array([ 0.88105903, -0.79642554, -1.32482218, -0.86207107,  0.08010557,
       -0.29394949]), array([0.4462115 , 1.48753144])]]]
[150, 6, -1, -1, 1, [[array([[ 2.20869492,  1.75195352, -0.35221401,  2.03680918, -0.84154086,
        -1.0304552 ],
       [ 1.51772867, -0.70426025, -1.38000202,  0.57970183, -2.03051602,
        -2.05557981],
       [ 1.56671853,  1.66979054, -0.41772417,  1.05234776, -1.4731512 ,
        -0.45169869],
       [ 1.34851927, -0.71106129, -1.31202314, -1.35700033, -0.4066048 ,
        -2.02413765],
       [-2.31295859, -1.99288414,  0.30844189, -0.56419692,  0.01059932,
         0.84907166],
       [-0.03955257, -2.38246316,  0.71226603,  1.54896255,  1.36617728,
         0.20530341]]), array([[ 2.18689746,  2.41585729],
       [ 0.10385809,  0.88162646],
       [-1.70483023,  0.4190505 ],
       [-1.78400825,  1.47536525],
       [ 0.58191002, -1.12579832],
       [-1.97613698,  0.4947769 ]])], [array([ 0.16050732, -2.03153391, -1.77746167,  0.9666598 , -1.14472714,
       -1.58489243]), array([0.45087192, 1.40556951])]]]
[150, 5, -1, -1, 0, [[array([[-1.80758736,  2.31152773,  0.25649813,  2.09687012, -0.12750631,
        -0.35873668],
       [ 0.70468182, -0.40225827, -1.32740852,  1.51944145,  2.14051836,
        -0.85222563],
       [-0.38088251,  1.30774278,  0.37289866,  1.60188555, -0.63700416,
        -0.4535617 ],
       [ 0.74345819,  1.4042364 , -1.1275979 , -0.28898535,  0.41029913,
         2.00187285],
       [-0.70152539,  2.32022714, -0.87591405,  2.40402374,  1.34873375,
         1.48748563],
       [-1.92448412, -1.5498238 ,  0.33004011,  0.61459972,  1.75984086,
         1.60682367]]), array([[ 0.32605091,  2.03831875],
       [-1.98580844,  1.18237556],
       [-0.16124785, -0.36219071],
       [-1.02673423,  2.14707247],
       [ 1.50296062, -0.62207287],
       [-0.85701029,  0.59891176]])], [array([-1.80885704, -2.26735036, -1.42289373, -2.15884514, -0.61049975,
       -1.42639789]), array([2.06865846, 2.27765246])]]]
[150, 0, -1, -1, 1, [[array([[ 0.80033394, -1.23368448, -0.90530407, -0.28953782,  0.72131497,
         2.22706071],
       [-1.53110406,  0.53671391, -2.25056058, -0.65213628, -0.60058425,
        -1.86523019],
       [-0.75388651, -1.54777313, -2.08427958,  1.99999553, -0.33904169,
        -2.22675973],
       [-1.41491397, -1.27356567, -1.33366395, -2.08287456,  0.93740983,
         0.51176526],
       [-2.43022782, -1.42058441, -0.91791493, -0.42583154, -0.85509298,
         0.17825802],
       [ 0.6474467 ,  2.04761336, -1.15729775, -2.43354521, -0.68539188,
         0.81682219]]), array([[-1.38232937,  0.35589123],
       [ 1.78910247,  0.65790713],
       [ 2.35473827,  1.00574178],
       [ 0.22326149, -0.49021195],
       [ 1.22340275, -2.12072308],
       [ 0.31861046, -1.46951093]])], [array([-0.92147426,  1.53250602,  0.25690174, -2.35167495,  1.75548211,
       -2.08426654]), array([1.69964621, 1.27993045])]]]
[434904, 12, 'birth', 24, 6, 0, [[array([[-0.899585  ,  0.01073075, -2.23282827, -1.21165456,  1.15809765,
        -0.18221171],
       [-1.43528593, -1.98210693,  2.20214177, -0.48527644,  1.77960256,
        -0.54174549],
       [-2.44948974, -0.0462575 , -2.44948974,  1.63558418, -1.32449404,
         1.37752259],
       [ 0.08040959,  2.44948974,  1.80671086,  1.61599668,  1.85868422,
        -2.44948974],
       [-2.31295859, -1.99288414,  0.30844189, -0.56419692,  0.01059932,
         0.84907166],
       [-0.03955257, -0.18050136,  0.71226603,  1.54896255,  2.44948974,
         0.20530341]]), array([[ 0.05706232,  1.41421356],
       [ 0.10385809,  0.88162646],
       [-1.41421356,  0.4190505 ],
       [-1.41421356,  1.41421356],
       [-1.09776332, -1.12579832],
       [-1.41421356,  0.4947769 ]])], [array([ 0.16050732, -2.03153391, -1.77746167,  0.9666598 , -1.14472714,
       -0.32307695]), array([0.45087192, 1.40556951])]]]
[471604, 13, 'death']
[471754, 15, 'death']
[471904, 2, 'death']
[472104, 22, 'death']
[472254, 24, 'death']
[472404, 19, 'death']
[472654, 1, 'death']
[472804, 6, 'death']
[472954, 5, 'death']
[473104, 0, 'death']
[473254, 12, 'death']
[473254, 'Extinction!']
