[time, indiv, gender, coords]
[5200, 'popsize', 10]
[5750, 13, 0, [3.2064058780670166, -10.902308464050293]]
[5750, 2, 0, [1.7444156408309937, -10.79549789428711]]
[5750, 24, 0, [5.008848190307617, -7.211825847625732]]
[5750, 1, 0, [10.480916023254395, -10.91572380065918]]
[5750, 5, 0, [7.555743217468262, -11.0480375289917]]
[5750, 15, 1, [7.642884254455566, -1.9113500118255615]]
[5750, 22, 1, [3.3493435382843018, -7.291599273681641]]
[5750, 19, 1, [7.451523303985596, -4.930778980255127]]
[5750, 6, 1, [1.6273733377456665, -9.230315208435059]]
[5750, 0, 1, [10.436484336853027, -1.9432380199432373]]
[9850, 'popsize', 10]
[10400, 13, 0, [3.264270305633545, -10.898905754089355]]
[10400, 2, 0, [1.8092930316925049, -10.692941665649414]]
[10400, 24, 0, [5.0986785888671875, -7.239160537719727]]
[10400, 1, 0, [10.866730690002441, -10.878567695617676]]
[10400, 5, 0, [7.54392147064209, -11.052841186523438]]
[10400, 15, 1, [7.567954063415527, -1.530881643295288]]
[10400, 22, 1, [3.4464292526245117, -7.213395595550537]]
[10400, 19, 1, [7.498603343963623, -4.9195942878723145]]
[10400, 6, 1, [1.3127429485321045, -9.079516410827637]]
[10400, 0, 1, [10.818108558654785, -1.9015084505081177]]
[14500, 'popsize', 10]
[15050, 13, 0, [3.2734267711639404, -10.844782829284668]]
[15050, 2, 0, [1.782702922821045, -10.574609756469727]]
[15050, 24, 0, [5.143975734710693, -7.318023204803467]]
[15050, 1, 0, [11.24341106414795, -10.812002182006836]]
[15050, 5, 0, [7.520444393157959, -11.057877540588379]]
[15050, 15, 1, [7.4658331871032715, -1.1674001216888428]]
[15050, 22, 1, [3.6845076084136963, -7.079641342163086]]
[15050, 19, 1, [7.4997124671936035, -4.968259811401367]]
[15050, 6, 1, [1.0946801900863647, -8.815594673156738]]
[15050, 0, 1, [11.197977066040039, -1.8340216875076294]]
[19100, 'popsize', 10]
[19650, 13, 0, [3.2521538734436035, -10.871798515319824]]
[19650, 2, 0, [1.6009312868118286, -10.469191551208496]]
[19650, 24, 0, [5.227560520172119, -7.289342403411865]]
[19650, 1, 0, [11.613873481750488, -10.719832420349121]]
[19650, 5, 0, [7.487252235412598, -11.071314811706543]]
[19650, 15, 1, [7.327898025512695, -0.8099616169929504]]
[19650, 22, 1, [3.7877304553985596, -7.2889909744262695]]
[19650, 19, 1, [7.45283317565918, -4.959714412689209]]
[19650, 6, 1, [1.0113238096237183, -8.487049102783203]]
[19650, 0, 1, [11.570086479187012, -1.7402098178863525]]
[23750, 'popsize', 10]
[24300, 13, 0, [3.3173184394836426, -10.885300636291504]]
[24300, 2, 0, [1.2418330907821655, -10.32911491394043]]
[24300, 24, 0, [5.180027961730957, -7.202273368835449]]
[24300, 1, 0, [11.984413146972656, -10.60023307800293]]
[24300, 5, 0, [7.498532295227051, -11.093547821044922]]
[24300, 15, 1, [7.1605916023254395, -0.46110275387763977]]
[24300, 22, 1, [3.8761892318725586, -7.664858341217041]]
[24300, 19, 1, [7.470711708068848, -4.914314270019531]]
[24300, 6, 1, [1.081022024154663, -8.147549629211426]]
[24300, 0, 1, [11.928694725036621, -1.6241192817687988]]
[28400, 'popsize', 10]
[29000, 13, 0, [3.3322598934173584, -10.833295822143555]]
[29000, 2, 0, [0.875440239906311, -10.220808029174805]]
[29000, 24, 0, [5.153791904449463, -7.062739372253418]]
[29000, 1, 0, [12.338446617126465, -10.449960708618164]]
[29000, 5, 0, [7.476117134094238, -11.102462768554688]]
[29000, 15, 1, [6.961616039276123, -0.13576552271842957]]
[29000, 22, 1, [3.926884651184082, -8.052849769592285]]
[29000, 19, 1, [7.514358997344971, -4.936678886413574]]
[29000, 6, 1, [1.291014552116394, -7.869543075561523]]
[29000, 0, 1, [12.098051071166992, -1.6212667226791382]]
[33100, 'popsize', 10]
[33650, 13, 0, [3.3036928176879883, -10.864116668701172]]
[33650, 2, 0, [0.50327467918396, -10.14865779876709]]
[33650, 24, 0, [5.092460632324219, -7.074846267700195]]
[33650, 1, 0, [12.35152530670166, -10.403058052062988]]
[33650, 5, 0, [7.4785895347595215, -11.119207382202148]]
[33650, 15, 1, [6.88803243637085, -0.11077453196048737]]
[33650, 22, 1, [3.9494996070861816, -8.446890830993652]]
[33650, 19, 1, [7.486677169799805, -4.971807479858398]]
[33650, 6, 1, [1.61395263671875, -7.6795735359191895]]
[33650, 0, 1, [12.093501091003418, -1.6160836219787598]]
[37750, 'popsize', 10]
[38300, 13, 0, [3.368082046508789, -10.881616592407227]]
[38300, 2, 0, [0.2566653788089752, -10.114387512207031]]
[38300, 24, 0, [5.109190940856934, -7.1222758293151855]]
[38300, 1, 0, [12.375383377075195, -10.436263084411621]]
[38300, 5, 0, [7.451626300811768, -11.127412796020508]]
[38300, 15, 1, [6.794731616973877, -0.14174523949623108]]
[38300, 22, 1, [3.941215991973877, -8.835166931152344]]
[38300, 19, 1, [7.450109004974365, -4.939666748046875]]
[38300, 6, 1, [1.6743459701538086, -7.667335510253906]]
[38300, 0, 1, [11.952313423156738, -1.257010579109192]]
[42400, 'popsize', 10]
[43000, 13, 0, [3.384700298309326, -10.82960319519043]]
[43000, 2, 0, [0.3274569511413574, -10.031245231628418]]
[43000, 24, 0, [5.110740661621094, -7.056639671325684]]
[43000, 1, 0, [12.400083541870117, -10.452869415283203]]
[43000, 5, 0, [7.477790355682373, -11.155590057373047]]
[43000, 15, 1, [6.517518043518066, -0.19445712864398956]]
[43000, 22, 1, [3.905390739440918, -9.174626350402832]]
[43000, 19, 1, [7.4892401695251465, -4.9116621017456055]]
[43000, 6, 1, [1.7054013013839722, -7.645365238189697]]
[43000, 0, 1, [11.84473705291748, -0.8771753907203674]]
[47100, 'popsize', 10]
[47650, 13, 0, [3.354684591293335, -10.853204727172852]]
[47650, 2, 0, [0.29794538021087646, -9.913331031799316]]
[47650, 24, 0, [4.980475425720215, -7.000886917114258]]
[47650, 1, 0, [12.355340957641602, -10.399600982666016]]
[47650, 5, 0, [7.501222610473633, -11.12870979309082]]
[47650, 15, 1, [6.16092586517334, -0.28610000014305115]]
[47650, 22, 1, [3.928091287612915, -9.243446350097656]]
[47650, 19, 1, [7.514857769012451, -4.953308582305908]]
[47650, 6, 1, [1.7299106121063232, -7.617671489715576]]
[47650, 0, 1, [11.776293754577637, -0.49314600229263306]]
[51750, 'popsize', 10]
[52300, 13, 0, [3.4082930088043213, -10.86530876159668]]
[52300, 2, 0, [0.13274431228637695, -9.833808898925781]]
[52300, 24, 0, [4.917590141296387, -7.005161762237549]]
[52300, 1, 0, [12.37713623046875, -10.36282730102539]]
[52300, 5, 0, [7.489902019500732, -11.174283027648926]]
[52300, 15, 1, [5.93815803527832, -0.36589905619621277]]
[52300, 22, 1, [3.9159460067749023, -9.254691123962402]]
[52300, 19, 1, [7.4662933349609375, -4.970796585083008]]
[52300, 6, 1, [1.7652338743209839, -7.581780910491943]]
[52300, 0, 1, [11.753787994384766, -0.12483945488929749]]
[56450, 'popsize', 10]
[57000, 13, 0, [3.411846399307251, -10.814176559448242]]
[57000, 2, 0, [0.12327030301094055, -9.804983139038086]]
[57000, 24, 0, [4.8523783683776855, -6.995724201202393]]
[57000, 1, 0, [12.375092506408691, -10.358863830566406]]
[57000, 5, 0, [7.474278926849365, -11.166572570800781]]
[57000, 15, 1, [5.921699047088623, -0.31739339232444763]]
[57000, 22, 1, [4.081291675567627, -9.349287033081055]]
[57000, 19, 1, [7.454530239105225, -4.923013210296631]]
[57000, 6, 1, [1.7953532934188843, -7.535658836364746]]
[57000, 0, 1, [11.75383472442627, -0.12483811378479004]]
[61100, 'popsize', 10]
[61650, 13, 0, [3.3888721466064453, -10.8418550491333]]
[61650, 2, 0, [0.12313193082809448, -9.800843238830566]]
[61650, 24, 0, [4.792118072509766, -6.974485874176025]]
[61650, 1, 0, [12.34872817993164, -10.32447624206543]]
[61650, 5, 0, [7.406511306762695, -11.356507301330566]]
[61650, 15, 1, [5.973659992218018, -0.32880669832229614]]
[61650, 22, 1, [4.395552635192871, -9.577326774597168]]
[61650, 19, 1, [7.50194787979126, -4.913140773773193]]
[61650, 6, 1, [1.8096287250518799, -7.5013957023620605]]
[61650, 0, 1, [11.753705024719238, -0.12484009563922882]]
[65700, 'popsize', 10]
[66250, 13, 0, [3.455385208129883, -10.856667518615723]]
[66250, 2, 0, [0.12805716693401337, -9.815882682800293]]
[66250, 24, 0, [4.7140021324157715, -7.049599647521973]]
[66250, 1, 0, [12.295271873474121, -10.33285140991211]]
[66250, 5, 0, [7.462042808532715, -11.337760925292969]]
[66250, 15, 1, [5.933496952056885, -0.3635060489177704]]
[66250, 22, 1, [4.678800106048584, -9.827248573303223]]
[66250, 19, 1, [7.499495029449463, -4.962082862854004]]
[66250, 6, 1, [1.8250603675842285, -7.467220783233643]]
[66250, 0, 1, [11.753664016723633, -0.12484311312437057]]
[70300, 'popsize', 10]
[70850, 13, 0, [3.377943992614746, -11.147660255432129]]
[70850, 2, 0, [0.10495888441801071, -9.694626808166504]]
[70850, 24, 0, [4.795495986938477, -7.075336456298828]]
[70850, 1, 0, [12.378564834594727, -10.360095977783203]]
[70850, 5, 0, [7.422699451446533, -11.302874565124512]]
[70850, 15, 1, [5.926684379577637, -0.3089013397693634]]
[70850, 22, 1, [4.93668794631958, -10.034820556640625]]
[70850, 19, 1, [7.455029010772705, -4.950997829437256]]
[70850, 6, 1, [1.8422014713287354, -7.430704116821289]]
[70850, 0, 1, [11.75371265411377, -0.12483901530504227]]
[74900, 'popsize', 10]
[75450, 13, 0, [3.380359411239624, -11.159280776977539]]
[75450, 2, 0, [0.12315709888935089, -9.61496353149414]]
[75450, 24, 0, [4.843565940856934, -7.15342903137207]]
[75450, 1, 0, [12.37432861328125, -10.352951049804688]]
[75450, 5, 0, [7.45125150680542, -11.335948944091797]]
[75450, 15, 1, [5.9752936363220215, -0.33178839087486267]]
[75450, 22, 1, [5.274763107299805, -10.087858200073242]]
[75450, 19, 1, [7.479095935821533, -4.909226417541504]]
[75450, 6, 1, [1.8610684871673584, -7.3954033851623535]]
[75450, 0, 1, [11.753642082214355, -0.124837726354599]]
[79550, 'popsize', 10]
[80150, 13, 0, [3.4863662719726562, -11.334966659545898]]
[80150, 2, 0, [0.09939485043287277, -9.808187484741211]]
[80150, 24, 0, [4.785658359527588, -7.2451348304748535]]
[80150, 1, 0, [12.348594665527344, -10.307804107666016]]
[80150, 5, 0, [7.433764457702637, -11.32589340209961]]
[80150, 15, 1, [5.93129825592041, -0.3628540635108948]]
[80150, 22, 1, [5.6562275886535645, -10.165355682373047]]
[80150, 19, 1, [7.518054962158203, -4.939535140991211]]
[80150, 6, 1, [1.8805263042449951, -7.360678672790527]]
[80150, 0, 1, [11.753564834594727, -0.12483526766300201]]
[84200, 'popsize', 10]
[84750, 13, 0, [3.5034520626068115, -11.363536834716797]]
[84750, 2, 0, [0.10425823926925659, -9.894257545471191]]
[84750, 24, 0, [4.726433753967285, -7.327550411224365]]
[84750, 1, 0, [12.376949310302734, -10.304676055908203]]
[84750, 5, 0, [7.409482955932617, -11.3341646194458]]
[84750, 15, 1, [5.927618980407715, -0.3065449595451355]]
[84750, 22, 1, [6.02626371383667, -10.266365051269531]]
[84750, 19, 1, [7.488565921783447, -4.976078987121582]]
[84750, 6, 1, [1.8996121883392334, -7.326153755187988]]
[84750, 0, 1, [11.753613471984863, -0.12483808398246765]]
[88850, 'popsize', 10]
[89450, 13, 0, [3.5507631301879883, -11.394930839538574]]
[89450, 2, 0, [0.10478109866380692, -9.971672058105469]]
[89450, 24, 0, [4.646671295166016, -7.305127143859863]]
[89450, 1, 0, [12.374727249145508, -10.289532661437988]]
[89450, 5, 0, [7.409125804901123, -11.353049278259277]]
[89450, 15, 1, [5.971564769744873, -0.33027178049087524]]
[89450, 22, 1, [6.173864364624023, -10.286537170410156]]
[89450, 19, 1, [7.462271213531494, -4.9378557205200195]]
[89450, 6, 1, [1.9230971336364746, -7.290909290313721]]
[89450, 0, 1, [11.753482818603516, -0.12484118342399597]]
[93500, 'popsize', 10]
[94050, 13, 0, [3.512206554412842, -11.394418716430664]]
[94050, 2, 0, [0.105241559445858, -10.043937683105469]]
[94050, 24, 0, [4.689337253570557, -7.408878803253174]]
[94050, 1, 0, [12.350107192993164, -10.237308502197266]]
[94050, 5, 0, [7.388789653778076, -11.366095542907715]]
[94050, 15, 1, [5.923253059387207, -0.35643288493156433]]
[94050, 22, 1, [6.277939319610596, -10.25593376159668]]
[94050, 19, 1, [7.505397319793701, -4.915664196014404]]
[94050, 6, 1, [1.9461075067520142, -7.258688449859619]]
[94050, 0, 1, [11.753496170043945, -0.12483810633420944]]
[98100, 'popsize', 10]
[98650, 13, 0, [3.50002121925354, -11.428373336791992]]
[98650, 2, 0, [0.10563547909259796, -10.1110258102417]]
[98650, 24, 0, [4.827061653137207, -7.291934967041016]]
[98650, 1, 0, [12.376059532165527, -10.233713150024414]]
[98650, 5, 0, [7.394595146179199, -11.384779930114746]]
[98650, 15, 1, [5.922087669372559, -0.30401045083999634]]
[98650, 22, 1, [6.427976131439209, -10.23677921295166]]
[98650, 19, 1, [7.5209879875183105, -4.959927558898926]]
[98650, 6, 1, [1.9680259227752686, -7.2291669845581055]]
[98650, 0, 1, [11.753405570983887, -0.12483734637498856]]
[102851, 'popsize', 10]
[103401, 13, 0, [3.5603644847869873, -11.413469314575195]]
[103401, 2, 0, [0.10598380863666534, -10.176361083984375]]
[103401, 24, 0, [4.881413459777832, -7.374200344085693]]
[103401, 1, 0, [12.377445220947266, -10.251184463500977]]
[103401, 5, 0, [7.374156475067139, -11.395312309265137]]
[103401, 15, 1, [5.8257622718811035, -0.1978909969329834]]
[103401, 22, 1, [6.47736930847168, -10.256518363952637]]
[103401, 19, 1, [7.476504325866699, -4.966771602630615]]
[103401, 6, 1, [1.9932947158813477, -7.196895599365234]]
[103401, 0, 1, [11.753321647644043, -0.12483783066272736]]
[107451, 'popsize', 10]
[108001, 13, 0, [3.378936767578125, -11.402351379394531]]
[108001, 2, 0, [0.10598975419998169, -10.238677978515625]]
[108001, 24, 0, [4.9155683517456055, -7.309125900268555]]
[108001, 1, 0, [12.377473831176758, -10.2572021484375]]
[108001, 5, 0, [7.3795671463012695, -11.4202880859375]]
[108001, 15, 1, [5.758090496063232, -0.120839923620224]]
[108001, 22, 1, [6.490767002105713, -10.290621757507324]]
[108001, 19, 1, [7.47906494140625, -4.916294097900391]]
[108001, 6, 1, [2.015821695327759, -7.167809963226318]]
[108001, 0, 1, [11.753143310546875, -0.12484122067689896]]
[112151, 'popsize', 10]
[112701, 13, 0, [3.1667654514312744, -11.391427993774414]]
[112701, 2, 0, [0.10598006099462509, -10.302417755126953]]
[112701, 24, 0, [4.86370325088501, -7.326581954956055]]
[112701, 1, 0, [12.401897430419922, -10.270803451538086]]
[112701, 5, 0, [7.360760688781738, -11.432924270629883]]
[112701, 15, 1, [5.6373090744018555, -0.1115693673491478]]
[112701, 22, 1, [6.5117950439453125, -10.324030876159668]]
[112701, 19, 1, [7.525484085083008, -4.922354698181152]]
[112701, 6, 1, [2.0437066555023193, -7.13831901550293]]
[112701, 0, 1, [11.753202438354492, -0.12483605742454529]]
[116751, 'popsize', 10]
[117301, 13, 0, [3.1834981441497803, -11.421527862548828]]
[117301, 2, 0, [0.10598161071538925, -10.364640235900879]]
[117301, 24, 0, [4.795688629150391, -7.304515838623047]]
[117301, 1, 0, [12.35913372039795, -10.2379150390625]]
[117301, 5, 0, [7.392677307128906, -11.456299781799316]]
[117301, 15, 1, [5.456946849822998, -0.13233782351016998]]
[117301, 22, 1, [6.524526119232178, -10.310806274414062]]
[117301, 19, 1, [7.513435363769531, -4.970366477966309]]
[117301, 6, 1, [2.072437286376953, -7.109575271606445]]
[117301, 0, 1, [11.753315925598145, -0.124836765229702]]
[121301, 'popsize', 10]
[121851, 13, 0, [2.8925259113311768, -11.52825927734375]]
[121851, 2, 0, [0.10600148886442184, -10.426254272460938]]
[121851, 24, 0, [4.845551013946533, -7.448179244995117]]
[121851, 1, 0, [12.376609802246094, -10.231921195983887]]
[121851, 5, 0, [7.424670219421387, -11.436905860900879]]
[121851, 15, 1, [5.512762546539307, -0.11698810011148453]]
[121851, 22, 1, [6.524766445159912, -10.370866775512695]]
[121851, 19, 1, [7.468934535980225, -4.944647312164307]]
[121851, 6, 1, [2.0983805656433105, -7.081934928894043]]
[121851, 0, 1, [11.75325870513916, -0.12483672052621841]]
[125901, 'popsize', 10]
[126451, 13, 0, [2.564856767654419, -11.710902214050293]]
[126451, 2, 0, [0.10578293353319168, -10.490474700927734]]
[126451, 24, 0, [4.79866361618042, -7.450259208679199]]
[126451, 1, 0, [12.315096855163574, -10.216035842895508]]
[126451, 5, 0, [7.408867359161377, -11.458786010742188]]
[126451, 15, 1, [5.519528865814209, -0.17835041880607605]]
[126451, 22, 1, [6.513429164886475, -10.29666519165039]]
[126451, 19, 1, [7.502038478851318, -4.905142307281494]]
[126451, 6, 1, [2.128190755844116, -7.0559539794921875]]
[126451, 0, 1, [11.753220558166504, -0.12484205514192581]]
[130501, 'popsize', 10]
[131051, 13, 0, [2.5087311267852783, -11.737065315246582]]
[131051, 2, 0, [0.10601793974637985, -10.552581787109375]]
[131051, 24, 0, [4.848678112030029, -7.3753180503845215]]
[131051, 1, 0, [12.39284610748291, -10.289772033691406]]
[131051, 5, 0, [7.3883376121521, -11.442805290222168]]
[131051, 15, 1, [5.517637252807617, -0.12918442487716675]]
[131051, 22, 1, [6.590059757232666, -10.283977508544922]]
[131051, 19, 1, [7.534761428833008, -4.943650722503662]]
[131051, 6, 1, [2.1589512825012207, -7.030547618865967]]
[131051, 0, 1, [11.753303527832031, -0.12483853101730347]]
[135001, 'popsize', 10]
[135601, 13, 0, [2.4947197437286377, -11.781076431274414]]
[135601, 2, 0, [0.10602132230997086, -10.613643646240234]]
[135601, 24, 0, [4.848882675170898, -7.352356910705566]]
[135601, 1, 0, [12.376537322998047, -10.285895347595215]]
[135601, 5, 0, [7.378887176513672, -11.46323013305664]]
[135601, 15, 1, [5.235045909881592, -0.21774542331695557]]
[135601, 22, 1, [6.598566055297852, -10.236757278442383]]
[135601, 19, 1, [7.48834753036499, -4.963796138763428]]
[135601, 6, 1, [2.185925006866455, -7.007753849029541]]
[135601, 0, 1, [11.753212928771973, -0.1248413696885109]]
[139601, 'popsize', 10]
[140151, 13, 0, [2.5651051998138428, -11.769571304321289]]
[140151, 2, 0, [0.10604409128427505, -10.675675392150879]]
[140151, 24, 0, [4.768747806549072, -7.390666484832764]]
[140151, 1, 0, [12.36402416229248, -10.25999927520752]]
[140151, 5, 0, [7.359954357147217, -11.4495849609375]]
[140151, 15, 1, [5.210869312286377, -0.22626075148582458]]
[140151, 22, 1, [6.4993438720703125, -9.863347053527832]]
[140151, 19, 1, [7.476837158203125, -4.912171840667725]]
[140151, 6, 1, [2.2195892333984375, -6.985397815704346]]
[140151, 0, 1, [11.753236770629883, -0.12483572959899902]]
[144201, 'popsize', 10]
[144751, 13, 0, [2.584493398666382, -12.049976348876953]]
[144751, 2, 0, [0.10608037561178207, -10.737736701965332]]
[144751, 24, 0, [4.769620418548584, -7.424052715301514]]
[144751, 1, 0, [12.342289924621582, -10.292182922363281]]
[144751, 5, 0, [7.347739219665527, -11.469819068908691]]
[144751, 15, 1, [5.048479080200195, -0.15306690335273743]]
[144751, 22, 1, [6.43122673034668, -9.482621192932129]]
[144751, 19, 1, [7.525459289550781, -4.914686679840088]]
[144751, 6, 1, [2.2542388439178467, -6.963682174682617]]
[144751, 0, 1, [11.753172874450684, -0.12484035640954971]]
[148801, 'popsize', 10]
[149351, 13, 0, [2.55796480178833, -12.375357627868652]]
[149351, 2, 0, [0.10607166588306427, -10.800111770629883]]
[149351, 24, 0, [4.779995441436768, -7.410710334777832]]
[149351, 1, 0, [12.373851776123047, -10.244902610778809]]
[149351, 5, 0, [7.325203895568848, -11.463285446166992]]
[149351, 15, 1, [5.03316593170166, -0.14556629955768585]]
[149351, 22, 1, [6.396494388580322, -9.096435546875]]
[149351, 19, 1, [7.51347017288208, -4.962923526763916]]
[149351, 6, 1, [2.2844655513763428, -6.945843696594238]]
[149351, 0, 1, [11.752979278564453, -0.12483569979667664]]
[153401, 'popsize', 10]
[153951, 13, 0, [2.5313727855682373, -12.32575511932373]]
[153951, 2, 0, [0.10601229220628738, -10.862333297729492]]
[153951, 24, 0, [4.717707633972168, -7.4098310470581055]]
[153951, 1, 0, [12.323955535888672, -10.244945526123047]]
[153951, 5, 0, [7.316324710845947, -11.48406982421875]]
[153951, 15, 1, [5.009066104888916, -0.1410362273454666]]
[153951, 22, 1, [6.401021480560303, -8.758078575134277]]
[153951, 19, 1, [7.467988014221191, -4.941756725311279]]
[153951, 6, 1, [2.31771183013916, -6.925599575042725]]
[153951, 0, 1, [11.752903938293457, -0.12484080344438553]]
[158001, 'popsize', 10]
[158551, 13, 0, [2.53204607963562, -12.3524169921875]]
[158551, 2, 0, [0.10599889606237411, -10.924860000610352]]
[158551, 24, 0, [4.741000175476074, -7.391800403594971]]
[158551, 1, 0, [12.354327201843262, -10.280831336975098]]
[158551, 5, 0, [7.299004554748535, -11.47873306274414]]
[158551, 15, 1, [5.05914831161499, -0.1348007321357727]]
[158551, 22, 1, [6.456002235412598, -8.650668144226074]]
[158551, 19, 1, [7.5021586418151855, -4.902260780334473]]
[158551, 6, 1, [2.352976083755493, -6.906051158905029]]
[158551, 0, 1, [11.752835273742676, -0.12483911216259003]]
[162801, 'popsize', 10]
[163351, 13, 0, [2.246854543685913, -12.392107963562012]]
[163351, 2, 0, [0.10601440072059631, -10.989911079406738]]
[163351, 24, 0, [4.79246187210083, -7.390322685241699]]
[163351, 1, 0, [12.372690200805664, -10.233713150024414]]
[163351, 5, 0, [7.288442134857178, -11.491891860961914]]
[163351, 15, 1, [5.0499444007873535, -0.17976489663124084]]
[163351, 22, 1, [6.4053239822387695, -8.685003280639648]]
[163351, 19, 1, [7.5342888832092285, -4.933684349060059]]
[163351, 6, 1, [2.389000415802002, -6.886078357696533]]
[163351, 0, 1, [11.752830505371094, -0.12483863532543182]]
[167501, 'popsize', 10]
[168051, 13, 0, [2.267901659011841, -12.339811325073242]]
[168051, 2, 0, [0.10603978484869003, -11.053335189819336]]
[168051, 24, 0, [4.819725036621094, -7.331628322601318]]
[168051, 1, 0, [12.388635635375977, -10.344791412353516]]
[168051, 5, 0, [7.266917705535889, -11.494281768798828]]
[168051, 15, 1, [5.0211286544799805, -0.14496640861034393]]
[168051, 22, 1, [6.498825550079346, -8.929750442504883]]
[168051, 19, 1, [7.498329162597656, -4.963032245635986]]
[168051, 6, 1, [2.426333427429199, -6.867140769958496]]
[168051, 0, 1, [11.75269889831543, -0.12484245002269745]]
[172351, 'popsize', 10]
[172901, 13, 0, [2.2665963172912598, -12.376949310302734]]
[172901, 2, 0, [0.10607989132404327, -11.118755340576172]]
[172901, 24, 0, [4.782023906707764, -7.30881929397583]]
[172901, 1, 0, [12.356480598449707, -10.298980712890625]]
[172901, 5, 0, [7.280683994293213, -11.542840003967285]]
[172901, 15, 1, [4.947842597961426, -0.2788061499595642]]
[172901, 22, 1, [6.583094596862793, -9.321654319763184]]
[172901, 19, 1, [7.4697184562683105, -4.928360939025879]]
[172901, 6, 1, [2.462324857711792, -6.84937858581543]]
[172901, 0, 1, [11.75273323059082, -0.12483850866556168]]
[177051, 'popsize', 10]
[177651, 13, 0, [2.2775168418884277, -12.382736206054688]]
[177651, 2, 0, [0.10599613189697266, -11.18282413482666]]
[177651, 24, 0, [4.841101169586182, -7.244090557098389]]
[177651, 1, 0, [12.374841690063477, -10.302660942077637]]
[177651, 5, 0, [7.384183406829834, -11.55699634552002]]
[177651, 15, 1, [4.912782192230225, -0.24591194093227386]]
[177651, 22, 1, [6.621820449829102, -9.442419052124023]]
[177651, 19, 1, [7.506103038787842, -4.900588035583496]]
[177651, 6, 1, [2.500033140182495, -6.832180500030518]]
[177651, 0, 1, [11.752614974975586, -0.12483634799718857]]
[181901, 'popsize', 10]
[182451, 13, 0, [2.342623233795166, -12.371503829956055]]
[182451, 2, 0, [0.10603699833154678, -11.248128890991211]]
[182451, 24, 0, [4.768567085266113, -7.269380569458008]]
[182451, 1, 0, [12.378255844116211, -10.273721694946289]]
[182451, 5, 0, [7.510715007781982, -11.6198148727417]]
[182451, 15, 1, [4.95803689956665, -0.21935005486011505]]
[182451, 22, 1, [6.63266658782959, -9.621071815490723]]
[182451, 19, 1, [7.537326812744141, -4.933481693267822]]
[182451, 6, 1, [2.5372824668884277, -6.816085338592529]]
[182451, 0, 1, [11.752448081970215, -0.12484314292669296]]
[186601, 'popsize', 10]
[187151, 13, 0, [2.208087682723999, -12.40086841583252]]
[187151, 2, 0, [0.10605145990848541, -11.311349868774414]]
[187151, 24, 0, [4.824640274047852, -7.276580333709717]]
[187151, 1, 0, [12.381957054138184, -10.304685592651367]]
[187151, 5, 0, [7.534923553466797, -11.615522384643555]]
[187151, 15, 1, [4.817428112030029, -0.11399461328983307]]
[187151, 22, 1, [6.664559841156006, -9.608344078063965]]
[187151, 19, 1, [7.49724817276001, -4.961938381195068]]
[187151, 6, 1, [2.5734546184539795, -6.801558971405029]]
[187151, 0, 1, [11.752381324768066, -0.12484433501958847]]
[191301, 'popsize', 10]
[191851, 13, 0, [2.1881442070007324, -12.34756851196289]]
[191851, 2, 0, [0.09461233019828796, -11.414529800415039]]
[191851, 24, 0, [4.781960487365723, -7.368845462799072]]
[191851, 1, 0, [12.377814292907715, -10.287641525268555]]
[191851, 5, 0, [7.6346659660339355, -11.529075622558594]]
[191851, 15, 1, [4.8181915283203125, -0.13616284728050232]]
[191851, 22, 1, [6.679241180419922, -9.558713912963867]]
[191851, 19, 1, [7.471277236938477, -4.918386936187744]]
[191851, 6, 1, [2.6118876934051514, -6.787288188934326]]
[191851, 0, 1, [11.752386093139648, -0.12483377754688263]]
[195951, 'popsize', 10]
[196501, 13, 0, [2.180619716644287, -12.374524116516113]]
[196501, 2, 0, [0.09514832496643066, -11.567920684814453]]
[196501, 24, 0, [4.820691108703613, -7.423565864562988]]
[196501, 1, 0, [12.380670547485352, -10.322846412658691]]
[196501, 5, 0, [7.642054557800293, -11.592047691345215]]
[196501, 15, 1, [4.857549667358398, -0.11096659302711487]]
[196501, 22, 1, [6.663890361785889, -9.203483581542969]]
[196501, 19, 1, [7.514461517333984, -4.8996262550354]]
[196501, 6, 1, [2.6483209133148193, -6.775125026702881]]
[196501, 0, 1, [11.752242088317871, -0.12483839690685272]]
[200602, 'popsize', 10]
[201152, 13, 0, [2.195770502090454, -12.364056587219238]]
[201152, 2, 0, [0.09640257060527802, -11.72460651397705]]
[201152, 24, 0, [4.8583245277404785, -7.486269950866699]]
[201152, 1, 0, [12.336150169372559, -10.35883617401123]]
[201152, 5, 0, [7.643397331237793, -11.578840255737305]]
[201152, 15, 1, [4.849331855773926, -0.17941217124462128]]
[201152, 22, 1, [6.699013710021973, -8.843249320983887]]
[201152, 19, 1, [7.528237342834473, -4.94737434387207]]
[201152, 6, 1, [2.6859753131866455, -6.763769149780273]]
[201152, 0, 1, [11.752074241638184, -0.12483613938093185]]
[205352, 'popsize', 10]
[205902, 13, 0, [2.2498435974121094, -12.383523941040039]]
[205902, 2, 0, [0.10569234192371368, -11.839960098266602]]
[205902, 24, 0, [4.879805088043213, -7.549922943115234]]
[205902, 1, 0, [12.371859550476074, -10.32292652130127]]
[205902, 5, 0, [7.583580493927002, -11.558743476867676]]
[205902, 15, 1, [4.842835903167725, -0.1308094561100006]]
[205902, 22, 1, [6.717484474182129, -8.444067001342773]]
[205902, 19, 1, [7.480923175811768, -4.951770305633545]]
[205902, 6, 1, [2.7218379974365234, -6.754134178161621]]
[205902, 0, 1, [11.752099990844727, -0.12483491003513336]]
[210002, 'popsize', 10]
[210552, 13, 0, [2.245246648788452, -12.334946632385254]]
[210552, 2, 0, [0.09610527753829956, -11.959982872009277]]
[210552, 24, 0, [4.882990837097168, -7.613322734832764]]
[210552, 1, 0, [12.32295036315918, -10.310500144958496]]
[210552, 5, 0, [7.612719535827637, -11.619409561157227]]
[210552, 15, 1, [4.897496223449707, -0.14410778880119324]]
[210552, 22, 1, [6.749515533447266, -8.0614595413208]]
[210552, 19, 1, [7.475621700286865, -4.9057512283325195]]
[210552, 6, 1, [2.7550926208496094, -6.745767593383789]]
[210552, 0, 1, [11.752104759216309, -0.12483642250299454]]
[214602, 'popsize', 10]
[215152, 13, 0, [2.264068126678467, -12.36850643157959]]
[215152, 2, 0, [0.09686549752950668, -12.107606887817383]]
[215152, 24, 0, [4.961305141448975, -7.663719654083252]]
[215152, 1, 0, [12.338483810424805, -10.357290267944336]]
[215152, 5, 0, [7.5706257820129395, -11.605058670043945]]
[215152, 15, 1, [4.891432762145996, -0.0982765331864357]]
[215152, 22, 1, [6.776236057281494, -7.711657524108887]]
[215152, 19, 1, [7.521885395050049, -4.910309791564941]]
[215152, 6, 1, [2.7939798831939697, -6.7376556396484375]]
[215152, 0, 1, [11.752009391784668, -0.12483637779951096]]
[219302, 'popsize', 10]
[219852, 13, 0, [2.3212673664093018, -12.335128784179688]]
[219852, 2, 0, [0.0997755229473114, -12.217217445373535]]
[219852, 24, 0, [4.9887776374816895, -7.749505519866943]]
[219852, 1, 0, [12.375457763671875, -10.322004318237305]]
[219852, 5, 0, [7.788145542144775, -11.517507553100586]]
[219852, 15, 1, [4.938488960266113, -0.14122717082500458]]
[219852, 22, 1, [6.75710391998291, -7.584845542907715]]
[219852, 19, 1, [7.509676456451416, -4.957395553588867]]
[219852, 6, 1, [2.8307740688323975, -6.730968475341797]]
[219852, 0, 1, [11.751937866210938, -0.12484091520309448]]
[223902, 'popsize', 10]
[224452, 13, 0, [2.2950644493103027, -12.321257591247559]]
[224452, 2, 0, [0.09561852365732193, -12.349370002746582]]
[224452, 24, 0, [5.056909561157227, -7.7402262687683105]]
[224452, 1, 0, [12.32419490814209, -10.301959037780762]]
[224452, 5, 0, [8.118334770202637, -11.475326538085938]]
[224452, 15, 1, [4.928166389465332, -0.12408898025751114]]
[224452, 22, 1, [6.8007378578186035, -7.62716817855835]]
[224452, 19, 1, [7.46266508102417, -4.938558578491211]]
[224452, 6, 1, [2.8665692806243896, -6.725196838378906]]
[224452, 0, 1, [11.751806259155273, -0.12484419345855713]]
[228502, 'popsize', 10]
[229052, 13, 0, [2.329129934310913, -12.352831840515137]]
[229052, 2, 0, [0.09438569098711014, -12.380745887756348]]
[229052, 24, 0, [4.991057872772217, -7.714580535888672]]
[229052, 1, 0, [12.335768699645996, -10.349339485168457]]
[229052, 5, 0, [8.263525009155273, -11.45557975769043]]
[229052, 15, 1, [4.926891326904297, -0.1466556042432785]]
[229052, 22, 1, [6.82295560836792, -7.662807941436768]]
[229052, 19, 1, [7.4913649559021, -4.895275592803955]]
[229052, 6, 1, [2.8970558643341064, -6.720829963684082]]
[229052, 0, 1, [11.751850128173828, -0.12483584135770798]]
[233152, 'popsize', 10]
[233752, 13, 0, [2.3625638484954834, -12.300549507141113]]
[233752, 2, 0, [0.09441205859184265, -12.380764961242676]]
[233752, 24, 0, [5.013397216796875, -7.697910785675049]]
[233752, 1, 0, [12.371569633483887, -10.314263343811035]]
[233752, 5, 0, [8.385857582092285, -11.350914001464844]]
[233752, 15, 1, [4.9029860496521, -0.12977606058120728]]
[233752, 22, 1, [6.977910041809082, -7.9989495277404785]]
[233752, 19, 1, [7.52547025680542, -4.927544593811035]]
[233752, 6, 1, [2.9238572120666504, -6.717472076416016]]
[233752, 0, 1, [11.751753807067871, -0.12484196573495865]]
[237802, 'popsize', 10]
[238402, 13, 0, [2.252260208129883, -12.3511323928833]]
[238402, 2, 0, [0.09437935799360275, -12.38075065612793]]
[238402, 24, 0, [5.101019382476807, -7.745359897613525]]
[238402, 1, 0, [12.318678855895996, -10.307924270629883]]
[238402, 5, 0, [8.426973342895508, -11.332819938659668]]
[238402, 15, 1, [4.953641414642334, -0.15335677564144135]]
[238402, 22, 1, [7.090616703033447, -8.365745544433594]]
[238402, 19, 1, [7.488131046295166, -4.960453987121582]]
[238402, 6, 1, [2.9567344188690186, -6.714588642120361]]
[238402, 0, 1, [11.751773834228516, -0.12483717501163483]]
[242452, 'popsize', 10]
[243002, 13, 0, [2.26806378364563, -12.34273910522461]]
[243002, 2, 0, [0.09438583254814148, -12.380757331848145]]
[243002, 24, 0, [5.110212802886963, -7.650893211364746]]
[243002, 1, 0, [12.34195327758789, -10.357803344726562]]
[243002, 5, 0, [8.564640045166016, -11.289236068725586]]
[243002, 15, 1, [4.774816989898682, -0.10831774026155472]]
[243002, 22, 1, [7.160190582275391, -8.646902084350586]]
[243002, 19, 1, [7.462525844573975, -4.915921688079834]]
[243002, 6, 1, [2.9902231693267822, -6.712653160095215]]
[243002, 0, 1, [11.75174331665039, -0.12484047561883926]]
[247102, 'popsize', 10]
[247652, 13, 0, [2.206195831298828, -12.329392433166504]]
[247652, 2, 0, [0.09444250166416168, -12.380789756774902]]
[247652, 24, 0, [5.0203423500061035, -7.522464752197266]]
[247652, 1, 0, [12.367746353149414, -10.31010627746582]]
[247652, 5, 0, [8.629237174987793, -11.161760330200195]]
[247652, 15, 1, [4.773176670074463, -0.15280991792678833]]
[247652, 22, 1, [7.233351230621338, -8.757619857788086]]
[247652, 19, 1, [7.508085250854492, -4.896855354309082]]
[247652, 6, 1, [3.025359869003296, -6.711455821990967]]
[247652, 0, 1, [11.751620292663574, -0.1248374655842781]]
[251702, 'popsize', 10]
[252252, 13, 0, [2.227346420288086, -12.349209785461426]]
[252252, 2, 0, [0.09451599419116974, -12.380839347839355]]
[252252, 24, 0, [5.098204612731934, -7.524827003479004]]
[252252, 1, 0, [12.31814956665039, -10.307404518127441]]
[252252, 5, 0, [8.618839263916016, -11.1890230178833]]
[252252, 15, 1, [4.766077041625977, -0.131228506565094]]
[252252, 22, 1, [7.368471622467041, -8.966614723205566]]
[252252, 19, 1, [7.514900207519531, -4.941234111785889]]
[252252, 6, 1, [3.0604665279388428, -6.710504055023193]]
[252252, 0, 1, [11.751450538635254, -0.12484046071767807]]
[256302, 'popsize', 10]
[256852, 13, 0, [2.232083797454834, -12.288982391357422]]
[256852, 2, 0, [0.09440256655216217, -12.380768775939941]]
[256852, 24, 0, [5.027523040771484, -7.5175557136535645]]
[256852, 1, 0, [12.39780330657959, -10.400467872619629]]
[256852, 5, 0, [8.60118293762207, -11.169677734375]]
[256852, 15, 1, [4.814931869506836, -0.14070165157318115]]
[256852, 22, 1, [7.708625316619873, -9.141725540161133]]
[256852, 19, 1, [7.461813926696777, -4.938094139099121]]
[256852, 6, 1, [3.09100604057312, -6.710537433624268]]
[256852, 0, 1, [11.751376152038574, -0.12484245002269745]]
[260952, 'popsize', 10]
[261552, 13, 0, [2.1683928966522217, -12.307573318481445]]
[261552, 2, 0, [0.09441732615232468, -12.380773544311523]]
[261552, 24, 0, [5.050428867340088, -7.556028842926025]]
[261552, 1, 0, [12.37124252319336, -10.425935745239258]]
[261552, 5, 0, [8.58529281616211, -11.165112495422363]]
[261552, 15, 1, [4.782940864562988, -0.1774359941482544]]
[261552, 22, 1, [8.024815559387207, -9.346158981323242]]
[261552, 19, 1, [7.474879264831543, -4.892318248748779]]
[261552, 6, 1, [3.1265804767608643, -6.711015224456787]]
[261552, 0, 1, [11.751330375671387, -0.12484563142061234]]
[265652, 'popsize', 10]
[266202, 13, 0, [2.2184698581695557, -12.309953689575195]]
[266202, 2, 0, [0.09445304423570633, -12.380793571472168]]
[266202, 24, 0, [5.0740556716918945, -7.510116100311279]]
[266202, 1, 0, [12.36782455444336, -10.378152847290039]]
[266202, 5, 0, [8.614046096801758, -11.222755432128906]]
[266202, 15, 1, [4.780487537384033, -0.12845806777477264]]
[266202, 22, 1, [8.131397247314453, -9.41462516784668]]
[266202, 19, 1, [7.514761924743652, -4.908013820648193]]
[266202, 6, 1, [3.157428503036499, -6.711402416229248]]
[266202, 0, 1, [11.751420974731445, -0.12483707070350647]]
[270252, 'popsize', 10]
[270802, 13, 0, [2.1766607761383057, -12.280899047851562]]
[270802, 2, 0, [0.09443774819374084, -12.380786895751953]]
[270802, 24, 0, [5.025733470916748, -7.496150493621826]]
[270802, 1, 0, [12.393783569335938, -10.35342025756836]]
[270802, 5, 0, [8.746770858764648, -11.264116287231445]]
[270802, 15, 1, [4.828169822692871, -0.15035660564899445]]
[270802, 22, 1, [8.390146255493164, -9.382655143737793]]
[270802, 19, 1, [7.493325710296631, -4.945160865783691]]
[270802, 6, 1, [3.1902382373809814, -6.7126007080078125]]
[270802, 0, 1, [11.751450538635254, -0.1248370110988617]]
[274902, 'popsize', 10]
[275452, 13, 0, [2.1738827228546143, -12.314189910888672]]
[275452, 2, 0, [0.09451182931661606, -12.38083553314209]]
[275452, 24, 0, [5.186217308044434, -7.396453857421875]]
[275452, 1, 0, [12.375907897949219, -10.39548397064209]]
[275452, 5, 0, [8.744141578674316, -11.278280258178711]]
[275452, 15, 1, [4.65321683883667, -0.10548505932092667]]
[275452, 22, 1, [8.77562427520752, -9.322200775146484]]
[275452, 19, 1, [7.457207679748535, -4.911681652069092]]
[275452, 6, 1, [3.2253212928771973, -6.713906288146973]]
[275452, 0, 1, [11.751355171203613, -0.12483612447977066]]
[279502, 'popsize', 10]
[280052, 13, 0, [2.0016655921936035, -12.30086612701416]]
[280052, 2, 0, [0.09461242705583572, -12.380892753601074]]
[280052, 24, 0, [5.296064376831055, -7.426706790924072]]
[280052, 1, 0, [12.322303771972656, -10.37118148803711]]
[280052, 5, 0, [8.780397415161133, -11.432223320007324]]
[280052, 15, 1, [4.664212703704834, -0.15244828164577484]]
[280052, 22, 1, [9.163572311401367, -9.296405792236328]]
[280052, 19, 1, [7.49068546295166, -4.883932113647461]]
[280052, 6, 1, [3.2590224742889404, -6.715542316436768]]
[280052, 0, 1, [11.75124740600586, -0.12484215945005417]]
[284152, 'popsize', 10]
[284702, 13, 0, [2.01554799079895, -12.331291198730469]]
[284702, 2, 0, [0.09444636106491089, -12.380790710449219]]
[284702, 24, 0, [5.348239898681641, -7.47015380859375]]
[284702, 1, 0, [12.3986177444458, -10.453742980957031]]
[284702, 5, 0, [8.76197624206543, -11.36581039428711]]
[284702, 15, 1, [4.653558254241943, -0.13466192781925201]]
[284702, 22, 1, [9.556175231933594, -9.303977966308594]]
[284702, 19, 1, [7.510899066925049, -4.923624038696289]]
[284702, 6, 1, [3.2908928394317627, -6.719144344329834]]
[284702, 0, 1, [11.751253128051758, -0.12483438849449158]]
[288752, 'popsize', 10]
[289302, 13, 0, [1.9594361782073975, -12.30754280090332]]
[289302, 2, 0, [0.09438122063875198, -12.380743980407715]]
[289302, 24, 0, [5.374570846557617, -7.529017925262451]]
[289302, 1, 0, [12.392097473144531, -10.513984680175781]]
[289302, 5, 0, [8.774930953979492, -11.436079978942871]]
[289302, 15, 1, [4.701089382171631, -0.13784503936767578]]
[289302, 22, 1, [9.939840316772461, -9.347122192382812]]
[289302, 19, 1, [7.464742183685303, -4.94072151184082]]
[289302, 6, 1, [3.324397087097168, -6.7230424880981445]]
[289302, 0, 1, [11.755013465881348, -0.12487345933914185]]
[293352, 'popsize', 10]
[293902, 13, 0, [1.9514933824539185, -12.353349685668945]]
[293902, 2, 0, [0.09438584744930267, -12.38075065612793]]
[293902, 24, 0, [5.396689414978027, -7.586172580718994]]
[293902, 1, 0, [12.392107963562012, -10.565263748168945]]
[293902, 5, 0, [8.868186950683594, -11.4523344039917]]
[293902, 15, 1, [4.5396342277526855, -0.11554744839668274]]
[293902, 22, 1, [10.31786823272705, -9.424481391906738]]
[293902, 19, 1, [7.456459045410156, -4.892928123474121]]
[293902, 6, 1, [3.3592276573181152, -6.7273054122924805]]
[293902, 0, 1, [11.768649101257324, -0.12333489209413528]]
[297953, 'popsize', 10]
[298503, 13, 0, [1.9918889999389648, -12.312491416931152]]
[298503, 2, 0, [0.09443438053131104, -12.380776405334473]]
[298503, 24, 0, [5.396856307983398, -7.645137786865234]]
[298503, 1, 0, [12.392024993896484, -10.61568832397461]]
[298503, 5, 0, [8.809231758117676, -11.467366218566895]]
[298503, 15, 1, [4.530849933624268, -0.14292669296264648]]
[298503, 22, 1, [10.687838554382324, -9.529214859008789]]
[298503, 19, 1, [7.504545211791992, -4.898227214813232]]
[298503, 6, 1, [3.387399673461914, -6.730349540710449]]
[298503, 0, 1, [11.77048110961914, -0.12333226948976517]]
[302853, 'popsize', 10]
[303453, 13, 0, [1.9541438817977905, -12.281335830688477]]
[303453, 2, 0, [0.09449747204780579, -12.380818367004395]]
[303453, 24, 0, [5.525607585906982, -7.680066108703613]]
[303453, 1, 0, [12.392102241516113, -10.669349670410156]]
[303453, 5, 0, [8.856298446655273, -11.419829368591309]]
[303453, 15, 1, [4.508267402648926, -0.15502913296222687]]
[303453, 22, 1, [10.993359565734863, -9.610800743103027]]
[303453, 19, 1, [7.499712944030762, -4.941182613372803]]
[303453, 6, 1, [3.417354106903076, -6.734764575958252]]
[303453, 0, 1, [11.772133827209473, -0.12333328276872635]]
[307603, 'popsize', 10]
[308253, 13, 0, [1.9574757814407349, -12.323246002197266]]
[308253, 2, 0, [0.09453894942998886, -12.380841255187988]]
[308253, 24, 0, [5.573984622955322, -7.502466678619385]]
[308253, 1, 0, [12.392078399658203, -10.720979690551758]]
[308253, 5, 0, [8.849863052368164, -11.44137954711914]]
[308253, 15, 1, [4.549887657165527, -0.12881529331207275]]
[308253, 22, 1, [11.071670532226562, -9.547452926635742]]
[308253, 19, 1, [7.451237678527832, -4.937858581542969]]
[308253, 6, 1, [3.4483814239501953, -6.738799571990967]]
[308253, 0, 1, [11.774629592895508, -0.12333159893751144]]
[312553, 'popsize', 10]
[313153, 13, 0, [1.9977118968963623, -12.289981842041016]]
[313153, 2, 0, [0.09439655393362045, -12.380751609802246]]
[313153, 24, 0, [5.477111339569092, -7.509395122528076]]
[313153, 1, 0, [12.392022132873535, -10.774808883666992]]
[313153, 5, 0, [8.83069133758545, -11.434000015258789]]
[313153, 15, 1, [4.492293357849121, -0.11877644807100296]]
[313153, 22, 1, [10.99012279510498, -9.62045669555664]]
[313153, 19, 1, [7.450953960418701, -4.894232273101807]]
[313153, 6, 1, [3.487736701965332, -6.7450408935546875]]
[313153, 0, 1, [11.77795696258545, -0.12333174794912338]]
[317403, 'popsize', 10]
[318053, 13, 0, [1.9470220804214478, -12.284148216247559]]
[318053, 2, 0, [0.09442146867513657, -12.38076400756836]]
[318053, 24, 0, [5.414874076843262, -7.465204238891602]]
[318053, 1, 0, [12.392013549804688, -10.829536437988281]]
[318053, 5, 0, [8.808720588684082, -11.434510231018066]]
[318053, 15, 1, [4.481507778167725, -0.15023231506347656]]
[318053, 22, 1, [10.97034740447998, -9.69947624206543]]
[318053, 19, 1, [7.494266986846924, -4.887135028839111]]
[318053, 6, 1, [3.5252304077148438, -6.750661373138428]]
[318053, 0, 1, [11.78371524810791, -0.12333036959171295]]
[322203, 'popsize', 10]
[322803, 13, 0, [1.953555703163147, -12.319000244140625]]
[322803, 2, 0, [0.09442714601755142, -12.380766868591309]]
[322803, 24, 0, [5.356724262237549, -7.491442680358887]]
[322803, 1, 0, [12.392121315002441, -10.881598472595215]]
[322803, 5, 0, [8.78867244720459, -11.628101348876953]]
[322803, 15, 1, [4.494217872619629, -0.12719491124153137]]
[322803, 22, 1, [10.850473403930664, -9.74270248413086]]
[322803, 19, 1, [7.4963507652282715, -4.9340715408325195]]
[322803, 6, 1, [3.5612478256225586, -6.756441116333008]]
[322803, 0, 1, [11.786406517028809, -0.12333616614341736]]
[327003, 'popsize', 10]
[327553, 13, 0, [1.9686027765274048, -12.259889602661133]]
[327553, 2, 0, [0.09439440816640854, -12.380751609802246]]
[327553, 24, 0, [5.297975540161133, -7.506036281585693]]
[327553, 1, 0, [12.392021179199219, -10.933135986328125]]
[327553, 5, 0, [8.797027587890625, -11.613568305969238]]
[327553, 15, 1, [4.536603927612305, -0.14740166068077087]]
[327553, 22, 1, [10.711506843566895, -9.770617485046387]]
[327553, 19, 1, [7.452471733093262, -4.936172962188721]]
[327553, 6, 1, [3.595820426940918, -6.761597633361816]]
[327553, 0, 1, [11.788137435913086, -0.12333200126886368]]
[331703, 'popsize', 10]
[332303, 13, 0, [1.9048759937286377, -12.26687240600586]]
[332303, 2, 0, [0.09444104880094528, -12.380778312683105]]
[332303, 24, 0, [5.192790508270264, -7.460716724395752]]
[332303, 1, 0, [12.392109870910645, -10.985962867736816]]
[332303, 5, 0, [8.796993255615234, -11.549995422363281]]
[332303, 15, 1, [4.3637847900390625, -0.11181901395320892]]
[332303, 22, 1, [10.535916328430176, -9.897161483764648]]
[332303, 19, 1, [7.4481987953186035, -4.889714241027832]]
[332303, 6, 1, [3.6286768913269043, -6.7658185958862305]]
[332303, 0, 1, [11.789763450622559, -0.12333081662654877]]
[336603, 'popsize', 10]
[337203, 13, 0, [1.9372153282165527, -12.27660083770752]]
[337203, 2, 0, [0.09441108256578445, -12.38076400756836]]
[337203, 24, 0, [5.0987162590026855, -7.419938564300537]]
[337203, 1, 0, [12.392088890075684, -11.038135528564453]]
[337203, 5, 0, [8.769938468933105, -11.607385635375977]]
[337203, 15, 1, [4.368076324462891, -0.14537769556045532]]
[337203, 22, 1, [10.357039451599121, -10.216629981994629]]
[337203, 19, 1, [7.492379188537598, -4.887503623962402]]
[337203, 6, 1, [3.663778066635132, -6.771478652954102]]
[337203, 0, 1, [11.792352676391602, -0.12333018332719803]]
[341303, 'popsize', 10]
[341903, 13, 0, [1.9282093048095703, -12.239642143249512]]
[341903, 2, 0, [0.09441319853067398, -12.38076114654541]]
[341903, 24, 0, [5.002766132354736, -7.42814826965332]]
[341903, 1, 0, [12.386534690856934, -11.096924781799316]]
[341903, 5, 0, [8.821674346923828, -11.605932235717773]]
[341903, 15, 1, [4.350168704986572, -0.14243078231811523]]
[341903, 22, 1, [10.169569969177246, -10.536887168884277]]
[341903, 19, 1, [7.498847961425781, -4.931084156036377]]
[341903, 6, 1, [3.701082944869995, -6.777743816375732]]
[341903, 0, 1, [11.797224998474121, -0.12333912402391434]]
[346053, 'popsize', 10]
[346603, 13, 0, [1.921630859375, -12.302521705627441]]
[346603, 2, 0, [0.09445343911647797, -12.380792617797852]]
[346603, 24, 0, [5.02990198135376, -7.514407634735107]]
[346603, 1, 0, [12.352823257446289, -11.064093589782715]]
[346603, 5, 0, [8.776116371154785, -11.596982955932617]]
[346603, 15, 1, [4.270832061767578, -0.281572550535202]]
[346603, 22, 1, [10.125348091125488, -10.660621643066406]]
[346603, 19, 1, [7.453361988067627, -4.929001808166504]]
[346603, 6, 1, [3.7358877658843994, -6.783417701721191]]
[346603, 0, 1, [11.799310684204102, -0.1233338788151741]]
[350703, 'popsize', 10]
[351253, 13, 0, [1.960593342781067, -12.272958755493164]]
[351253, 2, 0, [0.09464392066001892, -12.380908012390137]]
[351253, 24, 0, [4.9782938957214355, -7.430968761444092]]
[351253, 1, 0, [12.380783081054688, -11.035263061523438]]
[351253, 5, 0, [8.727717399597168, -11.560582160949707]]
[351253, 15, 1, [4.232949256896973, -0.24808456003665924]]
[351253, 22, 1, [10.139541625976562, -10.609981536865234]]
[351253, 19, 1, [7.459866046905518, -4.880882263183594]]
[351253, 6, 1, [3.765967607498169, -6.787554740905762]]
[351253, 0, 1, [11.801568031311035, -0.12333530187606812]]
[355403, 'popsize', 10]
[356003, 13, 0, [1.7810357809066772, -12.337032318115234]]
[356003, 2, 0, [0.09439772367477417, -12.380755424499512]]
[356003, 24, 0, [4.884052276611328, -7.441082000732422]]
[356003, 1, 0, [12.37735652923584, -11.055059432983398]]
[356003, 5, 0, [8.907970428466797, -11.563953399658203]]
[356003, 15, 1, [4.142526626586914, -0.38151681423187256]]
[356003, 22, 1, [10.089091300964355, -10.617000579833984]]
[356003, 19, 1, [7.5082011222839355, -4.891529560089111]]
[356003, 6, 1, [3.7967019081115723, -6.792855262756348]]
[356003, 0, 1, [11.802992820739746, -0.12333063036203384]]
[360203, 'popsize', 10]
[360753, 13, 0, [1.7633287906646729, -12.326798439025879]]
[360753, 2, 0, [0.09438035637140274, -12.380748748779297]]
[360753, 24, 0, [4.952370643615723, -7.49227237701416]]
[360753, 1, 0, [12.321949005126953, -11.045337677001953]]
[360753, 5, 0, [8.882415771484375, -11.511024475097656]]
[360753, 15, 1, [4.143585681915283, -0.3231789171695709]]
[360753, 22, 1, [10.103263854980469, -10.660395622253418]]
[360753, 19, 1, [7.494377136230469, -4.933260440826416]]
[360753, 6, 1, [3.8315412998199463, -6.7986578941345215]]
[360753, 0, 1, [11.804203987121582, -0.1233326718211174]]
[364803, 'popsize', 10]
[365353, 13, 0, [1.7027174234390259, -12.347162246704102]]
[365353, 2, 0, [0.09441357105970383, -12.380766868591309]]
[365353, 24, 0, [4.923024654388428, -7.355070114135742]]
[365353, 1, 0, [12.395971298217773, -11.12824821472168]]
[365353, 5, 0, [8.857291221618652, -11.55323600769043]]
[365353, 15, 1, [4.103420257568359, -0.3275981545448303]]
[365353, 22, 1, [10.337713241577148, -10.698436737060547]]
[365353, 19, 1, [7.4508748054504395, -4.906752109527588]]
[365353, 6, 1, [3.8633601665496826, -6.80401086807251]]
[365353, 0, 1, [11.8059663772583, -0.12333259731531143]]
[369553, 'popsize', 10]
[370103, 13, 0, [1.7500275373458862, -12.341538429260254]]
[370103, 2, 0, [0.09447066485881805, -12.380807876586914]]
[370103, 24, 0, [4.845371246337891, -7.399011611938477]]
[370103, 1, 0, [12.372669219970703, -11.158059120178223]]
[370103, 5, 0, [8.919081687927246, -11.55636978149414]]
[370103, 15, 1, [4.1539692878723145, -0.34067946672439575]]
[370103, 22, 1, [10.48189926147461, -10.699220657348633]]
[370103, 19, 1, [7.478058338165283, -4.865990161895752]]
[370103, 6, 1, [3.902622699737549, -6.810530662536621]]
[370103, 0, 1, [11.807190895080566, -0.12333392351865768]]
[374253, 'popsize', 10]
[374853, 13, 0, [1.7047322988510132, -12.30717945098877]]
[374853, 2, 0, [0.09443826973438263, -12.380785942077637]]
[374853, 24, 0, [4.7076215744018555, -7.345154762268066]]
[374853, 1, 0, [12.377763748168945, -11.113359451293945]]
[374853, 5, 0, [8.92988109588623, -11.574567794799805]]
[374853, 15, 1, [4.117292881011963, -0.38320887088775635]]
[374853, 22, 1, [10.514923095703125, -10.682671546936035]]
[374853, 19, 1, [7.515499114990234, -4.888257026672363]]
[374853, 6, 1, [3.9382131099700928, -6.815951824188232]]
[374853, 0, 1, [11.808505058288574, -0.12333175539970398]]
[378853, 'popsize', 10]
[379453, 13, 0, [1.7150756120681763, -12.335034370422363]]
[379453, 2, 0, [0.09439099580049515, -12.380753517150879]]
[379453, 24, 0, [4.689424514770508, -7.345803737640381]]
[379453, 1, 0, [12.376880645751953, -11.133551597595215]]
[379453, 5, 0, [8.892581939697266, -11.566654205322266]]
[379453, 15, 1, [4.107813835144043, -0.3310498595237732]]
[379453, 22, 1, [10.579816818237305, -10.844527244567871]]
[379453, 19, 1, [7.481207847595215, -4.921717643737793]]
[379453, 6, 1, [3.9693408012390137, -6.82146692276001]]
[379453, 0, 1, [11.81046199798584, -0.12333005666732788]]
[383603, 'popsize', 10]
[384203, 13, 0, [1.5525023937225342, -12.320301055908203]]
[384203, 2, 0, [0.09439632296562195, -12.380755424499512]]
[384203, 24, 0, [4.75751256942749, -7.254262447357178]]
[384203, 1, 0, [12.376870155334473, -11.13815975189209]]
[384203, 5, 0, [8.912801742553711, -11.558868408203125]]
[384203, 15, 1, [4.149789810180664, -0.34501346945762634]]
[384203, 22, 1, [10.583282470703125, -10.844988822937012]]
[384203, 19, 1, [7.453494071960449, -4.88298225402832]]
[384203, 6, 1, [4.003566741943359, -6.82722282409668]]
[384203, 0, 1, [11.816449165344238, -0.12334194034337997]]
[388303, 'popsize', 10]
[388853, 13, 0, [1.561389684677124, -12.353763580322266]]
[388853, 2, 0, [0.09442055970430374, -12.380773544311523]]
[388853, 24, 0, [4.664732933044434, -7.239032745361328]]
[388853, 1, 0, [12.376861572265625, -11.140170097351074]]
[388853, 5, 0, [9.093672752380371, -11.476690292358398]]
[388853, 15, 1, [4.109294414520264, -0.3767520487308502]]
[388853, 22, 1, [10.616358757019043, -10.859638214111328]]
[388853, 19, 1, [7.491806507110596, -4.854528427124023]]
[388853, 6, 1, [4.036860466003418, -6.832756519317627]]
[388853, 0, 1, [11.818379402160645, -0.12332955747842789]]
[392953, 'popsize', 10]
[393503, 13, 0, [1.5586776733398438, -12.295127868652344]]
[393503, 2, 0, [0.09452147781848907, -12.380837440490723]]
[393503, 24, 0, [4.632242679595947, -7.1874847412109375]]
[393503, 1, 0, [12.376852989196777, -11.143046379089355]]
[393503, 5, 0, [9.032028198242188, -11.455337524414062]]
[393503, 15, 1, [4.096791744232178, -0.323522686958313]]
[393503, 22, 1, [10.679853439331055, -10.808199882507324]]
[393503, 19, 1, [7.514874458312988, -4.897670269012451]]
[393503, 6, 1, [4.0665602684021, -6.837745189666748]]
[393503, 0, 1, [11.819825172424316, -0.12333382666110992]]
[397553, 'popsize', 10]
[398104, 13, 0, [1.4894778728485107, -12.378902435302734]]
[398104, 2, 0, [0.09439865499734879, -12.380754470825195]]
[398104, 24, 0, [4.694422245025635, -7.250442028045654]]
[398104, 1, 0, [12.376852989196777, -11.14637279510498]]
[398104, 5, 0, [9.095041275024414, -11.436281204223633]]
[398104, 15, 1, [4.147303104400635, -0.34146925806999207]]
[398104, 22, 1, [10.6338472366333, -10.821686744689941]]
[398104, 19, 1, [7.465215682983398, -4.916393756866455]]
[398104, 6, 1, [4.096883296966553, -6.843117713928223]]
[398104, 0, 1, [11.822406768798828, -0.12333151698112488]]
[402154, 'popsize', 10]
[402704, 13, 0, [1.4842222929000854, -12.369696617126465]]
[402704, 2, 0, [0.09441018104553223, -12.380763053894043]]
[402704, 24, 0, [4.638058662414551, -7.183713436126709]]
[402704, 1, 0, [12.376850128173828, -11.148873329162598]]
[402704, 5, 0, [9.07272720336914, -11.431375503540039]]
[402704, 15, 1, [3.95674467086792, -0.3277936577796936]]
[402704, 22, 1, [10.688159942626953, -10.841740608215332]]
[402704, 19, 1, [7.461708068847656, -4.869528293609619]]
[402704, 6, 1, [4.129817485809326, -6.8484601974487305]]
[402704, 0, 1, [11.826090812683105, -0.12333919107913971]]
[406754, 'popsize', 10]
[407304, 13, 0, [1.5315266847610474, -12.372794151306152]]
[407304, 2, 0, [0.09447997808456421, -12.380815505981445]]
[407304, 24, 0, [4.512437343597412, -7.279931545257568]]
[407304, 1, 0, [12.376829147338867, -11.151094436645508]]
[407304, 5, 0, [9.099010467529297, -11.46906566619873]]
[407304, 15, 1, [3.937588930130005, -0.3304036855697632]]
[407304, 22, 1, [10.574686050415039, -10.842016220092773]]
[407304, 19, 1, [7.504888534545898, -4.8772101402282715]]
[407304, 6, 1, [4.161950588226318, -6.853793621063232]]
[407304, 0, 1, [11.827254295349121, -0.12333481013774872]]
[411354, 'popsize', 10]
[411904, 13, 0, [1.4955695867538452, -12.33929443359375]]
[411904, 2, 0, [0.09447049349546432, -12.380805969238281]]
[411904, 24, 0, [4.3845744132995605, -7.312775611877441]]
[411904, 1, 0, [12.376846313476562, -11.154912948608398]]
[411904, 5, 0, [9.16345500946045, -11.458877563476562]]
[411904, 15, 1, [3.7908339500427246, -0.220454141497612]]
[411904, 22, 1, [10.457330703735352, -10.854198455810547]]
[411904, 19, 1, [7.485859394073486, -4.926253318786621]]
[411904, 6, 1, [4.198404312133789, -6.8605146408081055]]
[411904, 0, 1, [11.829344749450684, -0.12333156168460846]]
[415954, 'popsize', 10]
[416504, 13, 0, [1.5234454870224, -12.363022804260254]]
[416504, 2, 0, [0.12047162652015686, -12.382689476013184]]
[416504, 24, 0, [4.312085151672363, -7.3134765625]]
[416504, 1, 0, [12.376815795898438, -11.15935230255127]]
[416504, 5, 0, [9.137201309204102, -11.451019287109375]]
[416504, 15, 1, [3.7818503379821777, -0.2083148956298828]]
[416504, 22, 1, [10.472528457641602, -10.869750022888184]]
[416504, 19, 1, [7.445087909698486, -4.897596836090088]]
[416504, 6, 1, [4.233832359313965, -6.866962909698486]]
[416504, 0, 1, [11.832978248596191, -0.12333213537931442]]
[420554, 'popsize', 10]
[421104, 13, 0, [1.5114902257919312, -12.308432579040527]]
[421104, 2, 0, [0.11570075899362564, -12.321521759033203]]
[421104, 24, 0, [4.339998245239258, -7.247965335845947]]
[421104, 1, 0, [12.352670669555664, -11.176746368408203]]
[421104, 5, 0, [9.160477638244629, -11.415206909179688]]
[421104, 15, 1, [3.7795424461364746, -0.15368478000164032]]
[421104, 22, 1, [10.437270164489746, -10.885465621948242]]
[421104, 19, 1, [7.483354091644287, -4.862676620483398]]
[421104, 6, 1, [4.261353492736816, -6.871089458465576]]
[421104, 0, 1, [11.835230827331543, -0.12333588302135468]]
[425054, 'popsize', 10]
[425604, 13, 0, [1.5003101825714111, -12.34885311126709]]
[425604, 2, 0, [0.11512219905853271, -12.304855346679688]]
[425604, 24, 0, [4.233029365539551, -7.216686248779297]]
[425604, 1, 0, [12.37703800201416, -11.191751480102539]]
[425604, 5, 0, [9.146010398864746, -11.423744201660156]]
[425604, 15, 1, [3.742612361907959, -0.16453006863594055]]
[425604, 22, 1, [10.520556449890137, -11.019367218017578]]
[425604, 19, 1, [7.510596752166748, -4.9025115966796875]]
[425604, 6, 1, [4.2960615158081055, -6.876248359680176]]
[425604, 0, 1, [11.836898803710938, -0.1233319640159607]]
[429654, 'popsize', 10]
[430204, 13, 0, [1.527953028678894, -12.310369491577148]]
[430204, 2, 0, [0.11431556940078735, -12.292499542236328]]
[430204, 24, 0, [4.216833114624023, -7.2065510749816895]]
[430204, 1, 0, [12.37944221496582, -11.213997840881348]]
[430204, 5, 0, [9.12209701538086, -11.38090705871582]]
[430204, 15, 1, [3.7919070720672607, -0.1849232167005539]]
[430204, 22, 1, [10.556035041809082, -11.072246551513672]]
[430204, 19, 1, [7.46204137802124, -4.91597843170166]]
[430204, 6, 1, [4.3262810707092285, -6.880712509155273]]
[430204, 0, 1, [11.8394775390625, -0.12333158403635025]]
[434304, 'popsize', 10]
[434854, 13, 0, [1.4640545845031738, -12.309762954711914]]
[434854, 2, 0, [0.11348278820514679, -12.281621932983398]]
[434854, 24, 0, [4.264451026916504, -7.157439231872559]]
[434854, 1, 0, [12.37964153289795, -11.226659774780273]]
[434854, 5, 0, [9.138934135437012, -11.418740272521973]]
[434854, 15, 1, [3.5990514755249023, -0.17827913165092468]]
[434854, 22, 1, [10.612261772155762, -11.06668758392334]]
[434854, 19, 1, [7.45450496673584, -4.867114543914795]]
[434854, 6, 1, [4.364107608795166, -6.887833118438721]]
[434854, 0, 1, [11.843679428100586, -0.12333428859710693]]
[439404, 'popsize', 11]
[440054, 13, 0, [1.4729024171829224, -12.338900566101074]]
[440054, 2, 0, [0.11174381524324417, -12.2611722946167]]
[440054, 24, 0, [4.23570442199707, -7.168189525604248]]
[440054, 1, 0, [12.379383087158203, -11.241372108459473]]
[440054, 5, 0, [9.126958847045898, -11.44006633758545]]
[440054, 12, 0, [10.039658546447754, -8.839473724365234]]
[440054, 15, 1, [3.5746376514434814, -0.1610335260629654]]
[440054, 22, 1, [10.59957218170166, -11.108792304992676]]
[440054, 19, 1, [7.492753028869629, -4.856919288635254]]
[440054, 6, 1, [4.397281646728516, -6.893587112426758]]
[440054, 0, 1, [11.84526252746582, -0.12333454936742783]]
[444654, 'popsize', 11]
[445254, 13, 0, [1.519814372062683, -12.303775787353516]]
[445254, 2, 0, [0.1083066537976265, -12.223639488220215]]
[445254, 24, 0, [4.2110748291015625, -7.169276714324951]]
[445254, 1, 0, [12.379364967346191, -11.255105972290039]]
[445254, 5, 0, [9.113451957702637, -11.450303077697754]]
[445254, 12, 0, [9.834402084350586, -8.790401458740234]]
[445254, 15, 1, [3.5448694229125977, -0.1916004717350006]]
[445254, 22, 1, [10.593035697937012, -11.070958137512207]]
[445254, 19, 1, [7.509923458099365, -4.889057636260986]]
[445254, 6, 1, [4.437509536743164, -6.90140438079834]]
[445254, 0, 1, [11.847447395324707, -0.12333586066961288]]
[449904, 'popsize', 11]
[450554, 13, 0, [1.5051746368408203, -12.288920402526855]]
[450554, 2, 0, [0.10789985209703445, -12.181349754333496]]
[450554, 24, 0, [4.249995708465576, -7.1494221687316895]]
[450554, 1, 0, [12.379538536071777, -11.267400741577148]]
[450554, 5, 0, [9.100341796875, -11.456369400024414]]
[450554, 12, 0, [10.208963394165039, -8.594491958618164]]
[450554, 15, 1, [3.5131866931915283, -0.16086553037166595]]
[450554, 22, 1, [10.552231788635254, -11.064778327941895]]
[450554, 19, 1, [7.497344493865967, -4.919798851013184]]
[450554, 6, 1, [4.475106716156006, -6.908572673797607]]
[450554, 0, 1, [11.849352836608887, -0.12333602458238602]]
[455154, 'popsize', 11]
[455754, 13, 0, [1.498977780342102, -12.34540843963623]]
[455754, 2, 0, [0.10792884230613708, -12.13931655883789]]
[455754, 24, 0, [4.3522257804870605, -7.122785568237305]]
[455754, 1, 0, [12.379424095153809, -11.272994041442871]]
[455754, 5, 0, [9.088120460510254, -11.460179328918457]]
[455754, 12, 0, [10.614590644836426, -8.508313179016113]]
[455754, 15, 1, [3.5430636405944824, -0.12969423830509186]]
[455754, 22, 1, [10.589096069335938, -10.99812126159668]]
[455754, 19, 1, [7.460549354553223, -4.915066242218018]]
[455754, 6, 1, [4.507526397705078, -6.914815425872803]]
[455754, 0, 1, [11.850752830505371, -0.1233299970626831]]
[460604, 'popsize', 11]
[461354, 13, 0, [1.5405560731887817, -12.343338012695312]]
[461354, 2, 0, [0.10786392539739609, -12.094993591308594]]
[461354, 24, 0, [4.272871017456055, -7.066983699798584]]
[461354, 1, 0, [12.358197212219238, -11.26333999633789]]
[461354, 5, 0, [9.066194534301758, -11.435629844665527]]
[461354, 12, 0, [11.060171127319336, -8.537041664123535]]
[461354, 15, 1, [3.562992811203003, -0.15140725672245026]]
[461354, 22, 1, [10.655842781066895, -10.548022270202637]]
[461354, 19, 1, [7.445199966430664, -4.889065742492676]]
[461354, 6, 1, [4.547106742858887, -6.920764923095703]]
[461354, 0, 1, [11.853313446044922, -0.12333047389984131]]
[466154, 'popsize', 11]
[466854, 13, 0, [1.5441704988479614, -12.325319290161133]]
[466854, 2, 0, [0.1079467162489891, -12.050226211547852]]
[466854, 24, 0, [4.241637706756592, -7.071261882781982]]
[466854, 1, 0, [12.383997917175293, -11.32515811920166]]
[466854, 5, 0, [9.17139720916748, -11.595528602600098]]
[466854, 12, 0, [11.47497844696045, -8.682697296142578]]
[466854, 15, 1, [3.542569875717163, -0.17928093671798706]]
[466854, 22, 1, [10.733928680419922, -10.101412773132324]]
[466854, 19, 1, [7.457000732421875, -4.862229347229004]]
[466854, 6, 1, [4.59732723236084, -6.929604530334473]]
[466854, 0, 1, [11.857166290283203, -0.12333055585622787]]
[471454, 'popsize', 11]
[473204, 12, 0, [11.8834867477417, -8.984050750732422]]
