[time, indiv, gender, coords]
[5400, 'popsize', 10]
[5950, 8, 0, [10.269847869873047, -6.842097759246826]]
[5950, 22, 0, [3.1304447650909424, -7.293618202209473]]
[5950, 5, 0, [7.330084323883057, -11.044071197509766]]
[5950, 2, 0, [1.432722568511963, -10.813741683959961]]
[5950, 18, 0, [3.6417236328125, -4.6057515144348145]]
[5950, 9, 1, [5.221210479736328, -10.895464897155762]]
[5950, 12, 1, [10.516876220703125, -8.840819358825684]]
[5950, 24, 1, [4.784426212310791, -7.178613185882568]]
[5950, 7, 1, [3.9150850772857666, -1.9136905670166016]]
[5950, 11, 1, [5.662746906280518, -2.193293333053589]]
[10050, 'popsize', 10]
[10650, 8, 0, [10.281073570251465, -6.84072732925415]]
[10650, 22, 0, [2.74200439453125, -7.260324478149414]]
[10650, 5, 0, [6.947213649749756, -11.011590003967285]]
[10650, 2, 0, [1.082261562347412, -10.70920467376709]]
[10650, 18, 0, [3.685159683227539, -4.582219123840332]]
[10650, 9, 1, [5.1544694900512695, -10.806029319763184]]
[10650, 12, 1, [10.885743141174316, -8.840106964111328]]
[10650, 24, 1, [4.395803928375244, -7.155571937561035]]
[10650, 7, 1, [4.282898902893066, -1.8426017761230469]]
[10650, 11, 1, [5.675939083099365, -2.5827174186706543]]
[14850, 'popsize', 10]
[15450, 8, 0, [10.421529769897461, -6.770260810852051]]
[15450, 22, 0, [2.343186378479004, -7.197686672210693]]
[15450, 5, 0, [6.548469543457031, -10.944668769836426]]
[15450, 2, 0, [0.77784264087677, -10.495832443237305]]
[15450, 18, 0, [3.658357620239258, -4.546816349029541]]
[15450, 9, 1, [5.040501594543457, -10.729101181030273]]
[15450, 12, 1, [11.284143447875977, -8.82822036743164]]
[15450, 24, 1, [3.9950613975524902, -7.0984086990356445]]
[15450, 7, 1, [4.646430969238281, -1.712935447692871]]
[15450, 11, 1, [5.647894382476807, -2.78117299079895]]
[19500, 'popsize', 10]
[20050, 8, 0, [10.398049354553223, -6.723270416259766]]
[20050, 22, 0, [1.964964747428894, -7.106253147125244]]
[20050, 5, 0, [6.170840263366699, -10.851907730102539]]
[20050, 2, 0, [0.5659053325653076, -10.211886405944824]]
[20050, 18, 0, [3.6664113998413086, -4.584388732910156]]
[20050, 9, 1, [5.175650119781494, -10.64064884185791]]
[20050, 12, 1, [11.54446029663086, -8.800946235656738]]
[20050, 24, 1, [3.613814353942871, -7.010778903961182]]
[20050, 7, 1, [4.972599029541016, -1.530993103981018]]
[20050, 11, 1, [5.575021743774414, -2.69107985496521]]
[24150, 'popsize', 10]
[24750, 8, 0, [10.672638893127441, -6.563633441925049]]
[24750, 22, 0, [1.5915822982788086, -6.990994930267334]]
[24750, 5, 0, [5.795502662658691, -10.732612609863281]]
[24750, 2, 0, [0.45513251423835754, -9.863799095153809]]
[24750, 18, 0, [3.8691213130950928, -4.49774169921875]]
[24750, 9, 1, [5.125904083251953, -10.637864112854004]]
[24750, 12, 1, [11.49439811706543, -9.076863288879395]]
[24750, 24, 1, [3.235670566558838, -6.892607688903809]]
[24750, 7, 1, [5.108471393585205, -1.5169074535369873]]
[24750, 11, 1, [5.39315938949585, -2.634087562561035]]
[28900, 'popsize', 10]
[29450, 8, 0, [10.985149383544922, -6.3183674812316895]]
[29450, 22, 0, [1.2180445194244385, -6.848702907562256]]
[29450, 5, 0, [5.432974815368652, -10.588354110717773]]
[29450, 2, 0, [0.39925482869148254, -9.718108177185059]]
[29450, 18, 0, [3.8258659839630127, -4.514766216278076]]
[29450, 9, 1, [5.134793758392334, -10.592639923095703]]
[29450, 12, 1, [11.480649948120117, -9.467009544372559]]
[29450, 24, 1, [2.867896318435669, -6.747134685516357]]
[29450, 7, 1, [5.368101119995117, -1.7811689376831055]]
[29450, 11, 1, [5.346080780029297, -2.6179468631744385]]
[34100, 'popsize', 11]
[34700, 8, 0, [11.297574996948242, -6.024554252624512]]
[34700, 22, 0, [0.8255889415740967, -6.660655975341797]]
[34700, 5, 0, [5.35404634475708, -10.478352546691895]]
[34700, 2, 0, [0.12487109750509262, -9.762065887451172]]
[34700, 18, 0, [3.8363587856292725, -4.547680854797363]]
[34700, 9, 1, [5.275673866271973, -10.586180686950684]]
[34700, 12, 1, [11.497352600097656, -9.897716522216797]]
[34700, 24, 1, [2.7993409633636475, -6.717276573181152]]
[34700, 7, 1, [5.692922115325928, -2.0007317066192627]]
[34700, 11, 1, [5.550867557525635, -2.7643826007843018]]
[34700, 16, 1, [7.435617923736572, -8.799894332885742]]
[39250, 'popsize', 11]
[39850, 8, 0, [11.447834014892578, -6.110437393188477]]
[39850, 22, 0, [0.4543043076992035, -6.441377639770508]]
[39850, 5, 0, [5.301103591918945, -10.581960678100586]]
[39850, 2, 0, [0.12483873963356018, -9.762417793273926]]
[39850, 18, 0, [3.8725054264068604, -4.549431324005127]]
[39850, 9, 1, [5.075760364532471, -10.781938552856445]]
[39850, 12, 1, [11.55214786529541, -10.315786361694336]]
[39850, 24, 1, [2.4251086711883545, -6.528771877288818]]
[39850, 7, 1, [6.064358711242676, -2.1509666442871094]]
[39850, 11, 1, [5.6570329666137695, -3.17838978767395]]
[39850, 16, 1, [7.450729846954346, -8.672658920288086]]
[44400, 'popsize', 11]
[45000, 8, 0, [11.608831405639648, -6.281402111053467]]
[45000, 22, 0, [0.13717800378799438, -6.2165679931640625]]
[45000, 5, 0, [5.41848087310791, -10.627187728881836]]
[45000, 2, 0, [0.12483837455511093, -9.762468338012695]]
[45000, 18, 0, [3.8906610012054443, -4.514556884765625]]
[45000, 9, 1, [5.224435329437256, -10.68154525756836]]
[45000, 12, 1, [11.609984397888184, -10.681768417358398]]
[45000, 24, 1, [2.2252097129821777, -6.409707069396973]]
[45000, 7, 1, [6.445784568786621, -2.228278636932373]]
[45000, 11, 1, [5.641898155212402, -3.5096633434295654]]
[45000, 16, 1, [7.42738151550293, -8.642914772033691]]
[49500, 'popsize', 11]
[50100, 8, 0, [11.678177833557129, -6.0728888511657715]]
[50100, 22, 0, [0.12333600968122482, -6.213834285736084]]
[50100, 5, 0, [5.763940811157227, -10.3643798828125]]
[50100, 2, 0, [0.12483783066272736, -9.762542724609375]]
[50100, 18, 0, [3.864809513092041, -4.486214637756348]]
[50100, 9, 1, [5.58035135269165, -10.446675300598145]]
[50100, 12, 1, [11.499881744384766, -11.054007530212402]]
[50100, 24, 1, [2.0845179557800293, -6.326892852783203]]
[50100, 7, 1, [6.845348358154297, -2.2288401126861572]]
[50100, 11, 1, [5.535027980804443, -3.6828465461730957]]
[50100, 16, 1, [7.756617069244385, -8.440329551696777]]
[54650, 'popsize', 11]
[55350, 8, 0, [11.758768081665039, -5.860527992248535]]
[55350, 22, 0, [0.12333185225725174, -6.212303638458252]]
[55350, 5, 0, [6.054318428039551, -10.033517837524414]]
[55350, 2, 0, [0.12483513355255127, -9.762696266174316]]
[55350, 18, 0, [3.8294529914855957, -4.501540184020996]]
[55350, 9, 1, [5.890079021453857, -10.15091609954834]]
[55350, 12, 1, [11.429354667663574, -11.324210166931152]]
[55350, 24, 1, [2.169118642807007, -6.3812665939331055]]
[55350, 7, 1, [7.110028266906738, -2.1887214183807373]]
[55350, 11, 1, [5.723076820373535, -3.8473551273345947]]
[55350, 16, 1, [8.124371528625488, -8.195779800415039]]
[59900, 'popsize', 11]
[60500, 8, 0, [11.731350898742676, -5.829674243927002]]
[60500, 22, 0, [0.12333305180072784, -6.2109222412109375]]
[60500, 5, 0, [6.28378963470459, -9.651196479797363]]
[60500, 2, 0, [0.1248362809419632, -9.762798309326172]]
[60500, 18, 0, [3.8317179679870605, -4.536929130554199]]
[60500, 9, 1, [6.142998695373535, -9.795742988586426]]
[60500, 12, 1, [11.468847274780273, -11.339398384094238]]
[60500, 24, 1, [2.056804656982422, -6.320583820343018]]
[60500, 7, 1, [6.68717622756958, -2.278177499771118]]
[60500, 11, 1, [5.752007961273193, -4.064528465270996]]
[60500, 16, 1, [8.496362686157227, -7.986225605010986]]
[65050, 'popsize', 11]
[65650, 8, 0, [12.059380531311035, -5.723108291625977]]
[65650, 22, 0, [0.12333027273416519, -6.2082438468933105]]
[65650, 5, 0, [6.420001029968262, -9.306123733520508]]
[65650, 2, 0, [0.12484210729598999, -9.762846946716309]]
[65650, 18, 0, [3.8628461360931396, -4.546110153198242]]
[65650, 9, 1, [6.325623989105225, -9.440899848937988]]
[65650, 12, 1, [11.453237533569336, -11.298269271850586]]
[65650, 24, 1, [2.001047372817993, -6.290792942047119]]
[65650, 7, 1, [6.616363048553467, -2.2935566902160645]]
[65650, 11, 1, [5.701651096343994, -4.107913494110107]]
[65650, 16, 1, [8.883049964904785, -7.801326274871826]]
[70150, 'popsize', 11]
[70750, 8, 0, [12.381715774536133, -5.548102855682373]]
[70750, 22, 0, [0.12334234267473221, -6.202832221984863]]
[70750, 5, 0, [6.273750305175781, -9.0967378616333]]
[70750, 2, 0, [0.12483640015125275, -9.762923240661621]]
[70750, 18, 0, [3.88266658782959, -4.516412734985352]]
[70750, 9, 1, [6.3901190757751465, -9.272229194641113]]
[70750, 12, 1, [11.42268180847168, -11.458416938781738]]
[70750, 24, 1, [1.9738370180130005, -6.280010223388672]]
[70750, 7, 1, [6.441976547241211, -2.4036569595336914]]
[70750, 11, 1, [5.551681041717529, -4.253073692321777]]
[70750, 16, 1, [9.274958610534668, -7.643111228942871]]
[75300, 'popsize', 11]
[75900, 8, 0, [12.387735366821289, -5.5055131912231445]]
[75900, 22, 0, [0.12332993745803833, -6.200741291046143]]
[75900, 5, 0, [6.306363582611084, -9.120539665222168]]
[75900, 2, 0, [0.12483824044466019, -9.762983322143555]]
[75900, 18, 0, [3.857435941696167, -4.482466697692871]]
[75900, 9, 1, [6.481426239013672, -9.20160961151123]]
[75900, 12, 1, [11.297189712524414, -11.845903396606445]]
[75900, 24, 1, [1.7923227548599243, -6.1883544921875]]
[75900, 7, 1, [6.3349809646606445, -2.785414457321167]]
[75900, 11, 1, [5.553065299987793, -4.118185043334961]]
[75900, 16, 1, [9.676416397094727, -7.495548248291016]]
[80450, 'popsize', 11]
[81050, 8, 0, [12.394455909729004, -5.425809860229492]]
[81050, 22, 0, [0.12333023548126221, -6.198977947235107]]
[81050, 5, 0, [6.318621635437012, -9.107316970825195]]
[81050, 2, 0, [0.1248384639620781, -9.76306438446045]]
[81050, 18, 0, [3.822472333908081, -4.496006011962891]]
[81050, 9, 1, [6.480073928833008, -9.21016788482666]]
[81050, 12, 1, [11.2894868850708, -11.899749755859375]]
[81050, 24, 1, [1.629166841506958, -6.117040157318115]]
[81050, 7, 1, [6.303483009338379, -3.188682794570923]]
[81050, 11, 1, [5.392399311065674, -3.947462320327759]]
[81050, 16, 1, [10.094913482666016, -7.381744384765625]]
[85600, 'popsize', 11]
[86200, 8, 0, [12.394094467163086, -5.35355281829834]]
[86200, 22, 0, [0.12333258986473083, -6.197375297546387]]
[86200, 5, 0, [6.328448295593262, -9.096085548400879]]
[86200, 2, 0, [0.12484265863895416, -9.763216972351074]]
[86200, 18, 0, [3.8180341720581055, -4.534833908081055]]
[86200, 9, 1, [6.471555709838867, -9.222862243652344]]
[86200, 12, 1, [11.32700252532959, -12.067261695861816]]
[86200, 24, 1, [1.5692106485366821, -6.090960502624512]]
[86200, 7, 1, [6.345702648162842, -3.5904879570007324]]
[86200, 11, 1, [5.420999526977539, -3.823240280151367]]
[86200, 16, 1, [10.340126991271973, -7.332122325897217]]
[90650, 'popsize', 11]
[91250, 8, 0, [12.394000053405762, -5.28497838973999]]
[91250, 22, 0, [0.12333172559738159, -6.1953654289245605]]
[91250, 5, 0, [6.339223861694336, -9.086668968200684]]
[91250, 2, 0, [0.12483993172645569, -9.763273239135742]]
[91250, 18, 0, [3.778320789337158, -4.504497528076172]]
[91250, 9, 1, [6.461382865905762, -9.233795166015625]]
[91250, 12, 1, [11.346016883850098, -12.115893363952637]]
[91250, 24, 1, [1.6455496549606323, -6.1266984939575195]]
[91250, 7, 1, [6.454399585723877, -3.9687654972076416]]
[91250, 11, 1, [5.306087493896484, -3.6365904808044434]]
[91250, 16, 1, [10.322731971740723, -7.316749572753906]]
[95700, 'popsize', 11]
[96300, 8, 0, [12.393974304199219, -5.2165327072143555]]
[96300, 22, 0, [0.12333124130964279, -6.1925129890441895]]
[96300, 5, 0, [6.351592063903809, -9.078741073608398]]
[96300, 2, 0, [0.12483896315097809, -9.76337718963623]]
[96300, 18, 0, [3.556535005569458, -4.458098888397217]]
[96300, 9, 1, [6.450092792510986, -9.242677688598633]]
[96300, 12, 1, [11.442896842956543, -12.2245512008667]]
[96300, 24, 1, [1.5221885442733765, -6.076620578765869]]
[96300, 7, 1, [6.566385746002197, -4.2008490562438965]]
[96300, 11, 1, [5.4788498878479, -3.492082357406616]]
[96300, 16, 1, [10.636425971984863, -7.033350944519043]]
[100901, 'popsize', 11]
[101551, 8, 0, [12.39394474029541, -5.146258354187012]]
[101551, 22, 0, [0.12333432585000992, -6.187036991119385]]
[101551, 5, 0, [6.365167617797852, -9.072422981262207]]
[101551, 2, 0, [0.12484268099069595, -9.76345443725586]]
[101551, 18, 0, [3.5828449726104736, -4.484007358551025]]
[101551, 9, 1, [6.436624050140381, -9.24978256225586]]
[101551, 12, 1, [11.588030815124512, -12.377416610717773]]
[101551, 24, 1, [1.4656457901000977, -6.055495738983154]]
[101551, 7, 1, [6.5214033126831055, -4.125810146331787]]
[101551, 11, 1, [5.599195957183838, -3.5331497192382812]]
[101551, 16, 1, [10.992433547973633, -6.768431663513184]]
[106001, 'popsize', 11]
[106601, 8, 0, [12.393983840942383, -5.0765862464904785]]
[106601, 22, 0, [0.12333487719297409, -6.185204029083252]]
[106601, 5, 0, [6.37933874130249, -9.067949295043945]]
[106601, 2, 0, [0.12483957409858704, -9.763504981994629]]
[106601, 18, 0, [3.6215248107910156, -4.470451831817627]]
[106601, 9, 1, [6.422336578369141, -9.254371643066406]]
[106601, 12, 1, [11.60989761352539, -12.356260299682617]]
[106601, 24, 1, [1.4120054244995117, -6.035209655761719]]
[106601, 7, 1, [6.316920757293701, -3.7617573738098145]]
[106601, 11, 1, [5.786686897277832, -3.4106292724609375]]
[106601, 16, 1, [11.354598045349121, -6.544337749481201]]
[111051, 'popsize', 11]
[111651, 8, 0, [12.393945693969727, -5.008065223693848]]
[111651, 22, 0, [0.12333495914936066, -6.183709144592285]]
[111651, 5, 0, [6.39454984664917, -9.067529678344727]]
[111651, 2, 0, [0.12483818829059601, -9.763603210449219]]
[111651, 18, 0, [3.5761606693267822, -4.480295658111572]]
[111651, 9, 1, [6.408520698547363, -9.258008003234863]]
[111651, 12, 1, [11.645256042480469, -12.381936073303223]]
[111651, 24, 1, [1.3259598016738892, -6.003705024719238]]
[111651, 7, 1, [6.281245231628418, -3.69498610496521]]
[111651, 11, 1, [5.901988983154297, -3.4581100940704346]]
[111651, 16, 1, [11.571850776672363, -6.427810192108154]]
[116101, 'popsize', 11]
[116701, 8, 0, [12.394000053405762, -4.939161777496338]]
[116701, 22, 0, [0.12333129346370697, -6.181987762451172]]
[116701, 5, 0, [6.409408092498779, -9.068794250488281]]
[116701, 2, 0, [0.12483881413936615, -9.763715744018555]]
[116701, 18, 0, [3.512714385986328, -4.693441867828369]]
[116701, 9, 1, [6.393764019012451, -9.259259223937988]]
[116701, 12, 1, [11.653749465942383, -12.359025001525879]]
[116701, 24, 1, [1.2475471496582031, -5.978011131286621]]
[116701, 7, 1, [6.157205104827881, -3.4667162895202637]]
[116701, 11, 1, [5.986573696136475, -3.363339424133301]]
[116701, 16, 1, [11.542776107788086, -6.4249043464660645]]
[121151, 'popsize', 11]
[121751, 8, 0, [12.393961906433105, -4.8707661628723145]]
[121751, 22, 0, [0.12333166599273682, -6.179294586181641]]
[121751, 5, 0, [6.4245429039001465, -9.072239875793457]]
[121751, 2, 0, [0.12484199553728104, -9.763769149780273]]
[121751, 18, 0, [3.542800188064575, -4.6671223640441895]]
[121751, 9, 1, [6.379296779632568, -9.258170127868652]]
[121751, 12, 1, [11.705965042114258, -12.387406349182129]]
[121751, 24, 1, [1.1798235177993774, -5.958089828491211]]
[121751, 7, 1, [6.0666184425354, -3.3647115230560303]]
[121751, 11, 1, [5.866620063781738, -3.351947069168091]]
[121751, 16, 1, [11.449602127075195, -6.434831142425537]]
[126251, 'popsize', 11]
[126851, 8, 0, [12.393943786621094, -4.801432132720947]]
[126851, 22, 0, [0.12333209067583084, -6.175294876098633]]
[126851, 5, 0, [6.439089775085449, -9.079391479492188]]
[126851, 2, 0, [0.1248377114534378, -9.763765335083008]]
[126851, 18, 0, [3.5240700244903564, -4.635487079620361]]
[126851, 9, 1, [6.364528179168701, -9.255431175231934]]
[126851, 12, 1, [11.721733093261719, -12.354341506958008]]
[126851, 24, 1, [1.2555497884750366, -5.985444068908691]]
[126851, 7, 1, [5.935903072357178, -3.2757861614227295]]
[126851, 11, 1, [5.74630069732666, -3.3543801307678223]]
[126851, 16, 1, [11.456265449523926, -6.480564594268799]]
[131301, 'popsize', 11]
[131901, 8, 0, [12.393930435180664, -4.733154296875]]
[131901, 22, 0, [0.12333127856254578, -6.172528266906738]]
[131901, 5, 0, [6.452253818511963, -9.087989807128906]]
[131901, 2, 0, [0.12483618408441544, -9.763713836669922]]
[131901, 18, 0, [3.4852609634399414, -4.647589683532715]]
[131901, 9, 1, [6.350146770477295, -9.249616622924805]]
[131901, 12, 1, [11.728519439697266, -12.373759269714355]]
[131901, 24, 1, [1.12492036819458, -5.964580059051514]]
[131901, 7, 1, [5.849607467651367, -3.193446159362793]]
[131901, 11, 1, [5.660350799560547, -3.2076168060302734]]
[131901, 16, 1, [11.420980453491211, -6.489307403564453]]
[136451, 'popsize', 11]
[137051, 8, 0, [12.394003868103027, -4.66253662109375]]
[137051, 22, 0, [0.12333086133003235, -6.170816421508789]]
[137051, 5, 0, [6.464651584625244, -9.098301887512207]]
[137051, 2, 0, [0.12484091520309448, -9.763875961303711]]
[137051, 18, 0, [3.4833450317382812, -4.684418201446533]]
[137051, 9, 1, [6.337085723876953, -9.240550994873047]]
[137051, 12, 1, [11.761837005615234, -12.337353706359863]]
[137051, 24, 1, [0.8957671523094177, -5.910195827484131]]
[137051, 7, 1, [5.8422980308532715, -3.0700862407684326]]
[137051, 11, 1, [5.722254276275635, -2.9240641593933105]]
[137051, 16, 1, [11.405174255371094, -6.453988075256348]]
[141501, 'popsize', 11]
[142101, 8, 0, [12.393952369689941, -4.594191551208496]]
[142101, 22, 0, [0.12333007156848907, -6.168421268463135]]
[142101, 5, 0, [6.474692344665527, -9.110465049743652]]
[142101, 2, 0, [0.12483883649110794, -9.763760566711426]]
[142101, 18, 0, [3.462658643722534, -4.804925918579102]]
[142101, 9, 1, [6.325758934020996, -9.230207443237305]]
[142101, 12, 1, [11.724983215332031, -12.320963859558105]]
[142101, 24, 1, [0.9224703907966614, -5.91956901550293]]
[142101, 7, 1, [5.934634208679199, -3.05835223197937]]
[142101, 11, 1, [5.973086357116699, -2.8663156032562256]]
[142101, 16, 1, [11.4472074508667, -6.461035251617432]]
[146551, 'popsize', 11]
[147151, 8, 0, [12.394287109375, -4.5237836837768555]]
[147151, 22, 0, [0.12333576381206512, -6.164347171783447]]
[147151, 5, 0, [6.483567714691162, -9.123162269592285]]
[147151, 2, 0, [0.124837726354599, -9.763928413391113]]
[147151, 18, 0, [3.4196996688842773, -4.796672821044922]]
[147151, 9, 1, [6.317213535308838, -9.217728614807129]]
[147151, 12, 1, [11.730414390563965, -12.372597694396973]]
[147151, 24, 1, [0.7399813532829285, -5.891839027404785]]
[147151, 7, 1, [5.95595121383667, -3.0387701988220215]]
[147151, 11, 1, [6.015881061553955, -2.8953464031219482]]
[147151, 16, 1, [11.406255722045898, -6.705290794372559]]
[151601, 'popsize', 11]
[152201, 8, 0, [12.393967628479004, -4.454488754272461]]
[152201, 22, 0, [0.12333666533231735, -6.162993431091309]]
[152201, 5, 0, [6.489546775817871, -9.13726806640625]]
[152201, 2, 0, [0.1248372346162796, -9.764030456542969]]
[152201, 18, 0, [3.407457113265991, -4.831936359405518]]
[152201, 9, 1, [6.310455799102783, -9.203910827636719]]
[152201, 12, 1, [11.763890266418457, -12.352792739868164]]
[152201, 24, 1, [0.8248406052589417, -5.9062180519104]]
[152201, 7, 1, [5.97454833984375, -3.0395705699920654]]
[152201, 11, 1, [6.116572380065918, -3.1779263019561768]]
[152201, 16, 1, [11.406525611877441, -6.671273708343506]]
[156651, 'popsize', 11]
[157251, 8, 0, [12.393930435180664, -4.38620662689209]]
[157251, 22, 0, [0.12333033233880997, -6.160863399505615]]
[157251, 5, 0, [6.493258953094482, -9.152615547180176]]
[157251, 2, 0, [0.12484265118837357, -9.764222145080566]]
[157251, 18, 0, [3.442111015319824, -4.851202011108398]]
[157251, 9, 1, [6.3058671951293945, -9.189105033874512]]
[157251, 12, 1, [11.780159950256348, -12.397575378417969]]
[157251, 24, 1, [0.6921302080154419, -5.898380756378174]]
[157251, 7, 1, [6.336724758148193, -3.086273193359375]]
[157251, 11, 1, [6.110061168670654, -3.304305076599121]]
[157251, 16, 1, [11.43488883972168, -6.508893966674805]]
[161801, 'popsize', 11]
[162401, 8, 0, [12.394009590148926, -4.315608501434326]]
[162401, 22, 0, [0.12333237379789352, -6.156739711761475]]
[162401, 5, 0, [6.494378566741943, -9.168017387390137]]
[162401, 2, 0, [0.12483752518892288, -9.764237403869629]]
[162401, 18, 0, [3.467287302017212, -4.826803684234619]]
[162401, 9, 1, [6.302986145019531, -9.174721717834473]]
[162401, 12, 1, [11.788390159606934, -12.353349685668945]]
[162401, 24, 1, [0.6363904476165771, -5.895298957824707]]
[162401, 7, 1, [6.323934078216553, -3.0998713970184326]]
[162401, 11, 1, [6.274621486663818, -3.5445210933685303]]
[162401, 16, 1, [11.509660720825195, -6.083670616149902]]
[167001, 'popsize', 11]
[167651, 8, 0, [12.393983840942383, -4.244268894195557]]
[167651, 22, 0, [0.12333201617002487, -6.155098915100098]]
[167651, 5, 0, [6.49359655380249, -9.183588981628418]]
[167651, 2, 0, [0.12484103441238403, -9.76439094543457]]
[167651, 18, 0, [3.420675754547119, -4.836719989776611]]
[167651, 9, 1, [6.30362606048584, -9.159452438354492]]
[167651, 12, 1, [11.816043853759766, -12.32042121887207]]
[167651, 24, 1, [0.582395076751709, -5.894992828369141]]
[167651, 7, 1, [6.0328216552734375, -3.1690847873687744]]
[167651, 11, 1, [6.165450572967529, -3.8686230182647705]]
[167651, 16, 1, [11.624170303344727, -5.659082412719727]]
[172201, 'popsize', 11]
[172851, 8, 0, [12.393943786621094, -4.174465179443359]]
[172851, 22, 0, [0.12334085255861282, -6.152657985687256]]
[172851, 5, 0, [6.489102840423584, -9.198254585266113]]
[172851, 2, 0, [0.12483770400285721, -9.764430046081543]]
[172851, 18, 0, [3.3295390605926514, -4.986583232879639]]
[172851, 9, 1, [6.305456161499023, -9.145247459411621]]
[172851, 12, 1, [11.885449409484863, -12.389018058776855]]
[172851, 24, 1, [0.5149886012077332, -5.8989949226379395]]
[172851, 7, 1, [5.675254821777344, -3.3543379306793213]]
[172851, 11, 1, [6.07588005065918, -3.946444034576416]]
[172851, 16, 1, [11.780744552612305, -5.251403331756592]]
[177401, 'popsize', 11]
[178001, 8, 0, [12.3939208984375, -4.103845119476318]]
[178001, 22, 0, [0.12333058565855026, -6.150758266448975]]
[178001, 5, 0, [6.480170249938965, -9.211926460266113]]
[178001, 2, 0, [0.12483888864517212, -9.764477729797363]]
[178001, 18, 0, [3.315497875213623, -4.940371036529541]]
[178001, 9, 1, [6.307222366333008, -9.130910873413086]]
[178001, 12, 1, [11.898966789245605, -12.352571487426758]]
[178001, 24, 1, [0.453016996383667, -5.904399394989014]]
[178001, 7, 1, [5.363897323608398, -3.602973222732544]]
[178001, 11, 1, [6.200441360473633, -4.132232189178467]]
[178001, 16, 1, [11.970995903015137, -4.8625898361206055]]
[182501, 'popsize', 11]
[183101, 8, 0, [12.393925666809082, -4.034354209899902]]
[183101, 22, 0, [0.12333185225725174, -6.148475170135498]]
[183101, 5, 0, [6.4635090827941895, -9.224797248840332]]
[183101, 2, 0, [0.12483710050582886, -9.764585494995117]]
[183101, 18, 0, [3.1046831607818604, -4.863116264343262]]
[183101, 9, 1, [6.306056022644043, -9.116291046142578]]
[183101, 12, 1, [11.922215461730957, -12.374958992004395]]
[183101, 24, 1, [0.3822213411331177, -5.912603378295898]]
[183101, 7, 1, [5.095742702484131, -3.90960955619812]]
[183101, 11, 1, [6.291950702667236, -4.291463851928711]]
[183101, 16, 1, [12.195186614990234, -4.498399257659912]]
[187651, 'popsize', 11]
[188251, 8, 0, [12.394014358520508, -3.9639480113983154]]
[188251, 22, 0, [0.12333180010318756, -6.145974636077881]]
[188251, 5, 0, [6.453073024749756, -9.23599910736084]]
[188251, 2, 0, [0.1248425766825676, -9.764726638793945]]
[188251, 18, 0, [3.131289005279541, -4.893002510070801]]
[188251, 9, 1, [6.314352512359619, -9.104388236999512]]
[188251, 12, 1, [11.956538200378418, -12.338541984558105]]
[188251, 24, 1, [0.4824294447898865, -5.897409439086914]]
[188251, 7, 1, [4.882095813751221, -4.257299423217773]]
[188251, 11, 1, [6.246437072753906, -4.438201427459717]]
[188251, 16, 1, [12.359537124633789, -4.273862361907959]]
[192851, 'popsize', 11]
[193451, 8, 0, [12.361324310302734, -3.946990728378296]]
[193451, 22, 0, [0.12333128601312637, -6.142519950866699]]
[193451, 5, 0, [6.441049098968506, -9.245838165283203]]
[193451, 2, 0, [0.12483656406402588, -9.764768600463867]]
[193451, 18, 0, [3.104788064956665, -4.854515552520752]]
[193451, 9, 1, [6.325458526611328, -9.093637466430664]]
[193451, 12, 1, [12.001716613769531, -12.379654884338379]]
[193451, 24, 1, [0.3464035987854004, -5.925320625305176]]
[193451, 7, 1, [4.746430397033691, -4.633723735809326]]
[193451, 11, 1, [6.020777702331543, -4.439802646636963]]
[193451, 16, 1, [12.27402114868164, -4.135350704193115]]
[198651, 'popsize', 12]
[199302, 8, 0, [12.379673957824707, -3.9042515754699707]]
[199302, 22, 0, [0.12333332002162933, -6.13892936706543]]
[199302, 5, 0, [6.42413854598999, -9.253194808959961]]
[199302, 2, 0, [0.12484332174062729, -9.764908790588379]]
[199302, 18, 0, [2.9082069396972656, -4.774476528167725]]
[199302, 9, 1, [6.338459014892578, -9.082398414611816]]
[199302, 12, 1, [12.009297370910645, -12.380041122436523]]
[199302, 24, 1, [0.2704733610153198, -5.942433834075928]]
[199302, 7, 1, [4.698392868041992, -5.068363189697266]]
[199302, 11, 1, [5.856032371520996, -4.60587215423584]]
[199302, 16, 1, [12.244158744812012, -4.106697082519531]]
[199302, 10, 1, [1.7577027082443237, -7.501364707946777]]
[204752, 'popsize', 13]
[205502, 8, 0, [12.39207935333252, -3.809189558029175]]
[205502, 22, 0, [0.12333404272794724, -6.132354736328125]]
[205502, 5, 0, [6.405882835388184, -9.259095191955566]]
[205502, 2, 0, [0.1248372346162796, -9.764827728271484]]
[205502, 18, 0, [2.836448907852173, -4.759381294250488]]
[205502, 9, 1, [6.355111598968506, -9.074603080749512]]
[205502, 12, 1, [12.02703857421875, -12.34877872467041]]
[205502, 24, 1, [0.24786686897277832, -5.941412448883057]]
[205502, 7, 1, [4.761116027832031, -5.54510498046875]]
[205502, 11, 1, [6.010194778442383, -4.482728004455566]]
[205502, 16, 1, [12.312085151672363, -3.9659712314605713]]
[205502, 10, 1, [1.8265290260314941, -7.2574920654296875]]
[205502, 3, 1, [2.2155072689056396, -2.1970081329345703]]
[210802, 'popsize', 13]
[211652, 8, 0, [12.40485954284668, -3.5631487369537354]]
[211652, 22, 0, [0.12333469837903976, -6.1304931640625]]
[211652, 5, 0, [6.387338161468506, -9.260458946228027]]
[211652, 2, 0, [0.1248415857553482, -9.7648344039917]]
[211652, 18, 0, [2.781139373779297, -4.6913981437683105]]
[211652, 9, 1, [6.37273645401001, -9.070001602172852]]
[211652, 12, 1, [12.007181167602539, -12.34325122833252]]
[211652, 24, 1, [0.23971576988697052, -5.941212177276611]]
[211652, 7, 1, [4.705666542053223, -5.379731178283691]]
[211652, 11, 1, [6.4171953201293945, -4.55979061126709]]
[211652, 16, 1, [12.362091064453125, -3.866673469543457]]
[211652, 10, 1, [2.0227553844451904, -6.785093307495117]]
[211652, 3, 1, [2.7212073802948, -2.1519436836242676]]
[216902, 'popsize', 13]
[217602, 8, 0, [12.40483570098877, -3.326694965362549]]
[217602, 22, 0, [0.12333523482084274, -6.127744197845459]]
[217602, 5, 0, [6.368841648101807, -9.258865356445312]]
[217602, 2, 0, [0.12483657151460648, -9.764901161193848]]
[217602, 18, 0, [2.573823928833008, -4.561972618103027]]
[217602, 9, 1, [6.390206813812256, -9.068842887878418]]
[217602, 12, 1, [11.998551368713379, -12.361598014831543]]
[217602, 24, 1, [0.21753498911857605, -5.953645706176758]]
[217602, 7, 1, [4.599511623382568, -4.891740798950195]]
[217602, 11, 1, [6.696484565734863, -4.760091781616211]]
[217602, 16, 1, [12.361334800720215, -3.8219857215881348]]
[217602, 10, 1, [2.2621026039123535, -6.337881088256836]]
[217602, 3, 1, [3.2099599838256836, -2.0572195053100586]]
[223002, 'popsize', 13]
[223702, 8, 0, [12.404825210571289, -3.089493989944458]]
[223702, 22, 0, [0.1233338713645935, -6.125011920928955]]
[223702, 5, 0, [6.35091495513916, -9.253954887390137]]
[223702, 2, 0, [0.12483663856983185, -9.765046119689941]]
[223702, 18, 0, [2.3996081352233887, -4.547947406768799]]
[223702, 9, 1, [6.408376216888428, -9.07129955291748]]
[223702, 12, 1, [12.032472610473633, -12.375885963439941]]
[223702, 24, 1, [0.23723368346691132, -5.933319091796875]]
[223702, 7, 1, [4.537586688995361, -4.384068012237549]]
[223702, 11, 1, [6.703354835510254, -5.021417617797852]]
[223702, 16, 1, [12.368547439575195, -3.586371660232544]]
[223702, 10, 1, [2.5514259338378906, -5.921067237854004]]
[223702, 3, 1, [3.6871399879455566, -1.9099246263504028]]
[229052, 'popsize', 13]
[229802, 8, 0, [12.404857635498047, -2.8525784015655518]]
[229802, 22, 0, [0.1233319565653801, -6.121670246124268]]
[229802, 5, 0, [6.334193229675293, -9.246658325195312]]
[229802, 2, 0, [0.12483663111925125, -9.765087127685547]]
[229802, 18, 0, [2.32475209236145, -4.511176586151123]]
[229802, 9, 1, [6.425209045410156, -9.078485488891602]]
[229802, 12, 1, [12.058696746826172, -12.353205680847168]]
[229802, 24, 1, [0.233578160405159, -5.9397101402282715]]
[229802, 7, 1, [4.527560710906982, -3.882045269012451]]
[229802, 11, 1, [6.827939510345459, -5.349387168884277]]
[229802, 16, 1, [12.362358093261719, -3.5452022552490234]]
[229802, 10, 1, [2.887394428253174, -5.53933572769165]]
[229802, 3, 1, [4.148245811462402, -1.710983157157898]]
[235052, 'popsize', 13]
[235752, 8, 0, [12.404706954956055, -2.6178219318389893]]
[235752, 22, 0, [0.12333342432975769, -6.119458198547363]]
[235752, 5, 0, [6.319278717041016, -9.236530303955078]]
[235752, 2, 0, [0.1248425617814064, -9.765177726745605]]
[235752, 18, 0, [2.082986354827881, -4.50248908996582]]
[235752, 9, 1, [6.440369606018066, -9.088388442993164]]
[235752, 12, 1, [12.066874504089355, -12.356194496154785]]
[235752, 24, 1, [0.222934752702713, -5.945731163024902]]
[235752, 7, 1, [4.570052146911621, -3.3840889930725098]]
[235752, 11, 1, [6.618527889251709, -5.469242572784424]]
[235752, 16, 1, [12.354454040527344, -3.523768186569214]]
[235752, 10, 1, [3.252629041671753, -5.191917419433594]]
[235752, 3, 1, [4.31842565536499, -1.6776975393295288]]
[241052, 'popsize', 13]
[241752, 8, 0, [12.404818534851074, -2.384716510772705]]
[241752, 22, 0, [0.12491026520729065, -6.145296573638916]]
[241752, 5, 0, [6.307077407836914, -9.224228858947754]]
[241752, 2, 0, [0.12484090775251389, -9.765253067016602]]
[241752, 18, 0, [1.845958948135376, -4.590497016906738]]
[241752, 9, 1, [6.452981948852539, -9.100724220275879]]
[241752, 12, 1, [12.069222450256348, -12.37568473815918]]
[241752, 24, 1, [0.1769779771566391, -5.99795389175415]]
[241752, 7, 1, [4.660933017730713, -2.887455940246582]]
[241752, 11, 1, [6.647192478179932, -5.427712917327881]]
[241752, 16, 1, [12.301319122314453, -3.503540277481079]]
[241752, 10, 1, [3.6497979164123535, -4.889190673828125]]
[241752, 3, 1, [4.321631908416748, -2.1564083099365234]]
[247052, 'popsize', 13]
[247752, 8, 0, [12.404776573181152, -2.152113676071167]]
[247752, 22, 0, [0.12425398081541061, -6.1763834953308105]]
[247752, 5, 0, [6.297151565551758, -9.209832191467285]]
[247752, 2, 0, [0.12483829259872437, -9.765213012695312]]
[247752, 18, 0, [1.4560247659683228, -4.71791410446167]]
[247752, 9, 1, [6.463336944580078, -9.114692687988281]]
[247752, 12, 1, [12.103001594543457, -12.350115776062012]]
[247752, 24, 1, [0.16213421523571014, -6.024222373962402]]
[247752, 7, 1, [4.648383617401123, -2.9773051738739014]]
[247752, 11, 1, [6.746311187744141, -5.365488529205322]]
[247752, 16, 1, [12.3009033203125, -3.4923183917999268]]
[247752, 10, 1, [3.8684771060943604, -4.777197360992432]]
[247752, 3, 1, [4.382986545562744, -2.641364097595215]]
[252952, 'popsize', 13]
[253652, 8, 0, [12.404860496520996, -1.9203473329544067]]
[253652, 22, 0, [0.12363206595182419, -6.209318161010742]]
[253652, 5, 0, [6.291010856628418, -9.193674087524414]]
[253652, 2, 0, [0.12484144419431686, -9.765366554260254]]
[253652, 18, 0, [1.4643229246139526, -4.727780818939209]]
[253652, 9, 1, [6.471261978149414, -9.129935264587402]]
[253652, 12, 1, [12.1211576461792, -12.360910415649414]]
[253652, 24, 1, [0.14775782823562622, -6.054537773132324]]
[253652, 7, 1, [4.62564754486084, -3.259950876235962]]
[253652, 11, 1, [6.962239742279053, -5.5218706130981445]]
[253652, 16, 1, [12.227137565612793, -3.3585846424102783]]
[253652, 10, 1, [3.759608030319214, -4.565435409545898]]
[253652, 3, 1, [4.492589950561523, -3.1014699935913086]]
[258902, 'popsize', 13]
[259602, 8, 0, [12.404869079589844, -1.6900731325149536]]
[259602, 22, 0, [0.123606376349926, -6.233164310455322]]
[259602, 5, 0, [6.28698205947876, -9.177077293395996]]
[259602, 2, 0, [0.12483814358711243, -9.765331268310547]]
[259602, 18, 0, [1.4541432857513428, -4.717711448669434]]
[259602, 9, 1, [6.475682735443115, -9.146676063537598]]
[259602, 12, 1, [12.12287425994873, -12.375018119812012]]
[259602, 24, 1, [0.14294390380382538, -6.078036308288574]]
[259602, 7, 1, [4.7002153396606445, -3.330751419067383]]
[259602, 11, 1, [6.770415782928467, -5.806910514831543]]
[259602, 16, 1, [12.183398246765137, -3.3193039894104004]]
[259602, 10, 1, [3.7990870475769043, -4.793039798736572]]
[259602, 3, 1, [4.5394062995910645, -3.49722957611084]]
[264952, 'popsize', 13]
[265652, 8, 0, [12.404566764831543, -1.4632965326309204]]
[265652, 22, 0, [0.12360914051532745, -6.253714561462402]]
[265652, 5, 0, [6.287996768951416, -9.159024238586426]]
[265652, 2, 0, [0.1248350515961647, -9.765411376953125]]
[265652, 18, 0, [1.4414616823196411, -4.71336555480957]]
[265652, 9, 1, [6.479075908660889, -9.16382884979248]]
[265652, 12, 1, [12.159929275512695, -12.366081237792969]]
[265652, 24, 1, [0.14312541484832764, -6.09848690032959]]
[265652, 7, 1, [4.707050323486328, -3.348266363143921]]
[265652, 11, 1, [6.620412826538086, -5.811193943023682]]
[265652, 16, 1, [12.120979309082031, -2.811669111251831]]
[265652, 10, 1, [3.8293328285217285, -4.778267860412598]]
[265652, 3, 1, [4.546245098114014, -3.664958953857422]]
[271002, 'popsize', 13]
[271702, 8, 0, [12.404744148254395, -1.2319051027297974]]
[271702, 22, 0, [0.12360316514968872, -6.274967193603516]]
[271702, 5, 0, [6.29209041595459, -9.141512870788574]]
[271702, 2, 0, [0.1248370036482811, -9.765510559082031]]
[271702, 18, 0, [1.4262245893478394, -4.715981960296631]]
[271702, 9, 1, [6.4790730476379395, -9.181376457214355]]
[271702, 12, 1, [12.16761589050293, -12.363179206848145]]
[271702, 24, 1, [0.14305637776851654, -6.119822978973389]]
[271702, 7, 1, [4.607944011688232, -3.361818552017212]]
[271702, 11, 1, [6.609147548675537, -5.875247955322266]]
[271702, 16, 1, [12.104722023010254, -2.3015313148498535]]
[271702, 10, 1, [4.072358131408691, -4.7135539054870605]]
[271702, 3, 1, [4.061518669128418, -3.5760927200317383]]
[277052, 'popsize', 13]
[277752, 8, 0, [12.404837608337402, -1.0014030933380127]]
[277752, 22, 0, [0.12360920011997223, -6.294984817504883]]
[277752, 5, 0, [6.298680782318115, -9.124406814575195]]
[277752, 2, 0, [0.12483744323253632, -9.765569686889648]]
[277752, 18, 0, [1.4130760431289673, -4.7197113037109375]]
[277752, 9, 1, [6.474862575531006, -9.198238372802734]]
[277752, 12, 1, [12.185806274414062, -12.377616882324219]]
[277752, 24, 1, [0.1430584341287613, -6.139906883239746]]
[277752, 7, 1, [4.159465312957764, -3.486654281616211]]
[277752, 11, 1, [6.41131591796875, -5.9836554527282715]]
[277752, 16, 1, [12.144889831542969, -1.793068289756775]]
[277752, 10, 1, [3.926690101623535, -4.4454498291015625]]
[277752, 3, 1, [3.8920819759368896, -3.559530258178711]]
[283002, 'popsize', 13]
[283702, 8, 0, [12.404855728149414, -0.7752555012702942]]
[283702, 22, 0, [0.12360009551048279, -6.315402030944824]]
[283702, 5, 0, [6.306270122528076, -9.107766151428223]]
[283702, 2, 0, [0.12484226375818253, -9.765732765197754]]
[283702, 18, 0, [1.4067676067352295, -4.731529235839844]]
[283702, 9, 1, [6.464940071105957, -9.21452522277832]]
[283702, 12, 1, [12.20580005645752, -12.345887184143066]]
[283702, 24, 1, [0.14291058480739594, -6.160364627838135]]
[283702, 7, 1, [3.8900656700134277, -3.753863573074341]]
[283702, 11, 1, [6.331393241882324, -6.0359787940979]]
[283702, 16, 1, [12.231857299804688, -1.3002309799194336]]
[283702, 10, 1, [3.9434123039245605, -4.466067314147949]]
[283702, 3, 1, [3.7498867511749268, -3.769335985183716]]
[288852, 'popsize', 13]
[289552, 8, 0, [12.404911994934082, -0.5525763034820557]]
[289552, 22, 0, [0.1236083060503006, -6.336137294769287]]
[289552, 5, 0, [6.312941074371338, -9.090801239013672]]
[289552, 2, 0, [0.12483957409858704, -9.765793800354004]]
[289552, 18, 0, [1.2628264427185059, -4.781453609466553]]
[289552, 9, 1, [6.448468208312988, -9.22619342803955]]
[289552, 12, 1, [12.173656463623047, -12.326346397399902]]
[289552, 24, 1, [0.14303207397460938, -6.181085109710693]]
[289552, 7, 1, [3.8504605293273926, -4.097807884216309]]
[289552, 11, 1, [6.147676944732666, -5.983592987060547]]
[289552, 16, 1, [12.366915702819824, -0.8319641351699829]]
[289552, 10, 1, [4.133679389953613, -4.787233352661133]]
[289552, 3, 1, [3.732773542404175, -4.173913955688477]]
[294752, 'popsize', 13]
[295452, 8, 0, [12.40477466583252, -0.3319554924964905]]
[295452, 22, 0, [0.1236032173037529, -6.3566484451293945]]
[295452, 5, 0, [6.317523956298828, -9.0731840133667]]
[295452, 2, 0, [0.1248374953866005, -9.76579475402832]]
[295452, 18, 0, [1.1788387298583984, -4.773844242095947]]
[295452, 9, 1, [6.426190376281738, -9.230917930603027]]
[295452, 12, 1, [12.156367301940918, -12.347916603088379]]
[295452, 24, 1, [0.14314649999141693, -6.201372146606445]]
[295452, 7, 1, [3.9597959518432617, -4.454796314239502]]
[295452, 11, 1, [6.353891372680664, -5.823081016540527]]
[295452, 16, 1, [12.361021995544434, -0.7972445487976074]]
[295452, 10, 1, [4.172757148742676, -4.8571085929870605]]
[295452, 3, 1, [3.8726959228515625, -4.56551456451416]]
[300703, 'popsize', 13]
[301453, 8, 0, [12.404787063598633, -0.11845264583826065]]
[301453, 22, 0, [0.12360315769910812, -6.376364231109619]]
[301453, 5, 0, [6.325932025909424, -9.05699634552002]]
[301453, 2, 0, [0.12483853846788406, -9.765779495239258]]
[301453, 18, 0, [0.9515202641487122, -4.849967002868652]]
[301453, 9, 1, [6.403684139251709, -9.231856346130371]]
[301453, 12, 1, [12.187848091125488, -12.375238418579102]]
[301453, 24, 1, [0.1430264264345169, -6.221258163452148]]
[301453, 7, 1, [4.174481391906738, -4.71461820602417]]
[301453, 11, 1, [6.506103038787842, -5.994850158691406]]
[301453, 16, 1, [12.353412628173828, -0.7764425277709961]]
[301453, 10, 1, [4.369490146636963, -5.314226150512695]]
[301453, 3, 1, [4.119353771209717, -4.845733642578125]]
[306753, 'popsize', 13]
[307453, 8, 0, [12.404886245727539, -0.11850088089704514]]
[307453, 22, 0, [0.12360702455043793, -6.396368980407715]]
[307453, 5, 0, [6.335381507873535, -9.041084289550781]]
[307453, 2, 0, [0.12483927607536316, -9.765880584716797]]
[307453, 18, 0, [0.7620438933372498, -5.029824256896973]]
[307453, 9, 1, [6.380204200744629, -9.227416038513184]]
[307453, 12, 1, [12.221593856811523, -12.35579776763916]]
[307453, 24, 1, [0.14304141700267792, -6.241246223449707]]
[307453, 7, 1, [4.251908302307129, -4.955763816833496]]
[307453, 11, 1, [6.560465335845947, -5.896419525146484]]
[307453, 16, 1, [12.299711227416992, -0.7640766501426697]]
[307453, 10, 1, [4.522788047790527, -5.800520420074463]]
[307453, 3, 1, [4.1322808265686035, -4.803711891174316]]
[312803, 'popsize', 13]
[313503, 8, 0, [12.404885292053223, -0.11850384622812271]]
[313503, 22, 0, [0.12360654026269913, -6.417240142822266]]
[313503, 5, 0, [6.34581995010376, -9.027350425720215]]
[313503, 2, 0, [0.1248394176363945, -9.765893936157227]]
[313503, 18, 0, [0.5644127726554871, -5.15992546081543]]
[313503, 9, 1, [6.358199119567871, -9.218703269958496]]
[313503, 12, 1, [12.209936141967773, -12.323005676269531]]
[313503, 24, 1, [0.14302408695220947, -6.262106895446777]]
[313503, 7, 1, [4.22990083694458, -4.963293075561523]]
[313503, 11, 1, [6.811992168426514, -5.955737590789795]]
[313503, 16, 1, [12.300621032714844, -0.7488170266151428]]
[313503, 10, 1, [4.634067058563232, -6.296208381652832]]
[313503, 3, 1, [4.263796806335449, -4.745511531829834]]
[318753, 'popsize', 13]
[319503, 8, 0, [12.404887199401855, -0.11850777268409729]]
[319503, 22, 0, [0.12360374629497528, -6.438190937042236]]
[319503, 5, 0, [6.357390880584717, -9.016810417175293]]
[319503, 2, 0, [0.1248401403427124, -9.766044616699219]]
[319503, 18, 0, [0.5678917765617371, -5.167146682739258]]
[319503, 9, 1, [6.338974952697754, -9.207517623901367]]
[319503, 12, 1, [12.172785758972168, -12.329638481140137]]
[319503, 24, 1, [0.1430729180574417, -6.283093452453613]]
[319503, 7, 1, [4.209427833557129, -5.150431156158447]]
[319503, 11, 1, [6.848860740661621, -6.08535099029541]]
[319503, 16, 1, [12.207919120788574, -0.6230387687683105]]
[319503, 10, 1, [4.698379993438721, -6.6947407722473145]]
[319503, 3, 1, [4.329631328582764, -5.039089202880859]]
[324803, 'popsize', 13]
[325503, 8, 0, [12.404886245727539, -0.11850979924201965]]
[325503, 22, 0, [0.12360934168100357, -6.458731651306152]]
[325503, 5, 0, [6.3709821701049805, -9.009636878967285]]
[325503, 2, 0, [0.12483898550271988, -9.766020774841309]]
[325503, 18, 0, [0.5753927826881409, -5.171704292297363]]
[325503, 9, 1, [6.321594715118408, -9.194424629211426]]
[325503, 12, 1, [12.249308586120605, -12.382758140563965]]
[325503, 24, 1, [0.14306926727294922, -6.303653240203857]]
[325503, 7, 1, [4.250328063964844, -5.200211524963379]]
[325503, 11, 1, [7.088289737701416, -6.175582408905029]]
[325503, 16, 1, [12.151662826538086, -0.592221736907959]]
[325503, 10, 1, [4.747679710388184, -6.5334248542785645]]
[325503, 3, 1, [4.380923271179199, -5.288787841796875]]
[330903, 'popsize', 13]
[331603, 8, 0, [12.404885292053223, -0.11851414293050766]]
[331603, 22, 0, [0.12361251562833786, -6.479249477386475]]
[331603, 5, 0, [6.384750843048096, -9.007729530334473]]
[331603, 2, 0, [0.12484238296747208, -9.765982627868652]]
[331603, 18, 0, [0.5833128690719604, -5.174746036529541]]
[331603, 9, 1, [6.307835102081299, -9.182805061340332]]
[331603, 12, 1, [12.27416706085205, -12.359285354614258]]
[331603, 24, 1, [0.14314502477645874, -6.324071407318115]]
[331603, 7, 1, [4.311559677124023, -5.253505229949951]]
[331603, 11, 1, [7.10324764251709, -6.3080339431762695]]
[331603, 16, 1, [12.024530410766602, -0.35790127515792847]]
[331603, 10, 1, [4.782923221588135, -6.525960922241211]]
[331603, 3, 1, [4.293341636657715, -5.416810989379883]]
[336803, 'popsize', 13]
[337503, 8, 0, [12.404882431030273, -0.1185164749622345]]
[337503, 22, 0, [0.12360216677188873, -6.499539852142334]]
[337503, 5, 0, [6.397251605987549, -9.01236629486084]]
[337503, 2, 0, [0.12484312057495117, -9.76620864868164]]
[337503, 18, 0, [0.6025242805480957, -5.174868583679199]]
[337503, 9, 1, [6.295487880706787, -9.174196243286133]]
[337503, 12, 1, [12.24675464630127, -12.347368240356445]]
[337503, 24, 1, [0.14312314987182617, -6.344478130340576]]
[337503, 7, 1, [4.373305320739746, -5.191025733947754]]
[337503, 11, 1, [7.313304901123047, -6.44238805770874]]
[337503, 16, 1, [12.036920547485352, -0.2036462128162384]]
[337503, 10, 1, [5.274738788604736, -6.468950271606445]]
[337503, 3, 1, [4.268959999084473, -5.495754241943359]]
[342853, 'popsize', 13]
[343553, 8, 0, [12.367843627929688, -0.2584248483181]]
[343553, 22, 0, [0.12359689921140671, -6.519552230834961]]
[343553, 5, 0, [6.408545970916748, -9.020008087158203]]
[343553, 2, 0, [0.12483672797679901, -9.766321182250977]]
[343553, 18, 0, [0.6090587973594666, -5.178206443786621]]
[343553, 9, 1, [6.283848762512207, -9.165206909179688]]
[343553, 12, 1, [12.266053199768066, -12.374755859375]]
[343553, 24, 1, [0.1429823935031891, -6.3644609451293945]]
[343553, 7, 1, [4.2960205078125, -5.511663436889648]]
[343553, 11, 1, [7.167069911956787, -6.7468767166137695]]
[343553, 16, 1, [12.03061294555664, -0.20914798974990845]]
[343553, 10, 1, [5.786167621612549, -6.468878746032715]]
[343553, 3, 1, [4.095596790313721, -5.560204029083252]]
[348803, 'popsize', 13]
[349553, 8, 0, [12.382611274719238, -0.2675929665565491]]
[349553, 22, 0, [0.12360680103302002, -6.539956092834473]]
[349553, 5, 0, [6.416755676269531, -9.031025886535645]]
[349553, 2, 0, [0.1248384565114975, -9.766440391540527]]
[349553, 18, 0, [0.5224830508232117, -5.157608985900879]]
[349553, 9, 1, [6.2738237380981445, -9.157757759094238]]
[349553, 12, 1, [12.290718078613281, -12.357585906982422]]
[349553, 24, 1, [0.14310809969902039, -6.384860038757324]]
[349553, 7, 1, [4.094940185546875, -5.719516277313232]]
[349553, 11, 1, [7.215989112854004, -6.615166187286377]]
[349553, 16, 1, [12.017623901367188, -0.21043607592582703]]
[349553, 10, 1, [6.287198543548584, -6.520252227783203]]
[349553, 3, 1, [4.056582927703857, -5.580280780792236]]
[354803, 'popsize', 13]
[355503, 8, 0, [12.376850128173828, -0.27930453419685364]]
[355503, 22, 0, [0.1235436201095581, -6.56134557723999]]
[355503, 5, 0, [6.421814918518066, -9.046950340270996]]
[355503, 2, 0, [0.12483818829059601, -9.766581535339355]]
[355503, 18, 0, [0.289598673582077, -5.190464973449707]]
[355503, 9, 1, [6.261654376983643, -9.151301383972168]]
[355503, 12, 1, [12.272588729858398, -12.319689750671387]]
[355503, 24, 1, [0.14216265082359314, -6.406014442443848]]
[355503, 7, 1, [4.259232044219971, -5.7631025314331055]]
[355503, 11, 1, [7.463172912597656, -6.688273906707764]]
[355503, 16, 1, [12.039704322814941, -0.1552504301071167]]
[355503, 10, 1, [6.7768659591674805, -6.625119209289551]]
[355503, 3, 1, [4.1462907791137695, -5.624621868133545]]
[360753, 'popsize', 13]
[361453, 8, 0, [12.376869201660156, -0.2838449478149414]]
[361453, 22, 0, [0.1236017644405365, -6.581768989562988]]
[361453, 5, 0, [6.4243364334106445, -9.06489086151123]]
[361453, 2, 0, [0.12484132498502731, -9.766674041748047]]
[361453, 18, 0, [0.29330185055732727, -5.202120780944824]]
[361453, 9, 1, [6.250133514404297, -9.14335823059082]]
[361453, 12, 1, [12.244393348693848, -12.33545207977295]]
[361453, 24, 1, [0.14301210641860962, -6.426722526550293]]
[361453, 7, 1, [4.246786117553711, -5.816252708435059]]
[361453, 11, 1, [7.459676265716553, -6.842685699462891]]
[361453, 16, 1, [12.095829963684082, -0.12180523574352264]]
[361453, 10, 1, [7.249481201171875, -6.7841291427612305]]
[361453, 3, 1, [4.130138874053955, -5.871309757232666]]
[366703, 'popsize', 13]
[367403, 8, 0, [12.376862525939941, -0.28822705149650574]]
[367403, 22, 0, [0.12359179556369781, -6.602714538574219]]
[367403, 5, 0, [6.423616886138916, -9.0831298828125]]
[367403, 2, 0, [0.12483992427587509, -9.766756057739258]]
[367403, 18, 0, [0.2987085282802582, -5.212856292724609]]
[367403, 9, 1, [6.239192962646484, -9.13319206237793]]
[367403, 12, 1, [12.333629608154297, -12.386244773864746]]
[367403, 24, 1, [0.14295178651809692, -6.4476752281188965]]
[367403, 7, 1, [4.312193870544434, -5.739363193511963]]
[367403, 11, 1, [7.5319743156433105, -6.855473041534424]]
[367403, 16, 1, [12.11937141418457, -0.17909473180770874]]
[367403, 10, 1, [7.345369338989258, -6.832101821899414]]
[367403, 3, 1, [4.235152721405029, -5.942473411560059]]
[372653, 'popsize', 13]
[373353, 8, 0, [12.376852989196777, -0.2912512421607971]]
[373353, 22, 0, [0.12359574437141418, -6.623432159423828]]
[373353, 5, 0, [6.430022239685059, -9.100639343261719]]
[373353, 2, 0, [0.12483657896518707, -9.766829490661621]]
[373353, 18, 0, [0.31243425607681274, -5.21792459487915]]
[373353, 9, 1, [6.239102840423584, -9.113426208496094]]
[373353, 12, 1, [12.3587007522583, -12.356247901916504]]
[373353, 24, 1, [0.14311400055885315, -6.468274116516113]]
[373353, 7, 1, [3.926374673843384, -5.927096366882324]]
[373353, 11, 1, [7.693182945251465, -6.834633827209473]]
[373353, 16, 1, [12.15709114074707, -0.13934457302093506]]
[373353, 10, 1, [7.507608413696289, -6.882602214813232]]
[373353, 3, 1, [4.2894768714904785, -6.0963335037231445]]
[378603, 'popsize', 13]
[379303, 8, 0, [12.37684154510498, -0.29700198769569397]]
[379303, 22, 0, [0.12360578030347824, -6.643125057220459]]
[379303, 5, 0, [6.440410137176514, -9.116632461547852]]
[379303, 2, 0, [0.12484072893857956, -9.766982078552246]]
[379303, 18, 0, [0.32774361968040466, -5.2235493659973145]]
[379303, 9, 1, [6.250214576721191, -9.09400463104248]]
[379303, 12, 1, [12.349547386169434, -12.376513481140137]]
[379303, 24, 1, [0.14302611351013184, -6.487934112548828]]
[379303, 7, 1, [3.56626296043396, -6.196138381958008]]
[379303, 11, 1, [7.74995231628418, -6.847074508666992]]
[379303, 16, 1, [12.207347869873047, -0.12135589867830276]]
[379303, 10, 1, [7.565657138824463, -6.901242733001709]]
[379303, 3, 1, [4.244760036468506, -6.143322944641113]]
[384553, 'popsize', 13]
[385253, 8, 0, [12.391186714172363, -0.3465982675552368]]
[385253, 22, 0, [0.12359616905450821, -6.663671493530273]]
[385253, 5, 0, [6.447513580322266, -9.133939743041992]]
[385253, 2, 0, [0.12484298646450043, -9.767056465148926]]
[385253, 18, 0, [0.3452095687389374, -5.214953422546387]]
[385253, 9, 1, [6.264996528625488, -9.07646656036377]]
[385253, 12, 1, [12.361372947692871, -12.358020782470703]]
[385253, 24, 1, [0.1431097537279129, -6.508423328399658]]
[385253, 7, 1, [3.257291555404663, -6.555185794830322]]
[385253, 11, 1, [7.798040866851807, -6.858100414276123]]
[385253, 16, 1, [12.221440315246582, -0.251564621925354]]
[385253, 10, 1, [7.616009712219238, -6.918303966522217]]
[385253, 3, 1, [4.087408065795898, -6.1877593994140625]]
[390503, 'popsize', 13]
[391253, 8, 0, [12.408462524414062, -0.47854965925216675]]
[391253, 22, 0, [0.12360148131847382, -6.683896064758301]]
[391253, 5, 0, [6.443445682525635, -9.151371955871582]]
[391253, 2, 0, [0.12483981251716614, -9.767024993896484]]
[391253, 18, 0, [0.3547232747077942, -5.203729629516602]]
[391253, 9, 1, [6.275447845458984, -9.06039047241211]]
[391253, 12, 1, [12.352705955505371, -12.374561309814453]]
[391253, 24, 1, [0.14304719865322113, -6.528851509094238]]
[391253, 7, 1, [3.0317885875701904, -6.974073886871338]]
[391253, 11, 1, [7.852657794952393, -6.866812705993652]]
[391253, 16, 1, [12.248983383178711, -0.47911372780799866]]
[391253, 10, 1, [7.673422336578369, -6.933194160461426]]
[391253, 3, 1, [3.9828760623931885, -6.489577293395996]]
[396503, 'popsize', 13]
[397204, 8, 0, [12.405271530151367, -0.5290876626968384]]
[397204, 22, 0, [0.12360113859176636, -6.7043609619140625]]
[397204, 5, 0, [6.430814743041992, -9.165741920471191]]
[397204, 2, 0, [0.12484382092952728, -9.767091751098633]]
[397204, 18, 0, [0.35970327258110046, -5.1906256675720215]]
[397204, 9, 1, [6.282749652862549, -9.044602394104004]]
[397204, 12, 1, [12.374606132507324, -12.345343589782715]]
[397204, 24, 1, [0.14310990273952484, -6.5492963790893555]]
[397204, 7, 1, [2.888411521911621, -7.43353271484375]]
[397204, 11, 1, [7.928563594818115, -6.866000652313232]]
[397204, 16, 1, [12.304106712341309, -0.5788912773132324]]
[397204, 10, 1, [7.753550052642822, -6.942979335784912]]
[397204, 3, 1, [3.869575262069702, -6.962301254272461]]
[402454, 'popsize', 13]
[403154, 8, 0, [12.284278869628906, -0.4598039984703064]]
[403154, 22, 0, [0.12360105663537979, -6.7239789962768555]]
[403154, 5, 0, [6.414661407470703, -9.17633056640625]]
[403154, 2, 0, [0.12484369426965714, -9.767152786254883]]
[403154, 18, 0, [0.35465267300605774, -5.170255661010742]]
[403154, 9, 1, [6.292230606079102, -9.029791831970215]]
[403154, 12, 1, [12.350653648376465, -12.318159103393555]]
[403154, 24, 1, [0.143072709441185, -6.569004058837891]]
[403154, 7, 1, [2.832228660583496, -7.907027244567871]]
[403154, 11, 1, [8.043128967285156, -6.845120429992676]]
[403154, 16, 1, [12.364580154418945, -0.6415057182312012]]
[403154, 10, 1, [7.865540027618408, -6.911592483520508]]
[403154, 3, 1, [3.8046798706054688, -7.453673839569092]]
[408504, 'popsize', 13]
[409204, 8, 0, [12.25342082977295, -0.2980901002883911]]
[409204, 22, 0, [0.12359863519668579, -6.745850086212158]]
[409204, 5, 0, [6.395925521850586, -9.184077262878418]]
[409204, 2, 0, [0.12483274936676025, -9.767223358154297]]
[409204, 18, 0, [0.31031474471092224, -5.239802837371826]]
[409204, 9, 1, [6.304920196533203, -9.016175270080566]]
[409204, 12, 1, [12.329713821411133, -12.330403327941895]]
[409204, 24, 1, [0.14298371970653534, -6.5908002853393555]]
[409204, 7, 1, [2.877147912979126, -8.382881164550781]]
[409204, 11, 1, [8.177544593811035, -6.71819543838501]]
[409204, 16, 1, [12.325470924377441, -0.6686978340148926]]
[409204, 10, 1, [8.054498672485352, -6.859809875488281]]
[409204, 3, 1, [3.7855918407440186, -7.954770088195801]]
[414504, 'popsize', 13]
[415204, 8, 0, [12.211286544799805, -0.12301196157932281]]
[415204, 22, 0, [0.12362068146467209, -6.765892028808594]]
[415204, 5, 0, [6.3771891593933105, -9.190193176269531]]
[415204, 2, 0, [0.12484387308359146, -9.767263412475586]]
[415204, 18, 0, [0.276786208152771, -5.478337287902832]]
[415204, 9, 1, [6.320926189422607, -9.007319450378418]]
[415204, 12, 1, [12.316886901855469, -12.355301856994629]]
[415204, 24, 1, [0.1430719494819641, -6.6107378005981445]]
[415204, 7, 1, [2.8336129188537598, -8.252562522888184]]
[415204, 11, 1, [8.238578796386719, -6.5667195320129395]]
[415204, 16, 1, [12.31399917602539, -0.656962513923645]]
[415204, 10, 1, [8.196428298950195, -6.753631114959717]]
[415204, 3, 1, [3.8131892681121826, -8.456802368164062]]
[420504, 'popsize', 13]
[421204, 8, 0, [12.171262741088867, -0.11452563852071762]]
[421204, 22, 0, [0.12360362708568573, -6.786198616027832]]
[421204, 5, 0, [6.357368469238281, -9.191849708557129]]
[421204, 2, 0, [0.12483734637498856, -9.767264366149902]]
[421204, 18, 0, [0.28796201944351196, -5.479276657104492]]
[421204, 9, 1, [6.338801383972168, -9.001696586608887]]
[421204, 12, 1, [12.338970184326172, -12.363326072692871]]
[421204, 24, 1, [0.14294251799583435, -6.631166934967041]]
[421204, 7, 1, [2.8064730167388916, -8.164593696594238]]
[421204, 11, 1, [8.209271430969238, -6.433873176574707]]
[421204, 16, 1, [12.313162803649902, -0.6490969657897949]]
[421204, 10, 1, [8.269469261169434, -6.6144256591796875]]
[421204, 3, 1, [3.8870632648468018, -8.952144622802734]]
[426404, 'popsize', 13]
[427104, 8, 0, [12.082612037658691, -0.10553393512964249]]
[427104, 22, 0, [0.12360276281833649, -6.8068156242370605]]
[427104, 5, 0, [6.338534832000732, -9.191401481628418]]
[427104, 2, 0, [0.1248389482498169, -9.767291069030762]]
[427104, 18, 0, [0.29728639125823975, -5.474830627441406]]
[427104, 9, 1, [6.35685920715332, -9.001036643981934]]
[427104, 12, 1, [12.363504409790039, -12.341012954711914]]
[427104, 24, 1, [0.14299319684505463, -6.651715278625488]]
[427104, 7, 1, [2.7226321697235107, -7.887323379516602]]
[427104, 11, 1, [8.132177352905273, -6.335550308227539]]
[427104, 16, 1, [12.202227592468262, -0.5471463203430176]]
[427104, 10, 1, [8.285212516784668, -6.462320327758789]]
[427104, 3, 1, [3.9862024784088135, -9.370902061462402]]
[432354, 'popsize', 13]
[433054, 8, 0, [12.060670852661133, -0.13431309163570404]]
[433054, 22, 0, [0.1236133798956871, -6.826755523681641]]
[433054, 5, 0, [6.319443225860596, -9.185921669006348]]
[433054, 2, 0, [0.1248374730348587, -9.767354011535645]]
[433054, 18, 0, [0.3076174259185791, -5.466611862182617]]
[433054, 9, 1, [6.37565279006958, -9.003009796142578]]
[433054, 12, 1, [12.339884757995605, -12.36528491973877]]
[433054, 24, 1, [0.14314621686935425, -6.671597957611084]]
[433054, 7, 1, [2.6531291007995605, -7.72874641418457]]
[433054, 11, 1, [8.155434608459473, -6.0549798011779785]]
[433054, 16, 1, [12.142230987548828, -0.523137629032135]]
[433054, 10, 1, [8.211400985717773, -6.202210903167725]]
[433054, 3, 1, [3.8312652111053467, -9.108786582946777]]
[438354, 'popsize', 13]
[439104, 8, 0, [12.057313919067383, -0.12471875548362732]]
[439104, 22, 0, [0.12359950691461563, -6.846863746643066]]
[439104, 5, 0, [6.301446437835693, -9.178252220153809]]
[439104, 2, 0, [0.12483825534582138, -9.767414093017578]]
[439104, 18, 0, [0.3120696246623993, -5.4549360275268555]]
[439104, 9, 1, [6.393630027770996, -9.010953903198242]]
[439104, 12, 1, [12.356438636779785, -12.374645233154297]]
[439104, 24, 1, [0.1429644525051117, -6.691715240478516]]
[439104, 7, 1, [2.6216342449188232, -7.6472907066345215]]
[439104, 11, 1, [8.504047393798828, -5.918765544891357]]
[439104, 16, 1, [11.926690101623535, -0.2691788077354431]]
[439104, 10, 1, [8.345706939697266, -5.937756538391113]]
[439104, 3, 1, [3.5063886642456055, -8.719854354858398]]
[444354, 'popsize', 13]
[445054, 8, 0, [12.114355087280273, -0.11307673156261444]]
[445054, 22, 0, [0.12360908091068268, -6.86770486831665]]
[445054, 5, 0, [6.286371231079102, -9.167505264282227]]
[445054, 2, 0, [0.12483866512775421, -9.767507553100586]]
[445054, 18, 0, [0.3136814534664154, -5.440516948699951]]
[445054, 9, 1, [6.409117221832275, -9.020877838134766]]
[445054, 12, 1, [12.374435424804688, -12.330628395080566]]
[445054, 24, 1, [0.143108531832695, -6.712592124938965]]
[445054, 7, 1, [2.5166032314300537, -7.379386901855469]]
[445054, 11, 1, [8.572587966918945, -6.176538944244385]]
[445054, 16, 1, [11.960121154785156, -0.35061925649642944]]
[445054, 10, 1, [8.477070808410645, -6.030575752258301]]
[445054, 3, 1, [3.1469759941101074, -8.37389087677002]]
[450354, 'popsize', 13]
[451054, 8, 0, [12.150676727294922, -0.11055143922567368]]
[451054, 22, 0, [0.12360318005084991, -6.888504505157471]]
[451054, 5, 0, [6.27451753616333, -9.154265403747559]]
[451054, 2, 0, [0.12483831495046616, -9.767610549926758]]
[451054, 18, 0, [0.3112085163593292, -5.430942058563232]]
[451054, 9, 1, [6.422083377838135, -9.03271484375]]
[451054, 12, 1, [12.360441207885742, -12.29482364654541]]
[451054, 24, 1, [0.14302784204483032, -6.73356294631958]]
[451054, 7, 1, [2.518141746520996, -7.396062850952148]]
[451054, 11, 1, [8.633230209350586, -6.313660621643066]]
[451054, 16, 1, [11.954524040222168, -0.33241191506385803]]
[451054, 10, 1, [8.472742080688477, -6.096999168395996]]
[451054, 3, 1, [2.9232988357543945, -8.089991569519043]]
[456454, 'popsize', 13]
[457154, 8, 0, [12.216097831726074, -0.10789807140827179]]
[457154, 22, 0, [0.12359975278377533, -6.909517288208008]]
[457154, 5, 0, [6.265811443328857, -9.137564659118652]]
[457154, 2, 0, [0.12484254688024521, -9.767690658569336]]
[457154, 18, 0, [0.3110431134700775, -5.422408580780029]]
[457154, 9, 1, [6.433787822723389, -9.04665756225586]]
[457154, 12, 1, [12.32851791381836, -12.29605484008789]]
[457154, 24, 1, [0.14300215244293213, -6.754507064819336]]
[457154, 7, 1, [2.455657958984375, -7.255337238311768]]
[457154, 11, 1, [8.706841468811035, -6.1249680519104]]
[457154, 16, 1, [11.960887908935547, -0.32613611221313477]]
[457154, 10, 1, [8.458575248718262, -6.030940055847168]]
[457154, 3, 1, [2.873460292816162, -7.584137916564941]]
[462404, 'popsize', 13]
[463104, 8, 0, [12.281255722045898, -0.1079748347401619]]
[463104, 22, 0, [0.12360586225986481, -6.930089950561523]]
[463104, 5, 0, [6.259762763977051, -9.11991024017334]]
[463104, 2, 0, [0.12483790516853333, -9.767789840698242]]
[463104, 18, 0, [0.29829999804496765, -5.42062520980835]]
[463104, 9, 1, [6.442001819610596, -9.062414169311523]]
[463104, 12, 1, [12.38890266418457, -12.353711128234863]]
[463104, 24, 1, [0.14309488236904144, -6.7749924659729]]
[463104, 7, 1, [2.490691900253296, -7.341480731964111]]
[463104, 11, 1, [8.952506065368652, -6.0705437660217285]]
[463104, 16, 1, [11.974431991577148, -0.31296828389167786]]
[463104, 10, 1, [8.439441680908203, -6.087191581726074]]
[463104, 3, 1, [2.771793842315674, -7.1012701988220215]]
[468354, 'popsize', 13]
[469054, 8, 0, [12.347667694091797, -0.10798246413469315]]
[469054, 22, 0, [0.12360578030347824, -6.9507036209106445]]
[469054, 5, 0, [6.257192134857178, -9.102746963500977]]
[469054, 2, 0, [0.12483720481395721, -9.767857551574707]]
[469054, 18, 0, [0.2678283452987671, -5.424226760864258]]
[469054, 9, 1, [6.446704864501953, -9.079730987548828]]
[469054, 12, 1, [12.356465339660645, -12.32947063446045]]
[469054, 24, 1, [0.1430460810661316, -6.795584201812744]]
[469054, 7, 1, [2.417511463165283, -7.227261543273926]]
[469054, 11, 1, [9.025002479553223, -6.285298824310303]]
[469054, 16, 1, [11.96924877166748, -0.15654674172401428]]
[469054, 10, 1, [8.254026412963867, -6.201702117919922]]
[469054, 3, 1, [2.624911069869995, -6.626177787780762]]
[474354, 'popsize', 13]
[475054, 8, 0, [12.378697395324707, -0.15520687401294708]]
[475054, 22, 0, [0.12360063940286636, -6.97114372253418]]
[475054, 5, 0, [6.257635116577148, -9.084888458251953]]
[475054, 2, 0, [0.12483962625265121, -9.767913818359375]]
[475054, 18, 0, [0.2581820785999298, -5.431610107421875]]
[475054, 9, 1, [6.448409557342529, -9.097604751586914]]
[475054, 12, 1, [12.36056900024414, -12.338884353637695]]
[475054, 24, 1, [0.14294655621051788, -6.816094875335693]]
[475054, 7, 1, [2.2228968143463135, -6.877517223358154]]
[475054, 11, 1, [9.107902526855469, -6.208839416503906]]
[475054, 16, 1, [11.977675437927246, -0.13928258419036865]]
[475054, 10, 1, [8.746015548706055, -6.288016319274902]]
[475054, 3, 1, [2.450859308242798, -6.22019100189209]]
[480304, 'popsize', 13]
[481054, 8, 0, [12.379664421081543, -0.16942404210567474]]
[481054, 22, 0, [0.12359669804573059, -6.99155330657959]]
[481054, 5, 0, [6.264224529266357, -9.06700325012207]]
[481054, 2, 0, [0.1248432919383049, -9.767973899841309]]
[481054, 18, 0, [0.2482488602399826, -5.441780090332031]]
[481054, 9, 1, [6.449173927307129, -9.115134239196777]]
[481054, 12, 1, [12.368343353271484, -12.302881240844727]]
[481054, 24, 1, [0.14306281507015228, -6.836658954620361]]
[481054, 7, 1, [2.074263095855713, -6.554069519042969]]
[481054, 11, 1, [9.33990478515625, -6.379601001739502]]
[481054, 16, 1, [11.962015151977539, -0.11383546888828278]]
[481054, 10, 1, [8.976170539855957, -6.364335060119629]]
[481054, 3, 1, [2.3699886798858643, -6.237566947937012]]
[486354, 'popsize', 13]
[487104, 8, 0, [12.379361152648926, -0.18738652765750885]]
[487104, 22, 0, [0.12360885739326477, -7.012231349945068]]
[487104, 5, 0, [6.272540092468262, -9.049371719360352]]
[487104, 2, 0, [0.12483802437782288, -9.76797866821289]]
[487104, 18, 0, [0.24513964354991913, -5.455544948577881]]
[487104, 9, 1, [6.444878578186035, -9.132303237915039]]
[487104, 12, 1, [12.394211769104004, -12.387389183044434]]
[487104, 24, 1, [0.1430913209915161, -6.857127666473389]]
[487104, 7, 1, [2.1196534633636475, -6.449398994445801]]
[487104, 11, 1, [9.37448787689209, -6.729677677154541]]
[487104, 16, 1, [11.990474700927734, -0.1598377823829651]]
[487104, 10, 1, [8.913784980773926, -6.348873138427734]]
[487104, 3, 1, [1.9082458019256592, -6.110907554626465]]
[492454, 'popsize', 13]
[493154, 8, 0, [12.379467964172363, -0.19723400473594666]]
[493154, 22, 0, [0.12360930442810059, -7.033289909362793]]
[493154, 5, 0, [6.284396648406982, -9.033502578735352]]
[493154, 2, 0, [0.12484294921159744, -9.768064498901367]]
[493154, 18, 0, [0.2461451143026352, -5.463451862335205]]
[493154, 9, 1, [6.436561107635498, -9.149096488952637]]
[493154, 12, 1, [12.357030868530273, -12.359410285949707]]
[493154, 24, 1, [0.14303544163703918, -6.878203868865967]]
[493154, 7, 1, [2.5936877727508545, -6.4024200439453125]]
[493154, 11, 1, [9.011216163635254, -6.832986831665039]]
[493154, 16, 1, [11.986807823181152, -0.16892778873443604]]
[493154, 10, 1, [8.939932823181152, -6.352101802825928]]
[493154, 3, 1, [1.7859296798706055, -6.065491199493408]]
[498505, 'popsize', 13]
[499305, 8, 0, [12.379508018493652, -0.20325319468975067]]
[499305, 22, 0, [0.12360856682062149, -7.053896427154541]]
[499305, 5, 0, [6.299360275268555, -9.020155906677246]]
[499305, 2, 0, [0.1240721046924591, -9.756083488464355]]
[499305, 18, 0, [0.25030916929244995, -5.467067241668701]]
[499305, 9, 1, [6.424932479858398, -9.164233207702637]]
[499305, 12, 1, [12.343095779418945, -12.369623184204102]]
[499305, 24, 1, [0.1430671513080597, -6.8987531661987305]]
[499305, 7, 1, [2.572565793991089, -6.425037860870361]]
[499305, 11, 1, [8.864663124084473, -6.623826503753662]]
[499305, 16, 1, [11.979988098144531, -0.17793677747249603]]
[499305, 10, 1, [9.170010566711426, -6.4047980308532715]]
[499305, 3, 1, [1.5331871509552002, -6.1126556396484375]]
[504555, 'popsize', 13]
[505255, 8, 0, [12.379388809204102, -0.2217479944229126]]
[505255, 22, 0, [0.12360278517007828, -7.074141502380371]]
[505255, 5, 0, [6.313986301422119, -9.00916576385498]]
[505255, 2, 0, [0.1233338862657547, -9.748950004577637]]
[505255, 18, 0, [0.256696879863739, -5.4776763916015625]]
[505255, 9, 1, [6.409064769744873, -9.175030708312988]]
[505255, 12, 1, [12.369812965393066, -12.355141639709473]]
[505255, 24, 1, [0.1431124359369278, -6.918962001800537]]
[505255, 7, 1, [2.211740255355835, -6.426414966583252]]
[505255, 11, 1, [8.907468795776367, -6.4959259033203125]]
[505255, 16, 1, [11.962674140930176, -0.18344524502754211]]
[505255, 10, 1, [9.113265037536621, -6.395495891571045]]
[505255, 3, 1, [1.5218318700790405, -6.188330173492432]]
[510605, 'popsize', 13]
[511355, 8, 0, [12.379369735717773, -0.24059082567691803]]
[511355, 22, 0, [0.12360004335641861, -7.095097541809082]]
[511355, 5, 0, [6.332392692565918, -9.002775192260742]]
[511355, 2, 0, [0.12333710491657257, -9.746346473693848]]
[511355, 18, 0, [0.29076042771339417, -5.645350933074951]]
[511355, 9, 1, [6.392942905426025, -9.18391227722168]]
[511355, 12, 1, [12.364706039428711, -12.383879661560059]]
[511355, 24, 1, [0.14296910166740417, -6.939972400665283]]
[511355, 7, 1, [1.9411396980285645, -6.478335857391357]]
[511355, 11, 1, [8.867650032043457, -6.251898288726807]]
[511355, 16, 1, [11.954660415649414, -0.13982021808624268]]
[511355, 10, 1, [8.975126266479492, -6.4527201652526855]]
[511355, 3, 1, [1.257049798965454, -6.615663051605225]]
[516655, 'popsize', 13]
[517355, 8, 0, [12.379472732543945, -0.2498137503862381]]
[517355, 22, 0, [0.12360280007123947, -7.115927696228027]]
[517355, 5, 0, [6.3513264656066895, -8.99946403503418]]
[517355, 2, 0, [0.12333513796329498, -9.74332332611084]]
[517355, 18, 0, [0.27164024114608765, -5.730098247528076]]
[517355, 9, 1, [6.3754353523254395, -9.189160346984863]]
[517355, 12, 1, [12.376163482666016, -12.364337921142578]]
[517355, 24, 1, [0.14296576380729675, -6.960637092590332]]
[517355, 7, 1, [2.2222516536712646, -6.394277572631836]]
[517355, 11, 1, [9.114410400390625, -6.25662088394165]]
[517355, 16, 1, [11.94068717956543, -0.11423088610172272]]
[517355, 10, 1, [8.964447021484375, -6.393437385559082]]
[517355, 3, 1, [1.0504868030548096, -7.065367221832275]]
[522655, 'popsize', 13]
[523405, 8, 0, [12.379376411437988, -0.2677878439426422]]
[523405, 22, 0, [0.12361035495996475, -7.135898590087891]]
[523405, 5, 0, [6.370073318481445, -8.999785423278809]]
[523405, 2, 0, [0.12333416938781738, -9.741244316101074]]
[523405, 18, 0, [0.3721710741519928, -6.226683139801025]]
[523405, 9, 1, [6.357156753540039, -9.190616607666016]]
[523405, 12, 1, [12.370805740356445, -12.365503311157227]]
[523405, 24, 1, [0.14310434460639954, -6.98095703125]]
[523405, 7, 1, [2.418283224105835, -6.325788974761963]]
[523405, 11, 1, [9.200733184814453, -6.560340404510498]]
[523405, 16, 1, [11.975478172302246, -0.15749476850032806]]
[523405, 10, 1, [9.070727348327637, -6.421894073486328]]
[523405, 3, 1, [0.9074177145957947, -7.538656234741211]]
[528655, 'popsize', 13]
[529355, 8, 0, [12.379387855529785, -0.28679248690605164]]
[529355, 22, 0, [0.12360730767250061, -7.156114101409912]]
[529355, 5, 0, [6.387701034545898, -9.004366874694824]]
[529355, 2, 0, [0.12333111464977264, -9.739054679870605]]
[529355, 18, 0, [0.4285814166069031, -6.62963342666626]]
[529355, 9, 1, [6.339028358459473, -9.189294815063477]]
[529355, 12, 1, [12.378003120422363, -12.338448524475098]]
[529355, 24, 1, [0.14301902055740356, -7.000916957855225]]
[529355, 7, 1, [2.716780185699463, -6.307895660400391]]
[529355, 11, 1, [9.170090675354004, -6.6404547691345215]]
[529355, 16, 1, [11.971660614013672, -0.17578454315662384]]
[529355, 10, 1, [9.154180526733398, -6.431265354156494]]
[529355, 3, 1, [0.8303359746932983, -7.974307060241699]]
[534655, 'popsize', 13]
[535355, 8, 0, [12.379961013793945, -0.29772183299064636]]
[535355, 22, 0, [0.1236070841550827, -7.1768975257873535]]
[535355, 5, 0, [6.404058456420898, -9.013223648071289]]
[535355, 2, 0, [0.12333179265260696, -9.735539436340332]]
[535355, 18, 0, [0.4147692024707794, -6.624472618103027]]
[535355, 9, 1, [6.321049213409424, -9.185382843017578]]
[535355, 12, 1, [12.395769119262695, -12.387104034423828]]
[535355, 24, 1, [0.14305216073989868, -7.021752834320068]]
[535355, 7, 1, [3.1923277378082275, -6.415047645568848]]
[535355, 11, 1, [9.158637046813965, -6.577835559844971]]
[535355, 16, 1, [12.006816864013672, -0.3121856451034546]]
[535355, 10, 1, [9.090924263000488, -6.42743444442749]]
[535355, 3, 1, [0.8153513669967651, -7.724898815155029]]
[540605, 'popsize', 13]
[541305, 8, 0, [12.382227897644043, -0.28345370292663574]]
[541305, 22, 0, [0.12363927811384201, -7.194564342498779]]
[541305, 5, 0, [6.419548988342285, -9.023685455322266]]
[541305, 2, 0, [0.12333253026008606, -9.731080055236816]]
[541305, 18, 0, [0.3919636011123657, -6.620968341827393]]
[541305, 9, 1, [6.304808616638184, -9.176409721374512]]
[541305, 12, 1, [12.395946502685547, -12.38696575164795]]
[541305, 24, 1, [0.14179031550884247, -7.018528461456299]]
[541305, 7, 1, [3.6784017086029053, -6.462955474853516]]
[541305, 11, 1, [9.116193771362305, -6.592288494110107]]
[541305, 16, 1, [12.015397071838379, -0.2987188994884491]]
[541305, 10, 1, [8.912569999694824, -6.662738800048828]]
[541305, 3, 1, [0.7335829138755798, -7.721468448638916]]
[546605, 'popsize', 13]
[547305, 8, 0, [12.356720924377441, -0.2830992341041565]]
[547305, 22, 0, [0.1264687180519104, -7.2388505935668945]]
[547305, 5, 0, [6.432125091552734, -9.038620948791504]]
[547305, 2, 0, [0.12333608418703079, -9.727846145629883]]
[547305, 18, 0, [0.37898582220077515, -6.622742652893066]]
[547305, 9, 1, [6.289684295654297, -9.166123390197754]]
[547305, 12, 1, [12.39582633972168, -12.387063026428223]]
[547305, 24, 1, [0.27169203758239746, -7.215982913970947]]
[547305, 7, 1, [4.151684284210205, -6.455171585083008]]
[547305, 11, 1, [9.22385311126709, -6.6235551834106445]]
[547305, 16, 1, [12.027877807617188, -0.2927817404270172]]
[547305, 10, 1, [8.650108337402344, -7.091090202331543]]
[547305, 3, 1, [0.35374900698661804, -7.50491189956665]]
[552555, 'popsize', 13]
[553305, 8, 0, [12.340156555175781, -0.3940279483795166]]
[553305, 22, 0, [0.12389206141233444, -7.241361618041992]]
[553305, 5, 0, [6.442418575286865, -9.054420471191406]]
[553305, 2, 0, [0.1233326867222786, -9.725580215454102]]
[553305, 18, 0, [0.3635909855365753, -6.6354756355285645]]
[553305, 9, 1, [6.2779011726379395, -9.15191650390625]]
[553305, 12, 1, [12.359506607055664, -12.314515113830566]]
[553305, 24, 1, [0.3158455193042755, -7.2239298820495605]]
[553305, 7, 1, [4.549681663513184, -6.415017127990723]]
[553305, 11, 1, [9.2923583984375, -6.870394706726074]]
[553305, 16, 1, [12.040087699890137, -0.29413533210754395]]
[553305, 10, 1, [8.346879005432129, -7.484419345855713]]
[553305, 3, 1, [0.5898646712303162, -7.536050796508789]]
[558605, 'popsize', 13]
[559305, 8, 0, [12.379491806030273, -0.4486020803451538]]
[559305, 22, 0, [0.12333419173955917, -7.234400749206543]]
[559305, 5, 0, [6.44984245300293, -9.071399688720703]]
[559305, 2, 0, [0.1233336478471756, -9.72283935546875]]
[559305, 18, 0, [0.3615729510784149, -6.645438194274902]]
[559305, 9, 1, [6.269652843475342, -9.134937286376953]]
[559305, 12, 1, [12.332056045532227, -12.348970413208008]]
[559305, 24, 1, [0.35076597332954407, -7.249267101287842]]
[559305, 7, 1, [4.688013076782227, -6.749098777770996]]
[559305, 11, 1, [9.211600303649902, -6.9745378494262695]]
[559305, 16, 1, [12.1556978225708, -0.1923115998506546]]
[559305, 10, 1, [7.998807907104492, -7.850289821624756]]
[559305, 3, 1, [0.3161148130893707, -7.5432209968566895]]
[564555, 'popsize', 13]
[566255, 16, 1, [12.170260429382324, -0.1850469559431076]]
[566255, 10, 1, [7.804141044616699, -8.03581714630127]]
[566255, 3, 1, [0.13783717155456543, -7.355538845062256]]
[567505, 'popsize', 3]
[567705, 16, 1, [12.180900573730469, -0.14475491642951965]]
[567705, 10, 1, [7.821292877197266, -8.042283058166504]]
[567705, 3, 1, [0.13641197979450226, -7.324798107147217]]
[568955, 'popsize', 3]
[569205, 16, 1, [12.139362335205078, -0.12951497733592987]]
[569205, 10, 1, [7.836065769195557, -8.024728775024414]]
[569205, 3, 1, [0.14525260031223297, -7.289185047149658]]
[570455, 'popsize', 3]
[570655, 16, 1, [12.119890213012695, -0.16940000653266907]]
[570655, 10, 1, [7.829710483551025, -8.00493049621582]]
[570655, 3, 1, [0.15119872987270355, -7.251391410827637]]
[571905, 'popsize', 3]
[572105, 16, 1, [12.154810905456543, -0.19182245433330536]]
[572105, 10, 1, [7.807775020599365, -8.004111289978027]]
[572105, 3, 1, [0.15566173195838928, -7.211501598358154]]
[573355, 'popsize', 3]
[573555, 16, 1, [12.183211326599121, -0.16010209918022156]]
[573555, 10, 1, [7.799993515014648, -8.023334503173828]]
[573555, 3, 1, [0.15861567854881287, -7.174744606018066]]
[574855, 'popsize', 3]
[575205, 10, 1, [7.81796932220459, -8.043522834777832]]
[575205, 3, 1, [0.1609814167022705, -7.1281232833862305]]
[576055, 'popsize', 2]
[576255, 10, 1, [7.833471298217773, -8.039189338684082]]
[576255, 3, 1, [0.1623723953962326, -7.113349914550781]]
[577105, 'popsize', 2]
[577305, 10, 1, [7.844046115875244, -8.023673057556152]]
[577305, 3, 1, [0.16398905217647552, -7.094882488250732]]
[578155, 'popsize', 2]
[578305, 10, 1, [7.839465618133545, -8.009475708007812]]
[578305, 3, 1, [0.16495250165462494, -7.073030471801758]]
[579155, 'popsize', 2]
[579305, 10, 1, [7.823930263519287, -8.000866889953613]]
[579305, 3, 1, [0.1658383309841156, -7.052964210510254]]
[580205, 'popsize', 2]
[580355, 10, 1, [7.810577869415283, -8.00527572631836]]
[580355, 3, 1, [0.16668331623077393, -7.033527374267578]]
[581205, 'popsize', 2]
[581355, 10, 1, [7.802238464355469, -8.01960563659668]]
[581355, 3, 1, [0.16505436599254608, -7.02518367767334]]
[582305, 'popsize', 2]
[582455, 10, 1, [7.8059163093566895, -8.03784465789795]]
[582455, 3, 1, [0.16367089748382568, -7.016519546508789]]
[583305, 'popsize', 2]
[583455, 10, 1, [7.824394702911377, -8.044281005859375]]
[583455, 3, 1, [0.1625169813632965, -7.0080695152282715]]
[584305, 'popsize', 2]
[584455, 10, 1, [7.830343723297119, -8.042824745178223]]
[584455, 3, 1, [0.16109447181224823, -6.998454570770264]]
[585305, 'popsize', 2]
[585455, 10, 1, [7.835501194000244, -8.031763076782227]]
[585455, 3, 1, [0.15955504775047302, -6.990354061126709]]
[586305, 'popsize', 2]
[586455, 10, 1, [7.828660011291504, -8.016342163085938]]
[586455, 3, 1, [0.1585189253091812, -6.981832981109619]]
[587305, 'popsize', 2]
[587455, 10, 1, [7.8223042488098145, -8.009502410888672]]
[587455, 3, 1, [0.15721562504768372, -6.972122669219971]]
[588305, 'popsize', 2]
[588455, 10, 1, [7.807925224304199, -8.014039039611816]]
[588455, 3, 1, [0.15596115589141846, -6.963756561279297]]
[589305, 'popsize', 2]
[589455, 10, 1, [7.798152446746826, -8.024123191833496]]
[589455, 3, 1, [0.15486450493335724, -6.95615291595459]]
[590305, 'popsize', 2]
[590505, 10, 1, [7.8007073402404785, -8.037473678588867]]
[590505, 3, 1, [0.1536344438791275, -6.949048042297363]]
[591455, 'popsize', 2]
[591605, 10, 1, [7.817748546600342, -8.045035362243652]]
[591605, 3, 1, [0.1526070088148117, -6.9391069412231445]]
[592455, 'popsize', 2]
[592605, 10, 1, [7.830433368682861, -8.041056632995605]]
[592605, 3, 1, [0.1510041058063507, -6.931394577026367]]
[593455, 'popsize', 2]
[593605, 10, 1, [7.8354811668396, -8.024409294128418]]
[593605, 3, 1, [0.15000475943088531, -6.923245429992676]]
[594455, 'popsize', 2]
[594605, 10, 1, [7.829493522644043, -8.009695053100586]]
[594605, 3, 1, [0.14894038438796997, -6.914479732513428]]
[595456, 'popsize', 2]
[595605, 10, 1, [7.817030429840088, -8.001893043518066]]
[595605, 3, 1, [0.1479911357164383, -6.9061384201049805]]
[596456, 'popsize', 2]
[596605, 10, 1, [7.80288553237915, -8.004749298095703]]
[596605, 3, 1, [0.14715798199176788, -6.897380352020264]]
[597506, 'popsize', 2]
[597656, 10, 1, [7.795722484588623, -8.016569137573242]]
[597656, 3, 1, [0.14531898498535156, -6.8874735832214355]]
[598556, 'popsize', 2]
[598706, 10, 1, [7.798459529876709, -8.031370162963867]]
[598706, 3, 1, [0.14369593560695648, -6.876152515411377]]
[599556, 'popsize', 2]
[599706, 10, 1, [7.811847686767578, -8.039337158203125]]
[599706, 3, 1, [0.1420811116695404, -6.865909576416016]]
[600556, 'popsize', 2]
[600706, 10, 1, [7.825467109680176, -8.03327751159668]]
[600706, 3, 1, [0.1409720629453659, -6.855343341827393]]
[601556, 'popsize', 2]
[601706, 10, 1, [7.836101531982422, -8.017099380493164]]
[601706, 3, 1, [0.1396993100643158, -6.843846321105957]]
[602606, 'popsize', 2]
[602756, 10, 1, [7.83108377456665, -8.000587463378906]]
[602756, 3, 1, [0.14050568640232086, -6.832869052886963]]
[603556, 'popsize', 2]
[603706, 10, 1, [7.817170143127441, -7.993156909942627]]
[603706, 3, 1, [0.1385350525379181, -6.821761131286621]]
[604656, 'popsize', 2]
[604806, 10, 1, [7.803234100341797, -7.994694709777832]]
[604806, 3, 1, [0.13533516228199005, -6.807887554168701]]
[605656, 'popsize', 2]
[605806, 10, 1, [7.794434547424316, -8.013018608093262]]
[605806, 3, 1, [0.1322491317987442, -6.7951178550720215]]
[606656, 'popsize', 2]
[606806, 10, 1, [7.795841217041016, -8.024434089660645]]
[606806, 3, 1, [0.1286790519952774, -6.779912948608398]]
[607656, 'popsize', 2]
[607906, 3, 1, [0.12631797790527344, -6.76132869720459]]
