[time, indiv, parent1, parent2, gender, brain]
[150, 3, -1, -1, 0, [[array([[ 1.03162644,  1.52103883,  1.25629169, -1.1394134 ,  1.27267071,
        -2.32155068],
       [-0.9528247 , -1.009824  ,  1.89633604,  0.73448741,  0.99743278,
        -0.36007581],
       [ 2.19997952,  0.54231389, -0.39409291,  2.0121215 ,  1.53330716,
         0.24271112],
       [ 1.00669699, -2.33530693, -1.46185158,  0.92853516, -1.84345767,
        -1.5721146 ],
       [ 1.56662253, -0.87960502, -0.94432557, -1.10787778, -1.85647679,
         1.87999854],
       [-0.25473642,  1.08051872,  0.77393267,  1.60291647,  1.90681337,
        -1.165365  ]]), array([[-1.72287704, -1.04038903],
       [ 0.01688768, -2.0681046 ],
       [-0.03411793,  2.15537063],
       [ 0.3038587 , -1.47052617],
       [-0.67095998, -0.07983833],
       [ 1.10126606,  0.5455363 ]])], [array([-1.59895458, -0.58103498,  1.12619322,  0.12987295,  1.48843776,
       -1.46439393]), array([0.0318482, 1.2901783])]]]
[150, 24, -1, -1, 1, [[array([[-0.10901454,  1.84123165,  2.16969405,  1.68790597, -0.16667822,
         2.10755712],
       [ 0.74759634, -0.6210494 , -1.76222592, -1.31492755,  0.66765159,
        -0.36147598],
       [ 1.80696475,  0.99299248,  0.01635011, -0.77448015,  0.46029336,
         1.08408179],
       [-1.20228149,  1.29020805, -1.90109776,  1.84173119, -0.55817004,
         0.81468456],
       [-1.02038619,  2.10695397,  1.58286379, -0.37686527, -0.64080507,
         0.36753571],
       [-0.2194845 ,  1.50574367,  2.24555065, -0.69432984, -1.1833596 ,
        -1.31093854]]), array([[-1.56205581,  0.94035683],
       [ 2.36676908, -0.45915201],
       [ 1.91142553,  1.88870782],
       [-1.68818856,  0.01883176],
       [-2.09317866,  2.01725602],
       [-0.38656554, -0.51474585]])], [array([ 1.58496142,  1.35029799,  1.64466138, -1.30164093,  1.56468848,
        0.56328724]), array([-0.50431452, -0.11384225])]]]
[150, 16, -1, -1, 0, [[array([[-1.74239445, -0.31986879, -1.04647008, -0.31922891,  1.28562358,
        -0.92879417],
       [ 2.33235863,  2.16900843, -1.6777139 ,  0.61019841,  1.568078  ,
        -2.1520503 ],
       [ 2.40201161,  2.29480521,  1.56528588, -1.27141289,  1.48421965,
        -2.21990941],
       [ 1.9986287 ,  0.01562098, -1.18376674,  0.51728646, -1.38737802,
        -1.04081954],
       [-1.05920501, -0.8311352 , -0.73869996, -0.19028823,  0.98702756,
        -2.1567559 ],
       [ 1.73530297, -1.94600029, -0.79866059, -0.2469889 , -2.08499511,
        -1.37051103]]), array([[-1.66751038,  0.8535642 ],
       [-0.43737947, -1.34352849],
       [-0.5714037 ,  2.26835057],
       [ 0.33141544, -0.95716462],
       [ 0.27099408,  0.29077975],
       [ 0.84394877,  1.0853605 ]])], [array([ 0.30890252, -2.29557728, -1.10183683,  0.7027122 ,  1.23365312,
        1.38236181]), array([ 1.95066593, -0.10913813])]]]
[150, 7, -1, -1, 1, [[array([[-1.39170542, -0.93187311, -0.26697123,  0.4662428 , -0.30999246,
        -0.05552357],
       [ 1.46682356,  0.75520488,  1.37370504,  0.19900075, -0.36838992,
         2.12977984],
       [ 1.46223675, -0.3490834 , -1.32535928,  0.27642001, -2.1682553 ,
        -1.98681927],
       [ 0.90509792,  2.39103647,  1.06257815,  0.95147604, -1.84418003,
         1.45652136],
       [-2.44741431, -0.29814916,  1.70091774,  1.31154609,  2.20286098,
         1.29522719],
       [-1.63215264,  0.86002721, -1.50835469,  0.98030056,  1.62262168,
         0.83721354]]), array([[ 1.54356444, -1.5320987 ],
       [ 2.28805997, -0.36193922],
       [-1.60296692, -1.55372227],
       [-0.46543743, -0.82070249],
       [-1.07577234, -2.08505644],
       [ 2.14067398,  1.57949243]])], [array([ 1.56593646, -0.02256171, -0.24218293, -1.45916436,  0.79725716,
       -1.34227501]), array([ 2.33980332, -0.27559145])]]]
[150, 1, -1, -1, 0, [[array([[ 0.52469326, -1.33430261, -0.09402058, -1.71976466, -1.00560618,
        -2.02256289],
       [-1.67115366,  2.03429972,  0.21196523,  1.37883968, -0.25741667,
        -1.31792229],
       [ 0.63623847, -0.98825532, -1.60554173,  2.31378498, -2.20765189,
         1.33783242],
       [ 1.05517567, -1.44001215, -1.87822132,  2.2383553 ,  2.13683477,
        -0.83322867],
       [ 1.30901418, -2.00427679,  0.47604322, -1.04900909, -0.17765243,
         1.70869098],
       [-2.39310361, -0.92426016,  0.47812401,  0.93608788, -0.54086938,
         1.22590757]]), array([[-2.39956783,  2.20576935],
       [ 0.71866202,  1.66790586],
       [ 0.63556409,  0.49576112],
       [-1.92774512,  0.50896968],
       [ 2.16789694,  0.28017585],
       [ 1.55184622,  0.83541389]])], [array([-2.21521552, -0.15419945, -2.21248923,  2.26065474,  2.18195914,
        1.57465273]), array([-2.22146213,  1.82763115])]]]
[150, 2, -1, -1, 1, [[array([[ 1.56552623,  0.05495872, -0.07292236,  0.10071599, -1.99985056,
        -1.95830513],
       [ 2.36436844,  1.94375188,  1.34433565, -1.01451905,  1.13707483,
        -1.82569622],
       [ 1.8713038 ,  0.64002358,  1.51541452,  0.13433711,  1.54566114,
        -2.07818313],
       [-1.30219858, -0.82024044,  1.70419955, -2.10494077,  1.85269387,
        -2.11209493],
       [ 2.30847581, -1.76631157, -0.2505808 ,  0.28172877, -0.67511048,
        -1.2256539 ],
       [-1.94080599, -2.44804972, -1.60476402,  1.34880329,  0.6105479 ,
        -1.68472089]]), array([[ 0.97753328, -1.92276772],
       [ 1.79631513,  1.64636629],
       [-1.31602496,  0.67200282],
       [ 1.05787562, -2.26740399],
       [ 1.77268366, -0.12549399],
       [-2.27821445,  1.32348107]])], [array([-2.07646703, -0.29140405,  0.3973279 ,  1.08325342, -1.42440917,
       -0.82424066]), array([-1.48221083,  1.5965958 ])]]]
[150, 11, -1, -1, 0, [[array([[ 0.00853491, -1.45207764, -0.44566003,  2.17268691, -1.5875846 ,
        -1.67036774],
       [ 1.2567401 , -0.1624989 , -0.39507023,  0.55805519,  1.88472369,
         2.19997709],
       [-0.39482419, -0.80014902,  0.16312838,  1.64797079,  2.43200842,
         0.92084757],
       [ 1.74132517, -1.29645333,  1.80826078,  1.26747756,  1.12778707,
        -1.12392581],
       [ 0.62947354,  0.71385242,  1.91759123, -2.06803764,  0.72072417,
        -1.38518508],
       [-1.2860642 ,  1.4865694 , -1.64677207,  1.98792669,  1.30157511,
        -1.61054739]]), array([[-1.8023161 ,  1.25098119],
       [-0.1445563 , -0.19199935],
       [ 2.06093778, -1.23672859],
       [ 0.19898131,  0.39704066],
       [ 1.60934717, -1.43856285],
       [-0.97128849, -0.36998169]])], [array([ 2.42416581, -0.0336465 ,  1.10941282, -0.78126591, -0.69554107,
       -2.30919355]), array([0.97952307, 0.92795939])]]]
[150, 20, -1, -1, 1, [[array([[ 1.02774109,  1.92676002,  1.88716767,  1.8866089 , -2.13780609,
        -0.17770546],
       [-1.90756973, -1.11210921, -1.45468744,  1.2768389 , -1.72528408,
         0.58869751],
       [ 1.657507  , -2.3958284 ,  1.72241707, -0.75403034, -1.68144305,
         1.68843134],
       [-1.33981187,  0.21907786, -1.29545994,  0.68245096, -0.45702998,
         1.24055673],
       [ 2.15540999, -0.55451731, -1.27795599, -0.92766074, -0.40870631,
        -0.35825281],
       [ 1.05326197,  0.39326153, -2.18130186, -1.04147678, -1.61199957,
        -1.59007724]]), array([[-1.80831434,  1.1117907 ],
       [-1.85081765, -2.06564393],
       [-2.28804273,  1.56210078],
       [ 2.15454354, -0.03603508],
       [-0.59488992,  0.09099732],
       [ 0.79899328, -2.03754048]])], [array([ 2.3068744 ,  1.87050843, -1.9818618 ,  2.24668548, -0.83209673,
       -1.84757228]), array([2.01726084, 0.28611894])]]]
[150, 0, -1, -1, 0, [[array([[-1.9092845 , -1.99353351,  2.40501512,  0.7764307 ,  1.2260498 ,
         0.17270737],
       [ 0.83547738,  1.10726517, -0.70299889,  2.28858369, -0.37452095,
        -0.89941927],
       [-1.77235247,  2.1265334 ,  2.38779171,  1.76573693, -0.57853439,
        -0.90391083],
       [ 1.65064374, -0.25627031,  1.50934164, -1.04063068, -1.33603454,
         2.1356858 ],
       [-0.67392919,  2.23532895,  0.69260647, -1.04476813, -1.98096042,
         0.36956855],
       [ 0.80863118, -2.17864684, -0.90463893,  1.06611019,  1.94822931,
         1.13831128]]), array([[ 1.57333816,  0.46788473],
       [-0.66235869,  1.7096011 ],
       [ 1.53035268, -1.3214536 ],
       [ 2.2161182 , -0.67148761],
       [ 2.39894978, -0.04001126],
       [ 0.63370574,  0.5022569 ]])], [array([0.75307034, 1.07392517, 1.98511685, 2.20819214, 2.01097119,
       1.73678686]), array([1.35425288, 0.33065835])]]]
[150, 10, -1, -1, 1, [[array([[-0.0208547 , -2.28386314,  0.29547368,  1.91764871, -1.88048137,
         0.81143815],
       [-1.45737268,  2.18832846, -0.8197152 ,  2.03199593, -0.43255941,
         0.63076698],
       [ 0.51379305, -0.77249801, -0.95900103,  2.09053128,  1.32466598,
        -0.65343368],
       [-1.31212128, -1.80525441, -2.04164399,  1.77489566, -0.0092089 ,
         0.19124063],
       [-1.77026711, -2.34146441,  0.16816894,  1.26681929,  1.27403446,
         2.26113843],
       [-0.94754807, -2.08734078,  1.28915012,  0.31919427,  2.41453209,
        -0.75908077]]), array([[-1.62644345, -0.32856546],
       [ 1.19412831,  0.04240515],
       [ 2.38647899, -1.65539155],
       [ 0.08177787,  2.04277543],
       [-2.38771512,  2.4344924 ],
       [-1.17445224, -2.34165125]])], [array([-2.19543312,  0.74881226, -1.66341697,  1.78300985,  0.44456075,
        0.12986737]), array([-0.97944284, -0.44135405])]]]
[150, 4, -1, -1, 0, [[array([[-1.24424257,  2.2898209 , -0.55785389,  1.19047041, -1.07351958,
        -1.28624233],
       [-1.62908614, -2.40169261, -1.23833293, -1.60513164, -2.16719463,
        -0.28422419],
       [ 0.38928729, -2.34867885, -1.56292774,  1.15519049,  1.46110888,
        -1.98332251],
       [ 0.25695792,  2.02421997, -2.13759285,  0.74283533, -1.30322964,
         0.93901482],
       [-0.7904867 ,  1.8831358 ,  0.87648793, -0.89559303, -1.1337021 ,
         1.78715559],
       [-0.8507979 ,  0.43540134,  0.40574156, -2.20287504,  0.08565874,
         0.75229693]]), array([[-0.66553884,  2.19270214],
       [-1.71297946,  0.11509313],
       [-1.42487201, -2.25843323],
       [ 2.37137608,  1.93179877],
       [ 2.19318262, -0.6375484 ],
       [-0.09476611, -0.67489108]])], [array([-1.41317185, -0.26621184, -1.06066798,  0.90595974,  0.58391992,
        2.30299675]), array([2.28736084, 0.6644091 ])]]]
[150, 5, -1, -1, 1, [[array([[ 2.39413976, -1.59648753, -0.10978349,  0.43224321, -1.01055017,
         2.37998933],
       [-1.65475731, -0.56724497,  1.64262933, -1.28564133,  2.15614287,
         2.33580027],
       [-0.76844423, -1.46959837,  1.85114157,  0.37882724,  0.71747687,
        -1.54336486],
       [-1.4478484 ,  1.42985704,  2.42067735,  0.61709095,  0.69130536,
        -0.95348893],
       [-0.4727181 ,  1.21518967, -0.40372316, -2.39241025, -0.14564055,
        -1.12815282],
       [-1.4037217 , -1.72818091,  0.34919015,  0.31412722, -1.61258552,
         1.90404626]]), array([[ 1.70564552,  1.94561317],
       [ 2.39327721, -1.57787129],
       [-0.85377438, -1.7695461 ],
       [-2.13031596,  1.30694749],
       [ 1.88753768, -2.40253632],
       [-0.76741856, -1.28204618]])], [array([-1.78317379,  1.64492502, -1.69855835, -0.41780472,  1.56774885,
       -1.89063042]), array([-2.25407411,  2.3497522 ])]]]
[150, 6, -1, -1, 0, [[array([[-2.31635881, -1.04884544, -1.75767891,  1.54108051, -0.16158851,
         2.26223883],
       [-1.8665631 ,  2.33833726,  1.68003437,  2.40779701,  1.23991973,
        -0.38553693],
       [ 1.34759072,  0.30561043, -2.07617667, -1.39781277, -0.71280547,
         1.48996443],
       [ 0.14190334, -0.78857501, -1.55227165, -2.01777796,  0.92953755,
        -0.93158793],
       [-0.86894187, -0.17259892, -0.63240252, -0.02801017, -0.8783605 ,
         1.837609  ],
       [ 2.1874131 , -2.37289868, -1.98496284, -1.71624292,  2.18935922,
        -0.86852276]]), array([[-0.30790509, -0.84031311],
       [ 0.69375607, -1.54120873],
       [ 1.88854222,  0.58917009],
       [-1.31508639, -1.58956568],
       [-1.44756436,  1.41458184],
       [-0.34981584,  1.77563136]])], [array([ 0.44278845, -2.34395059,  0.77657127,  0.74850384,  1.55654096,
        1.78362347]), array([ 1.791921  , -1.75053713])]]]
[150, 15, -1, -1, 1, [[array([[-0.27570523,  2.23703541, -0.48200258,  0.8254435 ,  0.53693031,
         1.56427436],
       [-0.30524121, -0.39458548, -2.1279674 , -0.09719804, -1.48706168,
        -0.74404386],
       [-0.03526335, -1.28014467,  0.09115553,  0.72620938, -0.24353614,
        -1.86329873],
       [-0.41171427, -1.27133637, -0.26349976,  1.51189353,  2.17561168,
        -1.79525928],
       [ 2.43189816,  0.46569415,  0.74879228, -0.29724506, -1.52495575,
         0.51821433],
       [-0.87824908, -1.38512137, -0.63187877,  0.34011301,  1.99984136,
        -0.96412001]]), array([[ 0.93334996, -2.03610341],
       [-1.36399726, -1.63607566],
       [ 2.30425454,  0.56972251],
       [ 1.73424798,  1.92275943],
       [ 0.18438236, -1.31955316],
       [ 1.10347906,  1.75754619]])], [array([ 0.64501272, -1.55317475,  0.01010034, -0.95360123, -1.54347518,
       -2.43853163]), array([ 0.9131528 , -1.40239952])]]]
[150, 23, -1, -1, 0, [[array([[ 1.46083076,  1.10494721,  1.30944779,  2.22970075, -0.26550002,
         1.51878663],
       [-0.67867758,  0.4108764 ,  0.14993541,  1.26243008,  2.42149499,
        -1.62717883],
       [-1.14582873, -0.23235807, -0.23001638,  0.3001512 ,  0.93863916,
        -2.19351751],
       [-0.99425211,  1.53916868,  0.46504377, -1.16396714,  0.93429501,
        -0.38124337],
       [ 0.89322537,  0.17344837,  1.05819523, -1.8806662 , -2.3109384 ,
        -1.12502515],
       [ 0.56026806,  2.12115518, -2.36796015,  2.01614323,  2.3747937 ,
        -1.73877442]]), array([[ 1.43875166, -0.88969183],
       [ 0.14262119,  1.38313631],
       [-1.15680629, -0.4832477 ],
       [ 0.81873307,  0.55914468],
       [-1.50236931, -0.20951443],
       [ 1.03338515,  0.97159686]])], [array([ 0.56429528, -0.80262018,  1.34235537, -2.3437011 , -0.99482046,
        0.17086548]), array([-1.86372973,  1.15555857])]]]
[150, 21, -1, -1, 1, [[array([[-1.75179338, -0.19200473, -1.57974846, -1.54424579, -0.17750388,
        -0.27636115],
       [-0.59316952, -0.09643644, -2.36214539, -1.80304229, -1.73107407,
        -1.65268433],
       [ 1.31143285, -0.54545328, -0.16214991,  1.0632951 , -1.84897209,
        -1.08519107],
       [ 0.19666978,  0.30348369,  2.26333291, -0.52758374, -2.24078327,
         0.67064915],
       [-1.00934293, -0.22005813,  0.99818935,  0.97614564, -0.01284586,
         0.94327079],
       [ 1.77298099, -2.08887431, -1.15247208, -1.45814446,  0.38507481,
        -0.88225636]]), array([[-1.0599403 ,  0.72325008],
       [-0.8306109 , -1.31539212],
       [ 1.73305775, -0.4391466 ],
       [-2.06018433, -0.12546477],
       [ 1.96550338, -0.04262365],
       [-0.50121165,  2.43382295]])], [array([1.50332515, 1.41551594, 1.83000695, 2.26324325, 0.12354383,
       1.59756327]), array([-1.02407538,  0.84374255])]]]
[150, 17, -1, -1, 0, [[array([[-1.68294628,  1.43717802, -0.64832555, -1.09763366,  2.44214612,
        -2.32484765],
       [-0.09659952,  0.25956384, -2.30645251, -0.33417838, -1.60527708,
        -1.87374436],
       [-1.90186291, -1.42105003,  0.10485549, -1.41759871, -0.56615829,
        -1.79459196],
       [ 0.3447294 , -1.72609845, -1.44751583,  0.02409592,  0.15949821,
         1.06843225],
       [ 0.40983526, -0.23118674, -0.78153798,  2.4385147 ,  1.75136988,
         0.46467406],
       [-0.19401971,  1.85629276,  2.14164871, -0.2953401 ,  1.18290516,
        -0.98074593]]), array([[-0.96450354, -2.43707573],
       [-0.78465623,  1.81506098],
       [ 0.89956576,  0.29852989],
       [ 0.83252015, -0.07094902],
       [ 0.99253257,  1.06597597],
       [ 2.16471571,  0.91322971]])], [array([ 2.44606104, -1.16100797, -2.13188934,  1.83378823,  1.7709234 ,
       -1.73793969]), array([-2.3303482 , -0.71043639])]]]
[150, 13, -1, -1, 1, [[array([[ 2.1248826 ,  0.12580126,  1.47681247,  2.37432865,  2.03047392,
         2.00895478],
       [-1.79497899, -1.26048007, -0.0173191 ,  1.07163828,  0.86509404,
         0.27275805],
       [ 2.01330687,  0.82986138,  1.22072308, -1.22538667, -0.59529149,
         2.03923296],
       [ 2.05921105,  1.8204086 , -0.43213606, -0.26279237, -1.17165012,
         1.81552501],
       [ 1.89933959, -0.96842491,  0.86649187, -1.27788262, -1.03156567,
         0.57990013],
       [-1.46012844, -1.25741061,  1.97255324,  1.02146995,  0.36978874,
         1.18267225]]), array([[ 1.44029177, -2.3049363 ],
       [ 0.61310849,  0.9773911 ],
       [ 2.38614674, -1.35260179],
       [ 0.34542938, -1.60786508],
       [ 0.39465932,  2.35646907],
       [ 1.15179114,  2.3913916 ]])], [array([-2.20805719, -0.31079773,  1.06466646, -1.37686555,  1.74643705,
        0.44092274]), array([2.3768404 , 0.27077611])]]]
[150, 14, -1, -1, 0, [[array([[-0.72099248, -0.55025084, -0.36088575, -0.57813552, -0.31686271,
        -1.08841411],
       [ 2.33331747, -0.26827226, -0.90518703, -0.32878905,  0.53568965,
         0.16807569],
       [-0.61725242,  2.21236638,  0.69633182,  0.74641964,  2.30177598,
        -2.09017515],
       [ 2.20496022, -1.55311329,  2.07920782,  0.60115386, -1.02442817,
        -0.6344177 ],
       [ 1.61075232,  2.26845128, -1.82220312, -0.83945255,  1.59231073,
         0.72632759],
       [-1.94003212,  1.82944906,  2.08816877, -2.22270865,  0.54045895,
        -2.00983012]]), array([[-0.54634398,  2.44325781],
       [ 0.69867715, -1.07710163],
       [-1.24901602, -1.66769213],
       [ 1.73850598, -1.76802472],
       [-2.30542747, -0.49327098],
       [-1.93384719, -2.44008982]])], [array([-0.42434501,  1.64267118, -2.21719437,  0.4722451 ,  2.07621849,
       -0.70216431]), array([ 0.42111455, -2.249743  ])]]]
[150, 18, -1, -1, 1, [[array([[ 2.09929622,  1.58155354,  2.33172176, -0.80193891, -0.1457114 ,
        -1.99369639],
       [-1.48386984, -2.16892186, -0.58046628, -1.06421806,  0.92057319,
         2.34500614],
       [-1.11692974,  2.15757044, -0.9984777 ,  1.0525971 , -0.26229338,
        -0.57758442],
       [-1.67859662, -1.62425975,  1.3957723 ,  1.11161139,  1.92676921,
         0.3128043 ],
       [ 0.78395286,  1.0046265 , -2.02141391,  1.25056424, -0.47802207,
        -0.21331019],
       [-0.6591315 , -1.96951556,  1.02555728,  0.6661848 , -0.20161947,
         1.95463249]]), array([[ 2.19368013,  0.96444098],
       [-1.4230165 , -1.41254993],
       [ 0.2404021 ,  2.36793169],
       [-2.0352193 ,  2.19326936],
       [-2.41214911, -0.20852699],
       [-2.32877699, -1.37506297]])], [array([ 1.98181363, -0.93504103, -0.03492378,  0.29591384, -0.34400639,
       -0.05114162]), array([-1.63165041, -0.21244133])]]]
[150, 12, -1, -1, 0, [[array([[ 1.09755408, -1.59037549,  2.21930183, -1.84204578,  0.2192274 ,
         0.17648893],
       [-2.04278037, -1.86541555,  1.06802322,  1.52070523,  0.8143056 ,
        -1.43047541],
       [ 0.51790823,  2.44739795,  1.97811399,  2.11149488, -0.7772742 ,
        -2.24440336],
       [-0.83559397, -2.22725203,  0.90999858,  1.22126003,  2.08913439,
         0.85249253],
       [ 1.99653781,  1.95126426,  1.1553511 , -2.12847787, -0.93115514,
         1.29825553],
       [-0.3464768 ,  0.42904171,  0.17465505, -0.41858406, -0.85604372,
         1.39529667]]), array([[-2.02738045, -1.85391909],
       [ 0.95564381,  2.16982601],
       [-0.26073164, -1.69037365],
       [-2.4247425 ,  1.72213898],
       [-0.43667686,  2.44643173],
       [-1.03747291, -1.23951566]])], [array([ 2.19602317,  0.26128634, -1.41193952, -2.19682468, -2.34113705,
       -2.22627433]), array([-1.33798087,  0.1399372 ])]]]
[150, 9, -1, -1, 1, [[array([[ 0.67139549, -0.08429113,  1.75910034, -0.38955792, -0.68597655,
         0.12320271],
       [ 1.3838171 ,  2.10073293, -0.41073581,  0.96986418,  1.60815633,
         1.86605738],
       [ 2.28555787,  0.97824291, -1.02112201, -2.16628366, -0.84542635,
        -1.13965156],
       [-0.95674975,  1.9759619 , -1.51764068, -0.79909552, -2.40768501,
        -2.22923268],
       [-0.85385242, -2.06877002,  0.26668056, -0.05359208, -0.00766924,
        -2.07518203],
       [-0.29277929, -1.67026277,  1.20793534, -1.12351821, -1.94683164,
        -2.15910963]]), array([[ 0.01930949,  2.31185261],
       [ 1.8302469 , -1.13252776],
       [-0.12956404,  0.43612443],
       [-0.03447377,  1.07017857],
       [-2.11501034,  2.02870859],
       [-1.12127673,  0.84105188]])], [array([-1.75398772,  1.98262567,  2.12472019, -0.18239504,  1.58298804,
        0.24969559]), array([-2.29703455,  2.12167893])]]]
[150, 8, -1, -1, 0, [[array([[-2.28590201,  0.12712308, -1.95743533, -0.05840668, -1.93559487,
         1.30847755],
       [-1.84387657,  1.84365317, -1.20937737, -2.42487407,  1.63112115,
        -1.92486693],
       [ 0.39677399,  2.03590461,  1.65640813, -1.78683484, -0.83204793,
         1.10063942],
       [-0.64262437, -0.51019946, -2.04833119,  1.00956678,  0.72759204,
        -0.50385745],
       [ 0.10112497, -0.69256725, -0.54420303,  1.47596808, -2.09590541,
         0.29026446],
       [ 2.3264963 ,  0.38372783,  0.89926719,  2.29612686, -1.70463752,
         2.241215  ]]), array([[ 0.89433104, -0.90475524],
       [-0.36469707,  0.60152513],
       [ 1.97101644,  1.64275293],
       [ 0.95947888, -0.56151692],
       [-1.27627238,  1.75188173],
       [-0.53086609, -0.73931153]])], [array([-1.00503117, -1.70061787,  1.21619619,  1.0728253 , -0.23760899,
        1.01558821]), array([-1.74769093,  0.92236931])]]]
[150, 19, -1, -1, 1, [[array([[ 1.57813968,  1.4672236 ,  1.26438662, -0.6135033 ,  0.97686394,
        -1.32138981],
       [-1.10955953,  1.1487208 ,  2.18323272,  0.76171733,  0.70017421,
        -0.89812644],
       [ 1.64857309, -0.24486494,  1.83440864,  2.35379387, -1.89796689,
        -0.66296158],
       [ 1.59921807, -1.67776631, -0.09013892,  1.48352814,  2.26479198,
         0.85954122],
       [-2.06908641,  0.5210439 , -1.76778347,  2.26457073,  0.16511872,
        -0.21697193],
       [ 0.02999624,  1.47726043, -2.20370368, -0.97021387, -1.26290441,
        -2.35692485]]), array([[-1.59302375, -0.49164286],
       [ 1.79396019, -2.00642588],
       [-1.61678259, -2.25244674],
       [-0.38380068, -0.14424974],
       [ 2.2012402 , -0.01122691],
       [-1.40090752, -0.98622968]])], [array([ 1.28153227, -1.09418505,  0.26785774, -0.65678791,  0.92291828,
       -2.31537629]), array([-1.26168004, -0.60610865])]]]
[150, 22, -1, -1, 0, [[array([[-0.46770841,  2.21197376, -1.9821876 ,  1.59403635,  1.69195837,
        -0.32178639],
       [ 1.96518534, -2.25057674, -1.18496153,  1.23344188, -0.30657923,
         0.32589245],
       [-0.57884106, -0.04592871, -0.54253054, -0.32080929,  1.8360479 ,
         1.64601876],
       [ 1.1283559 , -0.86416792, -0.64513355,  1.89594056,  0.10181239,
         0.90323369],
       [-0.60924012,  1.96214163, -0.72002155,  1.99013344, -0.60818299,
        -2.04840204],
       [-0.08756088, -1.54654665,  0.61439337,  2.20851462, -0.8880836 ,
        -0.86278145]]), array([[ 1.61441719, -2.25378058],
       [ 0.33791408, -0.71851707],
       [-1.31642316, -2.17514431],
       [ 1.34688594,  0.63607347],
       [-1.01969041,  0.96615691],
       [-0.27280704,  1.86656117]])], [array([-0.37588131,  0.27611652,  2.42672729, -0.88224549,  1.31425404,
        0.30284716]), array([-0.09877551,  1.86497764])]]]
[1140511, 3, 'death']
[1140661, 24, 'death']
[1140811, 16, 'death']
[1140961, 7, 'death']
[1141111, 1, 'death']
[1141261, 2, 'death']
[1141411, 11, 'death']
[1141561, 20, 'death']
[1141711, 0, 'death']
[1141861, 10, 'death']
[1142011, 4, 'death']
[1142161, 5, 'death']
[1142311, 6, 'death']
[1142461, 15, 'death']
[1142611, 23, 'death']
[1142761, 21, 'death']
[1142911, 17, 'death']
[1143061, 13, 'death']
[1143211, 14, 'death']
[1143361, 18, 'death']
[1143511, 12, 'death']
[1143661, 9, 'death']
[1143811, 8, 'death']
[1143961, 19, 'death']
[1144111, 22, 'death']
[1144211, 0, 'birth', 22, 10, 1, [[array([[-1.09037949, -0.42129107, -1.9821876 ,  1.59403635,  1.69195837,
        -0.32178639],
       [-2.44948974, -2.25057674, -2.44948974,  1.23344188, -0.30657923,
         0.32589245],
       [-0.57884106, -0.04592871, -0.54253054, -0.32080929,  1.8360479 ,
         1.64601876],
       [ 1.1283559 , -0.86416792, -0.64513355,  1.89594056,  0.98026446,
         0.90323369],
       [-2.21125152,  1.7078939 , -0.72002155,  1.26681929,  0.09309383,
         2.26113843],
       [-0.94754807, -2.44948974,  1.28915012,  2.44948974,  2.44948974,
        -0.75908077]]), array([[-0.01819267,  0.60780987],
       [ 1.19412831, -0.54289293],
       [ 1.41421356, -1.41421356],
       [ 0.08177787,  1.41421356],
       [-1.41421356,  1.41421356],
       [-1.17445224, -1.41421356]])], [array([-2.19543312,  0.74881226, -2.44948974,  2.44948974,  0.05177205,
        0.12986737]), array([-0.97944284,  0.0343436 ])]]]
[1144211, 23, 'birth', 14, 13, 0, [[array([[-0.72099248, -0.55025084, -1.62081822, -0.57813552,  2.44948974,
        -1.08841411],
       [ 2.33331747, -0.26827226, -0.90518703, -0.32878905,  0.53568965,
         0.16807569],
       [-1.5706216 ,  2.21236638,  0.69633182,  0.74641964,  2.44948974,
         2.44948974],
       [ 2.20496022, -1.55311329,  0.22633574,  0.60115386, -1.02442817,
        -0.32557384],
       [ 1.61075232,  2.26845128, -1.44331184, -0.83945255,  1.59231073,
         0.72632759],
       [-1.94003212,  1.82944906,  2.08816877,  1.57373194,  0.54045895,
        -2.00983012]]), array([[-0.54634398,  1.41421356],
       [ 0.94226127, -1.07710163],
       [-1.24901602, -1.41421356],
       [ 1.41421356, -1.41421356],
       [-1.41421356, -0.49327098],
       [-1.41421356, -1.41421356]])], [array([-0.42434501,  2.44948974,  2.44948974, -1.37686555,  1.74643705,
        0.44092274]), array([1.41421356, 0.27077611])]]]
[1144211, 11, 'birth', 22, 24, 0, [[array([[-0.46770841,  2.21197376, -1.9821876 ,  1.59403635,  1.69195837,
        -0.32178639],
       [ 1.96518534, -1.2100314 , -1.18496153, -1.69365433, -0.30657923,
         0.32589245],
       [-0.57884106, -0.11917909, -0.54253054, -0.32080929,  2.44948974,
         1.64601876],
       [ 0.51044487, -0.86416792, -0.64513355,  2.44948974,  0.10181239,
         0.90323369],
       [-0.60924012,  1.96214163, -0.72002155,  1.99013344, -0.60818299,
        -2.04840204],
       [ 2.44948974,  1.50574367,  2.24555065, -0.49334624, -1.1833596 ,
        -1.31093854]]), array([[-1.41421356,  0.94035683],
       [ 1.41421356, -0.45915201],
       [ 1.41421356,  1.41421356],
       [-1.41421356,  0.01883176],
       [-1.41421356,  1.41421356],
       [-0.38656554, -1.41421356]])], [array([ 1.58496142,  1.35029799,  1.64466138, -1.30164093,  1.56468848,
        0.56328724]), array([-1.41421356, -0.11384225])]]]
[1144211, 15, 'birth', 11, 15, 1, [[array([[ 1.27869783, -2.44948974, -0.44566003,  2.17268691, -1.5875846 ,
        -1.67036774],
       [ 0.46371661, -0.1624989 ,  2.44948974,  0.55805519,  1.88472369,
         2.19997709],
       [-0.39482419, -0.80014902,  0.16312838,  1.64797079,  2.43200842,
         0.92084757],
       [ 1.74132517, -1.29645333,  1.09060477,  1.26747756,  1.12778707,
        -1.12392581],
       [ 0.62947354,  0.71385242,  1.91759123, -2.06803764,  0.72072417,
        -1.38518508],
       [ 1.59577893,  1.4865694 , -1.64677207,  2.44948974,  1.30157511,
        -1.61054739]]), array([[-1.41421356,  1.25098119],
       [-0.1445563 , -1.41421356],
       [ 1.41421356,  0.56972251],
       [ 1.41421356,  0.17167594],
       [ 0.18438236, -1.31955316],
       [ 1.10347906,  1.41421356]])], [array([ 0.64501272, -2.44948974,  0.01010034, -0.95360123, -1.54347518,
       -2.43853163]), array([ 1.41421356, -1.40239952])]]]
[1144211, 16, 'birth', 11, 2, 0, [[array([[ 0.00853491,  0.34332899, -2.42253932,  2.17268691, -1.5875846 ,
        -1.67036774],
       [ 1.2567401 , -0.1624989 , -0.39507023,  0.55805519, -0.76017707,
         2.19997709],
       [ 2.44948974, -0.80014902,  0.16312838,  1.64797079,  2.44948974,
         0.92084757],
       [ 1.74132517, -1.29645333,  1.80826078,  1.26747756, -2.44948974,
        -1.74152639],
       [ 0.62947354,  0.71385242,  1.91759123, -2.06803764,  0.72072417,
        -2.44948974],
       [-0.62211222, -2.44804972, -1.60476402,  1.34880329,  0.6105479 ,
        -1.68472089]]), array([[ 0.97753328, -1.41421356],
       [ 1.41421356,  0.76305042],
       [-1.31602496,  0.60270505],
       [ 1.41421356, -1.41421356],
       [ 1.41421356, -0.54480519],
       [-1.41421356,  1.32348107]])], [array([-2.07646703, -0.29140405,  0.3973279 , -0.96626131,  1.60491446,
       -0.82424066]), array([-1.41421356,  1.41421356])]]]
[1144211, 24, 'birth', 11, 13, 0, [[array([[ 0.00853491, -1.45207764, -0.44566003, -0.61703809, -1.5875846 ,
        -1.67036774],
       [ 1.2567401 , -0.1624989 , -0.39507023,  1.07163828,  0.86509404,
         0.27275805],
       [ 2.01330687,  0.82986138,  1.22072308, -1.22538667, -2.11090654,
         2.03923296],
       [ 2.05921105,  1.8204086 , -0.43213606, -0.26279237, -1.17165012,
         1.81552501],
       [ 1.89933959, -0.96842491,  0.86649187, -2.00036714, -1.46272839,
         2.21750867],
       [-1.46012844, -1.25741061,  2.44948974,  1.02146995,  0.36978874,
         1.18267225]]), array([[ 1.41421356, -1.41421356],
       [ 0.61310849,  0.9773911 ],
       [ 1.41421356, -1.35260179],
       [ 0.34542938, -1.41421356],
       [ 0.39465932,  1.41421356],
       [ 1.15179114,  1.41421356]])], [array([-2.20805719, -2.44948974,  1.06466646, -1.37686555,  1.74643705,
        0.44092274]), array([1.41421356, 0.27077611])]]]
[1144211, 18, 'birth', 17, 15, 0, [[array([[-1.68294628,  1.43717802, -0.64832555, -1.09937622,  2.44214612,
        -2.32484765],
       [-0.09659952,  0.25956384, -2.30645251, -0.33417838, -1.60527708,
        -2.44948974],
       [-1.90186291, -1.42105003,  0.09115553,  0.72620938, -0.24353614,
        -0.44882967],
       [ 2.44948974, -1.27133637, -0.26349976,  1.51189353,  2.17561168,
        -1.79525928],
       [ 1.52645194,  0.34773434,  0.74879228, -0.29724506, -2.44948974,
         0.51821433],
       [-0.87824908, -1.38512137, -0.65652398, -0.8879623 ,  1.99984136,
        -0.96412001]]), array([[ 1.0992642 , -1.41421356],
       [-0.61199362,  0.20302334],
       [ 1.41421356,  0.56972251],
       [ 1.41421356,  1.41421356],
       [ 0.18438236, -1.31955316],
       [ 1.10347906,  1.41421356]])], [array([ 0.64501272, -1.55317475,  0.01010034, -0.95360123, -2.44948974,
       -2.43853163]), array([ 0.9131528 , -1.40239952])]]]
[1144211, 10, 'birth', 4, 10, 0, [[array([[-1.24424257,  2.2898209 , -0.55785389,  1.19047041, -2.44948974,
        -1.28624233],
       [-2.44948974, -1.34458047, -1.23833293, -1.60513164, -2.16719463,
        -2.44948974],
       [ 0.38928729, -2.34867885, -1.56292774, -0.07862599,  1.46110888,
        -1.98332251],
       [ 0.25695792,  2.02421997, -2.13759285,  0.74283533, -1.30322964,
         0.93901482],
       [-0.7904867 ,  1.8831358 ,  0.87648793, -0.07358841, -1.1337021 ,
         1.78715559],
       [-0.8507979 , -2.44948974,  0.40574156, -2.20287504,  0.08565874,
         0.75229693]]), array([[-1.41421356, -0.32856546],
       [-0.58601374,  0.04240515],
       [ 1.41421356, -1.41421356],
       [ 0.08177787,  1.41421356],
       [-1.41421356,  1.41421356],
       [-1.17445224, -1.41421356]])], [array([-2.44948974,  2.44948974, -1.66341697,  1.78300985,  0.44456075,
       -2.36669823]), array([-0.97944284, -0.44135405])]]]
[1519165, 0, 'death']
[1519315, 23, 'death']
[1519465, 11, 'death']
[1519615, 15, 'death']
[1519765, 16, 'death']
[1519915, 24, 'death']
[1520065, 18, 'death']
[1520215, 10, 'death']
[1520365, 'Extinction!']
