[time, indiv, parent1, parent2, gender, brain]
[100, 24, -1, -1, 0, [[array([[-9.50812100e-01,  9.16335417e-01, -2.30810239e-01,
         1.52998833e+00, -1.29961407e+00, -1.08233474e+00],
       [-1.48315282e-03, -2.58852912e-01,  4.90120711e-01,
        -1.67686035e+00, -1.01575989e+00,  1.61126326e+00],
       [ 1.33292932e+00, -5.32519337e-01,  1.99620828e+00,
         8.00275269e-01, -1.71813839e-01, -1.51463104e+00],
       [-2.15528579e+00, -2.09382970e-01, -8.49101863e-01,
        -8.50394070e-03, -2.76802955e-01,  1.13742112e+00],
       [-4.44676803e-01, -1.87824261e-01, -2.31746661e+00,
        -1.77546858e+00,  2.43861927e+00, -1.59061581e+00],
       [-7.34413065e-01,  6.68221888e-02, -1.11807106e+00,
        -1.67404260e+00,  9.77083613e-01,  2.26946111e+00]]), array([[-1.23770403,  0.48886236],
       [-2.15595132,  1.62583744],
       [-2.24087045, -1.83257906],
       [ 0.31164573,  0.53046824],
       [ 0.86409599, -2.07640202],
       [-1.22827567,  2.00240309]])], [array([ 1.07091377,  0.30194373, -1.01796744, -1.22705286, -1.02007597,
        2.32561664]), array([-1.62781772,  0.01783065])]]]
[100, 19, -1, -1, 1, [[array([[-1.07918172,  1.87073949, -1.3227996 ,  0.29345753, -1.75481044,
        -1.42856509],
       [-1.63820297,  0.33301991,  0.51162913,  1.05839003, -2.17882233,
        -2.09644211],
       [-1.68315482, -1.56485759,  1.52227941, -0.40076078,  1.46612165,
        -1.26358522],
       [ 1.50770183, -0.03960479, -0.72784851, -1.00457358, -0.09190119,
         1.6508021 ],
       [-0.51734248, -1.34740088, -1.06713133, -1.96754771,  1.32971994,
         2.29942446],
       [-0.43869588, -0.04431073, -2.32197766,  0.56456767,  1.35814081,
         0.82005393]]), array([[ 0.48669694,  0.28044129],
       [ 1.50902229, -1.07085236],
       [-0.37375069,  0.1016266 ],
       [ 0.27495742, -0.35631178],
       [-1.72890438, -1.19421923],
       [-0.08346799, -0.09245369]])], [array([-0.5179082 ,  1.52041171, -1.77474822, -0.15715374,  0.0413999 ,
        2.10431449]), array([ 0.06143444, -1.73469351])]]]
[100, 17, -1, -1, 0, [[array([[-0.75847128,  0.29358887, -0.22771653, -2.12306433,  2.38202435,
        -1.53966799],
       [ 2.37245311,  0.90321567,  1.53682307, -2.25643624,  0.1897336 ,
        -0.18377005],
       [ 2.23345667,  2.01190805,  1.59881319,  0.32633354, -2.43452297,
        -1.63410009],
       [-1.65751966,  1.63915123, -1.132867  ,  0.0345923 ,  2.05164642,
         0.55439069],
       [ 0.13198235,  1.77903099,  2.10078405, -2.17707003, -2.19938813,
        -2.36619826],
       [-1.54997924,  1.10066468,  2.09354645,  0.27042088, -1.03745389,
         0.21522534]]), array([[-2.303206  , -1.78888612],
       [ 0.44976701, -1.76023478],
       [-0.62601966,  0.35092859],
       [ 2.20099471, -1.86311623],
       [-2.0115993 ,  1.22089147],
       [ 1.32479252,  1.93550176]])], [array([ 0.14917075, -0.47311805,  1.64054626, -0.94243286, -0.72435   ,
       -0.90955758]), array([-0.37041238, -2.09689888])]]]
[100, 4, -1, -1, 1, [[array([[-0.82396282,  1.11894041, -0.78783592,  1.41339378,  1.71451893,
         1.87225   ],
       [ 0.94060055,  0.962369  , -0.4656231 ,  0.99461134,  1.56906508,
        -2.00192316],
       [ 1.92382718, -0.78933643,  0.17568093,  0.55921727,  1.9704263 ,
         1.15658814],
       [ 1.15826139,  1.80723521,  0.28801431, -2.01403654, -0.66203361,
        -0.77779419],
       [ 1.09892922,  0.21858104, -1.74559683, -1.03254084, -1.95335077,
        -0.47914795],
       [ 0.59834922, -0.52250148, -0.83477075, -0.2116647 ,  2.03560392,
        -1.89371091]]), array([[ 2.35023029,  0.49068431],
       [-2.39645225, -2.28456484],
       [ 2.22737746, -0.95343517],
       [ 1.86750143,  1.28304184],
       [-0.07430382, -0.92627188],
       [-0.14335818,  0.50292352]])], [array([ 2.28953428, -0.61707228,  2.32980054, -1.93167954, -1.88040761,
        0.82080771]), array([-1.98987365,  0.67287562])]]]
[100, 9, -1, -1, 0, [[array([[-0.94908402, -0.58781386,  1.89317484, -0.53285187, -1.77931902,
        -0.39794874],
       [-0.41980622, -0.51641349,  1.39901362,  0.93165796,  2.20151153,
        -1.61590472],
       [ 1.21881017,  1.67902068, -0.98330343, -1.33228261, -0.54901766,
         1.81128558],
       [ 0.39594366, -2.27910716, -0.00401969, -1.87736965, -0.41924914,
         2.37811775],
       [ 1.17216954,  1.5471437 ,  2.08277314,  0.37299544,  0.24242989,
         0.06997822],
       [-0.78511472, -1.0745785 ,  0.47596434,  1.70522697, -0.75370804,
         1.78044769]]), array([[-1.56343582,  2.33547233],
       [-2.34376307, -1.50660247],
       [-2.26378136,  1.14628114],
       [-1.19369573, -2.43615239],
       [-0.14612237,  1.49889365],
       [-0.71201944, -1.03493906]])], [array([-1.78150875, -0.13227204,  1.70092466,  1.99167322,  2.12995248,
       -1.05871536]), array([ 2.08583112, -0.56625946])]]]
[100, 12, -1, -1, 1, [[array([[-1.35946395, -2.36205074,  1.14397831,  1.53380083,  1.83641582,
        -0.01743114],
       [-1.75589084, -0.37837671, -1.80929708,  1.27421967, -2.16213233,
        -0.04239007],
       [-0.74132582, -0.10151474, -0.94529637, -1.81117125,  0.1615548 ,
        -1.4297855 ],
       [-1.88638125,  1.73058932, -0.71945065, -2.18723554, -1.28127672,
         0.00431051],
       [ 2.29228779, -1.25277592,  0.91434982, -2.25996839, -0.04036098,
        -1.43181288],
       [-0.99503343, -1.92664556,  0.48093015, -1.11636495,  0.84785679,
        -0.13989609]]), array([[-1.19765081,  0.75003139],
       [-0.60877372,  1.22878078],
       [ 0.88155961, -0.67939644],
       [-1.85695175,  0.74734875],
       [ 0.62693749, -2.27406242],
       [-0.54698925,  0.7032914 ]])], [array([ 2.12729032, -2.11282958,  1.68823995, -0.2855301 ,  2.15127009,
        2.1089982 ]), array([-1.82386113,  2.14781482])]]]
[100, 13, -1, -1, 0, [[array([[ 1.93265369,  1.7962442 , -1.06257257,  1.41636301,  1.41726884,
        -0.09582869],
       [-2.1402176 , -2.37133791,  0.84730349,  1.1591257 , -0.92578471,
         0.23226268],
       [ 0.45840007,  0.09586371, -2.40673684, -1.13323426,  1.45038872,
         0.04408475],
       [-0.36880088,  1.45832128, -2.22676434,  1.5938346 , -2.36657945,
         1.6231296 ],
       [ 0.06970634,  0.21252949, -0.27850981,  1.34235074,  0.82522062,
        -2.28769746],
       [ 0.91882679,  1.04480198, -1.7435911 , -2.2700196 , -1.71191605,
        -0.27305523]]), array([[-0.12405862, -0.06259813],
       [-0.07573723, -2.39793537],
       [-0.58253624,  1.40461583],
       [-0.55543251, -2.41285564],
       [-1.13921298, -1.82353535],
       [ 0.93189772, -0.09375305]])], [array([-0.28237748, -1.27726448,  1.00095373,  0.04926323, -0.88465316,
        1.95587893]), array([ 1.33689401e-03, -1.81019325e+00])]]]
[100, 23, -1, -1, 1, [[array([[-0.44639101, -1.43647254,  1.44461746, -1.4708555 , -2.1369976 ,
         0.62603895],
       [ 1.33339992,  0.61107971,  1.91442536,  1.71538369, -1.02942311,
         1.62763799],
       [-1.19818959, -1.54095786, -1.17712809, -0.16849732, -0.26433743,
         2.35134506],
       [ 0.56449173, -0.04920826,  0.26601871, -0.34136683,  1.35519397,
        -0.82291371],
       [-0.44444791,  1.85796895,  0.04224795, -0.34590927,  1.13004545,
        -0.11381825],
       [ 2.28266391, -0.53246992, -1.70084234, -1.45469044, -1.37900875,
         1.8552716 ]]), array([[-0.92001097,  0.84277171],
       [-0.49544737,  1.03969734],
       [ 1.71267747,  2.24842518],
       [ 1.5138531 , -2.29496361],
       [-0.39124537,  1.63813926],
       [ 1.46251174,  1.38274413]])], [array([ 0.39611446,  2.23879436,  1.56822386, -1.80243442,  2.30196723,
        0.55689113]), array([1.89328708, 2.07433957])]]]
[100, 16, -1, -1, 0, [[array([[ 2.06740264,  0.53763313, -0.10500592, -2.43906408,  0.44292701,
        -0.27681936],
       [-0.77121065, -0.42429095,  0.94458522, -0.53769987,  0.73048099,
        -1.40587842],
       [ 1.53986131,  0.71356514, -0.09038661,  0.63308688,  1.07600196,
        -1.3970082 ],
       [-0.69233637, -1.89660951,  1.92410561,  2.29013795,  1.47391494,
        -2.08706694],
       [ 0.97921571, -0.37246481,  0.59713307, -0.84773534, -1.11703529,
        -0.21464972],
       [-2.19010085, -1.94318526, -2.08551932, -1.49126415, -1.65482808,
        -1.02050322]]), array([[-2.33089792, -1.77054584],
       [-0.02635855,  1.28088568],
       [ 1.32277727, -0.60566001],
       [ 0.57060901,  2.15013128],
       [ 1.1556438 , -2.24566611],
       [-1.73341744, -0.69178728]])], [array([-1.65020684,  1.04198959,  1.01956353, -0.82792514,  0.77058755,
       -0.69607869]), array([2.24937377, 0.51661241])]]]
[100, 14, -1, -1, 1, [[array([[ 0.8320691 ,  1.94307919,  2.39745099, -2.37342746, -1.02127166,
         0.00458883],
       [-1.38720025,  1.86437103, -1.49317408,  0.35184266, -1.87191127,
         2.42184908],
       [-2.15411083, -0.36557734,  1.76335108, -1.30977401,  1.33452582,
        -2.07838208],
       [ 1.05947775,  2.21708149, -1.33850446,  1.01961213,  2.16237884,
         2.39547136],
       [-1.74812972,  2.23637501,  1.08271124,  0.43055609, -2.41966648,
         1.76224527],
       [-1.02252287, -0.01948371, -1.14308563,  1.24439092,  0.45675088,
        -1.89698653]]), array([[ 0.271746  , -1.95813025],
       [-1.52527623, -0.22376973],
       [ 0.87600982, -1.09505611],
       [ 0.19374218, -0.17972194],
       [-1.29557938, -1.42652574],
       [-0.26355029, -2.43737959]])], [array([ 1.42437627,  2.03307391,  1.34599088,  2.23723428,  0.61946244,
       -1.42866917]), array([-1.0990883 , -1.25968735])]]]
[100, 15, -1, -1, 0, [[array([[ 0.8417652 ,  2.22800692, -0.44189196, -0.90727974, -2.24555411,
         0.75772419],
       [-1.96752378,  1.82848315, -1.8200501 , -2.00546736,  0.01003106,
        -1.18760765],
       [-1.21805447, -0.78307594, -0.75691572,  1.61704518, -1.79094246,
         1.28029876],
       [ 2.06223467,  2.34093505, -1.43969357,  0.4389088 ,  0.84908786,
        -1.43924342],
       [ 0.0064595 , -0.0564169 , -1.87349281, -0.48168391, -0.66754737,
        -0.78199533],
       [ 2.02661318,  2.02069071, -2.38408533, -2.4414851 , -1.01681893,
        -2.09888821]]), array([[ 1.45135189,  0.55356563],
       [-1.53645646,  2.15495348],
       [ 2.18680222,  2.43044825],
       [-1.08340305, -0.74726909],
       [-1.00333133, -0.19490454],
       [-1.02102682, -0.4939384 ]])], [array([ 0.38785425,  0.3231282 , -0.96026148,  0.59038958,  1.03922882,
        1.69783092]), array([-0.95562516, -0.26558349])]]]
[100, 21, -1, -1, 1, [[array([[-2.30546971, -0.2654317 ,  1.82141012, -2.40847631, -0.77175034,
        -2.34311396],
       [-1.50898084, -1.91008293,  0.92923016, -0.00886654,  0.57683712,
         1.18271487],
       [ 0.2569431 ,  1.36337872,  1.19135966,  1.92180261,  0.48197254,
        -0.58139803],
       [ 1.73427119,  1.08323439, -2.25263666,  1.13213775, -0.94589298,
         1.07334282],
       [ 1.85933708, -0.36799801,  1.03193867, -0.00387148, -1.90766204,
         2.40636715],
       [-0.35169624, -0.49398275, -1.73899454,  0.0598478 , -1.05377987,
        -1.42998036]]), array([[ 0.66592536,  1.98675278],
       [-2.22139641,  2.0650146 ],
       [ 1.57162144,  0.5022433 ],
       [-0.44843323, -0.42758131],
       [ 0.14475604,  0.3685805 ],
       [-0.09579345, -0.58221254]])], [array([ 1.65125268, -0.44006064,  2.0308853 ,  1.26158212,  0.2378069 ,
        1.40407997]), array([0.00168853, 0.09438164])]]]
[100, 11, -1, -1, 0, [[array([[-0.8228058 ,  1.52993891,  1.8365121 , -2.22383384, -1.75830011,
        -2.41004131],
       [-1.17400283, -0.71135956,  0.75991658, -0.34553367,  1.9314232 ,
        -0.4285655 ],
       [-2.13476965,  1.42192957, -2.20655887, -0.5342933 , -2.32380095,
        -1.73247281],
       [ 0.66226788, -1.41423267, -1.17682139,  1.61750841,  1.46114466,
        -0.71371719],
       [-0.20363279,  1.948881  ,  0.63249552, -1.03860644, -1.09332808,
        -1.8839532 ],
       [-1.98458338, -2.34755059, -2.05987544, -2.11041351, -1.12896224,
        -0.38080758]]), array([[-1.66991101,  0.0655947 ],
       [-2.02108659,  1.87015415],
       [-1.30259668,  2.38205967],
       [ 1.01828451,  0.99691986],
       [-2.05496994,  0.13955624],
       [ 0.40571487, -0.55481608]])], [array([-1.9200131 ,  0.06057723, -1.28677931, -1.38192577, -1.7376761 ,
        0.51202793]), array([ 1.11703461, -0.80994074])]]]
[100, 3, -1, -1, 1, [[array([[ 1.39759569, -1.58764609,  0.29424967, -2.06082311,  2.3285431 ,
        -1.01111763],
       [ 0.26912614, -2.24507055,  1.79655539, -1.38318983,  1.59846093,
        -0.9745778 ],
       [-0.60375774,  0.22873509, -0.74480453,  1.80218745, -0.1627494 ,
         0.53629054],
       [ 2.22549433, -2.32979918, -1.39278867,  0.81814088, -1.64800113,
        -2.44257694],
       [ 1.57788895, -0.73250221,  2.39290094,  1.2919292 ,  0.53623397,
        -1.22911894],
       [ 1.78999324,  0.72036517,  0.36150871,  1.96561906,  0.73017446,
        -1.66589365]]), array([[ 1.38438394, -1.56020608],
       [ 2.11083807, -1.05488983],
       [-2.43101704,  0.21932945],
       [-1.27370172,  1.51255872],
       [ 2.00809498, -2.24735273],
       [ 2.38946033,  0.80856295]])], [array([ 1.77080726,  0.67313359, -1.91872256, -0.87564292,  0.72857185,
        0.15321801]), array([1.53788374, 0.69324844])]]]
[100, 10, -1, -1, 0, [[array([[ 0.05571408,  0.86191945, -1.23420283, -2.08321506, -0.7225053 ,
         2.04437351],
       [ 1.45766794,  2.2340604 , -2.43265327,  2.30121656,  2.34442753,
         0.59554188],
       [-0.42133979, -1.38266201,  0.36432376, -1.71439238, -2.42953657,
        -0.50421367],
       [ 1.80624393,  0.17017324, -0.99860029,  1.29316362,  1.39456345,
        -1.27865696],
       [-0.15007976, -1.05654071, -1.34709291, -2.0723525 , -0.13289037,
        -0.9839778 ],
       [-0.76641591,  0.0118616 ,  1.55551835, -2.20343812, -0.01511289,
        -0.95011041]]), array([[-0.19904053, -2.44658396],
       [ 0.56201546, -0.72587471],
       [-0.231422  , -0.38027865],
       [ 1.62129911, -0.87577818],
       [ 0.10740461,  1.36382782],
       [-0.39501115, -0.160586  ]])], [array([-2.29341555,  1.04089926,  0.26371492,  2.16363745,  0.98621232,
        2.14094839]), array([-1.37623231, -2.17605045])]]]
[100, 0, -1, -1, 1, [[array([[ 2.3028538 ,  1.58046508, -0.09748892,  1.86182057, -1.13630217,
        -2.40247229],
       [-0.43994231, -1.95290653, -1.33654207,  0.71459017, -2.08076447,
        -1.51738756],
       [ 1.95550796,  0.07284447, -1.13828114,  0.21318048,  0.02480216,
         2.12598229],
       [ 2.2600622 , -1.60754368,  0.43763389,  1.0394175 , -1.30805397,
         0.21499787],
       [ 2.30696499, -1.69239762, -1.79563362, -0.02619605,  2.01200352,
         1.76116993],
       [-0.89402209,  2.21652647, -0.48292399,  1.24836854,  1.72902657,
         0.64362669]]), array([[ 1.08720903, -2.2764106 ],
       [-0.71336099,  0.61188395],
       [ 1.24807662,  0.70474612],
       [-1.04764259, -1.10568568],
       [ 1.97718908, -1.69592622],
       [-1.31868372,  0.67381726]])], [array([-0.96583056, -1.91452253,  2.11774411, -0.06363715,  0.73815769,
       -0.84680459]), array([ 0.26218266, -1.43191717])]]]
[100, 5, -1, -1, 0, [[array([[ 1.4765441 , -1.45932511,  1.64258907, -2.39501702,  0.23154327,
        -0.31016296],
       [ 1.96390996,  2.42488991, -0.55172198,  0.85731973,  1.65125545,
        -1.85770436],
       [ 1.43640112, -1.3633107 , -1.90336048, -0.17382016,  0.62821427,
         0.26509102],
       [ 0.17838133,  0.40808521, -1.20046843, -0.41519382,  0.45701814,
        -2.12842624],
       [ 0.18224635, -0.22658142,  0.21503244,  1.9956768 , -2.21426546,
        -1.3340794 ],
       [-1.9521281 , -0.42120534,  1.72164591,  0.12203471, -1.03317856,
         2.38652751]]), array([[-2.42476395, -1.5361318 ],
       [ 0.34496406,  1.94556953],
       [ 1.72846466,  1.71862482],
       [-1.51794469, -1.4668442 ],
       [-1.79247731,  1.56696878],
       [-1.15589461,  1.1547274 ]])], [array([ 1.87093439, -0.61467138, -2.25765228, -2.33114382,  1.29257906,
       -0.19040807]), array([-0.15399004, -0.09107261])]]]
[100, 8, -1, -1, 1, [[array([[-0.1166571 ,  1.33090219, -1.57297438,  2.42695183,  1.19530421,
         2.01811368],
       [ 0.87653636,  1.87352535,  1.21623905,  2.43172812,  2.05069973,
        -1.8843548 ],
       [-1.78670453, -0.43079578, -1.09487207, -0.16460404, -1.10631237,
         1.62030215],
       [-1.32403459,  1.27486292, -0.78968525, -1.83991965,  1.20744257,
        -0.76493759],
       [ 0.52183606, -0.44528271, -2.09601659, -1.58571291, -1.60774483,
        -0.87835868],
       [ 0.48997265, -1.38101284,  0.92084084, -2.00931103, -2.29784943,
         1.7780654 ]]), array([[-2.41869192e+00,  1.12734872e+00],
       [-8.16335039e-01, -4.91392716e-01],
       [ 2.62389330e-01, -1.05578901e+00],
       [-9.22998816e-04, -5.32371276e-02],
       [ 4.71922765e-01,  1.32914135e+00],
       [-1.63525330e-01,  1.94351528e+00]])], [array([-0.81514945, -1.98709592, -2.01014059,  0.72925884, -1.97278885,
       -1.01179201]), array([ 1.66347235, -0.2367107 ])]]]
[100, 20, -1, -1, 0, [[array([[-1.16723394,  1.61332861, -0.44210358,  1.09986659, -0.807848  ,
         0.86116423],
       [-1.9606985 , -0.79901285,  1.30982511,  1.60690904,  0.36147656,
         0.86791885],
       [-1.12421094, -0.48114421, -1.3231938 ,  0.68321221,  0.78779692,
        -1.07365606],
       [ 0.19591279, -1.36601206,  0.2092622 ,  2.31170866, -0.58828633,
        -0.48850586],
       [-1.56730071,  2.24882794, -1.40871199,  1.56887336,  1.74786571,
        -0.57162613],
       [-1.21557274, -1.12640651,  2.19294836,  0.50560209,  0.8008265 ,
        -2.40758931]]), array([[-0.50573625, -0.36738091],
       [ 0.02105566,  1.14716258],
       [ 0.39699867, -1.31047525],
       [ 1.62883615, -1.45131219],
       [-0.65817117, -2.04662384],
       [-1.91469895, -1.47915051]])], [array([-0.28785347, -0.77153758,  1.63571007, -1.30465781, -0.37131844,
       -0.60579349]), array([-0.55331673,  1.25156435])]]]
[100, 22, -1, -1, 1, [[array([[-2.29426283, -1.27366323, -0.94325693, -0.83093703, -0.09084697,
         0.63201053],
       [-0.69337876, -1.42074189, -1.96128548, -1.20988838,  0.35672901,
        -0.36289262],
       [-2.14448904,  1.91163702, -1.51611823, -0.29911256,  0.58397396,
         0.24467848],
       [ 1.89214721,  1.64590655, -0.92937046, -1.01497176, -2.11762388,
        -1.18625835],
       [-2.38473288,  1.45789243, -0.37106876,  1.30628381,  2.01690607,
        -1.39904962],
       [-0.2755484 ,  1.39099849, -1.96636694,  1.83201792, -1.16350814,
        -0.51836317]]), array([[ 0.92148495, -0.23105839],
       [ 1.79873222, -1.41493995],
       [ 0.42622532,  0.39867919],
       [ 0.5330371 , -0.55758277],
       [ 0.25051653,  1.81210147],
       [-1.25228022,  0.31774385]])], [array([-1.98705248, -1.63976734,  0.76351649,  0.29617696, -1.49146662,
       -1.19962839]), array([ 1.79764291, -1.61964159])]]]
[100, 6, -1, -1, 0, [[array([[-2.03046955, -2.12736775, -0.40674653,  1.64420477, -1.50305001,
        -1.74039502],
       [ 2.2408511 , -0.54621887,  0.38619265, -0.22110259,  1.74372015,
        -0.79329352],
       [-2.44822547,  1.32727504,  1.19359285,  1.9401543 ,  0.64065318,
         0.14108148],
       [-2.08217801,  1.807007  , -1.55862278,  0.97847511, -0.37879485,
         1.74779425],
       [-0.83314523, -0.84492816,  0.54851557, -1.18151696, -0.71404902,
        -0.41822963],
       [ 1.56277412,  1.24664912,  2.11179966, -2.40678139, -0.08714647,
         2.44432484]]), array([[ 0.27957935,  0.28503564],
       [-2.12474142, -2.40054196],
       [-0.6794351 , -1.15252532],
       [-1.02245045,  0.88247395],
       [-0.54121707,  0.74607726],
       [-1.15990322, -0.97673165]])], [array([ 0.74030232,  1.32457808,  1.68725435,  1.62089407, -1.9674023 ,
       -1.07387514]), array([0.70877194, 2.29025597])]]]
[100, 18, -1, -1, 1, [[array([[-1.23617790e+00,  2.23811128e+00,  1.68394332e-01,
         1.34490163e+00,  1.44319164e+00, -6.33829518e-01],
       [-2.11955895e+00, -3.65953376e-01, -1.48165400e+00,
         2.16755908e+00,  1.46546098e+00,  9.06913285e-01],
       [ 9.46982055e-01,  2.39297318e+00,  8.42939231e-01,
         2.41369167e+00,  9.11315689e-01, -1.32354076e+00],
       [ 1.95476080e+00,  1.40478864e+00,  2.00163147e+00,
         6.87994169e-01,  2.08627357e+00,  1.60069820e-01],
       [ 2.39392557e+00, -1.39467127e+00, -2.07778759e+00,
         5.18664429e-04,  1.47719198e+00, -1.54854409e+00],
       [-2.91625949e-01,  2.14671020e+00, -2.10953349e+00,
        -8.22527228e-01,  2.20568106e+00,  2.43823180e+00]]), array([[-2.00674381,  1.6422434 ],
       [-1.36654553, -1.5322565 ],
       [ 0.00693665,  1.95122182],
       [-1.73762909, -1.58187571],
       [ 1.76506398, -1.08615685],
       [-1.52947588,  1.21671442]])], [array([ 0.60887945, -0.75962763, -1.67009216,  1.21903031, -2.14925728,
        0.08025305]), array([0.38519116, 2.42874855])]]]
[100, 1, -1, -1, 0, [[array([[-1.26767702, -1.25631515, -0.95279175,  1.02769272, -2.27318097,
        -1.66887909],
       [-0.98009431,  0.44093028, -0.26456567, -2.2358935 ,  0.22498579,
        -0.01861886],
       [ 0.35370515, -0.37217491, -1.13796663, -0.97807134, -1.25430762,
         2.40580197],
       [ 2.30341281, -1.40969359, -0.1222144 ,  0.98544348,  0.43658296,
         0.64513365],
       [ 0.1616565 ,  2.28281635,  0.29572654, -1.61572098, -0.15854851,
        -2.08476237],
       [ 1.89939775,  0.89247646, -1.94385546,  1.94527677,  1.26768769,
         1.60871428]]), array([[-2.11642818,  1.88970751],
       [ 1.10424881,  1.86453711],
       [ 0.75012634,  1.15320301],
       [ 2.44055234, -1.07628672],
       [ 0.54739037,  0.65996488],
       [-2.33758743, -0.56878816]])], [array([ 1.53605905, -0.19482964, -0.04166391,  0.42297151, -1.72630197,
        0.34511748]), array([0.46498126, 0.02920763])]]]
[100, 7, -1, -1, 1, [[array([[ 0.8462653 , -0.5740555 ,  1.18403463, -2.0347439 , -0.93610485,
        -0.19554261],
       [ 0.08031546, -1.72024116,  1.13791023, -0.8308961 , -0.04397354,
         1.79858601],
       [-0.48930711,  1.09488602, -0.7776229 ,  0.29291095,  2.20953757,
         1.31524353],
       [ 2.22705704, -1.91490493,  0.15793418, -2.25597594, -1.86731065,
        -1.14651417],
       [-0.73903281, -2.363087  , -1.75871533, -0.80840544, -1.75916334,
        -0.34929038],
       [ 0.57346901,  0.71797846, -1.77515544,  2.3768483 , -0.8462736 ,
        -2.39128131]]), array([[ 1.69735252,  1.86296585],
       [ 1.41826226, -1.26804283],
       [ 0.83926519, -1.61239392],
       [ 0.09959995,  1.41471993],
       [-0.23452116, -1.83170286],
       [ 0.97431472, -0.70704096]])], [array([-0.49113329, -1.66988297, -1.17823425, -1.64514511,  0.50886584,
       -0.0337686 ]), array([2.34264879, 1.66809174])]]]
[100, 2, -1, -1, 0, [[array([[ 0.59268246,  1.38007478, -0.90474022, -0.87898037, -1.73204903,
         2.42797294],
       [ 1.40811841, -1.02074756,  0.68055079,  1.86531066,  2.24313692,
        -1.90546349],
       [ 0.94001203,  2.12307358,  0.85788859, -0.53173682,  1.85165846,
        -1.26313954],
       [-1.97853151, -2.29247232,  2.40951191,  1.87705836,  1.727887  ,
         2.31002357],
       [-0.89606007,  0.35540432, -1.00961605, -1.96640215,  0.51793991,
        -2.30505899],
       [-0.40985883, -1.44591212, -1.41891302, -0.40185782, -1.94351936,
         0.62299291]]), array([[ 0.38055607,  1.9940404 ],
       [ 0.09073895,  0.8395145 ],
       [ 2.42060118, -1.15677752],
       [-0.84057624,  0.97624961],
       [-1.16768532, -0.43729424],
       [-0.40460454,  1.89858832]])], [array([-0.16080397, -2.33771986,  1.60355052, -0.60364068, -0.8646119 ,
        0.86105631]), array([ 0.66745056, -1.23024675])]]]
[1160861, 24, 'death']
[1161011, 19, 'death']
[1161161, 17, 'death']
[1161311, 4, 'death']
[1161461, 9, 'death']
[1161611, 12, 'death']
[1161761, 13, 'death']
[1161911, 23, 'death']
[1162111, 16, 'death']
[1162261, 14, 'death']
[1162411, 15, 'death']
[1162561, 21, 'death']
[1162711, 11, 'death']
[1162861, 3, 'death']
[1163011, 10, 'death']
[1163161, 0, 'death']
[1163361, 5, 'death']
[1163511, 8, 'death']
[1163661, 20, 'death']
[1163861, 22, 'death']
[1164011, 6, 'death']
[1164161, 18, 'death']
[1164311, 1, 'death']
[1164461, 7, 'death']
[1164611, 2, 'death']
[1164711, 13, 'birth', 15, 19, 0, [[array([[ 0.8417652 ,  2.22800692, -0.44189196, -0.90727974, -2.24555411,
         0.75772419],
       [ 1.08928617,  2.44948974, -1.8200501 , -2.00546736,  0.01003106,
        -0.12126292],
       [-2.44948974, -0.78307594, -0.75691572,  1.61704518, -2.44948974,
         1.5352147 ],
       [ 2.06223467,  2.34093505, -1.43969357,  0.4389088 ,  0.19376822,
        -1.43924342],
       [ 0.0064595 , -0.0564169 , -1.87349281, -0.48168391, -0.66754737,
        -0.78199533],
       [ 0.70832775,  2.02069071, -2.38408533, -2.4414851 , -2.44948974,
        -2.09888821]]), array([[ 1.41421356,  0.55356563],
       [-1.41421356,  1.41421356],
       [ 1.41421356,  0.1016266 ],
       [ 0.27495742, -0.35631178],
       [-1.41421356, -1.19421923],
       [-0.08346799, -0.09245369]])], [array([-2.20489676,  1.52041171, -1.77474822, -2.14577265,  0.0413999 ,
        2.10431449]), array([ 0.06143444, -1.41421356])]]]
[1164711, 11, 'birth', 24, 12, 0, [[array([[-0.9508121 ,  0.91633542, -2.44948974, -1.79570164, -1.29961407,
        -1.08233474],
       [ 0.83942406, -0.25885291,  0.49012071,  0.55891947, -1.01575989,
         1.00318928],
       [ 1.33292932, -0.53251934,  1.99620828,  0.80027527, -0.17181384,
        -1.51463104],
       [-2.15528579, -0.20938297, -0.84910186, -0.00850394, -0.27680296,
         1.13742112],
       [-0.4446768 , -0.18782426, -2.31746661, -1.77546858,  2.43861927,
        -1.59061581],
       [-0.73441307,  0.06682219, -2.44948974, -1.28039614,  0.97708361,
         2.26946111]]), array([[-1.41421356,  0.48886236],
       [-1.11696146,  1.41421356],
       [-1.41421356, -1.41421356],
       [ 0.31164573,  1.41421356],
       [ 0.21699097, -1.41421356],
       [-1.22827567,  1.41421356]])], [array([ 1.07091377,  1.03100678, -1.01796744, -0.2855301 ,  2.15127009,
        1.04385374]), array([-1.41421356,  1.41421356])]]]
[1164711, 10, 'birth', 6, 22, 1, [[array([[-2.03046955, -2.12736775, -0.40674653,  1.64420477, -1.50305001,
        -1.74039502],
       [ 2.41056317, -2.44948974, -2.44948974, -0.22110259,  1.74372015,
        -0.79329352],
       [-2.44948974,  1.32727504,  1.19359285,  2.08640475,  0.64065318,
         0.14108148],
       [-2.08217801,  1.807007  , -1.55862278, -1.01497176, -2.11762388,
        -1.18625835],
       [-2.38473288,  1.45789243,  2.44948974,  1.30628381,  2.01690607,
        -1.39904962],
       [-0.2755484 ,  1.39099849, -1.96636694,  1.83201792, -1.91348731,
        -0.51836317]]), array([[ 0.92148495, -0.23105839],
       [ 1.41421356, -1.41421356],
       [ 0.42622532,  0.39867919],
       [ 0.5330371 ,  0.32355206],
       [ 0.25051653,  1.41421356],
       [-1.25228022,  1.41421356]])], [array([-1.98705248, -1.63976734,  2.44948974,  0.29617696, -1.49146662,
       -1.32871342]), array([ 1.41421356, -1.41421356])]]]
[1164711, 21, 'birth', 20, 14, 1, [[array([[-1.16723394,  1.61332861, -0.44210358,  1.09986659, -0.807848  ,
         0.86116423],
       [-1.9606985 , -0.79901285,  1.30982511,  1.60690904,  0.36147656,
         0.86791885],
       [-1.12421094, -0.48114421, -1.3231938 ,  0.68321221,  0.78779692,
        -1.07365606],
       [ 0.19591279, -2.44948974, -1.33850446,  1.01961213,  2.16237884,
         2.44948974],
       [-1.74812972,  2.23637501,  1.08271124,  0.43055609, -2.41966648,
         2.44948974],
       [-1.02252287, -0.01948371, -1.14308563,  1.24439092,  0.45675088,
        -0.95491725]]), array([[ 0.271746  , -1.41421356],
       [-1.41421356, -0.22376973],
       [ 0.87600982, -1.09505611],
       [ 0.19374218, -0.08468986],
       [-1.29557938, -1.41421356],
       [-0.26355029, -1.41421356]])], [array([ 1.42437627,  2.03307391,  1.34599088,  2.23723428,  2.44948974,
       -1.42866917]), array([-1.0990883 , -1.25968735])]]]
[1164711, 16, 'birth', 10, 18, 1, [[array([[ 0.05571408,  0.86191945, -1.27219525, -2.08321506, -0.7225053 ,
         2.04437351],
       [ 1.45766794,  2.2340604 , -2.43265327,  2.30121656,  2.34442753,
         0.59554188],
       [ 2.44948974, -1.38266201,  0.36432376, -1.71439238, -2.42953657,
        -0.50421367],
       [ 1.80624393,  0.17017324, -0.99860029,  1.29316362,  1.39456345,
        -1.27865696],
       [-0.15007976,  2.44948974, -1.34709291, -1.46925403, -0.13289037,
        -0.9839778 ],
       [-0.29162595,  2.1467102 , -2.10953349, -0.82252723,  2.20568106,
         2.4382318 ]]), array([[-1.41421356,  1.41421356],
       [-1.36654553, -1.41421356],
       [ 0.00693665,  1.41421356],
       [-1.41421356, -0.22678002],
       [ 1.41421356, -1.08615685],
       [-1.41421356,  1.21671442]])], [array([-1.79122722, -0.75962763, -1.67009216,  1.69051293, -2.14925728,
        0.08025305]), array([0.38519116, 1.41421356])]]]
[1164711, 17, 'birth', 9, 7, 0, [[array([[-0.94908402, -0.58781386,  1.89317484, -0.53285187, -1.77931902,
        -0.39794874],
       [-0.41980622, -2.44948974,  1.39901362,  0.93165796,  2.20151153,
        -1.61590472],
       [ 1.21881017,  1.67902068, -0.98330343, -1.33228261, -0.54901766,
         1.81128558],
       [ 0.39594366, -2.27910716, -0.00401969, -1.87736965, -0.41924914,
         2.37811775],
       [ 1.17216954,  1.5471437 ,  2.08277314,  0.37299544,  0.24242989,
         0.06997822],
       [-0.78511472, -1.0745785 ,  0.47596434,  1.70522697, -0.75370804,
         1.78044769]]), array([[-1.41421356,  1.41421356],
       [-1.41421356, -1.41421356],
       [-1.41421356,  1.14628114],
       [-1.38523196, -1.41421356],
       [-0.14612237,  1.41421356],
       [-1.41421356,  0.76599018]])], [array([-0.49113329, -1.66988297, -1.17823425, -1.64514511,  0.50886584,
        1.02156802]), array([1.41421356, 1.41421356])]]]
[1164711, 22, 'birth', 5, 7, 1, [[array([[ 1.4765441 , -1.45932511,  1.64258907, -1.61810918,  0.23154327,
        -0.31016296],
       [ 1.96390996,  0.44288131, -0.55172198,  1.30886945,  1.65125545,
        -1.39918267],
       [-2.44948974, -1.3633107 , -1.90336048, -0.17382016,  0.62821427,
         0.26509102],
       [ 0.17838133,  0.40808521, -1.20046843, -0.41519382,  2.44948974,
        -2.12842624],
       [ 0.18224635, -0.22658142,  0.21503244,  1.9956768 , -2.21426546,
        -1.3340794 ],
       [-1.9521281 , -1.02021626,  1.72164591,  0.12203471,  1.8809684 ,
        -2.39128131]]), array([[ 1.41421356,  1.41421356],
       [ 1.41421356, -1.26804283],
       [ 0.83926519, -1.41421356],
       [-1.41421356,  1.41421356],
       [-0.23452116, -1.41421356],
       [ 0.97431472, -0.70704096]])], [array([-0.49113329, -1.66988297, -1.17823425, -1.64514511,  0.90115659,
        2.44948974]), array([1.41421356, 1.41421356])]]]
[1164711, 1, 'birth', 5, 23, 1, [[array([[ 1.4765441 , -1.45932511,  1.64258907, -2.39501702,  0.23154327,
        -0.31016296],
       [ 1.96390996,  2.44948974, -0.55172198,  0.17411507,  1.65125545,
        -1.85770436],
       [ 1.43640112, -1.3633107 , -1.90336048, -0.17382016,  0.12608376,
         0.26509102],
       [ 0.56449173, -0.04920826,  0.26601871, -0.23923493,  1.35519397,
        -1.43136294],
       [-0.0271418 ,  2.44948974, -2.44948974, -0.34590927,  1.13004545,
        -0.11381825],
       [ 2.28266391, -0.53246992, -1.70084234, -1.45469044, -1.37900875,
         1.8552716 ]]), array([[-0.92001097,  0.84277171],
       [-0.49544737,  1.03969734],
       [ 1.41421356,  1.41421356],
       [ 1.40424174, -1.41421356],
       [ 0.23627962,  1.41421356],
       [ 1.41421356, -1.13402445]])], [array([ 1.46141843,  2.23879436,  1.56822386, -1.80243442,  2.30196723,
        0.55689113]), array([1.41421356, 1.41421356])]]]
[1164711, 5, 'birth', 15, 12, 0, [[array([[ 0.8417652 ,  2.22800692, -0.44189196, -0.90727974, -0.10489497,
         0.86215339],
       [-1.96752378,  1.82848315, -1.8200501 , -2.00546736,  0.01003106,
        -1.18760765],
       [-0.28181842, -0.78307594, -0.75691572,  2.44948974, -1.79094246,
         0.16954395],
       [ 1.26082151,  2.44948974, -1.43969357, -1.46360303,  0.84908786,
        -2.44948974],
       [-1.24299496,  0.21421464, -1.87349281,  0.19843709, -0.66754737,
        -0.78199533],
       [ 2.44948974,  1.18663542, -2.38408533, -2.4414851 , -1.01681893,
        -2.09888821]]), array([[ 1.41421356,  0.06466286],
       [-1.41421356,  1.41421356],
       [ 1.41421356,  0.86431542],
       [-1.41421356,  0.74734875],
       [ 0.62693749, -1.41421356],
       [-0.54698925,  0.7032914 ]])], [array([ 2.44948974, -2.11282958,  1.68823995, -0.2855301 ,  2.15127009,
        2.1089982 ]), array([-1.41421356,  1.41421356])]]]
[1164711, 15, 'birth', 24, 7, 1, [[array([[-6.11494148e-01,  9.16335417e-01, -2.30810239e-01,
         1.52998833e+00, -1.29961407e+00, -1.08233474e+00],
       [-1.48315282e-03, -2.44948974e+00,  4.90120711e-01,
        -1.67686035e+00, -1.01575989e+00,  7.42764545e-01],
       [ 1.33292932e+00, -5.32519337e-01,  1.99620828e+00,
         8.00275269e-01, -1.71813839e-01, -1.51463104e+00],
       [-2.15528579e+00, -2.09382970e-01, -2.44948974e+00,
        -8.50394070e-03, -2.76802955e-01,  7.85300282e-01],
       [-4.44676803e-01, -1.87824261e-01, -2.31746661e+00,
        -2.44948974e+00,  9.58886862e-01, -1.19023884e+00],
       [-7.34413065e-01,  6.68221888e-02, -1.11807106e+00,
        -1.67404260e+00,  9.77083613e-01,  2.26946111e+00]]), array([[-0.94497561,  0.48886236],
       [-0.7867578 ,  1.41421356],
       [-1.41421356, -1.3397172 ],
       [ 0.09959995,  1.41421356],
       [-0.23452116, -1.41421356],
       [ 0.97431472, -0.70704096]])], [array([ 2.44948974, -1.66988297, -1.17823425, -1.64514511,  0.50886584,
       -1.708799  ]), array([1.41421356, 1.41421356])]]]
[1164711, 24, 'birth', 16, 4, 0, [[array([[ 2.44948974,  0.53763313,  1.71139904, -2.43906408,  2.44948974,
         1.87225   ],
       [ 0.94060055,  0.962369  , -0.4656231 ,  0.99461134,  1.56906508,
        -2.00192316],
       [ 1.51168375, -0.78933643,  0.17568093,  1.76450785, -2.44948974,
         1.15658814],
       [-0.87383031,  1.80723521,  0.28801431, -2.01403654,  0.72326486,
        -0.05302518],
       [ 1.09892922,  0.21858104,  2.44948974, -1.03254084, -1.95335077,
        -2.44948974],
       [ 2.44948974, -0.52250148, -0.83477075, -0.2116647 ,  2.03560392,
        -1.89371091]]), array([[ 1.41421356,  0.49068431],
       [-1.41421356, -1.41421356],
       [ 1.41421356, -0.95343517],
       [ 1.41421356,  1.28304184],
       [-0.07430382, -0.92627188],
       [-0.14335818,  1.41421356]])], [array([ 2.28953428, -0.61707228,  2.32980054, -1.93167954, -1.88040761,
        0.82080771]), array([-1.41421356,  0.67287562])]]]
[1164711, 6, 'birth', 24, 8, 0, [[array([[-9.50812100e-01,  9.16335417e-01, -2.30810239e-01,
         1.52998833e+00, -1.29961407e+00, -1.08233474e+00],
       [-1.48315282e-03, -2.58852912e-01,  2.35554563e+00,
         2.44948974e+00,  2.05069973e+00, -1.88435480e+00],
       [-1.78670453e+00, -4.30795777e-01, -1.09487207e+00,
        -1.64604037e-01, -1.10631237e+00,  2.44948974e+00],
       [-1.32403459e+00,  1.27486292e+00,  2.29163265e+00,
        -1.83991965e+00,  1.20744257e+00, -7.64937588e-01],
       [ 5.21836056e-01, -4.45282714e-01, -2.09601659e+00,
         1.05729428e+00, -1.60774483e+00, -1.73518466e+00],
       [ 5.12174043e-01,  2.44948974e+00,  9.20840841e-01,
        -2.44948974e+00, -2.29784943e+00,  1.77806540e+00]]), array([[-1.41421356, -0.24971524],
       [-0.81633504, -0.49139272],
       [ 0.26238933, -1.05578901],
       [-1.41421356, -0.73662049],
       [ 0.47192277,  1.32914135],
       [-1.41421356,  1.41421356]])], [array([-0.81514945, -1.98709592, -2.01014059, -2.44948974, -1.97278885,
       -1.01179201]), array([ 1.41421356, -0.2367107 ])]]]
[1164711, 19, 'birth', 9, 19, 1, [[array([[-0.94908402, -0.58781386,  1.89317484, -0.08298611,  2.44948974,
        -2.07317102],
       [-2.44948974,  0.85673659,  1.39901362,  2.01965492, -2.17882233,
        -2.09644211],
       [-1.68315482, -1.56485759,  1.52227941, -0.40076078,  1.53583449,
        -1.26358522],
       [ 1.88176215, -0.03960479, -0.72784851, -1.00457358, -0.09190119,
         1.6508021 ],
       [-0.51734248, -1.34740088, -1.06713133, -1.96754771,  1.32971994,
         2.29942446],
       [-0.43869588, -0.04431073, -2.32197766,  0.56456767,  1.95408099,
         2.33674675]]), array([[ 0.76559207,  0.28044129],
       [ 1.41421356,  0.9516487 ],
       [-0.37375069, -0.25786977],
       [ 0.27495742,  1.24388146],
       [-1.41421356, -1.19421923],
       [-0.08346799, -0.09245369]])], [array([-0.5179082 ,  1.52041171, -1.77474822, -0.15715374,  0.0413999 ,
        2.10431449]), array([ 0.06143444, -1.41421356])]]]
[1164711, 12, 'birth', 9, 12, 1, [[array([[-0.94908402, -0.58781386,  1.01831227, -0.53285187, -1.77931902,
        -0.39794874],
       [-0.41980622, -0.93648815,  1.39901362,  0.08427538,  2.20151153,
        -1.61590472],
       [ 1.21881017,  2.44948974, -0.98330343, -1.33228261, -0.54901766,
         1.81128558],
       [ 0.39594366, -2.44948974, -0.00401969, -2.44948974, -0.41924914,
         2.37811775],
       [ 1.17216954,  1.5471437 ,  2.08277314,  0.37299544,  0.24242989,
         0.06997822],
       [-0.78511472, -1.0745785 ,  0.47596434,  1.70522697, -2.44948974,
         1.78044769]]), array([[-0.75795433,  1.41421356],
       [-1.41421356, -1.41421356],
       [-1.41421356,  1.14628114],
       [-1.19369573, -1.41421356],
       [ 1.41421356, -1.41421356],
       [ 0.01843157,  0.7032914 ]])], [array([ 2.12729032, -2.11282958,  1.68823995,  1.88402093,  2.15127009,
        2.1089982 ]), array([-1.41421356,  1.41421356])]]]
[1164711, 0, 'birth', 24, 4, 1, [[array([[-9.50812100e-01,  9.16335417e-01, -2.30810239e-01,
         1.52998833e+00, -1.29961407e+00, -1.21079899e+00],
       [-1.48315282e-03, -2.58852912e-01, -9.21210246e-03,
        -1.67686035e+00, -1.01575989e+00,  1.61126326e+00],
       [ 5.34811957e-01, -5.32519337e-01,  1.99620828e+00,
         8.00275269e-01, -1.71813839e-01, -1.51463104e+00],
       [-6.08348243e-01, -2.09382970e-01, -8.49101863e-01,
        -8.50394070e-03, -2.76802955e-01,  1.13742112e+00],
       [-4.44676803e-01,  2.18581038e-01, -1.74559683e+00,
        -1.03254084e+00, -2.43962009e+00,  1.96844364e+00],
       [ 5.98349223e-01, -2.12399867e+00, -2.44948974e+00,
         8.25926657e-03, -2.37150366e-01, -1.89371091e+00]]), array([[ 1.41421356,  0.49068431],
       [-1.41421356, -1.41421356],
       [ 1.41421356, -0.95343517],
       [ 1.41421356,  1.28304184],
       [-0.07430382, -0.92627188],
       [-0.14335818,  0.50292352]])], [array([ 2.28953428, -0.61707228,  2.32980054, -1.93167954, -1.88040761,
       -2.44948974]), array([-1.41421356,  0.67287562])]]]
[1164711, 9, 'birth', 16, 7, 1, [[array([[ 2.06740264,  2.44948974,  2.40863508, -2.44948974,  0.44292701,
        -0.27681936],
       [-2.44948974, -0.42429095,  0.94458522, -0.53769987,  0.73048099,
        -1.40587842],
       [-0.71308733,  1.09488602, -0.7776229 ,  0.29291095,  2.20953757,
         1.31524353],
       [ 0.69321706, -1.91490493,  0.15793418, -2.25597594, -1.86731065,
        -1.14651417],
       [ 1.05043133, -2.363087  , -1.75871533, -0.80840544, -1.75916334,
        -0.34929038],
       [ 0.57346901, -0.03476644, -1.77515544,  2.3768483 , -0.8462736 ,
        -1.78866293]]), array([[ 1.41421356,  1.41421356],
       [ 1.41421356, -1.26804283],
       [ 0.83926519, -1.28535326],
       [ 0.09959995,  1.41421356],
       [-0.23452116, -1.41421356],
       [ 0.97431472, -0.70704096]])], [array([-0.49113329, -1.66988297, -1.17823425, -1.64514511,  0.50886584,
        2.44948974]), array([1.41421356, 1.41421356])]]]
[1164711, 23, 'birth', 6, 8, 1, [[array([[-2.03046955, -2.12736775, -0.40674653,  1.64420477,  1.74256278,
        -1.74039502],
       [ 2.2408511 , -0.54621887,  0.38619265, -0.22110259,  2.44948974,
        -0.79329352],
       [-2.44822547, -0.43079578, -1.09487207, -0.16460404, -1.10631237,
         2.44948974],
       [-1.32403459,  1.27486292, -0.78968525, -1.83991965,  1.20744257,
        -0.76493759],
       [ 2.44948974, -0.44528271, -2.09601659, -1.58571291, -1.76823656,
         0.18568676],
       [ 0.48997265, -1.38101284,  0.92084084, -2.00931103, -2.23377006,
         1.7780654 ]]), array([[-1.41421356e+00,  1.12734872e+00],
       [-8.16335039e-01, -8.35059634e-01],
       [ 9.13119060e-01, -1.05578901e+00],
       [-9.22998816e-04, -5.32371276e-02],
       [ 4.71922765e-01,  1.32914135e+00],
       [-1.63525330e-01,  1.41421356e+00]])], [array([-0.81514945, -1.98709592, -2.01014059,  0.72925884, -1.97278885,
       -1.01179201]), array([ 1.41421356, -0.2367107 ])]]]
[1164711, 7, 'birth', 2, 7, 0, [[array([[ 0.8462653 , -0.5740555 ,  1.18403463, -2.44948974, -0.93610485,
        -0.19554261],
       [ 0.08031546, -1.72024116,  1.13791023, -0.8308961 , -0.04397354,
         2.34567078],
       [-0.48930711,  1.09488602, -0.7776229 ,  0.29291095,  2.20953757,
         1.31524353],
       [ 1.54465257, -1.91490493,  2.44948974, -2.25597594, -1.86731065,
        -1.14651417],
       [-0.73903281,  0.37369629, -2.44948974, -0.80840544, -1.75916334,
        -0.34929038],
       [ 0.57346901,  0.71797846, -2.44948974,  2.3768483 , -0.8462736 ,
        -2.44948974]]), array([[ 1.41421356,  1.41421356],
       [ 1.41421356, -1.26804283],
       [ 0.83926519, -1.41421356],
       [ 1.41421356,  1.41421356],
       [-0.23452116, -1.41421356],
       [ 0.97431472, -0.70704096]])], [array([-0.49113329, -2.44948974, -1.17823425, -1.64514511,  2.44948974,
       -1.61472492]), array([1.41421356, 1.41421356])]]]
[1174261, 3, 'birth', 5, 23, 0, [[array([[ 0.8417652 ,  2.22800692, -0.44189196, -0.90727974, -0.10489497,
         0.86215339],
       [-1.96752378,  1.82848315, -1.8200501 , -2.00546736,  0.01003106,
        -1.18760765],
       [-0.28181842, -0.06572975, -2.04015161,  2.44948974, -1.79094246,
         0.16954395],
       [ 2.44948974,  2.44948974, -1.43969357, -1.46360303,  0.84908786,
        -2.44948974],
       [-1.24299496,  0.21421464, -1.87349281,  0.19843709, -0.66754737,
        -0.78199533],
       [ 2.44948974,  1.18663542, -2.44948974, -2.4414851 , -1.01681893,
        -1.42388748]]), array([[ 1.41421356e+00,  6.46628589e-02],
       [-8.16335039e-01, -8.35059634e-01],
       [ 9.13119060e-01, -1.41421356e+00],
       [-9.22998816e-04, -5.32371276e-02],
       [ 4.71922765e-01,  1.32914135e+00],
       [-1.63525330e-01,  1.41421356e+00]])], [array([ 2.44948974, -2.42558208, -2.01014059,  0.72925884, -1.97278885,
       -1.01179201]), array([ 0.83157491, -0.2367107 ])]]]
[1192511, 20, 'birth', 24, 16, 0, [[array([[ 2.44948974e+00,  5.37633132e-01,  1.71139904e+00,
        -2.44948974e+00,  9.86168918e-01,  1.87225000e+00],
       [ 9.40600547e-01,  9.62368999e-01, -4.65623101e-01,
         9.94611341e-01,  1.56906508e+00, -2.00192316e+00],
       [ 1.51168375e+00, -7.89336431e-01,  1.75680934e-01,
        -1.71439238e+00, -2.42953657e+00, -5.04213675e-01],
       [ 1.80624393e+00,  1.70173241e-01, -9.98600292e-01,
         1.29316362e+00,  1.39456345e+00, -1.27865696e+00],
       [-1.85269480e-03,  2.44948974e+00,  8.79385868e-01,
        -6.02771417e-01, -1.32890367e-01, -9.83977799e-01],
       [-2.91625949e-01,  2.14671020e+00, -2.10953349e+00,
         1.11170785e-01,  2.20568106e+00,  2.44948974e+00]]), array([[ 0.71269581,  1.41421356],
       [-1.36654553, -1.41421356],
       [ 0.00693665,  1.41421356],
       [-1.41421356, -0.22678002],
       [ 1.26452884, -1.08615685],
       [-1.41421356,  1.21671442]])], [array([-1.79122722, -1.71326732, -1.67009216,  1.69051293, -2.14925728,
        0.08025305]), array([0.38519116, 1.41421356])]]]
[1201762, 8, 'birth', 20, 22, 0, [[array([[ 2.44948974e+00,  5.37633132e-01,  1.71139904e+00,
        -2.44948974e+00,  1.20644175e+00,  1.87225000e+00],
       [ 9.40600547e-01,  9.62368999e-01, -4.65623101e-01,
         9.94611341e-01,  1.56906508e+00, -2.44948974e+00],
       [ 1.51168375e+00, -7.89336431e-01,  1.75680934e-01,
        -1.71439238e+00, -2.42953657e+00, -5.04213675e-01],
       [ 1.80624393e+00,  1.70173241e-01, -2.44948974e+00,
         1.29316362e+00, -1.30781250e-01, -1.27865696e+00],
       [-1.85269480e-03,  2.44948974e+00,  8.79385868e-01,
        -6.02771417e-01, -1.39612135e+00, -9.83977799e-01],
       [-2.91625949e-01,  2.14671020e+00, -2.10953349e+00,
         2.44948974e+00,  2.20568106e+00,  2.44948974e+00]]), array([[ 0.71269581,  1.41421356],
       [-1.36654553, -1.41421356],
       [ 0.00693665, -1.15150454],
       [-1.41421356,  1.41421356],
       [-0.23452116, -1.41421356],
       [ 0.97431472, -0.70704096]])], [array([-0.49113329, -1.66988297, -0.37333816,  2.44948974,  0.90115659,
        2.44948974]), array([0.59806184, 1.41421356])]]]
[1211812, 14, 'birth', 8, 19, 0, [[array([[ 2.44948974,  0.53763313,  1.71139904, -2.34905455,  1.20644175,
         1.87225   ],
       [ 0.94060055,  0.962369  , -0.4656231 ,  0.99461134,  1.56906508,
        -2.44948974],
       [ 1.51168375, -2.44948974,  2.44948974, -0.40076078,  1.53583449,
        -1.26358522],
       [ 1.88176215, -0.03960479, -0.72784851, -1.00457358,  1.08438341,
         1.6508021 ],
       [-0.51734248,  1.25221105, -1.06713133, -1.96754771,  2.44948974,
         2.29942446],
       [ 2.44948974, -0.04431073, -2.44948974,  0.56456767,  1.95408099,
         2.33674675]]), array([[ 1.41421356,  0.07557274],
       [ 1.41421356, -0.386564  ],
       [-0.37375069, -0.25786977],
       [ 0.27495742,  1.24388146],
       [-1.41421356, -1.19421923],
       [-0.08346799, -0.09245369]])], [array([-0.5179082 ,  1.52041171, -0.12523276, -0.15715374,  0.0413999 ,
        0.96483144]), array([ 1.41421356, -0.45063076])]]]
[1222112, 18, 'birth', 6, 19, 1, [[array([[-9.50812100e-01,  9.16335417e-01, -6.80423991e-02,
         1.52998833e+00, -1.48395653e+00, -1.08233474e+00],
       [-1.48315282e-03, -2.58852912e-01,  2.35554563e+00,
         2.44948974e+00,  2.05069973e+00,  2.44948974e+00],
       [-1.78670453e+00, -4.30795777e-01, -2.44948974e+00,
        -1.64604037e-01, -2.44948974e+00,  2.44948974e+00],
       [-1.32403459e+00,  1.27486292e+00,  2.29163265e+00,
        -1.83991965e+00,  1.20744257e+00,  2.44948974e+00],
       [ 5.21836056e-01, -2.44948974e+00, -2.09601659e+00,
         1.05729428e+00, -1.60774483e+00, -1.73518466e+00],
       [-4.38695880e-01,  2.15236608e+00, -2.32197766e+00,
         5.64567665e-01,  1.95408099e+00,  2.33674675e+00]]), array([[ 0.76559207,  0.28044129],
       [ 1.41421356,  0.9516487 ],
       [ 1.41421356, -1.41421356],
       [ 0.27495742,  1.41421356],
       [-1.41421356, -1.19421923],
       [-0.08346799, -0.09245369]])], [array([-0.82745536, -2.09394331, -1.77474822, -0.15715374, -1.38881598,
        2.10431449]), array([ 0.06143444, -1.41421356])]]]
[1361713, 2, 'birth', 20, 23, 1, [[array([[ 2.44948974e+00,  5.37633132e-01,  1.71139904e+00,
        -2.44948974e+00,  9.86168918e-01,  1.87225000e+00],
       [ 9.40600547e-01,  9.62368999e-01, -4.65623101e-01,
         9.94611341e-01,  1.56906508e+00, -2.00192316e+00],
       [ 1.51168375e+00, -7.89336431e-01,  1.75680934e-01,
        -1.71439238e+00, -2.42953657e+00, -5.04213675e-01],
       [ 1.80624393e+00,  1.70173241e-01, -9.98600292e-01,
         1.29316362e+00,  1.39456345e+00, -2.44948974e+00],
       [-1.85269480e-03,  2.44948974e+00, -2.29246333e+00,
        -6.02771417e-01, -1.32890367e-01,  1.85686758e-01],
       [ 4.89972646e-01, -1.38101284e+00,  9.20840841e-01,
        -2.00931103e+00, -2.23377006e+00,  1.77806540e+00]]), array([[-1.41421356e+00,  1.12734872e+00],
       [-8.16335039e-01, -8.35059634e-01],
       [ 9.13119060e-01, -1.05578901e+00],
       [-9.22998816e-04, -5.32371276e-02],
       [ 6.68705066e-01,  1.32914135e+00],
       [-1.63525330e-01,  1.41421356e+00]])], [array([-0.81514945, -0.67631073, -2.44948974,  0.72925884, -1.97278885,
       -1.01179201]), array([ 1.41421356, -0.2367107 ])]]]
[1383763, 4, 'birth', 6, 2, 1, [[array([[-9.50812100e-01,  9.16335417e-01, -2.30810239e-01,
         1.52998833e+00, -1.29961407e+00, -1.08233474e+00],
       [-1.48315282e-03, -2.58852912e-01,  2.35554563e+00,
         2.44948974e+00,  1.56906508e+00, -2.00192316e+00],
       [ 1.51168375e+00, -7.64121761e-01,  1.75680934e-01,
        -1.71439238e+00, -2.42953657e+00, -5.04213675e-01],
       [ 1.80624393e+00,  1.70173241e-01, -9.98600292e-01,
         1.29316362e+00,  1.39456345e+00, -2.44948974e+00],
       [-1.85269480e-03,  2.44948974e+00, -2.29246333e+00,
         1.40368258e+00, -1.32890367e-01,  1.85686758e-01],
       [ 4.89972646e-01,  1.70726931e+00,  9.20840841e-01,
        -2.00931103e+00, -2.23377006e+00,  1.46838449e+00]]), array([[-1.41421356e+00,  1.12734872e+00],
       [-8.16335039e-01, -8.35059634e-01],
       [ 9.13119060e-01, -1.05578901e+00],
       [-9.22998816e-04, -5.32371276e-02],
       [ 6.68705066e-01,  1.32914135e+00],
       [-1.63525330e-01,  1.41421356e+00]])], [array([ 0.72545195, -0.67631073, -2.44948974,  0.72925884, -1.97278885,
       -1.01179201]), array([ 1.41421356, -0.2367107 ])]]]
[2294823, 13, 'death']
[2294973, 11, 'death']
[2295123, 10, 'death']
[2295273, 21, 'death']
[2295423, 16, 'death']
[2295573, 17, 'death']
[2295773, 22, 'death']
[2295973, 1, 'death']
[2296123, 5, 'death']
[2296273, 15, 'death']
[2296423, 24, 'death']
[2296573, 6, 'death']
[2296723, 19, 'death']
[2296873, 12, 'death']
[2297023, 0, 'death']
[2297173, 9, 'death']
[2297323, 23, 'death']
[2297473, 7, 'death']
[2297923, 6, 'birth', 20, 12, 0, [[array([[ 2.44948974e+00,  5.37633132e-01,  1.71139904e+00,
        -2.44948974e+00,  9.86168918e-01,  2.09277631e+00],
       [ 9.40600547e-01,  9.62368999e-01, -4.65623101e-01,
         9.94611341e-01,  1.05014520e+00, -2.00192316e+00],
       [ 1.51168375e+00,  6.10233105e-02,  1.75680934e-01,
        -1.71439238e+00, -2.42953657e+00,  1.24885552e+00],
       [-1.28131933e+00,  1.70173241e-01, -9.98600292e-01,
         1.29316362e+00,  1.39456345e+00, -1.27865696e+00],
       [-1.85269480e-03,  2.44948974e+00,  8.79385868e-01,
        -6.02771417e-01, -1.32890367e-01, -2.26649340e+00],
       [-2.91625949e-01,  2.14671020e+00, -2.10953349e+00,
         1.11170785e-01,  2.20568106e+00,  2.44948974e+00]]), array([[-0.24890767,  1.41421356],
       [-1.36654553, -1.41421356],
       [ 0.00693665,  1.41421356],
       [-1.41421356, -0.22678002],
       [-1.40522374, -1.08615685],
       [-1.41421356,  1.21671442]])], [array([-1.79122722, -1.71326732,  1.68823995,  1.88402093, -2.08233643,
        2.1089982 ]), array([-1.41421356,  1.41421356])]]]
[2297923, 17, 'birth', 14, 12, 1, [[array([[ 1.94838336,  0.53763313,  1.71139904, -1.75248122,  1.20644175,
         2.44948974],
       [ 0.94060055,  0.962369  , -0.4656231 ,  0.08427538,  2.20151153,
        -1.61590472],
       [ 2.44948974,  2.44948974, -2.44948974, -1.33228261, -0.54901766,
         1.81128558],
       [ 1.2163159 , -2.44948974, -0.00401969, -2.44948974, -0.41924914,
         2.37811775],
       [ 1.17216954,  1.5471437 ,  2.08277314, -0.52408749,  2.44948974,
         0.06997822],
       [-0.78511472, -1.0745785 ,  0.47596434,  2.44948974, -2.44948974,
         1.78044769]]), array([[-0.75795433,  1.41421356],
       [-1.41421356, -1.41421356],
       [-1.41421356,  0.47058276],
       [-1.19369573, -1.41421356],
       [ 1.41421356, -1.41421356],
       [ 0.01843157,  0.7032914 ]])], [array([ 2.44948974, -2.44948974,  1.68823995,  2.44948974,  2.44948974,
        2.1089982 ]), array([-1.41421356,  1.41421356])]]]
[2297923, 16, 'birth', 8, 16, 1, [[array([[ 2.44948974,  0.53763313,  1.71139904, -2.44948974,  1.20644175,
         1.87225   ],
       [ 0.94060055,  0.962369  , -0.4656231 ,  0.99461134,  0.25632672,
        -0.76542866],
       [ 1.51168375, -1.38266201,  1.14658309, -1.71439238, -2.44948974,
        -0.50421367],
       [ 1.80624393,  0.17017324, -0.99860029,  1.84226095,  1.39456345,
        -1.27865696],
       [-0.15007976,  2.44948974, -2.44948974, -2.44948974, -0.13289037,
        -0.9839778 ],
       [-0.29162595,  2.1467102 , -2.10953349, -0.82252723,  2.20568106,
         2.4382318 ]]), array([[-1.41421356,  1.41421356],
       [-1.36654553, -1.41421356],
       [ 0.00693665,  1.41421356],
       [-1.41421356, -0.22678002],
       [ 1.41421356, -1.08615685],
       [-1.41421356,  1.21671442]])], [array([-1.79122722, -0.75962763, -1.67009216,  1.69051293, -2.14925728,
        0.08025305]), array([0.38519116, 1.41421356])]]]
[2297923, 1, 'birth', 20, 0, 0, [[array([[ 2.44948974,  0.53763313,  2.44948974, -2.44948974,  0.98616892,
         0.39777026],
       [ 0.94060055,  0.962369  ,  0.58940778,  0.99461134,  1.56906508,
        -2.00192316],
       [ 1.51168375, -0.78933643,  0.17568093, -1.71439238, -2.42953657,
        -2.44948974],
       [ 1.80624393,  0.17017324, -0.99860029, -0.00850394, -0.27680296,
         1.13742112],
       [-0.4446768 ,  1.44949263, -1.74559683, -2.43289303, -2.43962009,
         1.96844364],
       [-1.61254242, -2.12399867, -2.44948974,  0.00825927, -0.23715037,
        -1.89371091]]), array([[ 1.41421356,  0.49068431],
       [-1.41421356, -1.41421356],
       [ 1.41421356, -0.95343517],
       [ 1.41421356,  1.28304184],
       [-1.41421356, -0.79433961],
       [-0.14335818,  0.50292352]])], [array([ 0.14559025, -0.61707228, -0.27950241, -1.93167954, -1.88040761,
       -2.44948974]), array([-1.41421356,  0.67287562])]]]
[2297923, 10, 'birth', 11, 1, 0, [[array([[-0.9508121 ,  0.91633542, -2.44948974, -2.44948974, -2.3934222 ,
        -1.08233474],
       [ 0.83942406, -2.44948974,  0.49012071,  0.55891947, -1.01575989,
        -0.82648156],
       [ 1.33292932, -1.3633107 , -1.90336048, -0.17382016,  0.12608376,
         0.26509102],
       [ 0.56449173, -0.04920826,  0.26601871, -0.23923493,  1.35519397,
        -1.43136294],
       [-0.0271418 ,  2.44948974, -2.44948974, -0.34590927,  1.13004545,
        -0.11381825],
       [-0.2107801 ,  1.9242992 , -1.70084234, -1.45469044, -2.44948974,
         1.8552716 ]]), array([[-0.92001097,  0.84277171],
       [ 0.49177309,  1.03969734],
       [ 1.41421356,  1.41421356],
       [ 1.40424174, -1.41421356],
       [ 0.23627962,  1.41421356],
       [ 1.41421356, -1.13402445]])], [array([ 1.46141843,  2.23879436,  1.56822386, -1.26857375,  0.47196848,
        0.55689113]), array([1.41421356, 1.41421356])]]]
[2297923, 5, 'birth', 20, 18, 0, [[array([[ 2.44948974,  0.53763313,  1.71139904, -2.44948974, -0.9700208 ,
         1.87225   ],
       [ 0.94060055,  0.962369  , -0.4656231 ,  0.99461134,  1.56906508,
        -2.00192316],
       [ 1.51168375, -0.78933643,  0.17568093, -1.71439238, -2.42953657,
        -0.50421367],
       [-1.32403459,  1.27486292,  2.29163265, -1.83991965,  1.20744257,
         2.44948974],
       [ 0.52183606, -2.44948974,  0.45778866,  1.05729428, -1.80828021,
        -1.73518466],
       [-0.43869588,  2.15236608, -2.32197766,  0.56456767,  2.44948974,
         2.33674675]]), array([[ 0.76559207,  0.28044129],
       [ 1.41421356,  0.9516487 ],
       [ 1.41421356, -1.41421356],
       [ 0.27495742,  1.41421356],
       [-1.41421356, -1.19421923],
       [-0.08346799, -1.41421356]])], [array([-0.82745536, -2.44948974, -1.77474822, -0.15715374, -1.38881598,
        2.10431449]), array([ 0.06143444, -1.41421356])]]]
[2297923, 19, 'birth', 20, 2, 0, [[array([[ 2.44948974e+00,  5.37633132e-01,  1.71139904e+00,
        -2.44948974e+00,  8.58332829e-01,  1.87225000e+00],
       [ 9.40600547e-01,  9.62368999e-01, -2.44948974e+00,
         9.94611341e-01,  2.31963796e-01,  3.17117637e-01],
       [ 1.51168375e+00, -7.89336431e-01,  1.75680934e-01,
        -1.71439238e+00, -2.42953657e+00, -5.04213675e-01],
       [ 1.80624393e+00,  1.70173241e-01, -9.98600292e-01,
         1.29316362e+00,  1.39456345e+00, -1.27865696e+00],
       [-1.85269480e-03,  2.44948974e+00,  8.79385868e-01,
        -6.02771417e-01, -1.32890367e-01, -9.83977799e-01],
       [-2.44948974e+00,  2.44948974e+00, -2.10953349e+00,
         1.11170785e-01,  2.20568106e+00,  2.44948974e+00]]), array([[ 0.71269581,  1.41421356],
       [-1.36654553, -1.41421356],
       [ 0.00693665,  1.41421356],
       [-1.41421356, -0.10417876],
       [ 1.26452884,  1.32483548],
       [-1.41421356, -0.6179344 ]])], [array([-1.79122722, -1.71326732, -1.67009216,  1.69051293, -2.14925728,
       -1.01179201]), array([ 1.41421356, -0.2367107 ])]]]
[2297923, 12, 'birth', 20, 15, 0, [[array([[ 2.44948974,  0.53763313,  1.71139904, -2.44948974,  0.98616892,
         1.87225   ],
       [-0.72917379,  0.962369  , -0.4656231 ,  0.99461134,  2.44948974,
        -2.00192316],
       [ 1.51168375, -0.78933643,  0.17568093, -1.71439238, -2.44948974,
        -0.50421367],
       [ 1.80624393, -2.44948974, -0.99860029,  1.29316362,  1.39456345,
         0.78530028],
       [-0.4446768 , -0.18782426, -2.31746661, -2.44948974,  0.95888686,
        -1.19023884],
       [-0.73441307,  1.13954784, -2.44948974,  1.03307172,  0.97708361,
         2.26946111]]), array([[-0.94497561,  0.48886236],
       [-0.7867578 ,  1.41421356],
       [-1.41421356, -1.3397172 ],
       [ 0.09959995,  1.41421356],
       [-0.23452116, -1.41421356],
       [ 0.97431472, -0.70704096]])], [array([ 2.44948974, -1.66988297,  2.44948974, -1.64514511,  0.50886584,
       -1.708799  ]), array([1.41421356, 1.41421356])]]]
[2297923, 22, 'birth', 3, 10, 1, [[array([[ 0.8417652 ,  2.22800692, -2.44948974,  2.44948974, -0.10489497,
         0.86215339],
       [-1.96752378,  1.82848315, -1.8200501 , -2.44948974,  0.01003106,
         0.96402106],
       [ 0.60351131, -0.06572975, -2.04015161,  2.44948974, -1.79094246,
         0.16954395],
       [ 0.72577795,  2.44948974, -1.24355735, -1.46360303,  0.84908786,
        -2.44948974],
       [-1.24299496,  0.21421464, -1.87349281, -0.97313882, -0.66754737,
        -1.93163074],
       [ 2.44948974, -2.44948974, -2.44948974, -2.4414851 , -1.01681893,
        -1.42388748]]), array([[ 1.41421356, -0.23105839],
       [ 0.9330589 , -1.41421356],
       [ 0.42622532,  0.39867919],
       [ 0.5330371 ,  0.32355206],
       [ 0.25051653,  1.41421356],
       [-1.25228022,  1.41421356]])], [array([-1.98705248, -1.63976734,  2.44948974,  0.29617696, -1.49146662,
       -2.44948974]), array([ 1.41421356, -1.41421356])]]]
[2297923, 15, 'birth', 14, 18, 1, [[array([[ 2.44948974,  0.53763313, -0.0680424 ,  1.52998833, -1.74650449,
        -1.08233474],
       [ 0.99574399, -0.25885291,  2.44948974,  2.44948974,  2.05069973,
         2.44948974],
       [-1.78670453, -0.43079578, -2.44948974, -0.16460404, -2.44948974,
         2.44948974],
       [-1.32403459,  2.44948974,  2.44948974, -1.68743553, -1.07893209,
         2.44948974],
       [ 2.44948974, -2.44948974, -2.09601659,  1.05729428, -1.60774483,
        -1.73518466],
       [-0.43869588,  2.15236608, -2.18044476,  0.56456767,  1.95408099,
         2.33674675]]), array([[ 0.76559207, -0.27310523],
       [ 0.38858332,  0.9516487 ],
       [ 1.41421356, -1.41421356],
       [ 0.27495742,  1.41421356],
       [-1.41421356, -1.19421923],
       [-0.08346799, -0.09245369]])], [array([-0.82745536, -2.09394331,  1.03322311, -0.15715374, -1.73699977,
        2.10431449]), array([ 0.06143444, -1.41421356])]]]
[2297923, 13, 'birth', 7, 4, 1, [[array([[ 0.8462653 , -0.5740555 , -1.11659273, -1.79471094, -2.44948974,
        -0.19554261],
       [ 0.08031546, -2.44948974,  1.13791023, -0.8308961 , -0.04397354,
         2.34567078],
       [-0.48930711,  1.09488602, -0.7776229 ,  0.29291095, -2.44948974,
         2.44948974],
       [ 1.54465257, -1.91490493,  2.44948974, -2.25597594, -1.86731065,
        -1.14651417],
       [-0.03554548,  0.37369629, -2.44948974, -0.80840544, -1.75916334,
        -0.34929038],
       [ 0.57346901,  0.71797846, -2.44948974, -1.64096398, -2.23377006,
         1.46838449]]), array([[-1.41421356e+00, -1.10756304e+00],
       [-8.16335039e-01, -4.94506490e-01],
       [ 9.13119060e-01, -1.05578901e+00],
       [-9.22998816e-04, -5.74050503e-01],
       [ 2.40587001e-01,  5.38602071e-01],
       [-1.63525330e-01,  1.41421356e+00]])], [array([ 2.16664626, -0.67631073, -2.44948974,  0.72925884, -1.97278885,
       -1.01179201]), array([ 1.41421356, -0.2367107 ])]]]
[2306173, 3, 'death']
[2307273, 0, 'birth', 20, 15, 0, [[array([[ 2.44948974,  0.53763313,  1.71139904, -2.44948974,  2.44948974,
         1.87225   ],
       [ 0.94060055,  0.962369  , -0.4656231 ,  0.99461134,  1.56906508,
        -2.44948974],
       [ 1.51168375, -0.78933643,  0.17568093,  2.44948974, -2.42953657,
         2.44948974],
       [-2.44948974,  2.44948974,  1.5186582 , -1.68743553, -1.07893209,
         2.44948974],
       [ 2.44948974, -2.44948974, -2.09601659,  1.53605457, -1.60774483,
        -1.73518466],
       [-0.43869588,  2.15236608, -2.18044476,  0.56456767,  1.95408099,
         2.44948974]]), array([[ 0.76559207, -1.0113884 ],
       [ 1.41421356,  0.9516487 ],
       [ 1.41421356, -1.41421356],
       [ 0.27495742,  1.41421356],
       [-1.41421356, -1.19421923],
       [-0.08346799, -0.09245369]])], [array([-0.82745536, -2.09394331,  1.03322311, -0.15715374, -1.73699977,
       -1.88708199]), array([ 0.06143444, -1.41421356])]]]
[2315773, 24, 'birth', 0, 18, 0, [[array([[ 2.44948974, -1.87238638,  1.71139904, -2.44948974, -1.67765197,
         2.44948974],
       [ 0.94060055,  0.962369  , -0.4656231 , -2.44948974,  1.56906508,
         1.80341627],
       [ 1.51168375, -1.47738609,  0.17568093,  2.44948974, -2.42953657,
         2.44948974],
       [-2.44948974,  2.44948974,  1.5186582 , -1.68743553, -1.07893209,
         2.44948974],
       [ 2.44948974, -2.44948974, -2.09601659,  1.53605457, -1.60774483,
        -1.73518466],
       [-0.43869588,  2.15236608, -2.18044476,  0.56456767,  1.95408099,
         2.44948974]]), array([[ 0.76559207, -0.17398769],
       [ 1.41421356,  0.9516487 ],
       [ 1.41421356, -1.41421356],
       [ 0.27495742,  1.18264028],
       [-1.41421356, -1.19421923],
       [ 1.41421356, -0.09245369]])], [array([-0.82745536, -2.09394331, -1.77474822, -0.15715374, -1.38881598,
        2.10431449]), array([-1.41421356, -1.41421356])]]]
[2323623, 20, 'death']
[2332023, 8, 'death']
[2340223, 14, 'death']
[2347873, 18, 'death']
[2418674, 8, 'birth', 12, 4, 0, [[array([[ 2.44948974,  0.53763313,  1.71139904, -2.44948974,  0.98616892,
         1.70674432],
       [-0.72917379,  0.962369  ,  0.17469248,  0.99461134,  2.44948974,
        -2.00192316],
       [ 1.51168375, -0.78933643,  0.17568093, -2.23020958, -2.44948974,
         0.76426719],
       [ 1.80624393, -2.44948974, -0.99860029,  1.29316362,  1.39456345,
         0.78530028],
       [ 2.44948974, -0.18782426, -2.31746661, -2.44948974,  0.95888686,
        -1.19023884],
       [-2.44948974,  1.13954784, -2.44948974,  1.03307172,  2.44948974,
         2.26946111]]), array([[-1.41421356,  0.48886236],
       [-0.7867578 ,  1.41421356],
       [-1.41421356, -1.41421356],
       [ 0.34166096,  1.41421356],
       [ 0.66870507,  1.32914135],
       [-0.16352533,  1.41421356]])], [array([ 0.72545195, -0.67631073, -2.44948974,  0.72925884, -1.97278885,
       -1.01179201]), array([ 1.41421356, -0.46809642])]]]
[2440774, 2, 'death']
[2455174, 4, 'death']
[2762627, 9, 'birth', 19, 22, 0, [[array([[ 2.44948974,  0.53763313, -2.44948974,  2.44948974, -0.10489497,
         2.44948974],
       [-1.96752378,  1.82848315, -1.8200501 , -2.44948974, -0.99366871,
         0.96402106],
       [ 0.60351131, -0.06572975, -2.04015161,  2.44948974, -1.79094246,
         0.16954395],
       [ 0.72577795,  2.44948974, -1.24355735, -1.46360303,  2.44948974,
        -2.44948974],
       [-1.24299496,  0.21421464, -1.87349281, -0.97313882, -0.66754737,
         1.93841367],
       [ 1.30385513, -2.44948974, -2.44948974, -2.4414851 , -1.01681893,
        -1.42388748]]), array([[ 1.41421356, -0.23105839],
       [ 0.9330589 , -1.41421356],
       [ 0.42622532,  0.39867919],
       [ 0.5330371 ,  0.32355206],
       [ 0.25051653,  1.41421356],
       [-1.25228022,  1.41421356]])], [array([-1.98705248, -1.63976734,  2.44948974, -2.44948974, -1.49146662,
       -2.24097684]), array([ 0.67423115, -1.41421356])]]]
[2860928, 11, 'birth', 9, 15, 0, [[array([[ 2.44948974,  0.18066824, -2.44948974,  0.41056051,  2.44948974,
         1.73432042],
       [-1.96752378,  1.82848315, -1.8200501 , -2.44948974, -1.54249649,
         0.96402106],
       [ 0.60351131, -0.06572975, -2.44948974,  2.44948974, -1.79094246,
         0.16954395],
       [ 0.72577795,  2.44948974, -2.44948974, -1.46360303,  2.44948974,
        -2.44948974],
       [-1.24299496,  0.21421464, -1.87349281, -0.97313882, -0.66754737,
         1.93841367],
       [ 1.30385513, -2.44948974, -2.44948974, -2.4414851 , -1.01681893,
        -0.47116628]]), array([[ 1.41421356, -1.41421356],
       [ 0.9330589 , -1.41421356],
       [ 0.10851679,  0.39867919],
       [ 0.5330371 ,  0.32355206],
       [ 0.8165688 ,  1.41421356],
       [-1.41421356, -0.09245369]])], [array([-0.82745536, -2.44948974,  1.03322311, -1.6469274 , -2.44948974,
        2.10431449]), array([ 0.06143444, -1.41421356])]]]
[2966429, 18, 'birth', 11, 16, 1, [[array([[ 2.44948974,  0.18066824, -2.44948974,  0.41056051,  2.44948974,
         2.44948974],
       [-1.96752378,  1.82848315, -1.8200501 , -2.44948974, -1.54249649,
         0.96402106],
       [ 0.60351131, -0.06572975, -2.44948974,  2.44948974, -1.79094246,
         0.16954395],
       [ 2.44948974,  2.44948974, -2.15703785, -1.46360303,  2.44948974,
        -2.44948974],
       [-1.24299496,  0.21421464, -1.87349281, -0.97313882, -2.21916873,
         1.93841367],
       [ 1.30385513, -2.44948974, -2.44948974, -2.4414851 , -1.01681893,
        -0.47116628]]), array([[ 1.41421356, -0.63412772],
       [ 0.9330589 , -1.41421356],
       [ 0.10851679,  0.39867919],
       [ 0.5330371 ,  0.32355206],
       [ 1.23891481,  1.41421356],
       [-1.41421356, -0.09245369]])], [array([-0.82745536, -2.31723466,  1.03322311, -2.44948974, -2.44948974,
        2.10431449]), array([-0.62342464,  1.41421356])]]]
[2974479, 20, 'birth', 5, 17, 0, [[array([[ 1.94838336,  0.53763313,  1.71139904, -1.75248122,  1.20644175,
         2.44948974],
       [ 0.94060055,  0.962369  , -0.4656231 ,  0.43866548,  2.20151153,
        -1.61590472],
       [ 2.44948974,  2.44948974, -2.44948974, -1.33228261,  2.44948974,
         1.81128558],
       [ 1.2163159 , -2.44948974, -0.00401969, -2.44948974, -0.41924914,
         2.37811775],
       [ 1.17216954,  1.5471437 ,  2.08277314, -0.52408749,  2.44948974,
         0.06997822],
       [-0.78511472, -1.0745785 ,  0.47596434,  2.44948974, -2.44948974,
         1.78044769]]), array([[-0.99062222,  1.41421356],
       [-1.41421356, -1.41421356],
       [-1.41421356,  0.47058276],
       [-1.19369573, -1.41421356],
       [ 1.41421356, -1.41421356],
       [ 0.01843157,  0.7032914 ]])], [array([ 2.44948974, -0.47048521,  1.68823995,  2.44948974,  2.44948974,
        2.06596976]), array([-1.41421356, -0.63768775])]]]
[2974479, 23, 'birth', 9, 17, 0, [[array([[ 2.44948974,  0.53763313, -2.44948974,  2.44948974, -0.10489497,
         2.44948974],
       [-1.96752378,  1.82848315, -2.44948974, -2.44948974, -0.00756782,
         0.96402106],
       [ 2.44948974,  2.44948974, -2.44948974, -1.33228261, -0.54901766,
         1.81128558],
       [ 1.2163159 , -2.44948974, -0.00401969, -2.44948974, -0.41924914,
         2.37811775],
       [ 1.17216954,  1.5471437 ,  2.08277314, -0.52408749,  2.44948974,
         0.06997822],
       [-0.78511472, -1.0745785 ,  0.47596434,  2.44948974, -2.44948974,
         1.78044769]]), array([[-0.75795433,  1.05518455],
       [-1.32586744, -1.41421356],
       [-0.0337273 ,  0.47058276],
       [-1.19369573, -1.41421356],
       [ 1.41421356, -1.28794441],
       [ 0.01843157,  1.41421356]])], [array([ 2.44948974, -2.44948974,  1.68823995,  2.44948974,  2.44948974,
        2.1089982 ]), array([-1.41421356,  0.79941495])]]]
[2983380, 14, 'birth', 20, 15, 1, [[array([[ 1.94838336,  0.53763313,  1.71139904, -1.75248122,  1.20644175,
         2.44948974],
       [ 0.94060055,  0.962369  , -2.23075132,  0.43866548,  2.44948974,
        -1.61590472],
       [ 2.44948974,  2.44948974, -2.44948974, -1.33228261,  1.78847529,
         1.81128558],
       [ 1.2163159 , -2.44948974, -0.00401969, -2.44948974, -0.41924914,
         2.37811775],
       [ 1.17216954,  1.5471437 ,  2.08277314, -0.52408749,  0.55827472,
         0.06997822],
       [-0.43869588,  2.15236608, -2.18044476,  0.56456767,  2.44948974,
         2.33674675]]), array([[ 0.76559207, -0.27310523],
       [ 0.38858332,  0.9516487 ],
       [ 1.41421356, -1.41421356],
       [ 1.41421356,  1.41421356],
       [-1.41421356, -1.19421923],
       [-0.08346799,  1.41421356]])], [array([-0.82745536, -2.09394331, -0.33403962,  1.71259008, -1.73699977,
        2.10431449]), array([-0.97992929, -1.41421356])]]]
[3001030, 6, 'death']
[3001180, 17, 'death']
[3001330, 16, 'death']
[3001480, 1, 'death']
[3001630, 10, 'death']
[3001830, 5, 'death']
[3001980, 19, 'death']
[3002130, 12, 'death']
[3002280, 22, 'death']
[3002430, 15, 'death']
[3002580, 13, 'death']
[3006930, 0, 'death']
[3010830, 24, 'death']
[3057530, 8, 'death']
[3207182, 9, 'death']
[3241482, 11, 'death']
[3269282, 18, 'death']
[3270982, 20, 'death']
[3271132, 23, 'death']
[3271332, 14, 'death']
[3271332, 'Extinction!']
