[time, indiv, parent1, parent2, gender, brain]
[100, 16, -1, -1, 0, [[array([[-1.2622695 , -0.75933587, -1.78071953, -0.44742295, -1.37217807,
        -0.95937137],
       [-0.22000081,  2.37184094,  1.66836564, -0.61017043,  0.09834297,
         1.11613296],
       [-0.07321313,  1.00678389, -1.32489382, -0.00649444,  0.99723133,
        -2.3267529 ],
       [-1.76587254, -0.68486419,  1.85271914, -0.0218441 , -1.04941089,
         0.38522875],
       [ 0.81718979, -0.60645726, -0.55562163, -1.47224686,  0.55244374,
         0.96560178],
       [ 0.35496   , -1.80669047, -0.94081682,  0.9419019 , -0.26329988,
         0.49441463]]), array([[-0.99929409,  1.46717895],
       [ 1.50037895,  2.44774624],
       [ 1.32144014, -0.09579038],
       [-1.047185  , -2.2702441 ],
       [-1.30667398, -1.36092253],
       [ 1.21972815, -1.49417729]])], [array([-1.63097276,  0.41595006,  1.35079798, -0.44704311, -1.79710106,
       -1.85400502]), array([ 0.70489695, -1.48280024])]]]
[100, 8, -1, -1, 1, [[array([[-2.15098832,  0.3176783 ,  1.22285452,  1.29118807, -0.54438975,
        -0.08299629],
       [-0.96234789,  0.33028831, -0.66770697, -1.61631376, -0.68768909,
         1.8403541 ],
       [ 0.75275963,  0.91201426,  2.29363406,  0.1782554 , -0.39148394,
        -1.45566479],
       [-0.39473274, -0.26472955,  1.86357715, -1.37184423,  1.26393929,
        -0.06851053],
       [ 2.23090661,  2.04132319,  1.49514695,  1.40877536, -1.12716148,
        -0.76699757],
       [ 0.51117393,  1.50436918,  1.09762118,  0.49856338,  1.51504251,
        -1.06981151]]), array([[-0.05868416,  2.08812963],
       [ 0.04085294,  0.97479421],
       [ 1.89376335, -1.43333481],
       [-0.91421722,  1.39538001],
       [ 2.02610923, -1.51839998],
       [ 0.89159375, -0.98735663]])], [array([ 0.80363759,  0.13643948, -1.48707941,  1.66004219, -0.68708586,
        1.71481102]), array([-0.83445117,  0.80407694])]]]
[100, 9, -1, -1, 0, [[array([[ 2.33338584,  0.21867185, -2.36556016, -0.01869392, -1.03568372,
        -0.61248104],
       [ 2.21192055, -0.06500501, -0.21455453, -2.44924247,  0.83119795,
         1.08582621],
       [ 1.44020405, -1.35534466,  0.9076277 , -1.93065967, -0.51203135,
        -2.18709716],
       [ 0.19171725,  2.3835283 , -1.92006613, -0.39703502,  1.41896635,
        -1.53502706],
       [-2.017422  ,  2.43268891,  0.86329501,  0.51419345, -1.89658524,
        -2.05092924],
       [ 1.54559078,  1.18788877, -0.89452335,  1.56394259,  1.30366356,
        -1.10376023]]), array([[-1.38572753, -0.89801975],
       [-1.05415454, -0.22102251],
       [ 2.32847198,  1.48519524],
       [-1.98373291,  2.21505488],
       [ 1.48250799,  0.95814318],
       [ 1.53616631,  0.97349479]])], [array([ 0.44632395,  1.90082791,  1.31384982, -0.03044319, -0.83179009,
       -2.07944801]), array([-1.37316549, -0.48417187])]]]
[100, 22, -1, -1, 1, [[array([[ 0.96158533, -0.98475977, -2.19909983,  0.22884262, -0.10556604,
        -0.89401961],
       [ 1.62831603,  0.581476  ,  1.43990205, -1.69687483, -1.82918707,
         1.69217055],
       [ 1.76740985, -1.85562733, -0.97456873,  1.64858054, -0.57861162,
         1.15744317],
       [ 0.42948067, -0.04792418, -1.40372275,  2.25846092, -0.55916909,
        -0.79406298],
       [-1.80405434,  1.69433736,  0.89522195,  1.31052369,  1.98279649,
        -0.28068631],
       [ 1.92243192,  0.80050803, -0.64095286, -1.85556095, -1.42321971,
        -2.26257269]]), array([[-1.4866469 ,  0.18799356],
       [ 1.06169721, -0.29209818],
       [-0.14068902, -1.05264683],
       [-1.96834949, -0.39862096],
       [ 1.23477414,  0.27005168],
       [ 0.05691934,  0.28787402]])], [array([-1.94868358,  0.68780077,  2.13593034, -0.99480788,  2.34154367,
        0.19147656]), array([-0.28963762,  0.47044107])]]]
[100, 2, -1, -1, 0, [[array([[-2.09914156,  1.47780665,  2.38112342,  1.76921371,  1.91054149,
         0.53914825],
       [-1.74269212,  0.81260262,  2.10726016, -1.13596899,  1.73908222,
        -0.74256318],
       [-0.17655936, -0.02438695, -1.57276969, -2.23560099,  1.7351278 ,
        -0.31620283],
       [ 1.46451952,  1.24235759,  0.3889792 ,  2.41754231, -1.46276543,
        -0.05533584],
       [ 0.92022022, -1.59484382,  2.12877942,  0.93626321,  1.12876333,
         1.62915323],
       [ 2.2392913 ,  0.61352298, -1.00835686, -0.17724404, -1.35972884,
        -0.37758039]]), array([[-0.86733092, -0.08223045],
       [-0.74792625,  2.35051382],
       [ 0.47478904,  1.19023378],
       [ 1.00101637,  0.67947179],
       [-2.43602948,  0.87068977],
       [ 0.19094448, -1.37346015]])], [array([ 0.57202204, -2.23588841,  0.38699124,  1.23520802, -0.35537407,
        0.09793772]), array([-2.07658793,  0.547663  ])]]]
[100, 23, -1, -1, 1, [[array([[ 2.15160389,  2.09536252, -1.43508487, -2.37575549, -2.21248599,
         0.24631486],
       [ 1.21738013,  1.55216352, -1.43756275, -1.63354868, -1.58780464,
        -1.41929678],
       [ 0.88250989,  1.26825437,  0.58959336,  1.90912966, -2.02863439,
         1.88343338],
       [-2.31828677, -0.8587343 , -1.70036317, -1.50573247, -1.18708172,
         0.5317763 ],
       [-1.84298433, -1.8238109 , -0.70837359,  0.81686468,  0.68809881,
        -0.23488513],
       [-0.42381445,  1.86250039,  2.37672347, -1.31281373,  0.50314654,
         1.99529669]]), array([[ 0.49524146,  1.59124824],
       [-0.87023836, -0.35875289],
       [ 0.38758699,  1.37746488],
       [ 0.46854234,  0.34790985],
       [ 1.98542426,  0.75758809],
       [ 2.3776107 ,  1.44842742]])], [array([-0.70114521, -0.3178223 ,  1.98454214, -2.00774556,  1.86043528,
       -1.8365254 ]), array([ 0.50732252, -0.28872753])]]]
[100, 15, -1, -1, 0, [[array([[ 1.59578091, -0.6643039 ,  2.0680679 ,  2.06378352,  1.51594154,
        -0.91800994],
       [-1.15270111,  0.84182862,  0.29067563,  1.0784715 ,  1.66230809,
        -0.96949409],
       [ 0.64220309, -1.37105864, -0.17020158, -1.93110471,  1.06890185,
        -2.03966009],
       [-1.9559818 ,  2.11250514,  2.23191927, -0.27906853,  1.45107814,
         0.74837395],
       [-0.82146463, -2.40186118, -0.53815337,  1.14927688, -1.74956846,
         1.52418471],
       [-2.01897218, -0.2624827 , -0.53968654,  1.61059804,  0.47469968,
         2.04254713]]), array([[ 1.02399605, -1.34947979],
       [ 1.33061279, -2.00729279],
       [-0.64107488,  0.37842974],
       [-1.29069655, -2.0581162 ],
       [-1.82243698,  1.39830219],
       [ 2.29282402,  0.45466897]])], [array([-1.76633883,  1.29644538, -0.85031198,  1.22270256,  1.40399218,
       -0.71092463]), array([-1.19497131,  1.71962786])]]]
[100, 17, -1, -1, 1, [[array([[-1.3170231 , -1.12204717,  1.49453832, -0.87262798, -0.75220441,
         0.49671625],
       [ 1.18741916, -1.84992032, -1.07408305, -0.84225261,  0.01249226,
         1.77182155],
       [-0.76767477,  0.97095619, -2.21825183, -1.77428559,  0.32573408,
         0.98507815],
       [-1.12051802, -0.01241879,  1.83339388,  0.81726594,  0.54142542,
         0.80690702],
       [-0.59313458, -0.53114042, -2.16536471,  1.74723239, -0.87533514,
         1.99400011],
       [ 1.53020081,  0.89552087, -1.07880673, -0.83763772, -0.71721858,
         1.87779612]]), array([[-2.23977263,  0.91823208],
       [-2.42130131, -0.14202503],
       [-1.56203241,  1.92368009],
       [-1.6681688 , -0.0470912 ],
       [-0.85966812, -1.89807799],
       [ 0.0296832 , -1.10789929]])], [array([-0.07452943, -1.46174573,  1.90146624, -2.37558356,  2.11651387,
       -1.31415025]), array([ 2.03010129, -1.93025803])]]]
[100, 4, -1, -1, 0, [[array([[-1.96834274, -1.63287683,  2.14123726, -1.29780211,  2.0538607 ,
        -1.13666537],
       [ 0.70858445, -0.49808247,  0.05223788, -0.3995107 , -1.63370734,
         0.78062753],
       [ 1.82892183,  1.9570938 , -2.2525552 ,  1.36523268, -2.0900355 ,
        -1.27968169],
       [ 0.57044852, -1.56296219,  0.25019633,  1.42203916,  1.04554906,
        -1.15362755],
       [ 2.41054001,  1.93834053, -1.49681054, -0.43708036, -0.75593965,
         0.4164422 ],
       [ 2.11292825,  0.50059381,  0.87448794,  1.68993382,  2.13263   ,
        -0.8240468 ]]), array([[ 2.26327991, -0.26663513],
       [-0.30795752,  0.38703724],
       [ 1.28987323, -0.49220121],
       [ 2.13891786,  0.17841113],
       [-2.19741119,  0.84944396],
       [-1.54236646, -0.99817598]])], [array([ 1.11482422, -0.149154  ,  0.27330324,  1.42897519, -0.35864572,
        1.62003328]), array([-1.11512408, -0.90316863])]]]
[100, 0, -1, -1, 1, [[array([[-0.17599833, -0.2128758 ,  0.64412526, -1.21887587, -1.43468047,
         2.04713143],
       [ 1.5217497 ,  0.70845704,  0.13360509, -0.80347122,  0.94490174,
        -2.07915223],
       [ 1.12789866,  1.71517949,  1.24059629,  1.4573174 , -0.92825451,
        -0.41487692],
       [ 0.07985543,  1.49091284,  1.96214988, -2.2756814 , -1.93292569,
        -1.44590049],
       [ 1.6646224 ,  0.439542  , -1.62248934, -1.48209626,  1.66350737,
         2.18287131],
       [-1.88065657, -0.03981965, -1.02781459, -2.20577782,  1.30555247,
        -2.12548384]]), array([[ 1.28556152e+00, -4.76390846e-01],
       [ 2.34253854e-02, -1.41396949e+00],
       [-2.44094352e+00, -8.31050693e-01],
       [ 2.26803800e-03, -2.05519734e+00],
       [ 4.02010819e-01,  2.13685738e+00],
       [ 1.91419728e+00,  1.27142132e+00]])], [array([ 1.60827941,  0.12764079,  2.21868697,  1.3245746 , -0.16710937,
        1.18100675]), array([-1.0941802 ,  1.55091004])]]]
[100, 20, -1, -1, 0, [[array([[-1.70166428,  1.68944533,  1.71509727, -1.20141884,  0.60219993,
        -1.08542996],
       [-2.27595315,  1.14503233, -0.50455613, -1.45525991, -2.44767173,
        -1.88184554],
       [-1.75624059,  1.47805092,  0.35633492,  0.62057814,  2.39986994,
         1.34513886],
       [-0.48307931, -0.78061342, -0.86578073, -0.68830389, -2.07967394,
        -2.21214242],
       [-2.24502965, -0.35513842, -2.4237922 , -1.79796841,  0.67663543,
        -2.35167399],
       [ 0.33993257, -0.07507852,  1.18096568, -0.17443809, -1.26107731,
        -0.15344735]]), array([[-1.89837176,  0.0355265 ],
       [ 0.0296191 , -2.08846278],
       [-1.07818768, -0.15505642],
       [-0.20060042,  1.7502918 ],
       [ 0.81051876,  1.02852849],
       [ 0.6042873 , -2.12376406]])], [array([ 0.64906502,  0.71135165, -1.03775465,  2.17714921, -2.41081942,
        0.68279796]), array([ 2.08128228, -2.03659231])]]]
[100, 10, -1, -1, 1, [[array([[ 0.21340593,  1.06621849, -1.97567167,  0.82709541,  2.39822524,
        -0.7136951 ],
       [ 2.39584019, -1.40766537, -2.27833813, -0.4781113 ,  0.69829905,
        -1.72866348],
       [ 2.42582304, -1.52950803, -2.44069432,  0.10085208, -1.98159442,
         1.21700493],
       [-2.08597961,  1.68373719,  2.2773062 ,  2.37220955,  1.2084842 ,
         2.15148562],
       [ 0.7302986 ,  1.30717474, -1.6431859 , -1.86274639,  0.34291964,
        -1.12178604],
       [-2.27238403, -1.8143843 , -1.46975654, -0.80141235, -0.84628182,
        -0.38311716]]), array([[-1.17120119, -1.14859127],
       [-0.38431332,  0.57129815],
       [-0.61606956,  2.30105391],
       [-0.53943026,  2.12876146],
       [ 0.85081376,  0.93830926],
       [-2.31677056,  1.22859935]])], [array([-0.77781809,  2.39914732, -1.46730447,  1.63311269,  1.01429551,
        0.91544949]), array([-0.04409708, -1.79020352])]]]
[100, 11, -1, -1, 0, [[array([[-1.57230823,  2.21526838,  0.4407241 ,  2.12625878,  1.52470965,
         1.55312655],
       [-1.41819693, -0.54938925,  1.76596151,  0.02546581,  1.81405539,
         1.20549775],
       [-1.36816138,  1.28099277,  0.1866792 , -2.36550186,  1.89144583,
         2.21459969],
       [ 2.26093014,  1.86716556, -1.70447939, -0.98664949, -2.23535066,
         2.42622455],
       [ 0.70672358, -1.45034956,  2.4419452 ,  1.58561398,  1.14459804,
         0.11108423],
       [-0.5857965 ,  0.09965478, -0.40088245,  1.19405765,  0.02353702,
        -1.33356239]]), array([[ 0.16350162,  0.85103349],
       [-2.0989971 ,  0.90996108],
       [-2.22357109, -0.31504125],
       [ 0.82862859, -1.23836542],
       [-0.76016685,  0.77788481],
       [ 1.99998391,  1.04862037]])], [array([ 0.08135455,  1.32890446, -0.64880497, -0.5664808 , -1.51201564,
        0.71114111]), array([-0.89967546,  1.88123504])]]]
[100, 1, -1, -1, 1, [[array([[ 0.73728156, -0.6016555 , -1.5391443 , -0.03450484, -1.09916967,
        -0.05541093],
       [-1.55633193, -2.22656771, -0.66811124, -1.37717073, -0.24194904,
         2.37630823],
       [ 1.60581733,  0.67640238, -1.6584818 , -0.2806409 , -0.28579775,
        -1.83756597],
       [ 1.80292015, -2.00825622,  1.80691649,  1.85088538,  1.57634816,
        -2.16164464],
       [ 1.22970804, -0.04848001, -1.24497947, -1.20191882,  0.76074493,
         2.20813852],
       [-0.28091532,  1.57981015,  1.89778492, -2.05997963,  0.83832073,
        -1.23872576]]), array([[ 0.25001767, -1.03541925],
       [-2.42902304,  2.03225062],
       [-1.54676842, -0.82806955],
       [ 1.53990316,  2.08026649],
       [ 1.40261126, -0.84517969],
       [ 0.6132739 ,  1.81156314]])], [array([-1.50248913,  2.08015913, -0.91510434,  2.13337124, -1.26953139,
        1.88400369]), array([ 0.4140216 , -0.75453059])]]]
[100, 7, -1, -1, 0, [[array([[ 1.32664741, -1.30319134,  1.80684014, -0.81574447, -2.31179596,
         0.05182641],
       [ 0.43396668,  2.44048446,  2.44147824, -2.01642362,  1.41975521,
         1.2557912 ],
       [-0.6015623 ,  2.13157133,  0.39132524,  1.02605698,  1.89819702,
         0.95689334],
       [ 1.51577015,  0.64307261, -0.70815832, -0.29554194, -1.42639666,
         0.06931945],
       [ 1.76975633,  2.36624334, -1.64657872, -1.31666668,  0.14827151,
         0.04079684],
       [ 1.26075785,  0.21507287, -2.44798531,  0.90697307, -1.65832114,
        -0.52015808]]), array([[ 1.10528041,  1.06832673],
       [-0.20269712, -1.59976738],
       [-1.62895205,  1.34850657],
       [-0.023778  , -2.29715665],
       [-0.22647349,  0.28824399],
       [-0.2898116 ,  1.74215281]])], [array([-1.52716115, -1.83797732, -2.15442335, -1.38643983, -2.09300671,
       -0.53616771]), array([2.3725734 , 2.31929496])]]]
[100, 13, -1, -1, 1, [[array([[-1.15166453, -1.75007518,  0.48178485,  2.31958625,  0.99415787,
        -0.98898411],
       [-0.351873  ,  1.31174074, -1.94330206,  0.50320388, -0.56529666,
        -2.02145308],
       [ 1.46305284,  1.78899006,  0.16563558,  1.29653167,  1.6918601 ,
         1.43610252],
       [ 2.13068636,  2.27908899,  0.06139701,  1.04108796,  2.17871391,
        -1.77226159],
       [-2.44313463, -2.24759004,  0.13457916,  0.99844915,  2.35459337,
         0.28911239],
       [-0.82240244, -2.44731902,  2.12292535, -1.34440071,  1.07360452,
         0.89829465]]), array([[ 0.8980985 , -1.630916  ],
       [ 1.18259658, -0.67475928],
       [-1.98878393,  0.83206823],
       [ 0.10022048,  2.28901237],
       [ 1.33431164, -0.0269142 ],
       [ 2.14506647,  2.31760129]])], [array([ 0.5197511 ,  2.24289643,  0.43131418,  0.03804484, -0.39433698,
       -0.11449045]), array([1.65598227, 0.24135026])]]]
[100, 5, -1, -1, 0, [[array([[-2.1849021 , -1.71241728,  1.48101778, -1.29545746,  1.40778641,
         0.54246743],
       [-0.80302288, -1.29210533,  1.76365785, -2.19777782, -1.09024065,
        -2.40416847],
       [ 1.47647109,  2.43894043,  2.3195518 ,  1.10645204, -1.50431687,
         1.12613031],
       [-2.18116084, -1.27037202,  1.08423172, -1.99163284,  0.24282469,
         0.63954585],
       [-2.39787734, -0.88012244, -2.04618144, -0.66880566,  1.59081644,
        -2.28690185],
       [ 0.98222397,  2.35709468, -0.13831618,  0.52071555,  0.79787337,
        -0.70667483]]), array([[-1.40083168,  1.1214069 ],
       [-2.34054165, -0.99566972],
       [ 2.07672656, -0.39831847],
       [-2.25436014, -1.31925403],
       [-2.31555248, -0.43028985],
       [-1.60511244, -1.07050519]])], [array([ 1.86574298, -1.44522865,  0.5856431 ,  1.65238229, -1.87351028,
        0.6926861 ]), array([2.41312578, 1.0749527 ])]]]
[100, 24, -1, -1, 1, [[array([[ 2.32291873,  0.72823857,  1.42978654,  0.83586405,  0.18180657,
         1.75088466],
       [-0.16381412, -1.63621334,  0.22473078,  1.10207091,  0.43161153,
         1.55290403],
       [ 0.66683376,  1.22854662,  1.39356442,  1.15729395, -0.42344085,
         0.10378447],
       [ 2.35494346,  1.26313657, -1.87733275,  1.33609308,  0.52036139,
         1.79559086],
       [-0.20851604,  0.38661059, -1.29712362, -1.02081932,  0.48656243,
         1.10219663],
       [-0.41915191, -1.03432824,  2.14372353,  1.34517242,  2.043801  ,
        -1.20647325]]), array([[ 1.79951605,  1.58084784],
       [-1.72625806, -0.36103979],
       [-0.7651626 , -0.31242269],
       [-1.02036583, -2.23947297],
       [-1.00517053, -0.15577467],
       [-1.34977822,  1.32700303]])], [array([ 1.74691466,  1.28162225, -1.86532565,  1.41275642, -2.10201951,
        1.92207944]), array([-1.12632616,  0.0192728 ])]]]
[100, 3, -1, -1, 0, [[array([[ 0.97293355, -0.23114856, -0.50094121, -1.3369531 ,  1.15604756,
        -1.28426285],
       [-1.12717454,  1.15942597, -2.39218926, -0.52862702,  2.08642617,
         0.24794373],
       [ 1.76447918, -1.0980058 , -0.10944747, -0.88583398, -0.1306464 ,
        -0.9223626 ],
       [-1.99846939, -0.79284512,  0.88293666,  2.12177441, -1.72930925,
         1.00565656],
       [ 1.26932934,  2.26526638, -1.9504585 ,  0.48730353,  0.21954477,
         1.07321687],
       [ 1.11283497, -1.03339211,  1.12546887,  1.71498324, -1.21405664,
        -0.06627158]]), array([[ 1.71262884, -0.99117668],
       [ 1.82988988, -0.78249792],
       [ 0.87364298, -0.51858581],
       [ 1.29991227, -0.77058789],
       [-1.17209845, -2.43590971],
       [-1.03201222,  0.23212556]])], [array([ 1.11875516, -2.01093412,  1.89777911, -2.21426164, -0.99768655,
       -1.85820094]), array([ 0.84633169, -1.39000846])]]]
[100, 19, -1, -1, 1, [[array([[-0.15992375,  1.64978397, -1.9093775 ,  0.99099137,  0.96844975,
         0.60238469],
       [ 2.30823574,  1.05646895, -2.11320179,  0.80429114, -2.08351397,
        -0.29941297],
       [ 2.02004194, -2.22743144,  1.86393845, -1.11643025,  1.22244757,
         1.66499993],
       [-2.3427606 ,  1.61632193, -0.38763445,  1.32146609, -0.69080145,
        -0.02109426],
       [-0.07383276,  0.75563539, -0.50082352,  2.18066587,  1.50744326,
         1.52859413],
       [ 0.24819292, -0.80737812, -1.34164495,  2.42877917,  0.00269309,
         1.73259207]]), array([[ 0.50220775,  0.69536228],
       [ 1.94751523,  0.6487826 ],
       [-0.22282162,  1.23763622],
       [-0.27436831,  0.90014037],
       [-0.68584485,  1.6926572 ],
       [-1.33681821, -1.14871837]])], [array([ 1.4530492 , -1.9647781 , -0.16171053, -1.2288375 , -0.96221474,
       -2.01233202]), array([ 0.84267533, -1.58149079])]]]
[100, 21, -1, -1, 0, [[array([[-0.4479458 , -2.40628636,  2.334421  , -1.94903536, -1.26307003,
        -0.94190471],
       [ 0.3293312 ,  0.1503847 ,  2.10329563,  1.18208135, -0.58816587,
        -1.72466732],
       [-1.35019724, -0.97930717,  0.25988748, -0.68061972, -2.32886531,
         0.97559927],
       [ 0.86023635,  2.30375083, -0.9527004 , -0.9989474 ,  0.12497989,
         0.36117479],
       [-0.70713445, -0.69922729, -2.16533014, -0.41873727,  1.41563336,
        -0.92703134],
       [ 1.10414912, -1.76904385,  1.39343049,  2.19403858, -1.25382172,
         1.64814283]]), array([[ 0.54159027, -0.60492722],
       [-0.79506858, -0.61133164],
       [ 1.83207427,  1.03285679],
       [-0.99606418,  2.25993541],
       [ 1.09523073,  0.67288116],
       [-1.64408108,  0.92082178]])], [array([ 0.56505671,  0.59243791, -0.04244102, -0.60592689, -2.20153402,
       -0.61412835]), array([-0.04262251, -0.78442752])]]]
[100, 12, -1, -1, 1, [[array([[-0.84526497, -1.07950302, -1.23088567, -1.13074487,  2.28427549,
        -2.08558313],
       [ 1.40919906, -0.28387741,  1.2589091 , -0.50085004,  1.05736506,
        -0.56599849],
       [-1.32596503, -1.2992175 , -1.80139037, -1.64203357, -1.84477951,
        -0.84163609],
       [-0.39028698,  2.19321357,  1.90022559,  1.96138273, -2.12952367,
         1.80035527],
       [-1.14632754, -1.55144494, -0.3449606 , -0.1050254 ,  0.36069298,
         2.35126399],
       [ 1.65422984,  0.85714348, -0.20659863, -0.66580549, -0.3269944 ,
        -1.22610238]]), array([[ 8.24719420e-01, -1.18657662e+00],
       [ 1.65809698e+00,  7.91117679e-01],
       [ 1.05326842e-01, -4.51789850e-01],
       [ 1.93579345e+00,  1.48140314e-03],
       [ 2.43152907e+00,  9.80748520e-01],
       [-8.24867796e-01, -1.50610109e+00]])], [array([ 1.25161463,  0.23776271, -1.00427605, -0.84103962, -0.49881506,
        0.86655898]), array([-0.19503622, -1.19717015])]]]
[100, 18, -1, -1, 0, [[array([[-2.42448637,  0.50167738, -1.75825128,  0.65910449, -1.18962117,
        -0.90342398],
       [-1.2451521 , -0.23034364,  1.02384676, -1.17078207, -1.32937676,
        -0.5284612 ],
       [-2.04984926,  1.1814298 , -0.6787702 , -2.01119172, -1.48748629,
         0.15138341],
       [ 0.61207932, -2.3170401 ,  0.41887175, -2.41000279, -0.25607135,
         0.22322648],
       [ 0.9852751 , -2.26606466,  2.10179584,  2.10146173, -0.75138042,
         1.78053978],
       [ 1.12277802,  0.31699441, -1.83781281, -1.97602046, -1.8373558 ,
        -0.40093263]]), array([[ 0.2032119 , -1.0033898 ],
       [-0.36601587,  2.27888094],
       [-2.19672711,  2.2105737 ],
       [-2.08961098,  0.38680609],
       [ 1.04315207,  1.68078794],
       [-0.37759053, -2.29443872]])], [array([ 0.77023236, -1.37819583, -0.03436923, -1.21111557,  1.59493148,
       -1.0262609 ]), array([2.16427935, 2.25871958])]]]
[100, 14, -1, -1, 1, [[array([[-2.18678788,  1.80199237, -2.36413801,  1.15568251, -0.0030973 ,
         1.18046502],
       [-2.44306827, -2.07359472,  0.76822068, -1.19981969, -1.94025735,
         0.12152385],
       [ 1.1923234 , -1.17819155, -0.47019639, -0.95815936,  1.21701466,
        -1.09497977],
       [-1.72550847, -1.58225575,  1.36141131, -1.73727735, -2.42414641,
        -1.82386639],
       [-1.77993899, -1.44620302,  1.81028885,  0.38861732,  1.04228378,
        -1.15645525],
       [ 1.50695246,  0.21707054, -1.11159718,  0.83076101,  0.28202731,
         0.79849819]]), array([[-1.32199459,  1.66464254],
       [ 1.07205978,  1.53953693],
       [ 1.00822154, -2.12866452],
       [-1.64536128, -1.06124682],
       [-0.15620092, -0.25529295],
       [-0.49726797, -1.17958741]])], [array([-0.44882251,  1.84941294, -1.19800428,  1.85349244,  2.00952059,
        1.32476043]), array([-2.42507028, -1.45603604])]]]
[100, 6, -1, -1, 0, [[array([[ 0.998784  , -1.48859651,  1.72541528,  2.00792241,  0.7712089 ,
         0.13642768],
       [ 0.248009  , -2.07441937, -2.42262391, -0.47722725, -1.13750968,
         2.15241891],
       [ 2.41046145, -0.44628795,  1.06708301, -1.44462395, -2.31384013,
        -2.34252851],
       [ 1.4900146 ,  2.29402283,  1.89811457, -1.47882206,  0.91350307,
         0.84011403],
       [ 0.47696754,  0.27216431, -1.79239155,  1.91046863, -0.67667609,
         0.58296193],
       [-1.23295579,  0.60223157,  2.00387587, -0.97056381,  0.66567907,
        -0.87424804]]), array([[ 1.56594812, -1.61431473],
       [ 0.11628669, -1.35696207],
       [-1.99381983,  1.90517314],
       [ 0.46906257, -0.31162174],
       [ 1.91739628,  0.91277874],
       [ 1.71171515, -1.69448184]])], [array([1.25689185, 1.54885193, 0.3643167 , 0.97782545, 2.07564379,
       1.85500722]), array([-0.02313815,  0.01632858])]]]
[1145761, 16, 'death']
[1145911, 8, 'death']
[1146061, 9, 'death']
[1146211, 22, 'death']
[1146361, 2, 'death']
[1146511, 23, 'death']
[1146661, 15, 'death']
[1146811, 17, 'death']
[1147011, 4, 'death']
[1147161, 0, 'death']
[1147311, 20, 'death']
[1147461, 10, 'death']
[1147611, 11, 'death']
[1147761, 1, 'death']
[1147911, 7, 'death']
[1148061, 13, 'death']
[1148211, 5, 'death']
[1148361, 24, 'death']
[1148511, 3, 'death']
[1148711, 19, 'death']
[1148861, 21, 'death']
[1149011, 12, 'death']
[1149161, 18, 'death']
[1149311, 14, 'death']
[1149461, 6, 'death']
[1149561, 17, 'birth', 16, 12, 0, [[array([[-1.58700654, -0.75933587, -1.78071953, -2.44948974, -0.94062024,
        -0.95937137],
       [-0.22000081,  2.37184094,  1.66836564, -0.61017043,  0.09834297,
         1.82320081],
       [-0.07321313,  1.00678389, -1.32489382, -0.00649444,  0.99723133,
        -0.25509742],
       [ 2.35001621, -0.68486419,  1.85271914, -0.0218441 , -1.04941089,
         0.38522875],
       [ 1.19138385, -0.60645726, -0.55562163, -1.47224686,  0.55244374,
         0.96560178],
       [ 0.35496   , -1.80669047, -0.94081682,  1.23370125,  2.44948974,
         2.44948974]]), array([[-1.41421356,  1.41421356],
       [ 1.41421356,  1.41421356],
       [ 1.41421356, -0.45178985],
       [ 1.41421356, -0.92971918],
       [ 1.41421356,  0.98074852],
       [-0.8248678 , -1.41421356]])], [array([ 1.25161463,  0.23776271, -1.00427605, -0.84103962, -0.49881506,
        2.44948974]), array([-0.19503622, -1.19717015])]]]
[1149561, 2, 'birth', 6, 17, 0, [[array([[ 0.998784  ,  2.44948974,  2.44948974,  2.44948974,  0.7712089 ,
         0.13642768],
       [ 0.248009  , -2.07441937, -2.42262391,  2.44948974, -1.13750968,
         2.15241891],
       [ 2.41046145, -0.44628795,  1.06708301,  2.44948974, -2.31384013,
        -1.53481902],
       [ 1.4900146 ,  2.29402283,  1.83339388, -0.98193143,  0.54142542,
         0.80690702],
       [-0.59313458, -0.53114042,  2.44948974,  1.74723239, -0.87533514,
         1.99400011],
       [ 1.53020081,  0.89552087, -0.66168265, -0.83763772, -0.71721858,
         1.87779612]]), array([[-1.41421356,  0.91823208],
       [-1.41421356, -0.14202503],
       [-1.41421356,  1.41421356],
       [-1.41421356, -0.0470912 ],
       [-1.41421356, -1.41421356],
       [ 0.0296832 , -1.10789929]])], [array([-2.32589   , -1.46174573,  1.90146624, -2.44948974,  2.11651387,
       -1.31415025]), array([ 1.41421356, -1.41421356])]]]
[1149561, 8, 'birth', 2, 17, 1, [[array([[-1.57714608, -2.44948974,  2.38112342,  1.76921371,  1.91054149,
         0.53914825],
       [-1.74269212,  0.81260262,  2.10726016, -1.13596899,  1.73908222,
         2.21047534],
       [-0.17655936, -2.17448417, -1.57276969, -2.23560099,  1.7351278 ,
        -2.44948974],
       [ 1.46451952, -0.51644261,  0.3889792 ,  2.44948974, -1.46276543,
        -0.05533584],
       [ 0.92022022, -0.91621095,  2.12877942,  1.74723239, -0.87533514,
         1.99400011],
       [ 1.53020081,  0.89552087, -1.07880673, -0.83763772, -0.71721858,
         1.87779612]]), array([[-1.41421356,  1.41421356],
       [-1.41421356, -0.14202503],
       [-1.41421356,  1.41421356],
       [-1.41421356, -0.0470912 ],
       [ 1.10162456, -1.41421356],
       [ 0.72599438,  0.19551042]])], [array([ 0.91214137, -1.46174573,  1.90146624, -2.37558356,  1.15352793,
       -1.31415025]), array([ 1.41421356, -1.41421356])]]]
[1149561, 6, 'birth', 15, 23, 0, [[array([[ 1.59578091, -0.6643039 ,  2.0680679 ,  2.06378352,  1.51594154,
        -0.91800994],
       [-1.15270111,  0.84182862,  0.29067563,  2.44948974,  1.66230809,
        -0.96949409],
       [-1.55102908, -1.37105864, -0.17020158,  0.12271319,  1.06890185,
        -2.03966009],
       [-1.9559818 ,  2.11250514, -2.44948974, -0.27906853,  1.45107814,
        -1.61171563],
       [-0.82146463, -2.44948974, -0.53815337,  1.14927688, -1.74956846,
         0.0699318 ],
       [-2.44948974,  0.19923558, -0.53968654,  1.61059804,  0.91827587,
         2.04254713]]), array([[ 1.02399605, -1.34947979],
       [ 1.33061279, -1.41421356],
       [ 0.38758699,  1.37746488],
       [ 0.46854234,  1.41421356],
       [ 1.41421356,  0.60554445],
       [ 1.41421356,  1.41421356]])], [array([-0.70114521, -0.3178223 ,  1.33045087, -2.00774556,  1.86043528,
       -1.8365254 ]), array([ 0.50732252, -0.28872753])]]]
[1149561, 23, 'birth', 6, 13, 1, [[array([[ 0.998784  , -1.48859651,  1.79980351,  2.00792241,  0.7712089 ,
         0.87656614],
       [ 0.248009  , -1.48088814, -2.42262391, -0.47722725, -1.13750968,
         2.15241891],
       [ 2.41046145, -0.44628795, -1.70529327, -1.44462395, -2.31384013,
        -2.34252851],
       [ 1.4900146 ,  2.29402283,  0.58707175, -1.47882206,  0.91350307,
         0.84011403],
       [ 2.44948974,  0.27216431, -1.79239155,  1.91046863, -0.67667609,
         0.58296193],
       [-1.23295579, -1.24031649,  0.03505518, -0.97056381,  0.66567907,
        -0.87424804]]), array([[ 1.41421356, -1.41421356],
       [ 1.256083  , -1.02397693],
       [-1.41421356,  0.71367069],
       [ 0.10022048,  0.89774584],
       [ 1.41421356, -0.0269142 ],
       [ 1.41421356,  1.41421356]])], [array([ 0.5197511 ,  2.24289643,  0.43131418,  0.03804484, -0.39433698,
       -0.11449045]), array([1.41421356, 0.24135026])]]]
[1149561, 16, 'birth', 11, 10, 1, [[array([[-1.57230823,  2.21526838,  0.4407241 ,  1.38454167,  1.52470965,
         1.55312655],
       [-1.41819693, -0.54938925,  1.76596151,  0.37284994,  1.81405539,
         1.20549775],
       [-1.36816138,  1.28099277, -2.44948974, -2.36550186,  1.89144583,
         2.21459969],
       [ 2.26093014,  1.86716556, -1.70447939, -0.98664949, -2.44948974,
         2.42622455],
       [ 0.70672358, -1.45034956,  2.4419452 ,  1.58561398,  1.14459804,
         1.46387372],
       [-1.34967759,  0.09965478, -0.40088245,  1.19405765,  0.02353702,
        -1.33356239]]), array([[ 0.16350162,  0.85103349],
       [-1.41421356,  0.90996108],
       [-1.41421356, -0.31504125],
       [ 0.82862859, -1.23836542],
       [-0.76016685, -0.32199282],
       [ 1.41421356,  1.04862037]])], [array([ 0.08135455,  1.32890446, -0.64880497, -0.5664808 ,  1.01429551,
        0.91544949]), array([-0.16886122, -1.41421356])]]]
[1149561, 22, 'birth', 16, 1, 0, [[array([[ 0.41153436,  1.79276267, -1.78071953, -0.44742295, -1.37217807,
        -0.95937137],
       [-0.22000081,  2.37184094,  2.44948974, -2.44948974, -0.24194904,
         2.37630823],
       [ 1.60581733,  0.67640238, -1.6584818 , -0.2806409 , -0.28579775,
        -1.83756597],
       [ 1.80292015, -2.00825622,  1.80691649,  2.44948974,  1.57634816,
        -2.16164464],
       [-2.44948974, -0.04848001, -2.44948974, -2.44948974,  1.93585815,
         2.20813852],
       [ 0.01560476,  1.57981015,  1.01339531, -2.44948974,  0.83832073,
        -1.23872576]]), array([[ 0.25001767, -1.41421356],
       [-1.41421356,  1.41421356],
       [-1.41421356, -0.82806955],
       [ 1.41421356,  1.08892104],
       [-0.1817808 , -0.84517969],
       [ 0.6132739 ,  1.41421356]])], [array([-1.50248913, -0.25011049, -0.91510434,  2.13337124, -1.26953139,
        1.88400369]), array([ 0.4140216 , -0.75453059])]]]
[1149561, 7, 'birth', 7, 14, 0, [[array([[ 2.44948974, -1.30319134,  1.80684014, -0.81574447, -2.31179596,
         1.27678663],
       [-0.09038611,  2.44048446,  2.44147824, -2.01642362,  1.41975521,
         1.2557912 ],
       [-0.6015623 ,  2.13157133,  0.39132524,  1.02605698,  1.89819702,
         0.95689334],
       [-0.1160039 , -1.23780884, -0.70815832, -0.29554194, -1.42639666,
        -1.82386639],
       [-1.54722782,  2.00307566,  1.81028885,  0.38861732, -1.49805005,
        -1.15645525],
       [ 1.50695246,  0.21707054, -1.11159718,  0.83076101,  0.28202731,
         0.79849819]]), array([[-1.41421356,  1.41421356],
       [ 1.07205978,  1.41421356],
       [ 1.00822154, -1.41421356],
       [-1.41421356, -1.06124682],
       [-0.15620092, -0.25529295],
       [-0.49726797, -1.17958741]])], [array([ 0.15818378,  1.84941294, -1.19800428,  1.85349244,  2.00952059,
        0.22054047]), array([-1.31132302, -1.41421356])]]]
[1149561, 10, 'birth', 9, 19, 1, [[array([[ 2.33338584,  0.21867185, -2.36556016,  1.55350211, -2.44948974,
        -0.61248104],
       [ 2.21192055,  2.44948974, -0.21455453, -2.44924247,  0.83119795,
         2.44948974],
       [ 1.44020405, -1.35534466,  0.9076277 , -1.93065967,  1.37376155,
         1.66499993],
       [-2.3427606 ,  1.61632193, -0.38763445,  1.32146609, -0.69080145,
        -0.02109426],
       [-0.07383276,  0.75563539, -0.50082352,  2.18066587, -1.73766622,
         1.52859413],
       [ 0.24819292, -0.18312113, -1.34164495,  2.42877917,  0.00269309,
         1.73259207]]), array([[ 0.50220775,  0.69536228],
       [ 1.41421356,  0.6487826 ],
       [-0.22282162,  1.41421356],
       [-1.22615681,  0.90014037],
       [-0.68584485,  1.41421356],
       [-0.75512193, -1.14871837]])], [array([ 1.4530492 , -1.9647781 , -2.44948974, -1.2288375 , -0.96221474,
       -2.01233202]), array([ 0.84267533, -1.41421356])]]]
[1149561, 21, 'birth', 3, 23, 0, [[array([[ 0.97293355, -0.23114856, -0.50094121, -1.3369531 ,  1.15604756,
        -1.28426285],
       [-1.12717454,  1.15942597, -2.39218926, -0.52862702,  2.08642617,
         0.24794373],
       [ 1.76447918, -1.0980058 , -0.10944747,  2.09065294, -0.1306464 ,
        -0.75983527],
       [-1.99846939, -0.79284512,  0.88293666,  2.12177441, -1.72930925,
         1.00565656],
       [ 1.26932934, -2.44948974, -1.9504585 ,  1.32205332, -2.44948974,
         1.07321687],
       [ 1.85499854, -1.03339211,  1.12546887,  1.71498324, -1.21405664,
        -0.50083162]]), array([[ 1.41421356, -0.99117668],
       [ 1.41421356, -0.78249792],
       [ 0.87364298, -0.51858581],
       [ 1.29991227, -0.77058789],
       [-1.17209845, -1.41421356],
       [-1.03201222,  0.64475547]])], [array([-0.70114521, -0.3178223 ,  1.98454214, -2.00774556,  1.86043528,
       -1.8365254 ]), array([ 0.50732252, -0.28872753])]]]
[1149561, 3, 'birth', 11, 17, 1, [[array([[-1.57230823,  2.21526838,  0.4407241 ,  2.12625878,  1.52470965,
         1.55312655],
       [ 0.19647264, -1.88963997, -0.6997632 , -0.84225261,  0.01249226,
         1.5579316 ],
       [-0.76767477,  0.97095619, -2.21825183, -1.77428559,  1.74450643,
        -1.40615706],
       [-1.12051802, -0.01241879,  1.83339388,  0.81726594,  0.54142542,
         0.80690702],
       [-0.59313458, -0.53114042, -2.16536471,  1.74723239, -0.87533514,
         0.24407759],
       [ 1.53020081,  0.89552087, -1.07880673, -0.83763772, -0.71721858,
         1.87779612]]), array([[-1.41421356,  1.41421356],
       [-1.41421356, -0.14202503],
       [-1.41421356,  1.41421356],
       [-1.41421356, -0.0470912 ],
       [-0.85966812, -1.41421356],
       [ 0.0296832 , -1.10789929]])], [array([-0.07452943, -1.46174573,  1.90146624, -2.44948974,  2.11651387,
       -1.31415025]), array([ 1.41421356, -1.41421356])]]]
[1149561, 14, 'birth', 11, 14, 1, [[array([[-1.57230823,  2.21526838,  0.4407241 ,  2.22875971,  0.53091717,
         1.55312655],
       [-1.41819693, -0.54938925,  1.76596151,  0.02546581,  1.81405539,
         0.15458224],
       [-1.36816138,  1.28099277,  0.1866792 , -2.44948974,  2.44948974,
         2.21459969],
       [ 2.22056643, -1.58225575,  2.16255841, -1.73727735, -2.42414641,
        -1.82386639],
       [-1.77993899, -1.44620302,  1.81028885,  0.38861732,  1.04228378,
        -1.15645525],
       [-1.48024636,  0.21707054, -1.11159718, -0.94892928,  0.28202731,
         0.79849819]]), array([[-1.32199459,  1.41421356],
       [ 1.41421356,  1.41421356],
       [ 1.00822154, -1.41421356],
       [-1.41421356, -1.06124682],
       [ 1.08903755, -0.25529295],
       [-0.49726797, -1.17958741]])], [array([-0.44882251,  1.84941294, -1.19800428,  1.85349244, -0.19296131,
        1.32476043]), array([-1.41421356, -1.41421356])]]]
[1149561, 11, 'birth', 9, 24, 0, [[array([[-0.70317307,  0.21867185, -2.36556016,  0.855748  ,  2.44948974,
        -0.96094324],
       [-1.97706205, -0.06500501,  1.24806867, -2.44924247,  0.83119795,
         1.08582621],
       [ 1.44020405, -1.35534466,  0.9076277 , -2.44948974, -0.42344085,
         0.10378447],
       [ 2.44948974,  1.26313657, -1.87733275,  2.44948974,  0.52036139,
         2.44948974],
       [-0.20851604,  0.38661059, -1.29712362,  2.44948974,  0.48656243,
         2.44948974],
       [-0.41915191, -1.03432824,  2.14372353,  1.34517242,  2.043801  ,
        -1.20647325]]), array([[ 1.27088554,  1.41421356],
       [-1.05222244, -0.36103979],
       [-0.7651626 , -0.31242269],
       [-1.02036583, -1.41421356],
       [-1.00517053, -0.15577467],
       [-0.01206094,  1.0770458 ]])], [array([-1.31805964,  1.28162225, -1.86532565,  1.41275642, -2.10201951,
        1.92207944]), array([-1.12632616,  0.0192728 ])]]]
[1149561, 9, 'birth', 15, 12, 1, [[array([[ 1.59578091, -2.44948974,  2.44948974,  2.06378352, -0.78062688,
        -0.91800994],
       [-1.15270111,  0.84182862,  2.44948974,  1.0784715 ,  1.66230809,
        -0.96949409],
       [ 0.64220309, -1.37105864, -0.17020158, -1.93110471,  1.06890185,
        -2.08092278],
       [-2.43932097,  2.11250514,  2.23191927, -0.27906853,  0.02125869,
         0.74837395],
       [-0.82146463, -2.40186118, -0.53815337,  1.14927688, -2.44948974,
         1.52418471],
       [-2.01897218, -0.2624827 , -0.663016  ,  1.61059804,  0.41363168,
         2.04254713]]), array([[ 1.02399605,  0.29210104],
       [ 1.33061279, -1.41421356],
       [-0.64107488,  1.41421356],
       [-1.29069655, -1.41421356],
       [-1.41421356,  0.7181089 ],
       [ 1.41421356,  0.45466897]])], [array([-0.29868694,  1.29644538, -0.85031198,  1.22270256,  1.40399218,
        0.72933407]), array([-0.19503622, -1.19717015])]]]
[1149561, 0, 'birth', 2, 14, 1, [[array([[-2.09914156,  1.47780665,  2.38112342,  1.76921371,  1.91054149,
         0.53914825],
       [-1.74269212,  2.44948974,  2.10726016, -2.44948974,  1.73908222,
        -0.74256318],
       [-0.17655936, -0.02438695, -1.57276969, -1.00313665,  1.7351278 ,
        -0.31620283],
       [ 1.46451952, -1.58225575, -2.44948974, -1.73727735, -2.42414641,
        -1.82386639],
       [-1.77993899, -1.44620302,  1.81028885,  0.38861732,  1.04228378,
        -1.15645525],
       [ 1.50695246,  0.21707054, -2.44948974,  0.83076101,  0.28202731,
         0.79849819]]), array([[-1.32199459,  1.41421356],
       [ 1.41421356,  1.10035677],
       [ 1.00822154, -1.39314929],
       [-1.41421356, -1.41421356],
       [-0.15620092, -0.25529295],
       [-0.49726797, -1.17958741]])], [array([-0.44882251,  1.84941294, -1.19800428,  1.85349244,  2.44948974,
        1.32476043]), array([-1.41421356, -1.41421356])]]]
[1303163, 18, 'birth', 7, 16, 1, [[array([[ 2.44948974, -1.30319134,  1.80684014, -0.81574447, -2.31179596,
         1.27678663],
       [ 1.17954805,  2.44048446,  2.44147824, -2.01642362,  1.76924423,
        -2.44948974],
       [-0.6015623 ,  2.13157133,  0.39132524,  1.02605698,  1.89819702,
         0.95689334],
       [-0.1160039 , -1.23780884, -0.70815832, -0.29554194, -1.42639666,
        -1.82386639],
       [-1.54722782,  2.00307566,  1.81028885,  1.21870396, -1.49805005,
        -1.15645525],
       [-2.34164994,  0.21707054, -1.11159718,  0.83076101,  0.28202731,
         0.2156998 ]]), array([[-1.41421356,  1.41421356],
       [-1.18110791,  1.41421356],
       [ 1.41421356, -1.41421356],
       [-1.41421356, -1.06124682],
       [-0.15620092, -1.41421356],
       [ 0.53970326, -1.17958741]])], [array([ 0.15818378,  1.84941294, -1.19800428, -0.5664808 ,  1.01429551,
       -2.44948974]), array([-0.16886122, -1.41421356])]]]
[1472764, 4, 'birth', 17, 14, 0, [[array([[-1.58700654, -0.75933587, -1.78071953, -2.44948974, -0.94062024,
        -0.94839698],
       [-0.22000081,  2.44948974,  1.66836564, -2.44948974,  0.09834297,
         1.82320081],
       [-0.07321313,  2.44948974, -1.32489382, -0.00649444,  0.99723133,
        -0.25509742],
       [ 2.35001621, -0.68486419,  1.85271914, -0.0218441 , -2.44948974,
         0.38522875],
       [ 1.10361521, -0.60645726, -0.55562163,  2.27808571,  0.55244374,
         0.7529244 ],
       [ 0.35496   , -2.44948974, -1.11159718, -0.94892928,  0.28202731,
         0.79849819]]), array([[-1.32199459,  1.41421356],
       [ 1.41421356,  1.41421356],
       [ 1.00822154, -1.41421356],
       [-1.41421356, -1.06124682],
       [ 1.08903755, -1.41421356],
       [-0.49726797, -1.17958741]])], [array([-0.44882251,  1.84941294, -1.19800428,  0.53500145, -0.19296131,
        1.32476043]), array([-1.41421356, -1.41421356])]]]
[1527615, 5, 'birth', 6, 0, 1, [[array([[ 1.59578091, -0.6643039 ,  2.44948974,  2.06378352,  1.51594154,
        -0.91800994],
       [-1.15270111,  0.84182862,  2.44948974,  2.44948974,  1.66230809,
        -0.96949409],
       [-1.55102908, -1.37105864, -2.44948974,  0.12271319,  1.06890185,
        -2.03966009],
       [-1.9559818 ,  2.11250514, -2.44948974, -0.27906853,  1.45107814,
        -1.61171563],
       [ 0.30866705, -2.44948974, -2.12374511,  1.14927688, -1.74956846,
        -1.15645525],
       [ 1.50695246,  0.21707054, -2.44948974,  0.83076101,  0.28202731,
         0.79849819]]), array([[-1.32199459,  1.41421356],
       [ 1.41421356,  1.10035677],
       [ 1.00822154, -1.39314929],
       [-1.41421356, -1.41421356],
       [-0.15620092, -0.25529295],
       [-0.49726797, -1.17958741]])], [array([-0.44882251,  1.84941294, -1.19800428,  1.85349244,  2.44948974,
        0.30886549]), array([-1.41421356, -1.41421356])]]]
[1593465, 12, 'birth', 22, 9, 0, [[array([[-0.78542927, -2.44948974,  0.53428618, -0.44742295, -1.37217807,
        -0.95937137],
       [-0.22000081,  2.37184094,  2.44948974, -2.44948974, -2.44948974,
         2.37630823],
       [ 1.60581733,  1.75491014, -2.44948974, -0.2806409 , -0.28579775,
        -1.83756597],
       [ 1.80292015, -2.00825622,  1.80691649,  2.44948974,  1.57634816,
        -2.16164464],
       [-2.44948974, -0.04848001, -2.44948974,  1.14927688,  0.86389001,
         1.52418471],
       [-2.01897218, -0.2624827 ,  1.24653386,  1.61059804,  0.41363168,
         2.04254713]]), array([[ 1.02399605,  0.64332449],
       [ 1.33061279, -1.41421356],
       [-0.64107488,  0.6974411 ],
       [-1.29069655, -1.41421356],
       [-1.41421356,  0.7181089 ],
       [ 1.41421356,  1.41421356]])], [array([-0.29868694, -2.44948974, -0.85031198,  2.44948974,  1.40399218,
        1.96381879]), array([-0.19503622, -1.19717015])]]]
[1593465, 19, 'birth', 4, 14, 0, [[array([[-1.58700654, -0.75933587, -1.78071953, -2.44948974, -0.94062024,
        -0.94839698],
       [-0.22000081,  2.44948974,  1.66836564, -2.44948974,  0.09834297,
         1.48200753],
       [-0.35716927,  2.44948974, -1.32489382, -2.44948974,  0.99723133,
        -0.25509742],
       [ 2.35001621, -0.68486419,  1.85271914,  2.44948974, -2.44948974,
         1.38943017],
       [-2.44948974, -1.44620302,  0.52185881,  0.38861732,  1.04228378,
        -1.15645525],
       [-1.48024636,  2.44948974, -1.11159718, -0.94892928, -1.62189939,
         0.79849819]]), array([[-0.41153143,  1.41421356],
       [ 1.41421356,  1.41421356],
       [ 1.00822154, -1.41421356],
       [-1.41421356, -1.06124682],
       [ 1.08903755, -0.25529295],
       [-1.41421356, -0.74135389]])], [array([-0.44882251,  1.84941294, -1.19800428,  1.85349244, -0.19296131,
        1.32476043]), array([-1.41421356, -1.41421356])]]]
[1768267, 24, 'birth', 17, 10, 0, [[array([[-1.58700654, -0.75933587, -2.44948974, -2.44948974, -0.94062024,
        -0.95937137],
       [-0.22000081,  2.37184094,  1.66836564, -0.61017043,  0.09834297,
         1.82320081],
       [-0.07321313, -1.35534466,  2.44948974, -1.93065967,  1.37376155,
         1.66499993],
       [-2.3427606 ,  1.61632193, -0.38763445,  1.32146609, -0.69080145,
        -0.02109426],
       [-0.07383276,  0.75563539, -0.50082352,  2.18066587, -2.44948974,
         1.52859413],
       [ 0.24819292,  0.73351744, -1.34164495,  2.42877917,  0.00269309,
         1.73259207]]), array([[ 0.50220775,  0.69536228],
       [ 1.41421356, -0.21857731],
       [-0.22282162,  1.41421356],
       [-1.41421356,  0.37527998],
       [-0.68584485,  1.41421356],
       [ 0.77696967, -0.40100236]])], [array([ 1.4530492 , -1.9647781 , -2.06419106, -1.2288375 , -0.96221474,
       -2.01233202]), array([ 0.84267533, -1.41421356])]]]
[1845318, 13, 'birth', 21, 16, 1, [[array([[ 0.97293355, -0.23114856, -0.50094121, -1.3369531 ,  1.15604756,
        -1.28426285],
       [-1.12717454,  1.15942597, -2.39218926, -0.52862702,  2.08642617,
         0.24794373],
       [ 1.76447918, -1.0980058 , -0.10944747,  2.09065294, -0.1306464 ,
        -0.75983527],
       [-1.99846939, -0.79284512,  0.88293666,  2.12177441, -1.72930925,
         1.00565656],
       [ 1.26932934, -2.44948974, -2.44948974, -2.44948974, -2.44948974,
         1.46387372],
       [-1.34967759,  0.09965478, -0.40088245,  1.19405765,  2.07915806,
        -1.33356239]]), array([[ 0.16350162,  0.85103349],
       [-1.41421356,  0.90996108],
       [-1.41421356, -0.49610432],
       [ 0.82862859, -1.23836542],
       [-0.76016685, -1.41421356],
       [ 1.41421356,  1.04862037]])], [array([-0.26711432,  2.44948974, -0.64880497, -0.5664808 ,  1.01429551,
        0.28762346]), array([-0.16886122, -1.41421356])]]]
[1875718, 1, 'birth', 6, 14, 0, [[array([[ 1.59578091, -0.6643039 ,  2.0680679 ,  2.22875971,  0.53091717,
         1.55312655],
       [-2.44948974, -0.54938925,  1.76596151,  2.44948974,  1.81405539,
         0.15458224],
       [-2.00882567,  1.28099277,  0.1866792 , -2.44948974,  2.44948974,
         2.21459969],
       [ 2.22056643, -1.58225575,  2.16255841, -1.73727735, -2.42414641,
        -1.82386639],
       [-1.77993899, -1.44620302,  1.81028885,  2.44948974,  1.04228378,
        -1.15645525],
       [-1.48024636,  0.21707054, -1.11159718, -0.94892928,  0.28202731,
         2.03196501]]), array([[-1.41421356,  1.41421356],
       [ 1.41421356,  1.41421356],
       [ 1.00822154, -1.41421356],
       [-1.41421356, -1.06124682],
       [-0.07374324, -0.25529295],
       [-0.49726797, -1.17958741]])], [array([-0.44882251,  1.84941294, -1.19800428,  1.85349244, -0.19296131,
        1.32476043]), array([-1.41421356, -1.41421356])]]]
[1949369, 20, 'birth', 1, 16, 0, [[array([[ 0.2715562 , -0.6643039 ,  0.70945889,  2.22875971,  0.53091717,
         1.55312655],
       [-2.44948974, -0.54938925,  1.76596151,  2.44948974,  1.81405539,
         0.15458224],
       [-2.00882567,  1.28099277,  0.1866792 , -2.44948974,  1.54209024,
         2.21459969],
       [ 2.22056643, -2.44948974,  2.16255841, -1.73727735, -2.44948974,
        -1.82386639],
       [-1.77993899, -1.44620302,  1.81028885,  2.44948974,  1.04228378,
        -1.15645525],
       [-1.48024636, -0.09110831, -0.03865768, -2.44948974,  1.72076994,
        -1.33356239]]), array([[ 0.16350162,  0.85103349],
       [-1.41421356,  0.90996108],
       [-1.41421356,  1.41421356],
       [ 0.82862859, -1.23836542],
       [-0.76016685, -0.32199282],
       [ 1.41421356,  1.04862037]])], [array([ 0.08135455,  1.32890446, -0.64880497, -0.5664808 ,  1.01429551,
        0.91544949]), array([-0.16886122, -1.41421356])]]]
[1971469, 15, 'birth', 11, 5, 1, [[array([[-0.70317307,  0.21867185, -2.36556016,  0.855748  ,  2.44948974,
        -0.96094324],
       [-1.97706205, -0.06500501,  1.24806867, -2.44924247,  0.83119795,
         1.08582621],
       [ 1.44020405, -1.35534466,  0.9076277 , -2.44948974, -0.42344085,
         0.10378447],
       [ 2.44948974,  1.26313657, -1.63493292,  2.44948974,  0.52036139,
         2.44948974],
       [-0.15489426, -2.44948974, -2.12374511,  1.14927688, -2.44948974,
        -1.15645525],
       [ 1.50695246,  0.21707054, -2.44948974,  0.83076101,  0.28202731,
         0.79849819]]), array([[-1.32199459,  1.41421356],
       [ 1.41421356,  1.10035677],
       [ 1.00822154, -1.39314929],
       [-1.41421356, -1.41421356],
       [-0.15620092, -0.25529295],
       [-0.49726797, -0.67585032]])], [array([-0.44882251,  1.84941294, -1.19800428,  1.85349244,  2.44948974,
        0.30886549]), array([-1.41421356, -1.41421356])]]]
[1981719, 17, 'death']
[1981869, 2, 'death']
[1982019, 8, 'death']
[1982169, 6, 'death']
[1982319, 23, 'death']
[1982469, 16, 'death']
[1982619, 22, 'death']
[1982769, 7, 'death']
[1982919, 10, 'death']
[1983069, 21, 'death']
[1983219, 3, 'death']
[1983369, 14, 'death']
[1983569, 11, 'death']
[1983719, 9, 'death']
[1983869, 0, 'death']
[1984469, 10, 'birth', 12, 15, 1, [[array([[-0.78542927, -2.44948974,  0.53428618, -0.44742295, -1.37217807,
        -0.95937137],
       [-0.22000081,  1.57000919,  2.44948974, -2.44948974, -2.44948974,
         2.37630823],
       [ 1.83583764,  1.75491014, -2.44948974, -0.2806409 , -0.28579775,
        -1.83756597],
       [ 1.80292015, -2.00825622,  1.80691649,  2.44948974,  0.37413361,
        -2.16164464],
       [-1.75568854, -0.04848001, -2.44948974,  1.14927688,  0.86389001,
         1.52418471],
       [-2.01897218, -0.2624827 , -2.44948974,  0.83076101,  0.28202731,
         0.79849819]]), array([[-1.32199459,  1.23176234],
       [ 1.41421356,  1.10035677],
       [-1.41421356, -1.39314929],
       [ 1.09007614, -1.41421356],
       [-0.15620092, -0.25529295],
       [-0.49726797, -0.67585032]])], [array([-0.44882251,  1.84941294, -1.19800428,  2.44948974,  2.44948974,
        0.30886549]), array([-1.41421356, -1.41421356])]]]
[1984469, 21, 'birth', 19, 5, 1, [[array([[-1.58700654, -0.75933587, -1.78071953, -2.44948974, -0.94062024,
        -0.94839698],
       [-0.22000081,  2.44948974,  2.44948974,  2.44948974,  1.66230809,
        -0.96949409],
       [-1.55102908, -1.59403594, -2.44948974,  0.12271319,  1.06890185,
        -2.03966009],
       [-1.9559818 ,  0.23512532, -2.44948974, -0.27906853,  2.44948974,
        -1.61171563],
       [ 0.30866705, -2.44948974, -2.12374511,  1.14927688, -1.74956846,
        -1.15645525],
       [ 1.50695246,  0.21707054, -2.44948974,  0.83076101,  1.36576014,
         0.79849819]]), array([[-1.32199459,  1.41421356],
       [ 1.41421356,  1.10035677],
       [ 1.41421356, -1.39314929],
       [-1.41421356, -1.41421356],
       [-0.15620092, -0.25529295],
       [-0.49726797, -1.17958741]])], [array([-0.44882251,  1.84941294,  2.44948974,  1.85349244,  2.44948974,
        0.30886549]), array([-1.41421356, -1.41421356])]]]
[2106721, 18, 'death']
[2168921, 11, 'birth', 1, 21, 1, [[array([[ 2.44948974, -0.6643039 ,  1.13816844,  2.22875971, -1.8051944 ,
         1.55312655],
       [ 0.33588554, -0.54938925,  1.76596151,  2.44948974,  1.81405539,
         0.15458224],
       [-2.00882567,  1.28099277,  0.1866792 , -2.44948974,  2.44948974,
         2.21459969],
       [ 2.22056643,  1.83761881,  1.63765934,  1.93861841, -2.42414641,
        -1.82386639],
       [-1.77993899, -1.44620302,  2.44948974,  2.44948974,  1.04228378,
        -1.15645525],
       [-1.48024636,  0.21707054, -1.11159718, -0.94892928,  0.28202731,
         2.03196501]]), array([[-1.41421356,  1.41421356],
       [ 1.41421356,  0.40960646],
       [ 1.41421356, -1.41421356],
       [-1.41421356, -1.06124682],
       [-0.07374324, -0.25529295],
       [-0.77665091, -1.17958741]])], [array([-0.44882251,  1.84941294, -2.44948974,  1.85349244,  2.44948974,
        0.30886549]), array([-1.41421356, -1.41421356])]]]
[2174521, 0, 'birth', 19, 11, 0, [[array([[-1.58700654, -1.55581257, -1.60516108, -2.44948974, -0.94062024,
        -0.94839698],
       [-0.22000081,  2.44948974,  1.66836564,  2.44948974,  0.09834297,
         1.48200753],
       [ 2.44948974,  2.44948974, -1.32489382, -2.44948974,  0.99723133,
        -0.25509742],
       [ 2.35001621, -0.68486419,  1.85271914,  2.44948974, -2.44948974,
         1.38943017],
       [-2.44948974, -1.30382448,  0.52185881,  2.44948974,  1.04228378,
        -1.15645525],
       [-1.48024636,  2.44948974, -1.11159718, -0.94892928,  2.31028074,
         1.75196173]]), array([[-1.41421356,  1.41421356],
       [ 1.41421356,  0.40960646],
       [ 1.41421356, -1.41421356],
       [-1.41421356,  0.59967105],
       [-0.07374324, -0.25529295],
       [-0.77665091, -1.41421356]])], [array([-0.44882251,  1.84941294, -2.44948974,  1.85349244,  2.44948974,
        0.30886549]), array([-1.41421356,  0.04212953])]]]
[2234172, 4, 'death']
[2273222, 5, 'death']
[2314323, 12, 'death']
[2314523, 19, 'death']
[2394524, 24, 'death']
[2398824, 24, 'birth', 20, 15, 0, [[array([[ 0.2715562 , -0.6643039 ,  0.70945889,  2.22875971,  2.09565925,
        -0.96094324],
       [-1.97706205, -0.06500501,  0.71401597, -2.44924247,  0.83119795,
         1.08582621],
       [-1.63088696, -1.35534466,  0.9076277 , -2.44948974, -0.42344085,
         0.10378447],
       [ 2.44948974,  2.44948974, -0.49723697,  2.44948974,  1.41498329,
         2.44948974],
       [-0.15489426, -2.44948974, -2.12374511,  1.14927688, -0.94883574,
        -1.15645525],
       [ 1.50695246,  0.21707054, -2.44948974,  0.83076101,  0.28202731,
         0.79849819]]), array([[-1.32199459,  1.41421356],
       [ 1.41421356,  1.10035677],
       [ 1.00822154, -1.39314929],
       [-1.41421356, -1.41421356],
       [-0.15620092, -0.25529295],
       [ 1.05225695, -0.67585032]])], [array([-0.44882251,  1.84941294, -1.19800428,  1.85349244,  2.44948974,
        0.30886549]), array([-1.41421356, -0.84671707])]]]
[2427974, 13, 'death']
[2439374, 1, 'death']
[2462674, 20, 'death']
[2468524, 15, 'death']
[2471074, 10, 'death']
[2471224, 21, 'death']
[2522425, 11, 'death']
[2523675, 0, 'death']
[2523875, 24, 'death']
[2523875, 'Extinction!']
