[time, indiv, parent1, parent2, gender, brain]
[150, 15, -1, -1, 0, [[array([[-0.69897366,  0.24904663, -0.06615355,  2.26533315, -1.04001445,
         0.31576019],
       [ 1.54255488, -1.62912663, -0.27175371,  0.19819326,  0.54667491,
         2.27009439],
       [-0.34852678,  0.80316079, -0.83297674,  0.43815032, -0.54174735,
         0.99342409],
       [ 0.26769198, -2.04128247, -1.6131091 ,  1.46406705,  2.0831726 ,
        -1.99515815],
       [ 0.43197844,  1.07535704, -1.6869774 , -0.37126706,  1.37141241,
         1.83739574],
       [-2.35178028,  0.00262151, -0.32901839,  1.0330417 , -1.06054467,
         1.75323774]]), array([[-0.07008175, -0.31233205],
       [-1.70886309,  1.98868303],
       [ 0.37920207,  2.23565304],
       [-1.28361551, -2.42824372],
       [-1.08037413,  0.35623688],
       [-1.680365  ,  0.43505696]])], [array([ 0.42653581,  1.82637922, -0.90529585,  1.61066135, -0.12760109,
        1.89855804]), array([-1.52335296, -1.9469212 ])]]]
[150, 6, -1, -1, 1, [[array([[ 0.87880186, -0.98223994, -0.09040461,  0.76671328,  0.14498668,
        -1.4732632 ],
       [-0.11913298, -0.08168418, -1.31394822, -0.54816761, -1.52677833,
         0.94661704],
       [-2.40000458,  0.54591002,  2.12716982, -0.70127082, -1.51803414,
        -0.39323234],
       [ 0.36591159, -1.99950911,  0.6543524 ,  1.26026431, -1.5651466 ,
        -2.15352681],
       [-0.63750203, -0.2215379 , -0.28206269, -1.35261506,  1.86843053,
        -2.39899129],
       [-1.83909744, -2.22000312, -0.1991765 ,  1.6770327 , -2.30313387,
        -1.44899561]]), array([[ 1.79128425,  2.13359742],
       [-1.53615819, -1.29473806],
       [-1.85454818,  0.28445342],
       [-0.19227275,  0.97999158],
       [ 0.3536402 ,  0.59602459],
       [-0.85920818, -0.54412794]])], [array([ 1.24255334, -2.04450377,  0.17005978,  1.28044193, -2.2702005 ,
        1.90011129]), array([ 1.9643338 , -0.90991427])]]]
[150, 11, -1, -1, 0, [[array([[ 0.00413893, -0.01882612,  2.14663189, -2.19160991,  2.29283547,
        -0.07539349],
       [-1.34921081, -0.33762848, -0.73563061,  2.19706298, -1.32137572,
        -1.63761179],
       [-0.94324162, -0.17477854,  0.57080256, -0.69900292,  0.71323267,
        -2.38105463],
       [ 1.76667129,  1.93106086, -1.47628198,  1.29763241, -2.1041115 ,
         0.67312719],
       [ 1.4734011 ,  1.03249044,  0.44106733,  1.31902299,  0.31273957,
        -0.40839437],
       [-0.66473647, -1.07799823,  0.75448614,  2.10687737,  1.87820316,
         0.97270165]]), array([[-0.2340395 , -0.80287741],
       [-2.23376392,  2.03376318],
       [-1.93305713, -1.28409118],
       [-1.59891446, -1.37363594],
       [ 0.93041253,  1.20657926],
       [ 0.83337851, -1.53388991]])], [array([ 1.97070764,  2.40797132, -0.75778883, -1.81135187,  2.20906153,
       -2.25174528]), array([1.92521013, 1.92909948])]]]
[150, 2, -1, -1, 1, [[array([[ 0.41454903,  0.40324887,  0.16370135, -1.66067902, -1.0666549 ,
         0.96282864],
       [ 0.54325669,  0.24150189, -1.12408816,  1.70671602,  1.34459014,
        -1.2876972 ],
       [-1.18808661, -1.38323442, -2.12546475, -1.71158131,  2.21716197,
        -1.82049631],
       [-1.80602746, -1.04403244, -0.50142501,  2.35631296,  0.28841365,
         2.02670529],
       [-0.86630422,  0.16028375,  2.23154654,  2.33243616,  0.33756155,
         0.72309379],
       [ 0.63513753, -1.59971564,  0.90432293,  1.02214005, -2.220085  ,
         0.87133388]]), array([[-2.0160984 , -1.6915566 ],
       [ 0.13480673, -2.08719405],
       [-1.1745973 ,  2.36373889],
       [-1.17113502, -0.80132952],
       [ 1.73245908, -1.30614922],
       [-1.68291545,  0.94032416]])], [array([-2.27592591,  0.7098277 , -1.12301575,  1.93425089,  0.29164299,
        0.23254773]), array([0.16342259, 1.07539798])]]]
[150, 7, -1, -1, 0, [[array([[ 0.2120055 ,  1.65748938,  0.10233488, -0.67065778,  1.05180698,
        -1.26045668],
       [-2.19827797, -1.39642489, -2.02341773,  1.66838322,  2.42344809,
         0.20048258],
       [ 0.07941579, -0.74812629,  2.16923368,  1.29204978, -0.23855619,
         1.45432262],
       [-2.33814047,  1.20191443,  0.61980959, -0.4945684 ,  1.38761554,
         1.89941676],
       [-1.15102179, -0.20009415, -0.74389202,  1.89752344,  2.01526033,
        -2.0857354 ],
       [-0.46106514, -2.30426243,  1.20203747, -0.48615724, -0.41727876,
        -1.59108176]]), array([[-1.17726644,  0.49585154],
       [-2.11684989, -1.42471408],
       [ 1.31028112,  1.68538418],
       [ 1.68488822,  1.0107109 ],
       [ 0.29828507, -1.39581625],
       [ 0.40878176,  1.74706064]])], [array([ 1.56602131,  0.93007629, -1.86005825, -1.62225742,  2.07659759,
        0.69882117]), array([-0.18734816, -1.21619497])]]]
[150, 18, -1, -1, 1, [[array([[ 6.09424188e-01, -2.43032294e-02, -1.89939184e+00,
        -1.92866340e+00, -1.70264185e+00, -1.00327204e-03],
       [-1.64267290e+00,  5.48896329e-02, -2.03880604e+00,
        -2.27766348e+00,  1.97183625e+00, -2.11346942e+00],
       [-4.82091498e-01, -1.82903776e-01,  2.41484075e-02,
        -3.72659895e-01,  2.44688008e+00, -7.48257099e-01],
       [ 5.82787659e-01, -8.21075154e-01, -2.18309395e-01,
         1.53353688e+00,  2.35059226e+00, -1.08180178e-01],
       [ 3.50589435e-01, -1.66686914e+00,  2.44711978e+00,
        -2.07629499e+00,  1.59027797e+00, -8.32021871e-01],
       [-1.73542991e+00, -5.69553479e-01,  2.40711894e+00,
         8.84282920e-01, -1.13241377e+00, -1.67193755e+00]]), array([[-1.09739978, -0.60131815],
       [ 0.04744815,  1.93196998],
       [-1.37481822, -0.56192067],
       [ 1.50951097, -0.73977653],
       [ 2.29590326, -0.1576857 ],
       [ 1.76485672, -2.24196581]])], [array([ 0.47396043,  2.14328397, -2.41873776,  1.88487457,  1.90450669,
       -0.19149014]), array([ 1.1834585 , -0.36595855])]]]
[150, 13, -1, -1, 0, [[array([[ 0.08677963, -2.01563465,  2.33357573,  0.70848689,  0.21805343,
        -1.33639342],
       [ 0.77905199, -1.36743444,  0.90149822,  2.01699244,  2.35898285,
         1.51540657],
       [ 1.26501148, -1.9955384 ,  0.34608148,  0.27899557,  1.82169432,
        -1.87719298],
       [-2.05003999,  1.01805819, -0.62598263, -0.67224168, -2.36454964,
         0.62518487],
       [-2.28194821,  0.18302644,  1.12481468,  0.40468377,  0.85491364,
        -0.66641705],
       [ 1.57306057, -2.05176875, -2.05661277, -1.05445863,  0.3397588 ,
        -2.09596807]]), array([[-0.58358559, -1.2733777 ],
       [-0.44176847, -2.44352599],
       [ 1.05048895,  0.83088721],
       [ 1.49411586,  2.43245014],
       [-1.38294177, -1.37069135],
       [-2.29454391,  2.11457936]])], [array([ 1.48982243, -1.9198094 , -1.00854299, -0.62633419,  0.65003437,
        1.87925713]), array([ 1.65688604, -1.69347066])]]]
[150, 1, -1, -1, 1, [[array([[-2.07842434,  1.52764309, -1.03418939, -0.05159001,  1.69458233,
        -1.17183805],
       [-1.42444767,  2.32208475, -2.34429161, -1.44472866, -0.49613851,
        -0.37482581],
       [ 1.29412612, -1.40495692,  1.38769024,  2.02631466,  1.39982387,
        -0.47198549],
       [-2.12356147,  1.7970918 , -1.33520098, -0.45880029, -1.18207165,
        -0.89853517],
       [-2.03996497,  1.39039398, -1.11653007, -1.83235585, -0.03246345,
         0.4417488 ],
       [-1.2569561 ,  1.21599867,  1.98331924,  2.2568567 , -0.04499062,
         2.13288171]]), array([[-0.38528775, -0.10494422],
       [ 0.54092672,  1.18038767],
       [ 2.34466446,  0.04935977],
       [ 0.88357601,  1.42692495],
       [-1.52269147,  0.199495  ],
       [ 1.60858743,  0.47762413]])], [array([ 1.28345039,  2.04115487, -2.27293739, -2.33275044, -0.9489015 ,
       -1.01547277]), array([-2.27407439,  2.1076115 ])]]]
[150, 21, -1, -1, 0, [[array([[ 2.18286454,  0.67552812, -1.27886111, -2.20155851,  2.43032745,
         2.04823565],
       [-0.95647881,  1.41120275,  2.32708366,  1.99186875,  0.17667981,
         0.61602509],
       [-0.17830702,  1.68000326,  0.90055398,  1.05255331, -1.92769707,
        -0.80636081],
       [ 0.2378276 , -0.30801496, -1.77971258, -2.25692651, -0.80905877,
        -0.49089502],
       [ 0.58221478,  0.47004069, -1.26882349, -1.12498453,  0.73616854,
         1.59161423],
       [-2.02985652,  1.23341805,  2.33105525,  1.24892006,  1.91768552,
        -0.76445744]]), array([[ 0.67745839, -0.912368  ],
       [-1.41141053,  0.35787427],
       [-0.89878219, -2.20878518],
       [-0.42716724, -2.03002553],
       [-1.32294495,  1.90668012],
       [-1.57230085,  0.63954764]])], [array([-2.06154424,  2.32300833,  0.37032085, -0.44832456,  1.57003635,
       -0.50121594]), array([-2.38258395,  1.29127034])]]]
[150, 5, -1, -1, 1, [[array([[-1.01292   , -1.46592217, -0.44110844,  0.05299024,  1.13757456,
        -0.40081422],
       [-1.85559469, -1.99397742, -1.15603659,  1.11725872, -2.02674195,
         0.70111672],
       [ 1.13190415,  0.97725454, -1.28676965, -1.58643553, -1.50364311,
        -0.31912095],
       [ 2.09458428,  0.2218586 , -0.30817944, -0.10696518,  0.35380536,
         2.09540554],
       [ 1.92107935,  0.55415066,  2.42817646, -1.21865682, -0.96123329,
         1.1513951 ],
       [ 0.54199822,  1.53778722,  1.17529238, -0.53989484,  1.70287326,
         1.8277129 ]]), array([[ 1.82297974, -1.51194214],
       [ 0.11965626, -1.30766444],
       [-2.07249113,  2.19166346],
       [ 1.78104405,  0.23522905],
       [-0.04387097,  1.24016542],
       [ 1.14592247,  2.04998027]])], [array([-1.80458786, -1.5915263 ,  0.5597721 , -0.10697278,  2.39257234,
       -0.13245169]), array([1.60529539, 0.88760208])]]]
[150, 16, -1, -1, 0, [[array([[ 0.26412302, -2.43896996, -0.6643764 , -1.68561179,  1.08811646,
        -1.7943797 ],
       [-0.42853672,  0.90516143, -2.02031728, -0.87738789,  1.87769392,
         1.52189375],
       [-1.19435298,  0.06168525,  1.25543342,  1.13478557,  0.15587735,
         1.15820172],
       [ 1.8058313 , -1.19258623, -2.00097401,  1.39303057, -2.10466459,
         2.40879752],
       [-1.35059108, -1.45535781,  1.06776036, -0.9876398 , -0.37375539,
        -1.15601898],
       [-0.38629443,  1.51681935,  0.72978114, -2.10758335, -1.49927364,
        -1.72817852]]), array([[-1.8449315 , -0.42724298],
       [-0.14263495, -0.14501965],
       [ 1.82771314, -0.13339469],
       [ 0.34294676,  1.69251283],
       [-1.75158022,  0.15180365],
       [-1.7540006 , -0.67830333]])], [array([ 0.19106044, -2.16725584,  0.18180814,  1.09708006,  0.28925798,
       -1.4266266 ]), array([ 2.19064287, -0.34377721])]]]
[150, 23, -1, -1, 1, [[array([[-2.07542084,  2.10384854,  0.23706847,  0.16338758, -1.07083175,
         0.01155391],
       [ 1.31915071,  0.86910776,  2.3937133 , -2.13278334,  0.56768345,
         0.56224659],
       [ 1.43889893, -0.27576911,  2.13567272,  0.71031957, -0.22785056,
         1.44009522],
       [-1.95292681, -1.83644179, -2.06851316,  1.37579083,  0.31312051,
         0.07392718],
       [-0.15914473,  1.93004899,  2.20333119,  1.51288859,  2.43086224,
         0.49525208],
       [ 1.15615497, -2.44085388,  1.72634204,  2.14933662, -0.01743049,
        -0.84351159]]), array([[-1.92737355,  1.80365061],
       [-2.0756342 , -1.72582007],
       [ 1.0081662 ,  1.63998268],
       [ 0.28794208,  0.07448534],
       [-1.39389024,  2.4127816 ],
       [ 1.66480324, -0.07917649]])], [array([-1.65364806,  1.54928761, -1.88073213, -1.53249036, -1.5394487 ,
       -0.11480823]), array([0.98998264, 2.41411985])]]]
[150, 20, -1, -1, 0, [[array([[-2.09887284, -2.17342864, -1.53232389,  0.94275153, -2.44793097,
        -2.32167558],
       [-1.05782649, -2.44494435,  1.53455143,  0.19560798, -1.80170017,
        -0.48919439],
       [-0.47675145,  1.85349039,  0.73200412,  0.69056212,  0.04689337,
         1.66777234],
       [ 1.0706108 ,  0.54099099, -2.29700758, -2.0996335 ,  0.43272382,
         2.37009362],
       [-2.16201109, -1.46174913, -1.49383983, -0.25492234,  1.70569915,
        -0.96776391],
       [ 0.14316115,  2.21232974, -0.92003889,  0.3338003 ,  2.24487628,
         0.03603425]]), array([[-0.70920116,  0.60070515],
       [-0.64499807, -1.18240531],
       [-1.95087014, -1.33872017],
       [-0.95980086,  1.71239645],
       [-0.08762614, -1.79788491],
       [-1.375017  ,  1.01691875]])], [array([ 1.45896932, -0.39942175, -0.56557576, -2.22528055, -0.95189355,
       -1.25487706]), array([0.10725229, 1.29203278])]]]
[150, 3, -1, -1, 1, [[array([[-0.3229964 ,  0.50329028,  1.29629964, -1.27790254, -0.90237132,
         1.65423986],
       [-0.27417964,  1.28794472,  0.12301585,  0.35981162,  2.3557179 ,
         0.74205421],
       [ 1.09940572,  1.1303893 , -2.14516649,  2.44061317, -1.80345806,
         1.5697636 ],
       [-0.33389707,  0.5043255 ,  2.1549784 , -2.22228981,  1.30151328,
        -1.56454889],
       [-1.01586377,  0.91182233,  2.0740355 , -0.19943785,  1.46606286,
        -1.49100607],
       [-2.31242768,  1.71309709,  1.57472188,  2.00402672,  1.48646756,
         0.89266128]]), array([[ 0.99901497,  2.31511179],
       [ 1.18988768,  0.51661543],
       [-0.7537372 , -1.69645931],
       [ 1.24253672,  2.36491849],
       [ 2.13760962, -0.29617334],
       [ 1.18319919, -2.26066557]])], [array([ 0.22600439,  1.36400242, -2.3857709 , -1.83632995, -0.59358779,
        1.53880817]), array([1.79092869, 1.97595199])]]]
[150, 24, -1, -1, 0, [[array([[-0.81108233, -0.60440625,  0.23900978, -2.14649063, -0.43078282,
        -1.19541972],
       [-1.87755279,  2.40636914, -1.61370953, -1.14235208, -0.88692732,
         0.03919978],
       [-0.83799198, -0.58617367, -1.15802086,  1.35285277, -2.24267181,
        -1.1419814 ],
       [-1.5791239 ,  1.0237679 ,  1.19022616, -1.79075441, -0.16509183,
         1.27271146],
       [ 0.45737223,  2.09795775,  1.1262679 , -2.18924725, -0.37145637,
         1.93085171],
       [-0.79106062,  0.66319849, -0.68393137,  2.14786044,  0.85140596,
        -0.9593422 ]]), array([[ 0.90622241,  0.9516845 ],
       [ 1.90688688, -0.23456803],
       [-1.48761792, -1.67430515],
       [-0.24371142,  0.24422373],
       [-1.74774673,  0.91072951],
       [ 0.48489919,  0.2033912 ]])], [array([-1.37026574,  1.95145165,  1.72085191,  0.31923723, -1.0932913 ,
       -1.26642234]), array([ 1.77566392, -0.8632768 ])]]]
[150, 22, -1, -1, 1, [[array([[-2.21553965, -0.55749902, -0.92897401, -1.36828533, -1.83151089,
        -1.66458015],
       [ 0.30541461,  0.81869047, -1.76814567,  0.85087564,  1.6829588 ,
         2.223475  ],
       [ 0.65775606, -0.87093125,  1.84489007,  1.23249376,  0.13338989,
         1.81348045],
       [ 0.16144109,  1.33205543,  2.31425981,  0.28724152,  0.03137523,
         0.65519601],
       [ 0.59316805, -0.56467302, -0.06795063, -1.02539327, -0.37834641,
        -0.98396022],
       [ 0.09866888, -1.50062381,  2.20879765, -2.2553274 ,  1.34449385,
         2.35629814]]), array([[ 1.13161928,  1.07727426],
       [-0.71618033, -1.89570171],
       [-0.64689168, -0.51281883],
       [ 1.35029969,  0.54215485],
       [ 2.04624624,  0.86930293],
       [ 0.08285195, -1.08783168]])], [array([-0.11072223,  1.16809442, -0.38698389,  0.91823811,  0.24141358,
       -1.09281975]), array([-0.83259399,  0.40590318])]]]
[150, 12, -1, -1, 0, [[array([[-1.77182523,  0.96351875,  2.27597218,  2.11127486,  0.26723891,
        -0.22147305],
       [-0.93340822,  0.01822618,  2.32758746, -1.37176013, -2.01231613,
         0.70832367],
       [-1.3657544 ,  2.26092108,  0.65114606, -1.53771659, -0.78288211,
        -1.47623232],
       [ 1.16106576,  0.73040019, -1.03536843,  2.1718862 ,  1.43681698,
         2.27295374],
       [-1.44145645, -0.90228327, -0.42406864, -2.41832781, -0.94379805,
         1.18167739],
       [-2.36676349,  0.3602477 ,  1.71020081,  1.12812653,  1.57617248,
         0.90016499]]), array([[-2.40189659, -1.27469967],
       [ 0.99467004, -1.77795242],
       [ 1.52587878, -1.72292449],
       [ 0.45736643,  0.7952546 ],
       [ 0.25311313, -1.675523  ],
       [-1.07671406,  1.57699477]])], [array([ 0.53166706,  0.18471948, -1.80771186, -0.86455749,  1.08034073,
        0.00406759]), array([-1.71017967, -0.5776662 ])]]]
[150, 8, -1, -1, 1, [[array([[ 1.3472235 , -2.29105669, -0.6880683 , -0.08981822,  1.58131797,
         1.90467859],
       [-2.09391341, -2.00250769, -1.25260213, -0.07582362, -0.75969163,
        -2.1403484 ],
       [ 0.88083566, -0.69025637,  1.35126942,  0.46525392,  1.92549621,
         1.29973438],
       [-0.35115585,  1.55358626, -0.2815821 ,  2.29940902, -0.22702832,
        -0.20174472],
       [-0.57612547,  2.30533843, -1.59302794, -1.07223875,  1.44004225,
         1.31936537],
       [-2.1754269 ,  1.84281397,  0.83726272,  0.69500201, -1.97319334,
        -0.57264036]]), array([[-1.15661615, -1.70413489],
       [ 1.0823776 ,  1.14374803],
       [ 2.00933352, -0.10003382],
       [ 1.64179734, -0.27040401],
       [ 2.08349001,  0.48172753],
       [ 0.63740176,  1.37712511]])], [array([-1.63302495,  0.90107548,  1.01075624,  0.7670714 , -1.23822582,
        1.31720958]), array([ 0.04054119, -1.81661079])]]]
[150, 4, -1, -1, 0, [[array([[-1.15210729,  0.04117795,  1.31365143,  0.37356047,  0.1827526 ,
        -2.44428584],
       [-1.00701026, -0.52066358,  0.4524316 , -1.09582526, -1.72282569,
         0.89952145],
       [-1.95283031,  2.26976842, -0.66974666, -2.42083686, -1.02719793,
         1.17887254],
       [-1.64131426,  2.06929929,  1.24659415,  0.57790113,  0.108449  ,
        -2.05705015],
       [-0.45137645, -2.38261231, -1.7139683 , -1.47946017,  0.51347307,
         2.22581184],
       [-1.77209465,  1.78925225, -2.14849932, -0.26299875,  1.17039024,
        -2.17991159]]), array([[-1.02350448, -2.17809594],
       [-0.30814243,  1.49616064],
       [-0.01047874, -0.09053196],
       [-2.44226181, -0.89947431],
       [ 1.54309235, -0.0192623 ],
       [-1.19493181,  1.63105187]])], [array([-0.60744401,  1.24090636,  1.22326317,  0.08670805, -0.83294681,
        0.5193465 ]), array([-1.40351761, -2.03658866])]]]
[150, 9, -1, -1, 1, [[array([[ 0.32463083,  1.79195024, -0.85113479,  2.38210806, -0.6689805 ,
         0.72304102],
       [ 2.25954723,  0.95827155,  0.49891799,  0.45665482, -0.21804622,
        -1.63862464],
       [ 2.1219323 , -1.2645937 , -2.11273985, -0.47794804,  1.30473447,
         2.26786767],
       [-1.38318892, -0.09604591,  1.46894444,  2.20880098,  0.99117707,
        -1.55393072],
       [ 1.57551514,  1.71746256, -0.67026647,  2.12932413, -0.46761317,
        -1.53871702],
       [-0.47530906,  1.1310558 ,  0.16969745,  0.03573095, -1.55919932,
        -1.04947878]]), array([[-0.58005459, -2.28463119],
       [-1.93170347, -1.34721233],
       [ 1.00377423,  1.06128142],
       [ 1.50347122,  0.07790905],
       [-1.90408412,  2.35176743],
       [-0.2119952 , -1.2061596 ]])], [array([ 2.3035799 ,  1.74503802, -0.24290415, -2.05010303,  1.35687557,
        2.39114279]), array([-1.42652587,  1.71436509])]]]
[150, 10, -1, -1, 0, [[array([[ 0.92791197,  1.320258  ,  0.42168032,  1.45343579, -0.37627257,
        -0.80305614],
       [ 0.47063363, -1.40848943, -1.50952416, -0.5480453 , -2.42163696,
         0.46542343],
       [ 2.07684594,  0.52876711, -2.36000989, -1.18756433,  1.48633814,
        -1.54787483],
       [ 0.88464081, -0.94116406, -1.05097326,  0.57359123,  1.08895618,
        -0.06486931],
       [ 1.26843024, -2.17813276, -2.08528234,  0.35636885, -0.60236398,
        -0.94594712],
       [-0.36825947, -0.60743815,  1.67702094,  1.68220453,  1.89377886,
        -0.94099749]]), array([[-1.05179492, -2.43584927],
       [ 0.12422617,  1.22560961],
       [ 1.01453918,  2.24081491],
       [ 0.34581305, -1.81991215],
       [-2.06841716,  1.1405566 ],
       [-1.28784574,  0.57610163]])], [array([-0.42275363, -0.83062097, -1.11118355,  0.62726908,  1.7063284 ,
       -0.38970446]), array([-0.2190387 ,  2.18308305])]]]
[150, 17, -1, -1, 1, [[array([[-1.77207898,  0.15757348,  1.81936584, -0.32421066, -1.23511818,
         1.80467117],
       [-1.94743012, -2.03530504, -0.46855948,  0.16370862, -0.61223298,
        -2.02743483],
       [-2.38699584, -2.13784844,  2.16842267,  0.96330455,  1.95184975,
        -0.5188296 ],
       [ 1.08929125,  0.73900133,  1.35392657,  1.01348646, -1.02752831,
        -1.10678852],
       [ 1.83649917, -1.36922824, -1.5949787 , -1.9193541 , -0.04397716,
         1.51478559],
       [ 0.7582989 ,  1.83780585, -0.75637388, -0.6860106 , -1.19726294,
        -2.0561171 ]]), array([[-0.71277611,  1.18617461],
       [-1.80480315, -0.62592042],
       [ 0.59816474,  1.50870646],
       [ 0.78657568, -1.44469462],
       [ 1.60040014,  0.03774162],
       [ 2.1627298 ,  1.39145177]])], [array([ 0.28670775,  0.04852718,  0.22538218,  0.3667982 , -2.42507539,
        1.41096927]), array([-2.09958655,  1.04695617])]]]
[150, 19, -1, -1, 0, [[array([[-2.40198805,  0.14780465,  0.2670257 , -2.32876032, -1.16792063,
        -1.37479713],
       [-0.48811913,  1.81092379, -1.14425136,  0.48897566,  1.42956729,
        -0.9111823 ],
       [-1.98195848,  0.83294276, -2.17292524, -0.63811009,  2.06460652,
         1.47421572],
       [-0.92993497, -0.24134947,  1.48594626, -1.86284068,  1.88266818,
         1.64232373],
       [-0.67945601,  1.23464151,  1.65523696,  1.01360126, -0.36502704,
        -1.46041191],
       [ 0.18694094, -1.30605074, -0.85979062,  2.42115316, -0.43299211,
         0.51739267]]), array([[ 0.39776618, -1.36615885],
       [-2.30584001, -1.71824022],
       [-0.55683913, -0.44758428],
       [-2.21642807, -1.27029562],
       [-0.88373138,  2.16768019],
       [ 0.48983715, -1.27390127]])], [array([ 1.33044706, -2.04190952,  2.17630893, -0.46492734, -2.22254159,
        0.37700098]), array([1.59055529, 1.98332698])]]]
[150, 14, -1, -1, 1, [[array([[ 0.03348055,  2.26591207, -0.69422404, -0.18085545,  1.59628911,
        -1.49333211],
       [-2.36847403,  1.57133841,  1.38650035,  2.32918339, -1.13554156,
        -0.99074357],
       [ 0.07118988,  1.21770289, -2.31273836,  1.27188202,  1.90106115,
        -0.08189645],
       [ 0.48191973,  0.53592663,  0.23263293,  0.12975933,  0.03324333,
         1.15360262],
       [ 0.60484829, -0.16844673,  2.38587133, -2.32300975, -2.4435343 ,
         0.1886283 ],
       [ 0.55618496, -1.79415999,  0.88583215, -0.22346504,  1.4479272 ,
        -1.29696769]]), array([[-1.14907801, -0.83017933],
       [-1.60609296, -0.52021621],
       [ 0.14863113, -2.00896839],
       [ 1.1329346 ,  0.98029311],
       [ 0.15646675, -0.85762066],
       [-1.9897021 ,  0.18288346]])], [array([-0.7516106 ,  1.65783332, -0.49789722,  0.4480608 ,  1.08914839,
       -0.6309181 ]), array([1.39890842, 1.0670611 ])]]]
[150, 0, -1, -1, 0, [[array([[ 6.90845114e-01,  2.21565318e+00, -3.71661799e-01,
         9.95051017e-01,  1.61316412e+00,  2.30072417e+00],
       [-8.98470951e-01,  1.79206221e+00,  3.05324284e-01,
         6.17716092e-01, -1.40040211e-03, -9.87374781e-01],
       [-1.33844437e+00,  1.75942558e+00, -7.93731819e-01,
        -2.39508135e-01, -6.02954208e-01, -7.60651379e-01],
       [-2.05669749e+00,  1.68848404e+00,  1.66679609e+00,
        -1.90308333e-01,  1.42363796e+00, -2.05958094e+00],
       [ 2.16332949e+00,  9.43432177e-01,  1.13113574e+00,
        -1.46652679e+00,  4.47260981e-01, -6.18103529e-01],
       [ 1.60305421e+00,  6.39174560e-01,  1.41727014e+00,
        -3.95233850e-01, -1.72504435e+00,  1.03553490e-01]]), array([[ 1.27230567, -2.26009207],
       [-1.16627663,  1.10829723],
       [-0.69610615,  2.30907214],
       [-1.8681359 ,  0.42539405],
       [ 1.2871014 ,  0.68476212],
       [-2.3704247 , -2.26139444]])], [array([-1.63277936,  1.09287689, -0.38900702, -1.58920611,  1.39614504,
       -0.22082031]), array([-0.83479718,  0.07567466])]]]
[1146961, 15, 'death']
[1147111, 6, 'death']
[1147261, 11, 'death']
[1147411, 2, 'death']
[1147561, 7, 'death']
[1147711, 18, 'death']
[1147861, 13, 'death']
[1148011, 1, 'death']
[1148161, 21, 'death']
[1148311, 5, 'death']
[1148461, 16, 'death']
[1148611, 23, 'death']
[1148761, 20, 'death']
[1148911, 3, 'death']
[1149061, 24, 'death']
[1149211, 22, 'death']
[1149361, 12, 'death']
[1149511, 8, 'death']
[1149661, 4, 'death']
[1149811, 9, 'death']
[1149961, 10, 'death']
[1150111, 17, 'death']
[1150261, 19, 'death']
[1150411, 14, 'death']
[1150561, 0, 'death']
[1150661, 5, 'birth', 21, 9, 0, [[array([[ 2.18286454,  0.67552812, -1.27886111, -2.20155851,  2.44948974,
         2.04823565],
       [-0.95647881,  0.95827155,  0.49891799,  2.05103685, -0.21804622,
        -1.63862464],
       [ 2.1219323 , -2.44948974, -2.11273985, -0.47794804,  1.64723554,
         2.26786767],
       [-1.38318892, -0.6672226 ,  1.46894444,  2.20880098,  0.99117707,
        -0.39980994],
       [ 1.57551514,  1.71746256, -0.17086438,  2.44948974, -0.46761317,
        -1.53871702],
       [-0.47530906,  1.1310558 ,  0.16969745,  0.03573095, -1.55919932,
        -1.04947878]]), array([[-0.58005459, -1.41421356],
       [-1.41421356, -1.34721233],
       [ 1.00377423,  1.06128142],
       [ 1.41421356,  0.07790905],
       [-1.41421356,  1.41421356],
       [-0.2119952 , -1.2061596 ]])], [array([ 2.3035799 ,  1.74503802, -0.24290415, -2.44948974,  1.35687557,
        2.39114279]), array([-1.41421356,  1.41421356])]]]
[1150661, 6, 'birth', 21, 5, 1, [[array([[ 2.18286454,  0.67552812, -1.27886111, -2.44948974,  2.43032745,
         2.04823565],
       [-0.95647881,  1.41120275,  2.32708366,  1.99186875,  0.17667981,
         0.61602509],
       [-0.17830702,  1.68000326,  0.90055398,  1.05255331, -1.92769707,
        -0.70986198],
       [ 0.2378276 , -0.30801496, -1.77971258, -2.25692651, -0.80905877,
        -0.49089502],
       [ 0.58221478,  0.47004069, -1.26882349, -1.12498453, -0.96123329,
         1.1513951 ],
       [ 0.54199822, -2.44948974,  1.17529238, -0.53989484,  1.70287326,
         1.8277129 ]]), array([[ 1.41421356, -1.41421356],
       [ 0.11965626, -1.30766444],
       [-1.41421356,  1.41421356],
       [ 1.41421356,  0.23522905],
       [-0.04387097,  1.24016542],
       [ 1.41421356,  1.41421356]])], [array([-1.80458786, -1.5915263 ,  0.5597721 , -2.44948974,  2.39257234,
       -0.13245169]), array([1.41421356, 0.88760208])]]]
[1150661, 9, 'birth', 11, 22, 0, [[array([[-2.38019406,  2.10908922,  2.14663189, -2.19160991,  2.29283547,
        -0.07539349],
       [-1.34921081, -0.33762848, -0.73563061,  2.19706298, -0.3717983 ,
        -1.63761179],
       [ 0.30270436, -0.17477854,  0.57080256,  1.06710521,  0.71323267,
        -2.38105463],
       [ 1.76667129,  1.93106086, -1.47628198, -2.01961864, -2.1041115 ,
         2.44948974],
       [ 1.4734011 ,  1.03249044,  0.44106733,  1.31902299,  0.31273957,
        -0.40839437],
       [-0.66473647, -1.07799823,  0.75448614,  2.44948974,  1.87820316,
         0.97270165]]), array([[-0.2340395 ,  1.07727426],
       [-0.71618033, -1.41421356],
       [-0.64689168, -1.41421356],
       [ 1.35029969,  0.54215485],
       [ 1.41421356,  0.86930293],
       [ 0.08285195, -1.08783168]])], [array([-0.11072223,  1.16809442,  0.53793072,  0.91823811,  0.24141358,
       -1.09281975]), array([-0.83259399,  0.40590318])]]]
[1150661, 1, 'birth', 13, 9, 0, [[array([[ 0.08677963,  0.89878189,  0.67300816,  0.70848689, -0.6689805 ,
         0.72304102],
       [ 2.25954723,  0.95827155,  0.49891799, -2.44948974, -0.21804622,
        -0.2160373 ],
       [ 2.1219323 , -1.2645937 , -2.11273985, -0.39695922,  1.40357248,
         2.44948974],
       [-0.23415475, -1.32668908,  1.46894444,  2.20880098,  2.10091546,
        -1.55393072],
       [ 1.57551514,  1.71746256, -0.67026647,  1.01129714, -0.46761317,
        -1.53871702],
       [-0.47530906,  1.1310558 , -1.05464361,  0.03573095, -1.55919932,
         2.44948974]]), array([[-0.58005459, -1.41421356],
       [-1.41421356, -1.34721233],
       [ 1.41421356,  1.06128142],
       [ 1.41421356,  0.07790905],
       [-1.41421356,  1.41421356],
       [ 0.28360627, -1.41421356]])], [array([ 2.3035799 , -2.05859842, -0.24290415, -2.05010303,  1.35687557,
        2.39114279]), array([-1.41421356,  1.41421356])]]]
[1150661, 18, 'birth', 7, 3, 0, [[array([[ 0.2120055 ,  1.65748938,  0.10233488, -0.67065778,  1.05180698,
        -1.26045668],
       [-2.19827797, -1.39642489, -2.02341773,  1.66838322,  2.42344809,
         0.20048258],
       [ 0.07941579, -0.74812629,  2.16923368,  0.27632108, -0.23855619,
         1.45432262],
       [-2.44948974,  1.20191443,  0.61980959, -0.4945684 ,  1.38761554,
         1.89941676],
       [-1.15102179, -0.20009415, -2.44948974,  1.89752344,  2.01526033,
        -2.0857354 ],
       [-0.46106514, -1.04558965, -0.04522302,  2.00402672, -0.98586712,
         0.89266128]]), array([[ 0.99901497,  1.41421356],
       [ 1.18988768,  0.51661543],
       [-0.7537372 , -1.41421356],
       [ 1.24253672,  1.41421356],
       [ 1.41421356, -0.29617334],
       [ 1.18319919, -1.41421356]])], [array([ 2.44948974,  1.36400242, -2.3857709 , -1.83632995, -0.59358779,
        1.53880817]), array([1.41421356, 1.41421356])]]]
[1150661, 8, 'birth', 10, 6, 1, [[array([[ 0.92791197,  1.320258  ,  0.42168032,  1.45343579, -0.37627257,
        -0.80305614],
       [ 0.47063363, -1.40848943, -1.86829738, -0.5480453 , -2.42163696,
         0.46542343],
       [ 2.44948974,  0.52876711, -2.36000989, -2.44948974,  1.48633814,
        -1.54787483],
       [ 0.88464081, -0.94116406, -1.05097326,  0.57359123,  1.08895618,
        -2.15424586],
       [ 2.31279156, -2.17813276, -2.08528234,  0.35636885, -0.60236398,
        -0.94594712],
       [-0.36825947, -1.96378909,  1.67702094,  0.08891821,  1.89377886,
        -1.44899561]]), array([[ 1.41421356,  1.41421356],
       [-1.41421356,  0.01492636],
       [-1.41421356,  0.28445342],
       [-1.41421356, -0.75417586],
       [-0.95310543,  0.59602459],
       [-0.85920818, -0.54412794]])], [array([ 0.37101184, -2.04450377,  0.17005978,  1.28044193, -2.2702005 ,
        1.90011129]), array([ 1.41421356, -0.05838352])]]]
[1150661, 2, 'birth', 7, 18, 0, [[array([[ 0.2120055 ,  2.44948974,  0.07084208, -0.67065778,  1.05180698,
        -1.26045668],
       [-2.19827797, -0.99806543, -2.02341773,  0.66119628,  2.44948974,
         0.20048258],
       [ 0.07941579, -0.74812629,  2.16923368,  1.29204978, -0.23855619,
         1.45432262],
       [-2.33814047,  1.20191443,  0.61980959, -0.4945684 ,  1.38761554,
        -0.10818018],
       [ 0.35058943, -1.66686914,  2.44711978, -2.07629499,  1.59027797,
        -2.44948974],
       [-1.73542991, -0.56955348,  2.40711894,  0.88428292, -2.08361567,
        -1.67193755]]), array([[-1.09739978, -0.60131815],
       [ 0.04744815,  1.41421356],
       [-1.37481822,  1.29381321],
       [ 1.41421356, -1.41421356],
       [ 1.41421356, -1.41421356],
       [ 1.41421356, -1.41421356]])], [array([ 2.44948974,  0.11977825,  1.0029537 ,  1.88487457,  1.90450669,
       -0.19149014]), array([ 1.1834585 , -0.36595855])]]]
[1150661, 11, 'birth', 13, 5, 1, [[array([[ 0.08677963, -2.01563465,  2.33357573,  0.70848689,  0.21805343,
        -1.33639342],
       [ 0.77905199, -1.36743444, -0.51561188,  0.79501697,  2.44948974,
         2.44948974],
       [ 1.26501148, -2.44948974,  0.34608148,  0.27899557,  1.82169432,
        -1.87719298],
       [-2.05003999,  2.44948974, -0.62598263, -1.06013949, -2.36454964,
         0.62518487],
       [-1.52744793,  0.18302644,  1.12481468,  0.40468377,  0.85491364,
        -0.66641705],
       [ 1.57306057, -2.05176875, -2.05661277, -1.05445863,  0.3397588 ,
        -2.09596807]]), array([[-0.58358559, -1.2733777 ],
       [-0.44176847, -1.41421356],
       [ 1.05048895,  0.83088721],
       [ 1.41421356,  1.41421356],
       [-1.38294177, -1.37069135],
       [-1.41421356,  1.41421356]])], [array([ 1.48982243, -1.9198094 , -1.00854299,  0.02628454,  2.39257234,
       -0.13245169]), array([1.41421356, 0.88760208])]]]
[1150661, 13, 'birth', 19, 1, 1, [[array([[-2.40198805,  0.14780465,  0.2670257 , -2.32876032, -1.16792063,
        -0.36677101],
       [-0.48811913,  2.44948974, -1.14425136,  0.48897566,  1.42956729,
        -0.9111823 ],
       [-1.98195848,  0.83294276, -2.17292524, -0.63811009,  2.06460652,
         1.47421572],
       [-0.92993497, -0.24134947,  1.48594626, -1.86284068,  1.88266818,
         1.64232373],
       [-0.67945601,  2.44948974,  1.65523696,  1.01360126, -0.36502704,
        -1.46041191],
       [ 0.18694094, -1.30605074, -0.48523597,  2.42115316, -0.43299211,
         0.51739267]]), array([[-0.38528775, -0.10494422],
       [ 0.54092672,  1.18038767],
       [ 1.41421356, -0.5485488 ],
       [ 1.27774038,  1.41421356],
       [-1.41421356,  0.199495  ],
       [ 1.41421356,  0.47762413]])], [array([ 1.28345039,  2.04115487, -2.27293739, -2.33275044, -0.9489015 ,
       -2.44948974]), array([-1.41421356,  1.41421356])]]]
[1150661, 16, 'birth', 4, 9, 1, [[array([[-1.15210729,  0.04117795,  1.31365143, -2.44948974,  0.1827526 ,
         1.51764598],
       [-2.44948974,  2.44948974,  0.4524316 , -1.09582526, -1.962862  ,
         0.89952145],
       [-1.95283031,  2.26976842, -0.66974666, -2.42083686, -1.02719793,
         2.44948974],
       [-1.64131426, -0.09604591,  1.46894444,  2.20880098,  0.99117707,
        -1.55393072],
       [ 1.57551514,  1.71746256, -0.67026647,  2.12932413, -0.46761317,
        -1.53871702],
       [-0.47530906,  2.44948974, -2.44948974, -0.54305628, -1.55919932,
        -1.04947878]]), array([[-1.41421356, -1.41421356],
       [-1.41421356, -1.34721233],
       [ 1.00377423,  1.06128142],
       [ 1.41421356,  0.07790905],
       [-1.41421356,  1.41421356],
       [-0.2119952 , -1.2061596 ]])], [array([ 2.3035799 ,  1.74503802, -0.24290415, -2.05010303,  2.44948974,
        2.39114279]), array([-1.41421356,  1.41421356])]]]
[1150661, 20, 'birth', 4, 22, 1, [[array([[-1.15210729,  2.44948974,  1.31365143, -1.24921516,  1.67792718,
        -1.90123657],
       [-2.44948974, -0.52066358,  0.4524316 , -1.09582526, -1.72282569,
         0.89952145],
       [-1.95283031,  2.26976842, -0.66974666, -2.42083686,  1.28525061,
         1.17887254],
       [ 1.43242119,  2.06929929,  1.24659415,  0.57790113,  0.108449  ,
         2.44948974],
       [-0.45137645, -2.44948974, -1.7139683 , -1.47946017,  0.51347307,
         2.22581184],
       [-1.77209465,  1.78925225, -2.14849932, -2.2553274 ,  1.34449385,
        -1.03433026]]), array([[ 1.13161928,  1.07727426],
       [-0.71618033, -0.58229249],
       [-0.64689168, -0.09819831],
       [ 1.35029969,  0.54215485],
       [ 1.41421356,  0.86930293],
       [ 0.08285195, -1.08783168]])], [array([-0.11072223,  1.16809442, -0.38698389, -0.84124459, -0.39954421,
       -1.09281975]), array([-0.08653937,  1.41421356])]]]
[1150661, 10, 'birth', 4, 5, 0, [[array([[-1.15210729,  0.04117795,  1.31365143,  0.37356047, -0.21907876,
        -2.44428584],
       [-1.00701026, -0.52066358,  0.4524316 , -1.09582526, -1.72282569,
         0.89952145],
       [-2.44948974,  2.44948974, -0.66974666, -2.42083686, -1.02719793,
         1.17887254],
       [-1.64131426,  2.06929929, -0.24122238,  0.57790113,  0.108449  ,
        -2.05705015],
       [-0.45137645, -2.38261231, -1.7139683 , -1.47946017,  0.51347307,
         2.22581184],
       [-0.12968266,  1.78925225, -2.14849932, -0.26299875,  1.17039024,
        -2.17991159]]), array([[-1.02350448, -1.41421356],
       [-0.30814243,  1.41421356],
       [-1.41421356,  1.41421356],
       [ 1.41421356,  0.23522905],
       [-0.04387097,  1.24016542],
       [ 1.14592247,  1.41421356]])], [array([-1.80458786, -1.5915263 ,  0.5597721 , -0.10697278,  2.39257234,
       -0.13245169]), array([1.41421356, 0.5028523 ])]]]
[1150661, 22, 'birth', 11, 5, 1, [[array([[ 0.00413893,  0.98228013,  2.14663189, -0.83252551,  2.29283547,
        -0.07539349],
       [-1.34921081, -1.18349429, -0.73563061,  2.19706298, -1.32137572,
        -1.63761179],
       [-0.94324162, -0.17477854,  0.57080256, -2.13155689,  2.44948974,
        -2.38105463],
       [ 2.44948974,  0.20594545, -1.47628198, -2.44948974, -2.1041115 ,
         2.1707094 ],
       [ 1.4734011 ,  1.03249044,  0.44106733,  1.31902299,  0.31273957,
        -0.40839437],
       [-0.66473647, -1.07799823,  0.75448614,  2.10687737,  1.87820316,
         0.97270165]]), array([[-0.2340395 , -0.80287741],
       [-1.41421356,  1.41421356],
       [-1.41421356, -1.28409118],
       [-1.41421356, -1.37363594],
       [ 0.93041253,  1.20657926],
       [ 0.83337851, -1.41421356]])], [array([ 1.97070764,  2.40797132,  0.5597721 , -0.10697278,  2.39257234,
       -0.13245169]), array([1.41421356, 0.88760208])]]]
[1150661, 0, 'birth', 20, 5, 1, [[array([[-2.44948974, -2.17342864, -2.44948974, -1.43741119, -2.44793097,
        -2.32167558],
       [-1.05782649, -2.07620252,  1.3566803 ,  0.19560798, -1.80170017,
        -0.48919439],
       [-0.47675145,  1.85349039,  0.73200412, -0.89029205,  0.04689337,
         1.66777234],
       [ 1.0706108 ,  0.54099099, -2.29700758, -2.44948974,  0.43272382,
         2.37009362],
       [-2.16201109, -1.46174913, -1.49383983, -0.25492234,  1.70569915,
         1.1513951 ],
       [ 0.54199822, -0.84862438, -2.03516564, -0.53989484,  1.70287326,
         1.8277129 ]]), array([[ 1.41421356, -1.41421356],
       [ 0.11965626, -1.41421356],
       [-1.41421356,  1.41421356],
       [ 1.41421356,  0.23522905],
       [-0.04387097,  1.41421356],
       [ 1.14592247,  1.41421356]])], [array([-1.80458786, -1.5915263 ,  0.5597721 , -0.10697278,  2.39257234,
       -0.13245169]), array([1.41421356, 0.88760208])]]]
[1157911, 24, 'birth', 5, 11, 0, [[array([[-0.90332706,  0.67552812, -1.27886111, -2.20155851,  2.44948974,
         2.04823565],
       [-0.06138902,  0.95827155,  0.49891799,  2.05103685, -0.21804622,
        -1.63862464],
       [ 2.1219323 , -2.44948974, -2.11273985, -0.47794804,  2.42901794,
         2.26786767],
       [-1.38318892, -0.6672226 ,  1.46894444,  2.20880098,  0.99117707,
        -0.7146994 ],
       [ 1.57551514,  1.71746256, -0.17086438,  2.44948974, -2.44948974,
        -1.53871702],
       [-0.47530906,  0.58020319, -2.44948974,  1.86207873, -1.55919932,
        -1.04947878]]), array([[-0.58005459, -1.41421356],
       [-1.41421356, -1.34721233],
       [ 1.00377423,  1.06128142],
       [ 1.41421356,  0.07790905],
       [-1.41421356,  1.12287825],
       [-0.2119952 , -1.2061596 ]])], [array([ 2.3035799 , -1.9198094 , -1.00854299,  0.02628454,  2.39257234,
       -0.13245169]), array([1.41421356, 0.88760208])]]]
[1310913, 14, 'birth', 1, 8, 0, [[array([[ 0.08677963,  0.89878189, -2.44948974,  2.44948974, -0.6689805 ,
         0.72304102],
       [ 2.25954723,  0.95827155,  0.49891799, -2.44948974, -0.21804622,
        -0.2160373 ],
       [ 2.1219323 , -1.2645937 , -2.11273985, -0.39695922,  1.40357248,
         2.44948974],
       [ 0.29548541,  1.8704175 ,  1.46894444,  2.28978667,  1.07117241,
        -1.55393072],
       [ 2.44948974,  1.71746256, -0.67026647,  1.01129714, -0.60236398,
        -0.94594712],
       [-0.36825947, -1.96378909,  2.44948974,  0.08891821,  1.89377886,
        -1.44899561]]), array([[ 1.41421356,  1.41421356],
       [-1.41421356,  0.04739962],
       [-1.41421356, -0.28843963],
       [-0.38779483, -0.75417586],
       [-0.95310543, -1.06534022],
       [-0.85920818, -0.54412794]])], [array([ 0.37101184, -2.04450377,  0.17005978,  1.28044193, -2.2702005 ,
        1.90011129]), array([ 1.41421356, -0.05838352])]]]
[1878318, 5, 'death']
[1878468, 6, 'death']
[1878618, 9, 'death']
[1878818, 1, 'death']
[1878968, 18, 'death']
[1879118, 8, 'death']
[1879268, 2, 'death']
[1879418, 11, 'death']
[1879568, 13, 'death']
[1879718, 16, 'death']
[1879868, 20, 'death']
[1880018, 10, 'death']
[1880168, 22, 'death']
[1880318, 0, 'death']
[1881518, 24, 'death']
[1881718, 14, 'death']
[1881718, 'Extinction!']
