[time, indiv, parent1, parent2, gender, brain]
[150, 11, -1, -1, 0, [[array([[ 1.40135386,  2.44301726, -1.64403805, -1.67358903,  2.0613173 ,
         1.68851032],
       [ 0.37335529, -0.88715506, -1.67463184,  2.13973572,  1.02204287,
         0.11838367],
       [-2.32530892, -2.12571471,  1.1518684 , -2.28735406, -1.07192493,
        -0.86905929],
       [ 1.63661648, -0.67815596,  2.28063841,  2.3556368 ,  0.58770371,
         1.8227024 ],
       [ 2.07127526,  2.37055951,  0.03022613,  0.29710606, -0.78244447,
         2.27471249],
       [-1.17590827,  2.4422148 , -0.99311341,  0.19971666, -0.40992256,
         2.40074131]]), array([[-0.71873648, -0.63885977],
       [-1.09878541, -2.20992706],
       [-2.03968047,  2.12074133],
       [ 2.2283153 ,  1.78647982],
       [-1.35454585,  1.94721251],
       [-0.17663702, -0.52878112]])], [array([ 1.80391405, -2.05595647,  1.76362279, -2.43222851, -1.10852703,
        0.03750028]), array([-0.60856328, -0.5396308 ])]]]
[150, 3, -1, -1, 1, [[array([[-0.62783461, -0.31413485, -2.11686449,  0.12057029, -1.75713029,
         0.25602967],
       [-0.52154133,  0.61402279,  1.99994482,  0.28550618, -1.2968147 ,
        -1.14136938],
       [-1.36508628,  0.49344386, -1.69449107,  0.03193787, -0.68020513,
        -1.36329813],
       [-0.01781751, -1.09994259,  1.15129273,  2.11236754,  1.65554281,
        -0.27595473],
       [-1.48135634, -1.25998804,  0.63350883, -2.27578014, -2.2396624 ,
         1.65200457],
       [ 0.25875202,  1.63738838,  1.3628609 ,  1.83579241,  0.1382475 ,
        -0.2023462 ]]), array([[ 1.21816272,  0.60579957],
       [ 2.13164628,  0.6998204 ],
       [ 1.72340793,  2.33442788],
       [ 1.78446863, -1.79549235],
       [-2.34201239,  0.72238577],
       [ 0.75733505, -0.18674996]])], [array([-1.44988612, -0.57656612,  0.56310553, -2.44806525, -0.35097182,
       -0.76186172]), array([-1.79943706,  2.17084583])]]]
[150, 12, -1, -1, 0, [[array([[-1.49793878, -1.86065189, -0.43827938, -0.07474531,  0.79756139,
         0.62558017],
       [-1.78442891, -0.14614328,  0.77875096, -1.24863845, -0.56599359,
         1.75555966],
       [ 0.38234832,  0.63092111,  2.18726519,  0.46392936, -1.25899171,
         1.80968136],
       [ 1.34681066, -0.39559106, -1.62728009, -1.98846841, -0.05296868,
        -1.25857223],
       [ 0.90632466, -1.99965661, -1.27043374, -1.1831228 ,  1.03723991,
         2.37017297],
       [ 1.93972861,  1.41228137, -0.46753352,  1.39921828,  0.26343804,
         1.41017407]]), array([[ 0.93490814, -0.37284772],
       [ 2.13341206, -0.6799083 ],
       [-1.78571495,  0.54605071],
       [ 1.57337734,  1.09464695],
       [ 2.3558132 ,  1.33687671],
       [-0.87110683,  1.64342044]])], [array([-1.01303803,  1.54420811, -0.16501519,  1.89375433,  0.78849297,
        1.56697046]), array([-2.03269046,  1.3171304 ])]]]
[150, 13, -1, -1, 1, [[array([[ 0.67414255,  0.21903824,  1.6675995 ,  0.34925467, -1.800452  ,
        -1.62278969],
       [ 0.86945093,  1.30776867,  0.92553232,  1.09456109, -0.15522335,
         2.36461398],
       [-0.65928388, -1.52279957, -1.99217613, -0.46569299,  2.05137918,
         0.58176907],
       [-0.02773185, -0.72570361,  0.12024425, -2.35404837, -0.33976844,
         1.46899391],
       [-0.871211  ,  0.6569256 , -1.87364424,  1.41079787, -0.7299416 ,
        -1.75135074],
       [ 0.6561828 , -0.75047814,  1.91405617,  1.54179988,  2.40802395,
         2.23659332]]), array([[-0.4969163 , -2.18605259],
       [ 2.36910821, -1.89482602],
       [-0.93605116,  1.59061994],
       [-0.89611217,  0.68725606],
       [-1.45104124,  1.23620482],
       [-1.88609608, -0.91621801]])], [array([ 1.7513672 , -2.08768555, -0.37455606,  1.71914588,  0.15639667,
        1.07180102]), array([2.20413796, 1.3871866 ])]]]
[150, 4, -1, -1, 0, [[array([[-0.98606638, -1.66169319,  2.18121409,  1.62799836, -1.24745708,
        -0.86919193],
       [-0.10059831,  0.34000961,  2.3903162 ,  0.71606338, -0.54691649,
         2.37024839],
       [ 0.95460242,  1.89397952,  0.22494064, -0.06945497, -1.11546473,
         2.0637683 ],
       [-1.71125625,  0.86574557,  1.67401612, -0.71265146, -0.90122908,
         1.3860236 ],
       [ 0.07923496, -1.00344147,  0.42608696,  2.41207395, -1.20360501,
        -2.03010075],
       [-2.32059439, -0.3319715 , -0.21095206,  0.87088486,  2.04962205,
        -1.68002508]]), array([[-1.8239375 ,  0.67678098],
       [ 0.81215936,  0.69271735],
       [ 0.0490873 , -1.74407299],
       [ 0.56067217, -1.32225382],
       [ 2.37461048, -0.78050477],
       [-2.12915391,  0.08944598]])], [array([-0.48010336,  0.68107406,  0.68781614,  2.09318291, -0.08387994,
       -1.10971128]), array([2.17178742, 2.13520813])]]]
[150, 8, -1, -1, 1, [[array([[-1.77031062,  1.36820463, -1.14814327,  0.86031907, -2.43231567,
        -1.69206951],
       [-0.47847786,  1.32427672, -1.98440141, -0.95089804,  0.80954052,
        -1.90752602],
       [-1.41211146, -0.83615509,  0.96854631,  0.22125685,  1.13727624,
         0.49361975],
       [-0.95293812,  1.52650673, -0.86457491,  0.13275376, -1.35088472,
         1.68946581],
       [ 0.6724336 , -0.6218578 ,  0.49750099, -1.01168836, -1.37692821,
        -0.16964069],
       [-1.62630566,  2.31045369,  1.40840305,  0.5211962 ,  0.58665159,
        -0.8889059 ]]), array([[-2.03624388,  0.73656693],
       [ 1.22518815, -1.74693606],
       [-2.14492846,  1.62025842],
       [ 2.30918029, -1.96709299],
       [ 0.30652508, -1.05604045],
       [ 1.74710224, -0.42619193]])], [array([ 1.1042719 , -0.92683675,  0.25867415, -0.04762962, -1.99410315,
       -2.1996614 ]), array([ 2.22468687, -0.89843725])]]]
[150, 9, -1, -1, 0, [[array([[-1.12314742, -1.50130012, -2.00175229,  2.10018235,  0.77386883,
        -2.34546639],
       [ 1.49558431,  1.73900493, -2.40028664,  1.07969038, -1.40187381,
        -0.84029009],
       [ 1.55949961, -0.76146388,  1.97499559, -1.46654611, -0.542504  ,
        -2.01960752],
       [ 2.10607054,  1.31134251, -0.95143857,  1.28061725,  0.16044257,
         0.29217192],
       [ 1.81260914,  0.16983672,  0.17659801,  0.2098433 , -2.43636822,
         0.98569331],
       [-1.63046376,  1.74629884,  1.94758967, -0.08686664,  1.72377139,
         1.96897489]]), array([[-1.6937385 , -1.74145964],
       [ 0.91425435, -1.72597794],
       [-0.94840742,  1.39921755],
       [-1.39091202,  1.97313087],
       [ 0.0311983 , -0.73724213],
       [ 2.28423094, -2.44889453]])], [array([-2.33013963, -0.39422217,  0.69960767,  2.22322456,  0.59816273,
        0.18651096]), array([-0.69855265,  0.07224036])]]]
[150, 24, -1, -1, 1, [[array([[ 1.49767029, -1.57280383,  2.08929445, -0.71596116,  2.1594774 ,
        -0.54537508],
       [-0.92156652, -2.20475659,  0.74030797,  1.29333675,  1.38086   ,
         0.07898172],
       [ 2.39315014,  2.15806302,  0.09526001, -0.30098131, -1.15608102,
        -0.85825018],
       [ 1.95541077,  1.27055705,  0.50202272, -1.02539282, -2.39954096,
        -1.0797431 ],
       [-1.06162403, -2.06278122,  0.67259582, -0.6538903 ,  2.13034112,
         0.33208642],
       [-0.14290281, -1.97558787,  1.30781384,  0.54568803, -0.45286383,
        -1.30735152]]), array([[-2.10054223,  1.92601571],
       [-0.55193388,  0.87215263],
       [ 0.98456594, -1.58032223],
       [ 0.08564437, -1.25158699],
       [-2.01588539,  2.28606168],
       [ 0.82935057,  2.31827019]])], [array([ 1.77423113, -2.30440695,  0.9530984 , -1.57183961,  2.26775379,
       -0.13724685]), array([1.73246149, 1.80542618])]]]
[150, 18, -1, -1, 0, [[array([[ 1.71515719,  1.08330538,  0.226023  , -1.87487911,  1.0070011 ,
         2.19098854],
       [ 0.93755165, -0.05513714, -0.0240553 ,  0.24851454, -1.77933612,
         1.83081741],
       [-1.21369455,  0.72453728,  0.31484924, -1.06437924, -1.31108828,
         0.82878792],
       [ 1.04531438, -0.9655853 , -2.11513219,  1.19759206, -0.78730388,
        -2.24857992],
       [ 1.00577008, -0.53426548, -0.43829427,  1.49930301, -1.55746823,
         0.44155759],
       [ 1.47912822, -1.7668602 , -1.86888419, -0.10298364, -1.94932397,
         0.89433441]]), array([[ 1.83860064,  1.20037857],
       [-0.48175668,  1.7052749 ],
       [ 1.070562  , -1.92474051],
       [ 2.23982415,  2.05778016],
       [-1.17519296, -1.75890646],
       [-1.90778769,  2.1754762 ]])], [array([-0.44122308,  1.95295868, -0.57708516, -0.84831784, -0.08770222,
        1.04736969]), array([ 0.87159725, -0.61992753])]]]
[150, 5, -1, -1, 1, [[array([[-6.59989923e-01,  2.33611353e-01,  2.13986061e+00,
        -1.17672727e+00,  2.09483068e+00, -1.06817154e-01],
       [-1.79145596e-01,  1.87536652e+00,  2.14848958e+00,
         9.27448046e-01,  1.59230605e+00,  1.57742460e+00],
       [ 2.27067199e+00, -6.73017911e-01, -2.18654674e+00,
         7.06989514e-01, -2.01485029e-03,  2.41752494e+00],
       [-1.36656181e+00,  2.11314022e+00, -1.13777801e+00,
         1.25670276e+00,  1.41585296e-01,  6.68825279e-01],
       [-5.94944586e-02, -7.01523147e-01, -2.22533743e+00,
         1.11306947e+00,  9.58904480e-01, -1.04182054e-02],
       [ 1.59481321e+00, -5.74723820e-02,  1.43473704e+00,
         6.90807144e-01, -7.45391135e-01, -1.06487300e+00]]), array([[ 2.25363135, -1.9009696 ],
       [-1.83283853,  2.30933691],
       [-0.43853878, -1.84897737],
       [ 0.21665493, -2.22363993],
       [ 0.64656885,  1.28753388],
       [ 1.02175883, -1.96083863]])], [array([-1.24799507,  0.32081603,  1.89539435,  0.43414871, -1.80448638,
        0.1079962 ]), array([-1.57399482, -0.09799381])]]]
[150, 6, -1, -1, 0, [[array([[-1.09016187, -2.36133858,  1.02818666,  1.51645296,  0.63265169,
        -0.70219106],
       [ 2.24776207,  2.0110962 ,  2.13999745, -1.92802166,  2.19916628,
         1.61425721],
       [ 2.16636949, -2.00252824, -0.12327727,  2.19911729,  1.56578493,
        -0.49104435],
       [ 0.27764766, -0.30118585, -1.64113569, -0.82102712,  1.12954729,
         0.96830034],
       [-0.67229742,  0.68372468, -0.84482174,  0.17610456, -2.08138878,
        -2.16133252],
       [ 0.30449611,  2.24778759,  0.99218   ,  0.44723894, -2.21901964,
         0.59345667]]), array([[-0.23608787, -1.92264725],
       [-1.15759319, -0.64056104],
       [ 0.26715784,  2.1098265 ],
       [-1.99426335,  0.70725906],
       [ 2.30924713,  0.43116043],
       [ 1.07140932, -2.18041812]])], [array([-0.22740364,  1.60331804,  2.28490792,  1.06700708,  0.70373774,
       -1.39648952]), array([-1.6758219,  0.1526766])]]]
[150, 21, -1, -1, 1, [[array([[ 1.78194738,  1.93088526, -0.08966464, -0.18628223,  0.00371129,
        -0.57637622],
       [ 1.91335949,  1.11036727, -1.45209755, -2.38818077, -2.16260238,
         0.15357291],
       [-0.06122369,  0.65186546, -1.95478318,  0.66822299, -2.25537429,
        -2.00847718],
       [ 0.39961792, -0.2487869 ,  1.22431221, -0.43505356, -1.69276119,
        -1.75756596],
       [ 0.31771299, -1.87527544,  2.06240395,  0.88389498,  1.17171225,
        -1.64815188],
       [-0.32548189,  0.15847753, -2.26570323, -1.73049764, -0.71404332,
         2.2383284 ]]), array([[-2.14605116,  1.95440033],
       [ 1.18575383, -1.46493046],
       [-0.59493974,  0.38717326],
       [ 1.70116375, -0.59376764],
       [-1.68128068, -0.33189842],
       [-2.42709559,  1.92390239]])], [array([-0.05067535,  1.04932301, -0.88113618,  2.04329277,  1.22785166,
        0.11437304]), array([0.18710816, 1.6492206 ])]]]
[150, 15, -1, -1, 0, [[array([[-1.98574994,  0.25877821,  1.96253097,  1.21075269, -1.94319371,
         2.25886539],
       [-1.42971045,  2.44324105, -2.44878885,  2.27888573,  1.47542604,
         1.70109306],
       [ 1.67559421,  2.07643921, -2.20867429,  0.66747769,  0.07583157,
        -2.21623268],
       [ 0.31780201, -1.6641929 , -1.22615474,  2.03308341, -1.92785042,
         0.91678497],
       [ 2.42101957, -1.21900786,  1.36369061, -1.32956606,  2.27836173,
        -0.1278014 ],
       [ 1.35051121, -2.26003014,  1.22450477,  0.23163876,  2.15532353,
         1.2563157 ]]), array([[ 0.36671885, -0.25617985],
       [-0.25568703, -1.66208074],
       [ 1.7312378 , -2.26723445],
       [-1.27238172, -1.03587331],
       [ 1.51182374,  2.3515819 ],
       [-0.69230716, -1.9365681 ]])], [array([ 0.58011851,  0.55079531, -1.11986912, -1.58703462,  0.44221848,
        1.97635819]), array([ 1.78964555, -1.53038887])]]]
[150, 7, -1, -1, 1, [[array([[ 1.28239795,  0.21578458,  0.47981883, -0.91135674, -0.10327008,
         1.99779201],
       [-0.88584795,  1.19862247, -0.94404697,  0.81582322, -1.24024976,
        -2.39782825],
       [-1.70978123, -0.77909931,  1.93480384,  1.69200332,  0.13379479,
        -2.39975503],
       [ 2.25002078,  1.07068561, -1.58491628, -1.57338357,  1.27164802,
         0.99706474],
       [ 0.92871883, -0.09902682, -0.08189168, -1.1733638 , -0.57290371,
        -0.60866397],
       [-0.78359557,  1.871309  , -1.96740164,  2.22324212, -0.30305654,
         2.2478163 ]]), array([[-0.18541885,  2.03773511],
       [-2.29197946,  0.35878021],
       [-2.1713691 ,  1.94210767],
       [-1.95572604,  1.1108515 ],
       [-1.39694781, -1.17013757],
       [-0.99426686, -1.31989125]])], [array([-0.41409596, -2.00345127, -1.19601878,  2.43965357,  1.95929923,
        2.23941292]), array([1.40537831, 0.31261044])]]]
[150, 1, -1, -1, 0, [[array([[-1.80969196e+00,  5.74168251e-01, -1.41796269e+00,
        -1.70568744e+00,  1.42342094e+00,  7.16687004e-02],
       [ 1.47547637e+00, -1.96827387e+00, -1.36972956e+00,
         2.02419595e+00, -1.43944954e+00, -9.20564903e-01],
       [-1.76569737e+00,  1.98518692e+00,  4.03199081e-01,
         4.50351526e-01, -5.23515074e-01,  1.37367815e+00],
       [ 3.72964952e-01, -1.38505324e+00, -5.58981853e-01,
        -1.81564820e+00, -2.40657100e+00,  1.06137496e+00],
       [ 6.16502133e-01, -5.70401003e-04, -1.88199582e-02,
         8.96863106e-01,  7.26699840e-01,  8.69590081e-01],
       [-2.15316111e+00,  5.88613551e-01, -1.86613498e+00,
        -5.89117141e-01,  7.12593492e-02,  1.58797373e+00]]), array([[ 2.170785  ,  0.42677329],
       [ 0.22535302, -1.70877191],
       [-0.01117228,  2.36099262],
       [ 0.99390425,  1.58768755],
       [-1.85372627, -1.20573967],
       [-1.80165616,  0.77305441]])], [array([-1.91395092,  2.19010758,  2.01140658,  0.61234994, -2.13566497,
        0.49414491]), array([-0.1420687 ,  1.44390319])]]]
[150, 14, -1, -1, 1, [[array([[ 2.27990127, -1.52086314,  2.28673736,  2.31239018,  2.23094065,
         2.38092793],
       [ 2.06873758, -1.6091228 , -2.39778709,  1.78342535, -1.52436004,
        -0.28648859],
       [ 1.70103068, -1.99083837,  1.16308626,  0.91561354,  1.50458942,
        -0.67448935],
       [ 0.26866854,  0.36630451, -1.65950028, -1.94243557, -0.74425791,
        -2.23669235],
       [-1.65073721,  2.06474503, -1.16803285, -1.03326276,  1.87188039,
         0.48674982],
       [ 1.05088447, -1.61094886, -1.53876631,  1.63930923,  1.96244448,
         1.51828803]]), array([[-1.48422396, -1.60675486],
       [ 1.43903286,  0.84712989],
       [-2.34281124,  1.67586373],
       [ 1.16375507,  1.86533999],
       [ 1.04301093,  0.94088479],
       [ 2.13275639,  0.66170547]])], [array([ 2.06111866,  0.92884721, -1.23328639, -0.43733327,  2.00799506,
       -1.06824881]), array([-0.68354991,  2.00793452])]]]
[150, 16, -1, -1, 0, [[array([[ 0.30548278,  1.29714457, -1.00841364,  0.82799078,  2.23819274,
         0.1289276 ],
       [ 0.69238615,  0.99488036,  1.94961454,  1.65366194, -1.35706469,
         1.94961412],
       [ 0.77261523,  1.99125338, -2.44093859,  1.50615983,  1.31711035,
         0.11151217],
       [-1.10711529,  1.09472025,  1.80294039,  1.77851899, -0.09088243,
         0.5453738 ],
       [ 1.33812809, -0.10197143, -0.24951471,  0.80379114,  1.1239026 ,
         1.11738646],
       [-2.07449526, -0.19171919,  1.26876539,  2.14789539, -1.93736586,
        -1.47847933]]), array([[ 2.06219874,  1.80383983],
       [ 0.99415533, -1.71257138],
       [-1.0347664 , -1.08799238],
       [-2.44306461, -1.29668025],
       [-1.74544633,  0.46730615],
       [ 1.33926991,  1.71519244]])], [array([-2.11467561, -0.51517878, -2.07878731, -0.29173917, -1.55451276,
       -0.15826594]), array([-0.21130599, -2.16763953])]]]
[150, 20, -1, -1, 1, [[array([[ 1.38665759, -2.19035958, -1.09664336, -0.09640593,  1.53746613,
         0.870769  ],
       [ 0.62701602, -0.25022587, -1.74992897, -1.72734592, -1.93104547,
         1.56483126],
       [ 0.71267275,  0.33268384,  2.41226853,  2.12789517, -2.22431924,
         1.29047129],
       [-0.80693082,  1.55650563, -0.47933706,  1.921221  , -1.48236636,
        -1.19557307],
       [-0.37958258,  1.76503808,  1.42872086, -0.35689718, -1.84755919,
        -1.11916234],
       [-0.69376072,  0.09417386, -1.86327095, -1.61732771, -0.12760144,
         0.49262733]]), array([[-2.37571927,  0.17991416],
       [-0.59650693, -0.74354964],
       [-0.98742274,  1.26636819],
       [-1.25604296,  2.16809653],
       [ 0.58080558, -1.09743478],
       [ 0.16180543, -2.11200668]])], [array([-0.66013735,  1.46868949,  2.4418762 ,  0.3570205 ,  0.87912761,
       -0.65968861]), array([2.15104842, 1.14793683])]]]
[150, 2, -1, -1, 0, [[array([[-2.44268093,  1.77122399, -1.97690038,  1.01664337, -0.25630615,
         0.51409472],
       [ 2.34695396, -0.21117957, -1.33117819,  0.33187999, -1.00869169,
        -2.33222654],
       [ 0.1463763 , -0.52123694, -1.3785214 , -1.43717595,  0.68345321,
         2.07397709],
       [-0.28108224,  1.94202267,  1.23355632, -0.28716616, -1.20497157,
         1.54118392],
       [ 0.85637572, -1.72437798, -0.94906833, -0.80955938, -1.87328795,
        -0.08298286],
       [ 1.81683929, -0.84734936,  2.13591867, -1.02985989,  1.0522793 ,
        -0.91205603]]), array([[-1.21763629e-01, -1.67536043e+00],
       [ 2.77493567e-01,  2.52866441e-01],
       [-6.22019351e-01,  2.38851259e+00],
       [ 1.12374599e+00, -1.65499285e+00],
       [ 9.30537328e-01, -1.62626391e+00],
       [-9.59715239e-05,  1.09209285e+00]])], [array([-0.66139912,  1.36792612, -0.5206099 , -1.50190388, -0.6302681 ,
        0.0453881 ]), array([-0.57279695, -1.56970126])]]]
[150, 10, -1, -1, 1, [[array([[ 1.91378024,  0.79453425,  1.5491469 ,  0.52008788, -2.29710271,
        -1.48894902],
       [ 0.36665572,  1.30092477,  0.09095424,  2.24220838, -1.07973543,
         0.11558917],
       [-1.02054513, -1.70292039,  1.05858668, -0.14384476, -1.98941828,
        -1.98847978],
       [-1.53163448,  0.44738801, -0.53995276,  0.96876901, -0.82989313,
        -1.33733002],
       [ 1.42663026, -2.05114923, -0.59506313,  0.01936891, -0.54980027,
        -1.1029483 ],
       [ 0.42803556, -0.87766349,  1.30912612,  2.37121185,  0.39236633,
         1.30023852]]), array([[ 1.9811817 ,  2.20604525],
       [-0.66699689,  1.6915918 ],
       [ 0.60950209,  1.14706285],
       [-2.04205393, -0.8634745 ],
       [ 0.18650896,  0.18441682],
       [-2.06781282, -0.62596686]])], [array([-0.82185122, -2.44008435, -2.20839775,  0.00343581, -1.46927662,
       -2.27659954]), array([-1.95278748, -1.69804463])]]]
[150, 22, -1, -1, 0, [[array([[ 0.47814242, -1.21017831, -1.11240162,  0.74371162, -1.07101741,
         2.10670543],
       [-1.5266906 ,  2.39296224, -1.45019044, -0.56715295, -2.26004435,
         0.3251073 ],
       [ 1.06135657, -1.42878255, -0.32183184,  2.39530507,  0.86823313,
        -1.40021509],
       [ 0.02658683, -0.58104687, -1.3553362 ,  0.29851382,  0.54365404,
         0.49152346],
       [ 1.4929843 ,  0.52574987,  1.01380962,  0.24778797,  0.39677803,
         1.25092381],
       [ 2.1800422 ,  1.29332756, -1.92981783,  0.11927718, -0.59293655,
        -0.44713554]]), array([[ 2.3338478 ,  2.06533426],
       [ 1.70277433,  1.28178663],
       [ 1.75758825,  2.07429802],
       [-0.67562231, -1.8499486 ],
       [-2.36306799,  1.26152311],
       [-0.83299002, -1.56102832]])], [array([ 0.24262744,  1.80669458,  1.84626569, -0.69924141, -1.6308191 ,
       -0.6172008 ]), array([-0.81753807, -0.49406458])]]]
[150, 0, -1, -1, 1, [[array([[-1.34397998,  1.65302721,  2.42017994, -1.38345248, -0.59353569,
         0.5921126 ],
       [-1.35115016, -0.01563511,  0.8757747 ,  0.57259197,  1.98101548,
         0.06584849],
       [ 0.79476906,  0.13073222, -0.15615431, -2.06623111, -0.93321933,
         2.10662408],
       [ 1.4826002 , -2.00343707,  1.47244413, -2.25184846,  2.14621293,
         0.81385333],
       [ 0.81151622,  1.25168095,  1.20595695, -0.36376151, -0.98895615,
        -0.54458885],
       [ 0.941783  , -0.91541768,  1.64948629,  2.30584069, -0.23369483,
        -0.71491971]]), array([[-0.28840641,  1.97861876],
       [ 2.28846484, -2.21144926],
       [-1.42146595, -1.51901736],
       [-0.44014198,  1.65579552],
       [ 2.3287974 ,  2.11197587],
       [-1.73319773, -1.98161808]])], [array([-1.78549241,  1.08818664, -1.64696982, -1.70060365,  2.34142682,
       -1.98212646]), array([2.38371962, 2.17808194])]]]
[150, 23, -1, -1, 0, [[array([[-0.83573132,  2.09346276, -2.43832415,  1.04617634,  1.3732071 ,
        -2.08935275],
       [ 1.49691558, -1.64988617, -1.97229204,  0.54722562,  0.97944959,
         1.50939312],
       [-1.96674233,  2.27488283, -2.16709094,  1.07068104,  2.40159501,
         2.3849457 ],
       [-0.13734831, -0.90140367,  0.61235813, -2.02533281,  1.23497404,
        -0.178209  ],
       [-1.65706923, -0.84397456, -0.77375292, -0.70909648, -1.57542788,
        -0.74000818],
       [ 0.18879482, -1.93155437, -2.04781762, -0.08528226,  1.84451605,
         1.0187539 ]]), array([[-0.86810371, -0.81249508],
       [ 1.08877803, -0.71203689],
       [ 0.78559362,  1.51710657],
       [ 1.42166053,  1.94091976],
       [ 2.23886932, -1.37770518],
       [-2.02589019, -0.06100759]])], [array([ 0.9730969 , -2.37756082,  1.07943414,  1.75933342, -0.59005395,
       -1.03598528]), array([-2.09323994, -1.01659469])]]]
[150, 17, -1, -1, 1, [[array([[ 1.60033586,  0.12562061,  1.80381187,  1.15185612,  1.9268634 ,
        -0.64079497],
       [-1.59689277, -1.09817574, -2.26423879,  1.41385601,  0.95286117,
         1.91720332],
       [-0.28508292,  0.21223511,  0.46452015,  2.23325636, -2.26050659,
         2.32761924],
       [-2.3656027 ,  1.84593056, -0.45921563, -0.27953949, -1.18945772,
        -0.6322867 ],
       [-1.09427866,  0.09595825,  0.56709991, -0.49734652, -0.41003925,
         0.47794258],
       [ 1.05947401,  0.93471602,  0.02310568, -2.31104371, -0.45337898,
         0.57516175]]), array([[-1.29257272, -2.00681241],
       [-1.33879701,  0.05631376],
       [-1.66973968,  1.85196131],
       [-0.21533677, -0.05766773],
       [-1.61838991,  2.11278441],
       [ 2.02218333,  0.57162853]])], [array([ 2.39931441, -0.53734923, -2.33055008,  0.07929587, -0.62019378,
       -2.15611717]), array([-1.39363683,  2.07737293])]]]
[150, 19, -1, -1, 0, [[array([[-1.50093042, -0.37625147, -0.72888198,  1.30448185, -1.99832114,
         2.25556937],
       [-1.71937785, -1.0845147 , -1.0698037 ,  0.08981002,  1.77808808,
         0.06015888],
       [ 0.19342617,  1.31977654,  0.46883874, -2.17412237,  0.71296497,
        -1.92890992],
       [ 2.430438  , -0.21095524,  0.16373762, -0.34827332,  1.46787985,
        -1.52215019],
       [ 1.24425598, -0.91525428,  2.32713897, -1.75752178,  1.22305999,
         0.48839408],
       [-0.59092327,  1.49452909,  1.96925991,  0.07611223,  0.59347236,
         0.05563329]]), array([[ 2.00430203, -0.05286042],
       [ 0.16636972, -0.62972324],
       [ 1.09730909,  0.19880337],
       [-2.37195929, -1.27220583],
       [-2.20133055, -2.27571509],
       [-1.73602305,  0.73676382]])], [array([ 0.29437493,  0.33410742, -0.01959999, -1.86384075, -0.23718125,
        0.44469702]), array([-1.17464631,  0.7257135 ])]]]
[627706, 11, 'death']
[627856, 3, 'death']
[628006, 12, 'death']
[628206, 13, 'death']
[628356, 4, 'death']
[628556, 8, 'death']
[628706, 9, 'death']
[628856, 24, 'death']
[629056, 18, 'death']
[629206, 5, 'death']
[629406, 6, 'death']
[629556, 21, 'death']
[629706, 15, 'death']
[629856, 7, 'death']
[630006, 1, 'death']
[630206, 14, 'death']
[630406, 16, 'death']
[630656, 20, 'death']
[630806, 2, 'death']
[630956, 10, 'death']
[631106, 22, 'death']
[631306, 0, 'death']
[631456, 23, 'death']
[631606, 17, 'death']
[631756, 19, 'death']
[631906, 13, 'birth', 6, 10, 1, [[array([[-1.09016187, -2.36133858, -0.54068039, -0.66164648,  0.63265169,
        -0.70219106],
       [ 2.44948974,  2.0110962 ,  2.13999745, -1.92802166,  2.19916628,
         1.61425721],
       [ 2.16636949, -2.00252824, -0.12327727,  2.19911729,  1.83289439,
        -2.44948974],
       [ 0.27764766, -0.30118585, -1.64113569, -0.82102712, -2.44948974,
        -1.33733002],
       [ 1.42663026, -2.05114923, -2.44948974,  0.01936891, -0.54980027,
        -1.1029483 ],
       [ 0.42803556, -0.87766349,  1.30912612,  2.37121185,  0.39236633,
         1.30023852]]), array([[ 1.23914062,  1.41421356],
       [-0.66699689,  1.41421356],
       [ 0.60950209,  1.14706285],
       [-1.41421356, -1.06969367],
       [-0.07367391,  0.18441682],
       [-1.41421356, -1.41421356]])], [array([-0.82185122, -2.44008435, -2.20839775,  0.00343581, -1.46927662,
       -2.27659954]), array([-1.41421356, -1.41421356])]]]
[631906, 21, 'birth', 2, 10, 1, [[array([[-2.44268093,  2.44948974, -1.97690038,  1.01664337, -0.25630615,
         0.51409472],
       [ 2.44948974, -0.21117957, -1.33117819,  0.33187999, -1.00869169,
        -2.33222654],
       [ 1.16757236, -0.52123694, -2.44948974, -2.44948974,  0.68345321,
         0.77824578],
       [-0.28108224,  2.44948974, -0.37481753, -0.28716616, -1.20497157,
         1.54118392],
       [ 0.85637572, -1.72437798, -0.94906833, -0.80955938, -1.87328795,
        -0.08298286],
       [ 1.81683929, -0.84734936,  2.13591867,  2.37121185,  0.39236633,
         1.30023852]]), array([[ 1.41421356,  1.41421356],
       [-0.66699689,  1.41421356],
       [ 0.60950209,  1.14706285],
       [-1.41421356, -0.8634745 ],
       [ 0.18650896,  0.18441682],
       [-1.41421356, -0.62596686]])], [array([-0.82185122, -2.44008435, -2.20839775,  0.1717253 ,  0.48177426,
       -2.27659954]), array([-1.41421356, -1.41421356])]]]
[631906, 22, 'birth', 18, 10, 0, [[array([[ 1.91378024,  1.22726208,  1.5491469 ,  0.52008788, -0.82712065,
        -1.48894902],
       [ 0.36665572,  1.30092477,  0.28880196,  2.24220838, -0.77924287,
         0.11558917],
       [-1.02054513, -1.70292039,  1.05858668, -0.14384476, -1.98941828,
        -1.98847978],
       [-2.44948974,  0.44738801, -0.53995276,  0.96876901, -0.82989313,
        -1.33733002],
       [ 1.42663026, -2.05114923, -0.59506313,  0.01936891, -0.54980027,
        -1.1029483 ],
       [ 0.42803556, -0.87766349,  1.30912612,  1.90404953,  0.39236633,
         0.28827387]]), array([[ 1.34505555,  1.41421356],
       [-0.66699689,  1.41421356],
       [ 0.29884866,  1.14706285],
       [-1.41421356, -0.8634745 ],
       [ 0.18650896,  0.18441682],
       [-1.41421356, -0.62596686]])], [array([-0.82185122, -2.44008435, -2.44948974,  0.00343581, -1.46927662,
       -2.27659954]), array([-1.41421356, -1.41421356])]]]
[631906, 7, 'birth', 11, 7, 1, [[array([[ 1.40135386,  2.44301726, -1.64403805,  0.428716  ,  2.0613173 ,
         1.68851032],
       [-0.96509139, -0.30486129, -0.94404697,  0.81582322, -1.24024976,
        -2.44948974],
       [-1.70978123, -0.77909931,  1.93480384,  1.69200332,  0.13379479,
        -2.39975503],
       [ 2.44948974,  1.07068561, -1.58491628, -1.57338357,  1.27164802,
         0.52690747],
       [ 0.92871883, -0.09902682, -0.08189168,  2.44948974, -0.57290371,
        -0.60866397],
       [-2.39382702,  1.85725668, -1.96740164,  2.22324212, -0.30305654,
         2.44948974]]), array([[ 0.67624706,  1.41421356],
       [-1.41421356,  0.35878021],
       [-1.41421356,  1.41421356],
       [-1.41421356,  1.1108515 ],
       [-1.39694781, -1.17013757],
       [-0.99426686, -1.31989125]])], [array([-0.41409596, -2.00345127, -1.19601878,  2.43965357,  1.95929923,
        0.25329045]), array([1.40537831, 0.95106652])]]]
[631906, 1, 'birth', 6, 13, 0, [[array([[-1.00324332, -2.36133858,  1.02818666,  2.44948974,  2.44948974,
        -0.70219106],
       [-2.44948974,  2.0110962 ,  2.13999745, -1.92802166,  2.19916628,
         1.61425721],
       [-0.65928388,  1.76411421, -1.99217613, -0.46569299,  2.05137918,
         0.58176907],
       [-0.02773185, -0.72570361,  0.12024425, -2.35404837, -0.33976844,
        -0.73135026],
       [-2.44948974,  0.6569256 , -1.87364424,  1.41079787, -0.7299416 ,
        -1.75135074],
       [ 0.6561828 , -0.75047814,  1.91405617,  1.54179988,  2.40802395,
         2.23659332]]), array([[-0.4969163 , -1.41421356],
       [ 1.41421356, -1.41421356],
       [-0.93605116,  1.41421356],
       [-0.89611217,  0.68725606],
       [-1.41421356,  1.23620482],
       [-1.41421356, -1.41421356]])], [array([ 1.7513672 , -2.08768555, -0.37455606,  1.71914588,  0.15639667,
        1.07180102]), array([1.41421356, 1.3871866 ])]]]
[631906, 10, 'birth', 2, 13, 1, [[array([[-2.44268093,  1.77122399, -1.97690038,  1.01664337, -0.25630615,
         0.51409472],
       [ 2.34695396, -0.21117957, -1.33117819,  0.33187999, -1.00869169,
        -2.44948974],
       [ 2.44948974, -0.52123694, -1.3785214 , -1.43717595,  0.68345321,
         2.07397709],
       [ 0.56337098,  1.94202267,  1.0951345 , -0.28716616, -0.33976844,
         1.46899391],
       [ 2.44948974,  0.49783074, -1.87364424,  1.41079787, -0.7299416 ,
        -1.26325641],
       [ 0.6561828 , -0.75047814,  1.91405617,  1.54179988,  2.40802395,
         2.23659332]]), array([[-0.4969163 , -1.41421356],
       [ 1.41421356, -1.41421356],
       [-0.93605116,  1.41421356],
       [-0.89611217, -1.41421356],
       [-1.41421356,  1.23620482],
       [-1.41421356,  0.27203523]])], [array([ 1.7513672 , -2.08768555, -0.37455606,  2.44948974,  0.15639667,
        1.07180102]), array([1.41421356, 1.3871866 ])]]]
[763407, 6, 'birth', 22, 10, 0, [[array([[ 1.91378024,  1.22726208,  1.5491469 ,  0.52008788, -0.82712065,
        -1.48894902],
       [ 0.36665572, -0.21117957, -1.33117819,  0.33187999, -1.00869169,
        -2.44948974],
       [ 2.44948974, -0.52123694, -1.36178592, -1.43717595,  0.68345321,
         2.07397709],
       [ 2.42441706,  1.94202267,  1.0951345 , -0.28716616, -0.33976844,
         1.46899391],
       [ 2.44948974,  0.49783074, -1.87364424,  1.41079787,  2.01443914,
        -1.26325641],
       [ 0.6561828 , -2.44948974,  1.91405617,  1.54179988,  2.44948974,
         2.44948974]]), array([[-0.4969163 , -1.41421356],
       [-0.53665667, -1.41421356],
       [-0.93605116,  1.41421356],
       [-0.89611217, -1.41421356],
       [-1.41421356,  1.23620482],
       [-1.41421356, -0.99388758]])], [array([ 1.7513672 , -2.08768555, -0.37455606,  2.28824782,  0.15639667,
        1.07180102]), array([1.41421356, 1.3871866 ])]]]
[780507, 13, 'death']
[780657, 21, 'death']
[780807, 22, 'death']
[780957, 7, 'death']
[781107, 1, 'death']
[781307, 10, 'death']
[781507, 6, 'death']
[781507, 'Extinction!']
