[time, indiv, parent1, parent2, gender, brain]
[200, 9, -1, -1, 0, [[array([[ 2.11217528e+00, -1.21200417e+00, -9.30251308e-01,
        -1.99737516e+00,  2.31493253e+00,  1.84956874e+00],
       [ 2.44124300e+00,  1.24160692e+00, -2.06645972e+00,
        -2.82147901e-01, -1.52676826e+00, -1.46141607e+00],
       [ 2.15401001e+00, -5.39578946e-01, -6.80057263e-01,
         2.10742086e+00, -7.83968253e-01, -1.45157053e+00],
       [ 3.70939961e-01,  3.20264069e-01, -8.71531930e-01,
         1.77761357e-03,  1.25681408e+00, -1.71202301e+00],
       [-1.63098900e+00,  7.67177390e-01,  9.52854639e-01,
        -2.05631089e+00, -1.06432674e+00,  2.10633164e+00],
       [-1.13619693e+00,  1.83068048e+00, -1.21810538e+00,
        -2.12317033e+00,  1.25416412e+00, -1.64015235e+00]]), array([[ 2.1922377 ,  0.48891553],
       [-0.61081563, -1.12440206],
       [-0.33417045, -1.90862743],
       [ 0.88200121, -1.19102182],
       [ 0.64687918,  1.67271312],
       [-2.17992611,  0.14531075]])], [array([-1.04095757, -0.20037522, -2.20214964, -0.06257844,  0.79264921,
       -0.79540592]), array([-0.45964794,  1.83063943])]]]
[200, 24, -1, -1, 1, [[array([[-0.51780754, -0.19391626,  1.62396998, -1.52219568, -2.18887232,
        -0.39092841],
       [-1.39961609,  0.97481297,  1.23437121,  0.42555993, -2.35470937,
         1.34131282],
       [ 1.35732497,  0.44798508, -0.27711276, -0.20063665, -1.95302251,
        -0.11624046],
       [-2.07832246, -0.33060913,  2.14138894, -1.20632799, -0.81390956,
         2.377631  ],
       [-1.98242337,  0.59394792,  0.81361352, -0.6745242 , -0.4906679 ,
         1.02602145],
       [-1.58687696,  2.21824619, -0.59276408,  1.81197979,  0.59916219,
        -1.73785542]]), array([[ 2.43542281, -2.06687292],
       [-2.0004646 ,  0.75443538],
       [ 0.74897879, -1.23169723],
       [ 0.70529524, -0.61596199],
       [-0.40850315,  1.40660025],
       [-0.16146984,  1.94433744]])], [array([ 0.40640483,  2.35328385,  0.41576412,  1.62169035,  1.29197472,
       -0.8489604 ]), array([-2.3417222 , -0.49746032])]]]
[200, 17, -1, -1, 0, [[array([[ 2.01200057, -0.59844748, -2.01434002,  0.64535333, -0.39273585,
        -1.01084756],
       [ 1.29107871,  0.52424204, -2.41199695,  1.6381996 ,  1.90201355,
        -0.95624434],
       [-0.31478013, -1.78772848,  0.32305313, -1.7640084 ,  2.1688484 ,
         0.02447527],
       [ 0.69552088, -0.77970014, -2.41108909, -0.20301759, -1.35372273,
         2.14398339],
       [ 1.66510334,  0.36806164, -1.19400453,  1.63364513,  1.58533764,
         2.28586022],
       [ 0.79313208,  2.1283984 ,  0.68362945,  1.95136178,  0.25114543,
         0.02318816]]), array([[ 1.8353297 , -0.44224512],
       [-0.79916381,  0.84467153],
       [-2.17002548,  0.47094068],
       [-1.7408254 ,  0.62301516],
       [-0.22716545,  2.38926117],
       [-2.39599695,  1.33842695]])], [array([ 0.94151493,  1.57632209,  0.55462456,  0.89269293,  0.98643995,
       -0.94612889]), array([-1.06714644,  0.82896506])]]]
[200, 3, -1, -1, 1, [[array([[-2.3256885 ,  0.98282474,  0.2383488 ,  1.24384086,  1.91038571,
         0.61691515],
       [-0.05205733,  2.3972111 ,  2.24741758, -0.29269449,  1.45127129,
         0.91031193],
       [-2.10812589,  1.56733276,  0.61233377,  0.56350979, -0.57284881,
         1.33983034],
       [ 0.42134911, -1.80336097,  1.05594899, -1.62224017,  1.8206578 ,
         2.43678226],
       [ 0.0041542 , -0.26582076,  1.74926544, -1.28439739, -0.94023159,
         0.10313992],
       [-2.22422358,  0.56212341, -2.40754646, -1.8421245 ,  0.46650889,
        -1.48811463]]), array([[-1.51202278, -2.28214936],
       [-1.84640438, -1.2295581 ],
       [-1.96866577, -0.91373268],
       [-1.20837017,  2.12991222],
       [ 0.8748465 ,  1.77439294],
       [ 1.5850428 ,  1.12955552]])], [array([-1.93316033,  1.03486341, -1.2832765 ,  0.55517763,  2.12789921,
       -1.35862422]), array([1.37345648, 2.0177451 ])]]]
[200, 6, -1, -1, 0, [[array([[ 1.29977931,  0.28406848,  1.97348075, -0.79932599, -0.5558058 ,
         0.31383767],
       [ 1.70672496,  1.29966718,  2.19599373, -2.02804281, -2.41732149,
         1.08752267],
       [-2.08470006, -1.66955286, -1.54840505, -1.62011677,  0.84224838,
         1.83647924],
       [ 1.55164577,  0.64501895,  0.15268616,  0.25764154, -2.3778376 ,
        -1.92036645],
       [ 0.92773588, -1.59702554, -1.11409057,  0.46583223,  0.23683399,
         1.78161948],
       [ 0.0682235 ,  0.33506558,  0.13853977,  0.96687575,  0.19475749,
        -1.66205005]]), array([[ 2.38706968, -0.45055032],
       [-1.6625421 , -0.76832156],
       [ 0.04306833, -1.96271743],
       [-0.94581451, -0.18325755],
       [ 0.55085178, -0.54413623],
       [ 0.56787359,  0.11365744]])], [array([-2.03863908, -2.27316715,  1.8043983 ,  2.06321825, -1.04176789,
        2.43650307]), array([ 0.04986333, -0.35778835])]]]
[200, 19, -1, -1, 1, [[array([[-2.01982331,  1.40474203, -1.12777156, -0.721735  , -2.11456064,
        -0.58657128],
       [-2.12755897, -1.87809959,  0.68806505,  1.27874398,  0.5341234 ,
         1.43120228],
       [ 0.39173543,  2.19258244,  0.07041447,  2.18175938, -1.32086176,
         0.40628262],
       [-0.43347515,  0.23749881,  0.4449529 , -0.56161745,  0.66120335,
         1.09482527],
       [-1.57740312,  0.93931576, -0.50788593,  0.48835209, -1.30746655,
         0.86031196],
       [-0.27803488,  0.74799916, -0.17777494, -1.21647268,  1.27458989,
        -0.20560231]]), array([[-1.39259185, -1.0243354 ],
       [-1.8332347 , -0.61978562],
       [-1.11928649,  0.2179039 ],
       [-1.44179326, -0.35141222],
       [-1.48906012,  0.55544358],
       [ 0.14473243,  1.08688035]])], [array([ 0.90998914, -2.01107956,  0.61085705,  0.28009146, -0.90655824,
        0.55243816]), array([-0.91966115,  2.09400341])]]]
[200, 12, -1, -1, 0, [[array([[ 2.10820950e+00,  2.53219149e-01, -9.38130661e-01,
        -3.22842409e-01,  2.24560679e+00,  1.24803516e+00],
       [ 6.64788970e-01,  1.61353276e+00, -1.97525951e+00,
        -6.55825073e-01, -1.04156753e+00,  2.20070077e+00],
       [ 6.00078756e-03, -2.10510162e+00, -9.49294938e-01,
        -5.55516990e-01, -1.89225154e-01,  9.14809911e-01],
       [-5.02146884e-02, -6.85287433e-01,  1.78571757e+00,
        -7.59825658e-01,  1.32129703e+00, -1.83870081e+00],
       [ 7.44570984e-04, -7.28829982e-01,  1.14634519e+00,
        -4.21186258e-01,  1.61986314e+00, -4.35120642e-01],
       [-1.51130775e+00, -2.43005261e+00, -1.76849077e+00,
        -1.63807611e+00, -2.48389769e-01, -1.48372168e+00]]), array([[-2.04142764, -1.11308648],
       [-1.02761118, -0.56132037],
       [ 0.26699076,  0.91650879],
       [-0.50235584,  2.31614456],
       [-1.37338549,  0.76845847],
       [-0.49093824,  1.73616586]])], [array([ 1.34202222, -0.40710222, -1.74020093, -0.80311766, -0.38353938,
        1.94077999]), array([-1.96936925, -1.30785157])]]]
[200, 8, -1, -1, 1, [[array([[-0.97259887, -0.7339185 ,  0.10335398,  1.66460924, -0.48978492,
        -1.10518846],
       [-0.85014175, -2.41070665, -1.01496808,  2.25501516,  0.23420679,
        -2.3397541 ],
       [ 0.19151134, -1.55463294,  2.40763228,  0.99413848, -2.06320908,
         1.04702934],
       [-1.73495685, -1.0248576 , -1.53644387, -0.25007811, -0.05455843,
        -2.25460013],
       [-2.25796043,  0.58205028,  1.35548229,  1.55482432,  1.24725969,
         1.51345971],
       [ 1.28500855,  0.6507623 ,  0.29504987,  0.64255639,  0.45852015,
        -2.01811441]]), array([[-2.16558373, -0.19509228],
       [-0.31019798,  1.10724675],
       [ 0.394368  ,  1.56967109],
       [-1.79071031, -1.56825491],
       [-0.64269928,  1.76843766],
       [-1.64568223, -2.13778528]])], [array([ 0.20811366, -1.077122  ,  2.40762302,  0.87128985,  0.96712828,
       -1.33081668]), array([-0.80399689, -0.1353832 ])]]]
[200, 22, -1, -1, 0, [[array([[ 1.4224188 , -1.7217312 , -1.84018287,  0.85722557, -1.93378296,
        -1.05461208],
       [ 0.16324418,  0.671075  ,  0.75756721, -1.54495589,  0.5653021 ,
         0.81912486],
       [-0.18018925, -1.64170182, -0.99775743, -0.07724998, -1.62087956,
         1.0712937 ],
       [-1.56136486, -2.39679859,  0.20667031, -0.42437661,  2.41996655,
         0.35024301],
       [-2.31573244,  0.04212337,  0.66582205,  0.86305924,  0.59307208,
        -2.37808021],
       [ 0.8845938 , -1.98255127, -1.42186278,  0.59917519,  1.7434551 ,
        -1.55770663]]), array([[-0.48026451, -2.1450962 ],
       [ 1.57045123, -0.96711233],
       [ 1.04260925, -1.12017581],
       [-1.76608693,  1.69078173],
       [-0.23509351,  0.42177493],
       [ 1.10716875,  1.19577431]])], [array([-0.4592249 ,  1.3381938 ,  0.82149761, -0.60950389,  1.23972091,
       -0.14236536]), array([-1.45111237,  2.3330577 ])]]]
[200, 7, -1, -1, 1, [[array([[-1.82799919,  0.43350809, -2.12884051, -1.17193813,  1.6710317 ,
        -1.42755788],
       [-1.47952918,  0.62383311,  1.41503746, -1.97047765, -0.56749178,
        -0.48579961],
       [-1.52028713,  0.67474172,  1.10259817,  1.77138717,  0.34101566,
        -2.11827613],
       [-1.39525321, -0.21304897, -2.22074057, -0.52347553,  2.31776392,
        -0.49945023],
       [-1.22153789, -1.45903708,  1.8345646 , -0.53896252,  2.03293973,
        -0.85452411],
       [-0.36378415,  0.08689864, -0.51355498, -0.71491689, -1.30025286,
         0.39591665]]), array([[ 2.41262459,  1.62256241],
       [-0.16547986, -2.27669577],
       [ 2.29833084, -1.6083726 ],
       [-0.42430454,  0.3154185 ],
       [-0.32771054,  0.16274117],
       [-1.96896098,  1.10685554]])], [array([-0.36413396, -1.8524768 ,  1.87591634,  1.54320094,  0.91476502,
        1.38963148]), array([-2.01744387,  1.74666817])]]]
[200, 21, -1, -1, 0, [[array([[ 0.77766515, -0.14821765,  2.32613452, -1.12250122,  1.63408744,
        -0.00875522],
       [-0.96839058, -0.93890661, -0.52229067,  2.32946534,  0.05465995,
        -0.93697578],
       [ 1.45973341,  2.05630486, -0.08609925,  1.42674974,  0.01613314,
         0.465433  ],
       [ 0.35027541,  1.51854397, -1.90361295,  1.43078609,  0.85937714,
        -0.88074571],
       [ 1.1861397 ,  1.30432801, -0.39451278,  1.37232743, -0.80030132,
        -0.99836799],
       [-2.0399439 , -2.06460315, -1.81100399, -1.27812597,  1.99468317,
         1.07113338]]), array([[-2.28785754,  0.29466618],
       [-0.05770603,  0.14440457],
       [ 0.40742646,  0.38553257],
       [ 1.5386877 ,  0.6899547 ],
       [ 0.07945434,  1.56011168],
       [-0.39521742, -1.46156809]])], [array([-1.14908468, -0.52760161, -0.16226502, -2.40926096,  1.39062521,
        0.8350529 ]), array([-1.90588421, -0.18905185])]]]
[200, 0, -1, -1, 1, [[array([[-2.19523116, -1.1098356 , -2.36420904,  0.89375234,  1.72427167,
        -2.39451768],
       [-1.93365756, -0.38483742,  0.13869818, -2.27368517, -0.63251462,
        -1.05167749],
       [-2.14240779, -0.91431404, -2.38981123, -2.19543315,  0.94796617,
        -2.32040194],
       [-2.17531486,  0.4975902 , -0.69171709,  1.37538713,  0.76649183,
        -2.14658786],
       [ 0.9870571 , -0.02754932,  0.70757638, -0.18290148, -0.94138713,
         1.60015109],
       [-0.84099385,  0.09466763, -1.45966795, -1.06591635, -0.86345713,
        -0.48173976]]), array([[-2.07541715, -0.42249446],
       [ 2.31718773,  1.16673184],
       [-1.37118805,  0.50539146],
       [-1.46933894, -1.71248857],
       [ 0.89167608,  1.16068274],
       [ 0.55038777,  0.1493182 ]])], [array([-1.75363658,  0.89676078,  1.6702428 , -1.89934244, -2.17427716,
        2.15686755]), array([2.28825461, 1.97629277])]]]
[200, 23, -1, -1, 0, [[array([[ 1.07276612, -1.40503668,  0.79175433, -0.14050207, -0.78599726,
         0.53701243],
       [ 1.43835849,  0.77351368,  2.08272938, -0.76252554,  0.18082327,
        -0.72428148],
       [-1.35986932, -0.61119198,  2.41743102, -0.93228138, -1.52556605,
        -2.04504751],
       [-0.05284988,  1.50487279, -1.07649379,  2.12372364, -0.05478041,
        -0.68844355],
       [-0.8567481 ,  0.71879148, -1.9558319 , -2.28019304, -1.979676  ,
        -2.22503727],
       [ 1.54903603, -0.8442194 ,  2.42876633,  0.7881847 , -1.86064118,
         0.53781878]]), array([[-0.3733214 ,  2.22180557],
       [-0.55506249, -1.54275364],
       [-1.51243632,  1.77127387],
       [-1.15118134,  0.33973561],
       [-2.36407634,  0.94881442],
       [ 1.09569676, -0.99801801]])], [array([ 0.16377829,  0.78785307,  0.80288283,  2.10207823,  0.18836343,
       -1.29204075]), array([-0.75573898,  1.6995904 ])]]]
[200, 11, -1, -1, 1, [[array([[ 1.06473069,  1.68878971,  1.13701395,  0.19970343,  2.28474538,
         1.23449984],
       [ 1.3458444 , -1.15200595, -1.10803303, -2.17537527,  1.87567969,
        -1.86097817],
       [-1.3672509 , -1.31234094,  0.53863524, -1.4967833 ,  1.61270556,
         0.75729427],
       [ 1.28783781, -2.05184175, -0.07888443, -0.99682659, -1.22493299,
         0.82087847],
       [ 0.72030057,  0.09267529,  1.41041524, -1.36658143,  0.59818714,
        -1.52387713],
       [-0.53544854, -1.19261562, -1.3369887 , -2.11912832, -1.42795604,
         2.34344891]]), array([[-0.48490935,  1.85632998],
       [-1.01259276,  0.66950684],
       [-1.9444507 ,  1.34382653],
       [-1.7798683 ,  0.94087498],
       [ 0.577488  ,  0.61131918],
       [-0.65544361, -0.67384064]])], [array([ 0.83059156,  0.9805624 ,  2.03584438, -1.54503755, -0.09487919,
        1.99499255]), array([-2.39668384,  1.05555146])]]]
[200, 1, -1, -1, 0, [[array([[ 1.34035169,  2.06773114,  2.38398593, -0.22131762,  1.18907753,
         0.72847178],
       [-2.43895941, -1.18104564,  1.98129298, -2.3884769 , -1.06813073,
         1.46364686],
       [-1.03545438, -1.88044309, -1.02685338,  2.06804386,  1.24105863,
         1.8695121 ],
       [ 1.18390957, -1.36344195,  1.83399576, -0.88735676,  0.06087606,
         1.88054692],
       [-0.40113548,  0.85697288,  0.57629206,  1.79887771, -0.16535053,
         0.80907802],
       [ 0.00514728, -1.0414832 ,  1.85289539,  0.14688426, -1.74050315,
         1.43563834]]), array([[ 2.38175846, -0.63420048],
       [ 0.32287186, -2.39363852],
       [ 1.1537292 , -2.17444447],
       [ 0.57009577, -0.78999525],
       [-0.7771107 ,  1.74849139],
       [-2.15948694,  2.23210115]])], [array([-2.19453994, -1.56014154, -2.14314756,  1.58909786, -0.5561778 ,
        0.87520892]), array([ 1.33516821, -0.11163206])]]]
[200, 18, -1, -1, 1, [[array([[ 2.39408324, -2.41735303,  0.76303587,  1.13760963,  0.79677143,
        -0.15006375],
       [-1.80222087,  0.1596566 , -1.00912188,  1.58536818, -1.11249978,
        -0.73781356],
       [-0.31333659,  1.93055917,  0.93732514,  0.10169966,  1.92218797,
         1.21612847],
       [-1.89527594, -1.26872707, -2.10733596,  1.24333381,  1.21449987,
        -0.19718991],
       [ 0.53131593, -1.91509367,  1.18698264,  0.64518053, -2.28600329,
        -1.62788145],
       [-0.87640388, -1.53811409,  1.80810324,  0.53556125, -0.43052492,
         1.54683139]]), array([[-1.17323185, -0.38753666],
       [-2.29990558, -1.58907529],
       [-1.71664928, -0.46539022],
       [ 1.06089223, -2.0581172 ],
       [ 1.16194805, -0.53239126],
       [ 0.83189673, -1.25127344]])], [array([ 2.28566052, -0.97957548, -0.18731199, -0.95381761, -0.66158412,
       -0.75113957]), array([0.75385763, 1.32708271])]]]
[200, 5, -1, -1, 0, [[array([[ 1.3336254 , -1.75406758, -1.51991723,  0.00651224, -1.43668952,
        -1.43970981],
       [-2.21810762,  0.65393799, -1.32668819,  1.67660554,  1.49568195,
         1.6130297 ],
       [ 1.60102859,  0.34783027, -1.03262888,  1.51737545, -0.8633714 ,
        -0.81526571],
       [-0.96794381,  1.89270517, -1.4885366 , -0.42618929,  0.19756312,
         2.27045762],
       [ 2.43220558, -0.30136487,  1.53796983, -0.97276784, -0.02621057,
        -0.2651501 ],
       [ 0.35628733,  0.34309569,  1.6570769 ,  2.30736659,  1.45852843,
        -0.23429691]]), array([[-2.40623055, -1.29511273],
       [ 1.49794507, -2.26413377],
       [ 0.44377055, -0.31759695],
       [ 1.42246695,  1.16712665],
       [-0.16382704, -1.01034029],
       [ 1.52120582, -1.14174064]])], [array([-1.26486079, -0.13910547,  2.17884962, -2.31926346, -1.561351  ,
       -0.69920376]), array([ 1.63092347, -0.56984152])]]]
[200, 15, -1, -1, 1, [[array([[-1.32062364,  1.51015814, -1.02416944, -1.39159528,  1.76487031,
         1.00148833],
       [-2.3295323 , -1.97722495,  0.49921241, -1.27671757,  0.23696284,
        -1.24952898],
       [-1.84714817, -0.61598156, -1.70360886,  2.29619375, -1.39745895,
        -0.36531999],
       [-1.71039681, -2.07377517,  0.69259597, -1.7426797 , -1.92297851,
         0.71378426],
       [-0.78183015, -2.28634467, -2.0118125 ,  0.70866099,  0.36585889,
        -0.58067058],
       [-1.94786938, -1.47138057, -0.3296737 ,  0.5415795 , -1.98763362,
        -0.55360853]]), array([[ 0.81905325, -2.33493931],
       [-2.13507885,  1.98688994],
       [-0.39412795,  0.56945623],
       [ 0.8050212 , -0.78481986],
       [ 1.27174472, -1.29541796],
       [ 2.07410096, -0.71213987]])], [array([-0.5486881 , -1.81606007,  1.60133417, -2.08313458, -1.84200562,
       -0.55233917]), array([2.06962351, 1.09658497])]]]
[200, 4, -1, -1, 0, [[array([[ 1.8535075 , -1.60468258,  1.54780803, -1.57382222, -0.21289134,
         0.76317018],
       [ 1.30314144, -2.33475095, -1.01181771, -0.20060392, -2.32973177,
        -2.22205959],
       [-0.7408007 ,  1.55664372,  0.35231063,  1.85334008,  0.23278519,
         1.57219247],
       [-0.36843663, -2.33497411, -0.04314725,  1.90644478, -1.49192866,
        -0.40982696],
       [ 2.20281635,  0.71467065,  0.31189108, -0.0438395 ,  0.37896534,
        -1.86732058],
       [ 2.02231125,  2.44062296, -1.94462518,  1.11605249, -2.19938967,
         2.44770333]]), array([[ 1.76770467,  1.40647091],
       [ 2.25181227,  2.17241336],
       [ 1.75110769,  1.95652241],
       [ 0.22937337,  0.42576127],
       [-0.11210011,  1.46060643],
       [-1.92883522, -0.51574729]])], [array([-2.3941707 ,  1.07836397, -1.51428383, -0.87921382,  1.00807537,
        1.66375688]), array([ 2.27092272, -1.30477324])]]]
[200, 14, -1, -1, 1, [[array([[-0.5374638 ,  2.43826266,  1.36228929, -0.18182691,  0.63848042,
         0.24726551],
       [-2.2340887 , -0.35337844, -1.65536236,  0.24484201, -1.41006973,
         0.69991838],
       [ 1.14377361,  2.4427137 , -2.18309703, -0.14471293,  1.81645123,
         1.98463138],
       [ 2.19360189, -0.64841555, -0.42126447,  1.71466967,  1.00605522,
        -1.19463543],
       [-1.56976376,  2.44237009, -0.42512196, -1.36059621,  1.247096  ,
         1.43919308],
       [-1.11726797, -2.08185598,  1.74663637,  0.09200341,  2.2458921 ,
         2.36570849]]), array([[-2.31752891, -1.85393637],
       [ 1.37226413,  1.16222384],
       [ 0.65650195, -2.03373247],
       [-1.11564154,  1.45032089],
       [-1.39635026,  0.13787615],
       [-0.87402001,  0.76205664]])], [array([0.85582181, 2.0910821 , 2.32154613, 1.87544166, 2.43754975,
       1.01945584]), array([-0.77624066, -0.86497197])]]]
[200, 20, -1, -1, 0, [[array([[ 1.30222547, -2.37397184,  2.42069514,  2.29680786,  2.02115736,
         1.73416948],
       [-1.43510511,  0.56744138,  0.38278724, -1.37106416,  0.62993953,
         1.39259405],
       [ 1.42261095,  0.48242374, -2.32618824,  2.30551754,  0.11792005,
        -2.18205972],
       [-0.50659524, -1.37796747,  0.68606921,  2.41794829,  2.32895718,
        -0.667032  ],
       [ 2.02298085, -1.05890018, -1.94920191, -2.13803567,  1.16134457,
         0.85569782],
       [-0.67301861, -0.85933998, -1.47639453, -0.93018757, -1.13418277,
         0.26047114]]), array([[ 1.39844884, -0.06177548],
       [ 0.44803089, -1.27960723],
       [ 1.12121959,  2.28266847],
       [ 1.99616595,  0.74685143],
       [-1.8095616 , -0.54655561],
       [ 1.41970416, -1.79091815]])], [array([-1.76543665, -2.29937599,  2.23823304,  0.76974171,  1.13298398,
        2.28818121]), array([-1.08948832, -0.33078661])]]]
[200, 2, -1, -1, 1, [[array([[ 1.2775732 ,  2.21268707,  1.93467846,  1.49798964,  0.0038986 ,
         0.60248502],
       [-2.02493406,  1.05184247,  1.52500449,  1.04512432,  2.01201542,
        -1.0249009 ],
       [ 0.17931073, -1.30367851, -0.70575187, -0.20907905,  0.86483214,
         1.56570122],
       [ 2.1952337 , -2.22409644,  0.02934439, -1.16853681,  1.44652821,
         0.91732905],
       [ 1.06728813,  1.93651385, -0.43324037, -2.37953673, -1.48361731,
         1.08018649],
       [ 1.26321781,  2.18192879,  0.51097724,  1.3505034 ,  0.96765485,
         2.08142898]]), array([[-1.7089866 ,  0.76041701],
       [-1.31744442,  1.32308693],
       [ 0.68669329, -2.41847569],
       [-1.25457287,  1.47877143],
       [-0.58148269, -0.48082325],
       [ 0.47408355,  2.21401618]])], [array([-0.95828885, -0.73653979,  1.31854295,  1.6987867 ,  2.29610099,
       -0.8500802 ]), array([ 1.26540347, -1.62943255])]]]
[200, 10, -1, -1, 0, [[array([[-0.34623138, -0.7204132 , -0.63081951, -1.21352016, -0.51614389,
        -0.3161496 ],
       [-0.10569343,  1.28056339, -0.20527246, -1.23885768, -0.91028742,
         0.52949479],
       [ 1.41108837,  0.28853187, -2.16265756, -1.52159136,  1.76599046,
         0.85112995],
       [ 2.41226881,  1.18691388, -1.5115944 ,  1.56976698,  0.08594294,
         1.72756567],
       [ 1.44817019,  1.933721  , -0.54463242, -1.24283898, -0.6137357 ,
        -1.09153545],
       [-2.40358967,  2.3611163 , -1.54121207, -2.18186035, -0.00728714,
         1.01873455]]), array([[-0.30269337, -0.16973515],
       [ 2.17391955,  0.22520571],
       [-0.64367377,  0.54984462],
       [-1.51207874, -1.69656214],
       [ 2.28532337, -1.61191609],
       [ 0.94811866,  2.02345387]])], [array([-2.03773533,  1.87044392,  0.11903464,  1.62592041, -1.80892051,
       -1.87508421]), array([ 1.8754312 , -1.88455966])]]]
[200, 13, -1, -1, 1, [[array([[ 0.58495822, -1.14757039, -0.25355262, -1.40314175, -1.46298257,
         1.90833415],
       [-1.75966295, -1.82640758,  2.03727507,  2.38423511, -0.63967656,
        -1.10669786],
       [ 1.91517411,  2.24278346, -1.01300932,  1.17143817, -2.20047293,
         0.9630097 ],
       [-0.17881698,  0.94496637,  1.1741499 , -0.77122542,  2.12877916,
        -0.18529688],
       [ 1.75775859, -1.28762867,  1.97707018,  0.91610708, -1.89023673,
        -1.9991082 ],
       [-0.63140255,  1.36626602,  2.07239803,  2.28389709, -0.28963629,
         1.03285281]]), array([[-1.43256856,  1.06919711],
       [ 2.02846414, -0.89296329],
       [ 1.07161853, -2.13464845],
       [-2.16492758,  1.13255394],
       [-1.58171931, -1.09516566],
       [-1.75020431, -2.33229637]])], [array([-0.39601878, -0.22266787, -0.28550604,  1.84700527,  0.8097582 ,
       -1.20641684]), array([-0.39328663,  0.94482567])]]]
[200, 16, -1, -1, 0, [[array([[ 0.81114219,  1.75111943, -0.85244586, -0.27178458,  1.7741328 ,
         1.82275083],
       [ 1.3729868 , -1.00209138, -1.22157748, -0.54356531, -0.70968496,
        -2.04603015],
       [-0.16422586,  0.58100227,  0.24019555, -0.32393951,  0.00810358,
        -0.48252062],
       [ 0.71818065, -1.22345688, -2.18999843, -0.44977089,  2.13732404,
         2.31159396],
       [ 0.26415329, -0.26500374, -1.54727369,  2.05347505,  2.2669142 ,
        -0.41681377],
       [-1.80623418,  0.69222451, -1.15262326, -0.15080524,  0.56140627,
        -0.85934621]]), array([[ 0.57367609, -0.87242418],
       [ 1.55554893,  0.23032926],
       [ 1.2110578 , -1.61670616],
       [ 2.27088574, -1.2912961 ],
       [-0.20114905, -0.87624195],
       [-0.1164583 , -1.89133556]])], [array([-1.27193716, -1.59783335,  0.88570886, -1.75104547, -2.35455333,
        1.70673278]), array([1.14044299, 1.37766468])]]]
[953959, 9, 'death']
[954259, 24, 'death']
[954559, 17, 'death']
[954859, 3, 'death']
[955109, 6, 'death']
[955409, 19, 'death']
[955709, 12, 'death']
[956009, 8, 'death']
[956309, 22, 'death']
[956609, 7, 'death']
[956909, 21, 'death']
[957159, 0, 'death']
[957459, 23, 'death']
[957759, 11, 'death']
[958059, 1, 'death']
[958259, 18, 'death']
[958559, 5, 'death']
[958859, 15, 'death']
[959159, 4, 'death']
[959409, 14, 'death']
[959709, 20, 'death']
[960009, 2, 'death']
[960309, 10, 'death']
[960609, 13, 'death']
[960809, 16, 'death']
[961009, 12, 'birth', 9, 13, 0, [[array([[ 2.11217528e+00, -1.21200417e+00, -9.30251308e-01,
        -2.44948974e+00,  2.31493253e+00,  1.84956874e+00],
       [ 2.44124300e+00,  1.24160692e+00, -2.06645972e+00,
        -2.82147901e-01, -1.52676826e+00, -1.46141607e+00],
       [ 2.15401001e+00, -5.39578946e-01, -6.80057263e-01,
         2.10742086e+00,  2.44948974e+00, -1.45157053e+00],
       [ 3.70939961e-01,  3.20264069e-01, -8.71531930e-01,
         1.77761357e-03,  1.25681408e+00, -2.44948974e+00],
       [-1.63098900e+00,  7.67177390e-01,  9.52854639e-01,
        -2.05631089e+00, -1.06432674e+00,  2.10633164e+00],
       [-1.13619693e+00,  1.83068048e+00, -1.21810538e+00,
        -2.12317033e+00,  1.25416412e+00, -8.51265312e-01]]), array([[ 1.41421356,  0.48891553],
       [-0.61081563, -1.12440206],
       [-0.33417045, -1.41421356],
       [ 0.88200121, -1.19102182],
       [ 0.64687918,  1.41421356],
       [-1.41421356,  0.14531075]])], [array([-1.04095757, -0.20037522, -2.20214964, -0.06257844,  0.8097582 ,
       -1.20641684]), array([-0.39328663,  0.94482567])]]]
[961009, 2, 'birth', 20, 24, 0, [[array([[ 1.30222547, -2.37397184,  2.42069514,  2.29680786,  2.02115736,
         1.73416948],
       [-1.43510511,  0.56744138,  0.38278724, -1.37106416,  0.62993953,
         1.34131282],
       [ 1.35732497,  0.44798508, -0.27711276, -0.20063665, -1.95302251,
        -0.11624046],
       [-2.07832246, -0.33060913,  2.14138894,  0.50316265, -0.81390956,
         2.377631  ],
       [-1.98242337,  0.59394792,  0.81361352, -0.6745242 ,  1.07730656,
         1.02602145],
       [-1.58687696,  2.21824619, -0.59276408,  1.81197979,  0.59916219,
        -1.73785542]]), array([[ 1.41421356, -1.41421356],
       [-1.41421356,  0.75443538],
       [ 0.74897879, -1.23169723],
       [ 0.70529524, -0.61596199],
       [-0.40850315,  1.40660025],
       [-0.16146984,  1.41421356]])], [array([ 0.40640483,  0.31462569,  0.41576412,  1.62169035,  1.29197472,
       -0.8489604 ]), array([-1.41421356, -0.49746032])]]]
[961009, 1, 'birth', 10, 7, 0, [[array([[-0.34623138, -0.94589017, -0.63081951, -2.44948974, -0.51614389,
        -0.3161496 ],
       [-0.10569343,  1.28056339, -0.20527246, -1.23885768, -0.91028742,
         0.52949479],
       [-0.90064411,  0.28853187, -2.16265756, -2.35059774,  1.76599046,
         0.85112995],
       [ 2.41226881,  1.18691388, -1.5115944 ,  1.56976698,  0.08594294,
         2.44948974],
       [ 1.44817019, -1.45903708,  2.44948974, -2.44948974,  2.03293973,
        -0.85452411],
       [ 1.87619872,  0.08689864, -0.51355498, -0.71491689, -1.30025286,
         0.39591665]]), array([[ 1.41421356,  1.41421356],
       [-0.16547986, -1.41421356],
       [ 1.41421356, -1.41421356],
       [-0.42430454,  0.3154185 ],
       [-0.78395045,  0.16274117],
       [-1.41421356,  1.41421356]])], [array([-0.36413396, -1.8524768 ,  1.87591634,  1.54320094,  0.91476502,
        1.38963148]), array([-1.41421356,  1.41421356])]]]
[961009, 5, 'birth', 22, 14, 1, [[array([[ 1.4224188 , -1.7217312 , -1.84018287,  2.29731872, -1.93378296,
        -1.05461208],
       [ 0.16324418,  0.671075  ,  0.75756721, -1.54495589,  0.5653021 ,
         0.81912486],
       [-0.18018925, -1.64170182, -0.99775743, -0.07724998, -1.62087956,
         1.0712937 ],
       [-1.56136486,  0.58217776,  0.20667031, -0.42437661,  2.41996655,
         0.35024301],
       [-2.31573244,  0.04212337,  0.66582205,  0.86305924,  0.59307208,
        -2.37808021],
       [ 0.8845938 , -1.98255127, -2.44948974,  0.59917519,  2.44948974,
        -2.21415349]]), array([[-0.48026451, -1.41421356],
       [ 1.41421356, -1.41421356],
       [ 1.04260925, -0.13532658],
       [-1.41421356,  1.41421356],
       [-0.23509351,  0.13787615],
       [-1.41421356,  0.76205664]])], [array([ 0.37667285,  2.0910821 , -1.33223059,  1.87544166,  2.43754975,
       -0.98825955]), array([ 0.34566299, -0.86497197])]]]
[1098961, 12, 'death']
[1099111, 2, 'death']
[1099261, 1, 'death']
[1099411, 5, 'death']
[1099611, 'Extinction!']
