[time, indiv, parent1, parent2, gender, brain]
[200, 3, -1, -1, 0, [[array([[ 1.59319127, -0.94813191,  2.10523211,  2.35494303,  2.31338766,
        -0.56923084],
       [-1.08683845, -1.96571655, -2.3384733 , -0.67241086, -1.85805742,
        -1.94674385],
       [-1.22488441, -2.24611128,  1.12001654, -0.76408425, -0.35555252,
         1.66680383],
       [ 1.96203479,  1.99959428,  0.23482964,  0.19778362, -0.06471769,
        -2.41735003],
       [ 0.01794854,  1.42278415, -0.19003927, -1.10997456,  2.05018818,
         1.84870466],
       [ 1.2833113 ,  2.43726797, -1.62219895, -1.16977573, -0.94012449,
         0.82607906]]), array([[-0.40927212,  0.96338522],
       [-1.42897624,  0.7663609 ],
       [-1.16297575, -1.57448603],
       [-0.79990105, -0.94680064],
       [ 1.99579322,  0.70343822],
       [-1.89521541,  0.83965308]])], [array([-2.08075409,  1.28883289,  1.65151347, -1.23100546,  0.30450449,
        2.15965426]), array([ 0.8361571 , -1.82107415])]]]
[200, 16, -1, -1, 1, [[array([[-1.95339706,  0.82327214, -1.89080374, -0.54391079,  0.63324278,
        -1.68723349],
       [-0.53403362,  1.21770344,  1.39894935,  0.09999957, -0.42588336,
         0.65182802],
       [-0.87899104, -0.89964806, -1.77817405,  0.10712069, -0.51508312,
         1.12564149],
       [ 2.0617813 ,  1.5437188 ,  0.17148563,  1.05203304, -2.39518277,
        -1.97097624],
       [-1.51701746,  0.42412476, -0.92568786,  0.87094181,  0.82351888,
        -1.86385637],
       [-0.36683017,  1.10168097, -0.31177899,  1.95324082, -0.74529375,
        -1.01046805]]), array([[ 0.61556315,  1.61641665],
       [ 1.90377577,  0.25000157],
       [ 0.52417409,  1.25832589],
       [-0.81028998, -2.40184597],
       [ 1.59046383, -0.81069987],
       [ 0.43209105, -2.21353994]])], [array([ 2.39893161, -0.01980241, -1.34191741, -1.12976039, -0.16855937,
       -0.98151961]), array([-1.16070165,  0.40819283])]]]
[200, 12, -1, -1, 0, [[array([[-1.14315798, -1.86292107,  0.38247366, -0.10638663, -1.14016287,
         2.28529848],
       [-0.93962382, -1.15720947,  0.97417032,  1.14392326, -2.19167341,
        -1.34538886],
       [-0.43172805, -0.84855609, -0.09350173, -1.71234032, -0.89341398,
        -0.11470479],
       [-1.48680214, -1.808412  ,  0.524482  , -0.94823411, -2.32995535,
         2.01080983],
       [-0.16107509, -0.79963932,  1.78101623, -1.76051121, -1.79148772,
        -1.76512011],
       [-0.03308741,  1.79198286,  2.10797163,  1.02013908,  1.37472738,
        -0.09416245]]), array([[-0.62311484, -1.06290892],
       [-0.14053407, -1.38509994],
       [ 0.99412915, -1.47760435],
       [-1.24920139, -1.53917337],
       [-2.42321481, -1.68899683],
       [ 0.13187284,  1.61115598]])], [array([ 1.94877912,  2.02540928, -1.94451298, -1.1063539 ,  2.40788353,
        2.37847978]), array([ 0.53327657, -2.10184598])]]]
[200, 1, -1, -1, 1, [[array([[-0.34236531, -0.92464037,  1.76372257,  2.19847568,  2.0512468 ,
         1.52679763],
       [-1.9294802 , -1.76259385, -1.98659102,  0.38807221, -0.63068192,
         2.07457476],
       [ 0.42012276, -1.91635432,  0.71329503, -1.85334904, -0.07629221,
        -1.09854071],
       [ 0.50412628, -0.78305351, -1.1653614 ,  0.71424385,  0.56049278,
        -0.17151872],
       [-1.67371469,  1.00794147,  1.69844902,  1.35502854,  1.23704198,
        -2.38049969],
       [-0.7984652 , -1.13320075,  1.19751641, -1.00745013,  1.96985922,
         0.41428185]]), array([[-0.25587836,  1.52711264],
       [ 1.46900207, -2.1084084 ],
       [ 0.63788633, -2.4493545 ],
       [ 0.10668234,  0.30695628],
       [-0.73222145,  0.69866547],
       [-2.0790445 , -1.84480937]])], [array([ 0.18489067,  1.9111742 ,  0.70716125, -0.58306318,  2.06632342,
       -0.61238838]), array([-1.21878585, -0.80358471])]]]
[200, 22, -1, -1, 0, [[array([[-1.94109266, -0.64501199, -0.50466459,  1.19470412, -1.02233793,
         2.27432909],
       [ 2.33041024,  0.67031918, -0.14466427, -1.21995739, -1.69986762,
         0.23425141],
       [ 0.25568538,  0.36348369,  1.22075454,  0.87533733, -1.93026777,
         2.23065615],
       [-1.06843688, -0.93375926, -2.29284194, -0.60473423, -2.07386324,
         1.90304085],
       [-0.76972051,  0.5750133 , -0.91658488,  2.18935673,  0.47516975,
        -0.35342347],
       [ 1.1507061 ,  0.79538099, -1.51165849, -0.90188634,  0.03248251,
         1.40324655]]), array([[ 2.37040402,  0.95832935],
       [ 1.95615385,  0.95171554],
       [-0.92251303,  1.36729709],
       [-1.92586755,  2.2462032 ],
       [-1.1798749 ,  2.29593393],
       [-1.80377303,  1.64835589]])], [array([-0.54845899, -0.59965363,  1.47602734,  0.17914677, -1.56188962,
        2.19376812]), array([-1.62646667, -0.21657938])]]]
[200, 11, -1, -1, 1, [[array([[-1.64998541, -1.56381752,  0.58789715,  0.70171368,  1.94064141,
        -1.49309939],
       [-1.00358212,  2.1123558 ,  2.21049905, -1.70547359,  1.82490704,
         2.42631317],
       [-0.86858037, -0.97132806,  0.86086112,  1.60492873,  0.83120532,
        -0.46387534],
       [ 0.31370939,  0.54203004,  0.12839566,  0.92818059,  0.52552573,
         2.00852627],
       [-0.08722769,  1.99039814, -0.58562236, -0.8848698 ,  2.31111539,
        -1.45359934],
       [ 0.5749272 , -1.53185146,  1.7521897 ,  0.84469068, -1.48641668,
         0.70152567]]), array([[ 0.964084  , -1.31379524],
       [-2.01321937,  1.57002134],
       [-0.26692868,  2.0239088 ],
       [ 1.38239109,  1.02887095],
       [-0.36030537, -0.41670585],
       [ 2.42895576, -1.53163204]])], [array([-0.18021861, -2.42360689,  1.06730997,  2.2723114 ,  0.56540519,
       -0.59670306]), array([-2.38867449, -0.11383768])]]]
[200, 21, -1, -1, 0, [[array([[ 2.39323967, -2.13344732, -1.87815061,  2.33211144,  1.012688  ,
         1.73793307],
       [ 2.38779321, -1.05445327, -1.38336084,  2.36131031,  0.42409272,
         0.22367039],
       [-2.096636  , -1.15622948, -2.31987127,  0.49709936, -1.12387721,
        -1.81205441],
       [-1.23149823,  1.76519972,  1.10969112,  2.0452578 ,  0.03013836,
         0.87351282],
       [-0.83725394, -2.40044527,  1.67184988, -1.77221357, -1.58924486,
        -1.83498578],
       [ 0.7876258 ,  1.52995965,  1.39095214,  2.12151026,  1.8373685 ,
         1.25560396]]), array([[-0.52078513, -0.08651559],
       [-0.59612881, -1.08351465],
       [-0.33786621, -1.22599904],
       [ 0.53301761,  1.25410458],
       [-0.73557913,  0.72790785],
       [ 0.86413187,  1.60832825]])], [array([ 1.24463306, -1.98352494, -2.10794914, -1.6955977 ,  1.25689638,
       -0.7818982 ]), array([-2.08145229, -1.63387644])]]]
[200, 24, -1, -1, 1, [[array([[ 1.50437521,  0.64361128, -0.13935438,  0.77935352, -0.15300213,
         0.59896942],
       [-0.7678057 ,  0.7782794 , -1.47684437, -0.81881376, -1.78581572,
        -2.14772817],
       [ 0.39896017,  1.27099681, -1.88350931,  1.49233645, -0.41725511,
         1.03944224],
       [ 0.4699484 ,  0.29316059, -0.88710864,  0.24882422,  2.1933815 ,
        -1.40815245],
       [ 0.90708007, -1.04228166,  1.48984019, -1.35489142,  1.37564186,
        -2.38814741],
       [ 1.23105842, -2.00698505, -1.49305414,  0.05853169,  1.35180614,
         2.02171528]]), array([[ 1.53507227, -1.5538925 ],
       [-0.67652368, -0.90235235],
       [ 0.89758553,  0.69656529],
       [ 0.23989075,  0.6285556 ],
       [-0.1723324 ,  2.10329025],
       [-1.80076164, -1.17392031]])], [array([-1.95212384, -1.20737956, -1.63269306,  1.04317733, -0.06023418,
       -2.09218127]), array([ 0.33073834, -0.72881103])]]]
[200, 20, -1, -1, 0, [[array([[-1.78283257,  0.25807249, -2.00629971, -2.13388598, -0.35453359,
        -2.09479387],
       [ 1.23507518, -0.34895293, -0.14893776,  1.71214301, -1.60960585,
         2.42688384],
       [ 1.61853942,  1.45783935, -1.84278943,  2.24725052,  1.40779766,
         1.37881132],
       [ 1.18780202, -2.06464195, -2.30897144, -0.84803346, -1.36085713,
         2.28472503],
       [ 0.71101913,  1.16974688,  0.48415427, -2.3339888 ,  0.76521194,
         0.72253307],
       [ 1.24939285,  0.69142441,  0.96546641,  1.06947431, -1.64121596,
        -1.15172677]]), array([[-2.40886106, -1.22946636],
       [-0.58135634, -0.83119466],
       [ 1.9516221 , -0.23620215],
       [ 0.48856992,  0.45945857],
       [ 1.16917041,  0.3089308 ],
       [-0.24647427, -1.21450871]])], [array([-0.83060974, -1.79879657, -0.56574687, -1.30606347, -1.63308499,
        1.93758206]), array([0.17574977, 0.4981502 ])]]]
[200, 23, -1, -1, 1, [[array([[-0.25959988,  0.73930979,  0.7817376 , -0.44561826, -1.42219441,
         2.27960533],
       [ 2.39179978,  0.23135548,  1.2543534 , -0.35298918, -1.69625443,
        -0.29797155],
       [-0.25693881,  1.46836761,  1.7854122 ,  1.89032822, -0.06780174,
         1.64565138],
       [-2.3800868 , -0.86747044, -0.95898039, -1.77171493,  1.4142236 ,
        -2.32103835],
       [ 1.28149828, -2.12719691, -1.20555167,  1.14638347,  1.58205087,
         1.28886529],
       [-0.24711835, -1.77464598,  1.44405546,  0.64720089,  2.41397131,
         0.58199746]]), array([[ 1.09715995, -0.29291071],
       [ 1.21412715,  0.86597312],
       [ 1.09754523, -1.37068772],
       [-0.3730276 , -1.88344996],
       [ 1.83073478, -0.78452443],
       [ 0.32262512, -1.56893908]])], [array([ 1.941073  ,  1.47055671, -0.4373475 , -0.84005064, -2.16433292,
       -2.10405492]), array([-0.61929762,  0.36522535])]]]
[200, 9, -1, -1, 0, [[array([[ 2.04245065, -1.59615609, -1.38032818,  1.59497814,  0.21301405,
         1.18204785],
       [ 1.16191133, -2.11756216, -2.36254244, -0.69171603,  2.1673998 ,
        -1.529464  ],
       [-2.29469372, -1.33266759, -1.40406305,  1.38428921, -0.73234421,
        -0.60776837],
       [-0.20738205,  1.5364253 ,  2.12450563, -0.69889364, -0.02161166,
        -0.29011041],
       [-1.06139807,  1.41111628,  1.72561125, -1.06971885,  2.15916623,
         0.21128659],
       [ 1.27514105,  1.23306401,  0.49096686, -2.11210513, -2.28383375,
        -1.07151496]]), array([[ 1.29659996,  0.23607349],
       [-1.38853323, -1.93150547],
       [-1.86526605, -1.38842787],
       [-0.49506856, -1.01534552],
       [ 2.02073238,  0.31449316],
       [ 0.71537943,  2.31678995]])], [array([-0.10960564, -0.6422402 , -0.62093774, -2.18944527,  0.76787031,
        0.34299242]), array([0.73275375, 1.43640598])]]]
[200, 15, -1, -1, 1, [[array([[ 0.68286588,  0.48998859,  1.46367831,  1.44464478,  0.86641786,
         0.25728052],
       [-0.22853307,  1.69717708,  0.01879918, -2.24360031, -1.22728218,
        -1.42318998],
       [ 0.84381742,  0.77406912,  0.47677257,  0.92729331, -1.00331361,
        -0.37811573],
       [ 0.07699077,  0.54149475, -2.22434856,  1.6863443 , -2.4279205 ,
        -0.68803385],
       [-0.49873335,  1.50648168,  1.45929529, -0.24983382, -0.33212362,
        -1.41460095],
       [ 2.04733319, -1.38177173, -1.06872854, -0.02248667,  0.34585298,
         1.91938514]]), array([[-0.34596026, -2.08036916],
       [-1.10712269, -0.6754185 ],
       [ 2.40502603, -1.5420771 ],
       [-0.34958679,  0.70835537],
       [-0.37506395, -1.44932895],
       [-0.64186468, -0.7006606 ]])], [array([ 0.58366676,  2.40532283,  0.08148858, -1.44287473, -0.39681694,
        1.14933351]), array([ 0.66225685, -1.1429817 ])]]]
[200, 7, -1, -1, 0, [[array([[-1.22560469,  0.75659833,  1.89478678,  1.69415252, -2.12731931,
        -1.19715032],
       [-1.43207039, -0.18858378,  2.04373446, -1.78152555,  1.82896876,
        -0.75985284],
       [-2.40182759,  1.59337475,  1.54665919,  0.98205217,  2.04140485,
         2.08836046],
       [ 2.19983417, -1.31574515, -0.19238492,  0.55047729, -2.33311713,
         1.60597475],
       [ 0.62634093,  1.35233375,  2.38879128,  0.02950834, -1.99633912,
         0.25648202],
       [ 2.34808005,  1.65603031,  1.58884776,  0.71589314,  0.16843932,
         0.99756879]]), array([[ 1.91869696, -2.37605891],
       [ 2.43191291, -0.0962196 ],
       [-0.89151562, -0.8666576 ],
       [-0.27748921, -1.57509021],
       [-0.61556074,  0.02639926],
       [-2.28891612,  2.07515456]])], [array([ 0.21747279, -1.44993513,  0.21932659, -0.78091177, -2.11696304,
       -1.57959884]), array([1.14197755, 2.268568  ])]]]
[200, 18, -1, -1, 1, [[array([[ 1.84725962,  1.98078647, -1.24339798,  1.99819269, -1.83684673,
         0.74711591],
       [ 0.36646108,  1.47732555, -2.05292156, -1.99487713, -2.0937086 ,
        -1.39822731],
       [-2.31435434,  1.92294078, -1.36657174,  1.9815037 ,  0.43266535,
        -1.78239124],
       [-1.82318034, -0.45172762, -0.87157528, -1.85298435,  0.39844008,
        -0.04275587],
       [ 1.9015125 , -0.05092396,  0.29545692, -1.41896609,  2.14552991,
         1.16204113],
       [ 0.55937726,  2.08607005,  0.23921921,  1.8937225 ,  0.16821016,
         1.41611594]]), array([[ 0.66529435, -2.06810354],
       [ 1.21091022,  0.29492958],
       [-2.20855294,  0.07183596],
       [ 1.81217374, -1.64832447],
       [ 1.72830921,  1.27579852],
       [ 0.22742661, -0.57868763]])], [array([ 2.3763786 , -0.90331225,  0.9954465 ,  1.62272218, -1.10082985,
        1.58002695]), array([-0.58882603,  1.85404524])]]]
[200, 17, -1, -1, 0, [[array([[ 0.45905944,  2.2648078 , -0.45151734,  0.49622882, -2.37556479,
         0.2113936 ],
       [-1.17501327,  0.37612341, -0.36246609, -1.76908913, -1.97411748,
         0.90212714],
       [ 2.41056458, -0.77939425, -0.01765172,  1.70065205, -2.41739825,
        -0.38763391],
       [ 0.33249108, -0.0504928 , -1.02317216,  0.88577645,  0.64373151,
        -0.21955505],
       [-0.28160687, -0.83178492,  2.26518949,  0.69260058,  1.00597159,
         2.3572004 ],
       [ 1.47224077, -1.82934677,  2.13042942, -0.52355085,  1.33832682,
        -0.14076356]]), array([[-1.28215553, -1.10391302],
       [-0.3849082 , -2.00260751],
       [-1.89302361, -0.3736665 ],
       [-1.1112331 ,  1.41771046],
       [ 1.30784123,  0.84180269],
       [ 2.06602361, -0.7870332 ]])], [array([-1.50593566, -1.15473116,  0.3526523 ,  2.40723719,  1.59263938,
        0.33000607]), array([-2.21998386, -0.93426892])]]]
[200, 8, -1, -1, 1, [[array([[ 1.46467362,  1.54458759, -2.19153716,  1.86045905,  0.36650526,
        -2.17473484],
       [-2.37280854,  2.22907891,  0.5060593 ,  0.49349919, -0.77484369,
         1.22269553],
       [ 0.77385847, -0.04211817,  1.54746721, -0.81104883,  1.14773716,
         1.60376039],
       [ 1.40007511, -2.39150414,  0.87200277, -1.46887477, -0.42436722,
         0.7663443 ],
       [ 2.36415412, -0.34065885,  1.49294092, -0.90463234, -0.52950749,
        -0.12622048],
       [ 1.70741132, -0.64004643,  1.84577156,  2.28081001,  0.09537018,
        -0.35532509]]), array([[ 1.7632079 ,  2.40582023],
       [-1.58046216, -1.6056971 ],
       [ 0.20323832,  1.5767356 ],
       [-0.53074452, -1.42449794],
       [-1.57885314,  0.1496934 ],
       [-1.44821043, -1.07990976]])], [array([-0.45725551, -1.90693445, -0.45553443, -1.88328963,  2.38748956,
        0.73147542]), array([-1.97263825, -0.93135379])]]]
[200, 14, -1, -1, 0, [[array([[ 0.64371162,  1.17228506, -0.15162216, -2.17675208, -0.30240603,
        -1.99742949],
       [ 1.34526688, -1.89538258,  0.57333444, -0.48000789,  1.01112307,
         1.85975933],
       [ 2.08200704,  1.14984468,  1.06769175,  1.58142684, -1.96124747,
         1.91725662],
       [ 2.18010115, -1.18736286,  0.25908134, -1.71487356, -1.31856934,
        -2.07585158],
       [ 2.25596325, -1.82348413, -0.84917645,  0.69089204, -0.77620631,
        -1.82919759],
       [ 0.99912286,  0.03812008, -1.63012523, -2.15709914, -2.04750256,
        -0.70292606]]), array([[ 0.72137121, -0.90732748],
       [-2.01699842,  1.17151184],
       [ 1.37118769,  0.34859553],
       [ 2.29111101, -0.51227789],
       [ 1.8548907 ,  0.65197768],
       [ 2.31460673,  1.71311977]])], [array([-1.80919728, -0.51039946, -1.39310041,  1.37237373,  1.97703562,
       -1.71038083]), array([-1.14297178, -1.59536465])]]]
[200, 19, -1, -1, 1, [[array([[ 0.87958044,  2.03728243, -1.26724654,  1.57960423,  1.60654974,
        -2.37857897],
       [-0.67748895,  2.36352659, -1.94986134, -0.05515733,  0.54788378,
         1.91232873],
       [-0.44732895,  1.06536771, -1.41804349, -0.01397611,  1.78608613,
         0.76978799],
       [ 0.94285514, -1.3171138 ,  2.32148249, -1.65017354,  1.2794101 ,
         0.37004346],
       [ 0.93147751, -1.27104912, -0.00865933,  0.93629763, -1.91331905,
        -1.53819154],
       [-0.0226432 ,  0.93769382,  2.00194272,  0.28852974, -1.71445187,
        -0.19851437]]), array([[-0.7107734 ,  0.41886763],
       [-1.62157608,  0.21696145],
       [ 0.39670079,  2.4105582 ],
       [ 1.41236286,  1.0680873 ],
       [ 1.39269763, -0.14743377],
       [-1.49925455, -0.81384481]])], [array([ 1.23356057, -0.45647598, -0.89126011, -2.14532278, -1.97334804,
        0.59149325]), array([-0.07973355, -0.83284156])]]]
[200, 4, -1, -1, 0, [[array([[ 0.80899079, -2.20451945, -0.41285382, -1.8870368 ,  0.60773022,
         0.52247571],
       [ 0.59767765, -1.07145971, -0.58025062,  1.21200014, -1.4506437 ,
        -0.84152167],
       [-0.54898905,  1.26126789, -1.09280286,  0.55054553,  1.57900144,
         0.69773665],
       [ 1.7240986 , -1.88553579,  2.00418093,  0.19160672,  0.1125061 ,
         2.30482434],
       [-1.43681611,  0.09900821,  1.05592912, -0.98612287, -1.06971047,
        -0.43337069],
       [-0.70374215,  1.52576058, -1.0108677 ,  1.68705356, -1.18921222,
        -0.01260876]]), array([[-0.91793875, -0.56207691],
       [ 1.88940064,  2.1863404 ],
       [-1.48662368,  1.7134495 ],
       [-0.88901873,  1.02950521],
       [ 2.13964994, -1.57013947],
       [-0.1365054 , -1.90950148]])], [array([ 0.57028004,  0.45484837,  0.38382557, -1.80162006, -1.61592713,
        1.5151215 ]), array([-2.39015158, -0.84715106])]]]
[200, 10, -1, -1, 1, [[array([[ 0.09285622,  0.26583085,  0.10315784, -1.83700058, -2.18863016,
         2.44451789],
       [ 0.21835676, -0.66250611, -0.1903487 ,  0.16242702, -0.7881731 ,
        -2.40260307],
       [ 0.24881172,  0.94019899, -0.08652203, -1.58040845, -1.60414368,
        -1.34245154],
       [-0.43148684, -1.51169899, -0.53233541, -1.63836666, -1.24385954,
        -2.22009758],
       [-2.12770134, -1.47163803, -1.02346167, -1.22601703,  1.68025927,
        -1.05353338],
       [-1.78575104,  1.21434435, -1.20316022, -1.32578948,  0.30830971,
        -0.65884448]]), array([[-1.82771816, -0.84978139],
       [-0.03439586,  1.74800972],
       [-0.95167057, -2.23909372],
       [-1.85693311, -1.62488841],
       [ 0.57984237, -1.60700261],
       [ 1.51884071, -2.44514962]])], [array([-1.73183234,  0.31227865, -1.36054846,  2.31152393,  1.7673758 ,
       -1.45473024]), array([1.36885178, 2.01743625])]]]
[200, 2, -1, -1, 0, [[array([[-0.63006949,  0.98591957, -1.30831463, -2.28120109,  0.26234871,
         0.35212948],
       [ 0.53906631, -2.31470844,  2.20561752, -1.72788243, -0.09983494,
         0.31791384],
       [ 0.57277544,  2.28683651, -1.74114372, -1.67842666,  1.11741733,
        -1.01632115],
       [-2.28903185,  1.63223758, -1.91071893,  2.21381403,  1.32523334,
        -0.62479997],
       [ 0.56106228,  0.03123886, -1.33769572, -1.43723239, -0.36884177,
        -1.10653494],
       [ 1.867387  , -1.48364811,  2.13274674, -0.35354197,  0.68480957,
         1.84930605]]), array([[ 2.3759638 , -1.25555494],
       [-2.07530575, -1.57841931],
       [-1.24641679, -1.22393545],
       [ 0.3766621 ,  0.75313743],
       [-1.63900077,  1.83233022],
       [ 1.14063155,  1.18483537]])], [array([-0.04618899,  1.80222496,  0.5177678 , -0.38417024, -2.08608409,
       -0.18021665]), array([-2.21370749, -0.23252867])]]]
[200, 0, -1, -1, 1, [[array([[ 0.13287989, -1.30262481, -1.8631831 ,  0.53766737,  1.77002441,
         0.03031334],
       [-1.89780967, -1.25837756,  1.02487519, -0.49844377, -2.43597676,
        -1.64435376],
       [-2.23420181,  1.0124324 , -2.34584174, -0.64658585,  0.78371423,
        -1.58583891],
       [ 1.84046427, -0.92821418, -0.6106594 , -0.75485613, -2.29084058,
         1.98500529],
       [ 1.47053891, -1.31826011, -1.40056067, -2.30838874, -1.18401381,
        -0.8913271 ],
       [ 2.15256037,  0.30455721,  1.00089183, -0.61584352,  0.79027056,
        -1.377979  ]]), array([[ 2.17062673, -1.87827447],
       [ 0.25954075,  2.33408349],
       [ 1.45320058,  1.68356319],
       [-0.35670358, -0.59632751],
       [-1.10017966, -0.29600069],
       [ 0.33948885,  1.55913353]])], [array([-2.27326425,  2.39060174,  0.28519175, -1.23434947, -1.12722789,
        0.01604807]), array([-1.86441865, -1.1351168 ])]]]
[200, 5, -1, -1, 0, [[array([[-1.71341888,  1.04585423, -1.42406451, -0.947661  , -1.64982482,
         1.64589626],
       [-0.75330011,  0.31845525, -2.36342025,  0.91585981,  1.94635682,
        -0.58699631],
       [-0.20713066,  0.19596576, -2.36276561, -0.04565705,  0.78847624,
         1.76551505],
       [ 0.7678364 ,  1.35590362,  0.63022897,  0.49437641, -2.36337579,
         1.01725016],
       [ 0.33747557, -0.19847734, -0.93347487,  1.04401466, -2.0064487 ,
         0.30893996],
       [ 1.01035013, -1.91502831,  0.47296735, -0.56198275,  0.82830961,
         1.82398395]]), array([[ 0.40494123, -0.52283044],
       [-0.43483413, -0.22213942],
       [-2.22423318, -1.10574177],
       [-0.44016945,  0.81307971],
       [-0.65987938, -0.43342266],
       [ 0.31361407, -2.04668818]])], [array([ 2.034069  ,  0.4372875 , -0.37453696,  0.13917743, -2.22828359,
       -0.24874271]), array([ 0.95859706, -1.41233439])]]]
[200, 13, -1, -1, 1, [[array([[-1.46354404,  0.79272921, -1.75091819, -0.67096469,  2.14632821,
        -2.13410638],
       [-2.23695688,  2.12555624,  0.22540938, -1.56939941,  0.74335558,
         0.4682716 ],
       [-2.4056721 , -1.70995455,  2.08565201, -1.88577897, -0.17341376,
         2.19855428],
       [ 0.05480754, -0.82340174, -2.36517231,  1.66286545, -0.71208634,
        -0.95908956],
       [-2.37207688, -0.7298987 , -0.39691628,  1.84969827, -2.23074334,
        -1.34417901],
       [-2.36645151, -1.6426886 ,  2.13289329,  2.13383638, -1.02905956,
        -0.76171841]]), array([[ 0.89909504,  1.08794451],
       [-0.59684673, -1.17751402],
       [ 0.70162835, -1.43438236],
       [ 1.1992616 , -1.89797886],
       [-1.82675717, -0.45663689],
       [ 2.29995656,  1.72950682]])], [array([-2.39744102, -1.81362421, -0.06973659, -0.09386084,  0.10190836,
       -0.25381366]), array([-1.02945461,  0.91537123])]]]
[200, 6, -1, -1, 0, [[array([[-0.50692771,  0.34560355, -2.37809271, -1.92100691, -0.09042943,
         1.10725849],
       [ 0.46330479, -0.85955349,  0.97021169, -0.26279995,  1.21333341,
         0.13342424],
       [ 1.42076858, -1.76364362,  1.68075709,  2.05044692, -2.29811392,
         0.68989352],
       [-1.27055622, -0.68855295,  0.85619799,  1.67223776,  1.14872768,
         0.31082077],
       [-0.5980775 , -0.95431393, -1.63802655,  1.48272677, -0.10290008,
         0.23822732],
       [-0.90000327,  1.3880783 , -0.22977204,  1.61162321,  0.95468972,
        -0.16288091]]), array([[ 0.9928715 , -1.12877138],
       [-2.06254061,  2.44090752],
       [-0.90414382,  0.77957778],
       [ 0.43978958, -0.42484631],
       [-1.03405469,  1.38289946],
       [ 2.1670029 ,  0.67231644]])], [array([-0.68021338, -2.19422947,  0.39547422, -2.24862763,  0.6839891 ,
       -0.75299374]), array([-1.84305069, -2.4110429 ])]]]
[955309, 3, 'death']
[955609, 16, 'death']
[955909, 12, 'death']
[956209, 1, 'death']
[956509, 22, 'death']
[956809, 11, 'death']
[957109, 21, 'death']
[957409, 24, 'death']
[957709, 20, 'death']
[958009, 23, 'death']
[958309, 9, 'death']
[958609, 15, 'death']
[958909, 7, 'death']
[959209, 18, 'death']
[959509, 17, 'death']
[959809, 8, 'death']
[960109, 14, 'death']
[960359, 19, 'death']
[960659, 4, 'death']
[960959, 10, 'death']
[961259, 2, 'death']
[961559, 0, 'death']
[961859, 5, 'death']
[962159, 13, 'death']
[962459, 6, 'death']
[962659, 10, 'birth', 22, 18, 0, [[array([[-2.44948974, -0.64501199,  0.68413549,  1.19470412, -1.02233793,
         2.27432909],
       [ 2.33041024,  0.67031918, -0.14466427, -1.21995739, -1.69986762,
         0.23425141],
       [ 0.25568538,  0.36348369,  1.22075454,  0.87533733, -1.93026777,
         2.23065615],
       [-1.06843688, -0.2428921 , -2.29284194, -0.60473423, -2.44948974,
         1.90304085],
       [ 1.9015125 , -0.05092396,  0.29545692, -1.41896609,  2.14552991,
         1.16204113],
       [ 0.55937726,  2.08607005,  0.23921921,  1.8937225 ,  0.16821016,
         1.41611594]]), array([[ 0.46647358, -1.41421356],
       [ 1.21091022, -1.31672777],
       [-1.41421356,  0.07183596],
       [ 1.41421356, -1.41421356],
       [ 1.41421356,  1.27579852],
       [ 0.22742661, -0.57868763]])], [array([ 2.3763786 , -2.44948974,  0.9954465 ,  1.62272218, -1.10082985,
        1.58002695]), array([1.15034623, 1.41421356])]]]
[962659, 17, 'birth', 21, 10, 0, [[array([[ 2.44948974, -2.13344732, -1.87815061,  2.33211144,  2.44948974,
         1.73793307],
       [ 2.38779321, -1.05445327, -1.38336084,  2.36131031,  0.42409272,
         0.22367039],
       [ 0.61760138, -1.15622948, -2.31987127,  0.49709936, -1.12387721,
        -1.81205441],
       [-1.23149823,  1.76519972,  1.10969112,  2.0452578 ,  0.03013836,
         0.87351282],
       [-0.83725394, -2.40044527,  1.67184988, -1.77221357,  1.68025927,
        -1.05353338],
       [-2.44948974,  1.21434435, -1.20316022, -1.32578948,  0.30830971,
        -0.65884448]]), array([[-1.41421356, -0.84978139],
       [-0.03439586,  1.41421356],
       [ 0.48038666, -1.41421356],
       [-1.41421356, -1.41421356],
       [ 0.57984237, -1.41421356],
       [ 1.41421356, -1.41421356]])], [array([-1.73183234,  0.31227865, -1.36054846,  2.31152393,  1.7673758 ,
       -0.11639367]), array([1.36885178, 1.41421356])]]]
[962659, 13, 'birth', 17, 10, 0, [[array([[ 0.45905944,  2.2648078 ,  2.44948974,  0.49622882, -2.10264513,
         0.2113936 ],
       [-1.17501327, -2.20857048, -0.36246609, -2.44948974, -1.97411748,
         0.90212714],
       [ 2.41056458, -0.77939425, -0.03072253,  1.70065205, -2.41739825,
        -0.38763391],
       [-2.44948974, -0.0504928 , -1.02317216,  0.88577645,  0.64373151,
        -0.21955505],
       [-0.28160687, -0.83178492,  2.26518949,  0.69260058,  1.00597159,
         2.3572004 ],
       [-1.34774351, -1.82934677,  2.13042942, -0.52355085,  1.33832682,
        -0.14076356]]), array([[-1.28215553, -1.10391302],
       [-0.03439586,  1.41421356],
       [-0.95167057, -1.41421356],
       [-1.41421356, -1.41421356],
       [ 0.57984237, -1.41421356],
       [ 1.41421356, -1.41421356]])], [array([-1.73183234,  0.31227865, -1.36054846,  2.31152393,  1.7673758 ,
       -1.45473024]), array([1.16418666, 1.41421356])]]]
[962659, 19, 'birth', 6, 11, 1, [[array([[-0.81946954,  0.34560355, -2.37809271, -1.92100691, -0.09042943,
         1.10725849],
       [ 0.46330479, -0.85955349,  0.97021169, -0.26279995,  1.21333341,
         0.13342424],
       [ 0.07144021, -1.76364362,  1.68075709,  2.05044692, -2.29811392,
         0.68989352],
       [-2.35426586, -0.68855295,  2.44948974,  1.67223776,  1.14872768,
         0.31082077],
       [-0.5980775 , -0.95431393, -1.63802655, -0.29153392, -2.44948974,
         0.23822732],
       [-0.90000327,  1.3880783 , -0.22977204,  1.61162321,  0.95468972,
        -0.16288091]]), array([[ 0.9928715 , -1.12877138],
       [-1.41421356,  1.41421356],
       [-0.26692868,  1.41421356],
       [ 1.38239109,  1.02887095],
       [-0.91069004, -0.41670585],
       [ 1.41421356, -1.41421356]])], [array([-0.18021861, -2.42360689,  1.06730997,  2.44948974,  0.56540519,
       -0.59670306]), array([-1.41421356, -0.11383768])]]]
[962659, 24, 'birth', 6, 24, 0, [[array([[ 1.50437521, -1.51940788, -0.13935438,  0.77935352, -1.85131848,
        -2.44948974],
       [-0.7678057 ,  0.95308741, -1.47684437, -0.81881376, -0.01701707,
        -0.11765979],
       [ 0.39896017,  1.27099681, -1.88350931,  1.49233645, -0.41725511,
         1.03944224],
       [ 0.4699484 ,  2.38225394, -0.88710864,  2.44948974,  2.1933815 ,
        -1.40815245],
       [ 0.90708007, -1.04228166,  1.48984019, -1.35489142,  1.37564186,
        -2.38814741],
       [ 1.23105842, -2.00698505, -1.49305414,  0.05853169,  1.35180614,
        -0.80565304]]), array([[ 1.41421356, -1.41421356],
       [-0.67652368,  1.41421356],
       [ 0.507639  ,  0.69656529],
       [ 0.23989075,  1.02721863],
       [-0.1723324 ,  1.41421356],
       [-1.41421356, -1.17392031]])], [array([-0.50244521,  0.01879699, -0.95535887,  1.04317733,  2.44948974,
       -2.09218127]), array([ 0.33073834, -0.72881103])]]]
[962659, 7, 'birth', 7, 19, 0, [[array([[-1.21331545,  2.03728243, -1.26724654,  1.57960423,  1.60654974,
        -2.37857897],
       [-0.67748895,  2.36352659, -1.94986134, -0.05515733,  0.54788378,
        -0.64891367],
       [-0.44732895,  1.06536771, -1.01470564, -0.01397611,  1.78608613,
         0.76978799],
       [ 0.94285514, -1.3171138 ,  2.44948974, -1.65017354,  1.2794101 ,
         0.37004346],
       [ 0.93147751, -2.44948974, -0.00865933, -0.97545814, -1.82532649,
        -1.53819154],
       [-0.0226432 ,  0.93769382,  2.00194272,  0.28852974, -1.71445187,
        -0.19851437]]), array([[-0.7107734 ,  0.41886763],
       [-1.41421356,  0.21696145],
       [ 0.39670079,  1.41421356],
       [ 1.31700515,  1.0680873 ],
       [ 1.39269763, -1.41421356],
       [-1.41421356, -0.81384481]])], [array([ 1.23356057, -0.45647598, -0.89126011, -2.14532278, -2.44948974,
        0.59149325]), array([-0.07973355, -0.83284156])]]]
[962659, 6, 'birth', 9, 19, 0, [[array([[ 2.04245065, -1.59615609, -1.38032818,  1.59497814,  0.21301405,
         1.18204785],
       [ 2.44948974, -1.66252636, -2.36254244, -0.69171603, -2.44948974,
        -1.529464  ],
       [-2.29469372, -1.33266759,  0.24409564,  1.38428921, -0.73234421,
        -0.60776837],
       [-0.20738205,  1.5364253 ,  2.12450563, -1.55482789, -0.02161166,
        -0.29011041],
       [-1.06139807,  2.44948974,  1.72561125, -0.02548277,  2.15916623,
         0.097825  ],
       [ 1.27514105,  1.23306401,  0.49096686, -2.11210513, -2.28383375,
         0.80203763]]), array([[ 1.29659996, -0.60273449],
       [-1.38853323, -1.41421356],
       [-1.41421356, -1.38842787],
       [-0.49506856, -1.41421356],
       [ 1.41421356,  0.31449316],
       [ 0.71537943,  1.41421356]])], [array([-0.10960564, -0.6422402 , -0.62093774, -2.18944527, -1.97334804,
        0.59149325]), array([-0.07973355, -0.83284156])]]]
[962659, 3, 'birth', 12, 19, 0, [[array([[-1.14315798, -1.86292107,  0.38247366, -0.02561988,  0.09232246,
         2.28529848],
       [ 2.44821874,  0.13316851,  0.97417032,  1.14392326, -2.19167341,
        -1.34538886],
       [-0.43172805, -0.84855609, -0.09350173, -1.71234032, -0.89341398,
        -0.11470479],
       [-1.48680214, -1.808412  ,  0.524482  , -0.94823411, -2.32995535,
         2.01080983],
       [-0.16107509, -2.44948974,  1.78101623, -1.76051121, -2.44948974,
        -1.53819154],
       [-0.0226432 ,  0.93769382,  2.00194272, -2.07610121, -1.71445187,
        -0.19851437]]), array([[-0.7107734 ,  0.41886763],
       [ 0.08120987,  0.21696145],
       [ 0.39670079,  1.41421356],
       [ 1.41236286,  1.41421356],
       [ 1.39269763, -0.14743377],
       [-1.41421356, -1.41421356]])], [array([ 1.23356057, -1.91363343, -0.89126011, -2.14532278, -1.97334804,
       -0.44645382]), array([ 0.76224878, -0.83284156])]]]
[962659, 20, 'birth', 6, 19, 1, [[array([[-0.50692771,  0.34560355, -2.37809271, -0.59639003, -0.09042943,
         1.46580832],
       [ 0.46330479, -0.85955349,  0.97021169, -0.26279995,  1.21333341,
         1.91232873],
       [-0.44732895, -0.09043894, -1.41804349, -0.01397611,  2.44948974,
         0.76978799],
       [ 0.94285514, -1.3171138 ,  2.44948974, -1.65017354,  1.2794101 ,
         0.37004346],
       [ 0.93147751, -1.27104912, -0.00865933, -0.92241743, -1.91331905,
        -1.53819154],
       [ 1.53158268,  0.93769382,  2.00194272,  0.28852974, -2.44948974,
        -0.19851437]]), array([[-0.7107734 ,  0.41886763],
       [-1.41421356,  0.21696145],
       [ 0.39670079,  1.41421356],
       [ 1.41236286,  1.0680873 ],
       [ 1.39269763, -0.14743377],
       [-1.41421356, -0.81384481]])], [array([ 1.23356057, -0.45647598, -0.89126011, -2.14532278, -0.65911293,
        0.59149325]), array([ 0.56546145, -0.83284156])]]]
[962659, 16, 'birth', 3, 19, 0, [[array([[ 1.59319127, -0.94813191,  2.10523211,  2.35494303,  2.31338766,
        -0.56923084],
       [-0.91968083, -1.96571655, -2.44948974, -0.67241086, -1.85805742,
        -1.94674385],
       [-1.22008704, -2.24611128,  1.12001654,  0.94845536, -0.35555252,
         1.66680383],
       [ 1.96203479,  1.99959428,  0.23482964,  2.44948974, -0.06471769,
        -2.41735003],
       [ 0.01794854,  1.42278415, -2.44948974, -1.10997456,  2.05018818,
         1.84870466],
       [ 1.2833113 ,  2.43726797,  2.44948974, -1.16977573, -0.94012449,
         2.44948974]]), array([[-1.26897021,  0.96338522],
       [-1.41421356,  0.7663609 ],
       [-1.08864163, -1.41421356],
       [-0.79990105, -0.94680064],
       [ 1.41421356,  0.70343822],
       [-1.41421356,  0.83965308]])], [array([-2.44948974,  1.28883289,  2.44948974, -1.23100546, -1.97334804,
        0.59149325]), array([-0.07973355, -0.83284156])]]]
[962659, 4, 'birth', 2, 15, 0, [[array([[-0.63006949,  0.98591957, -2.16119539, -2.28120109,  0.26234871,
        -0.35233268],
       [ 0.53906631, -2.31470844,  2.20561752,  1.91964492, -0.09983494,
         0.31791384],
       [ 0.57277544,  2.28683651, -2.09001752, -1.67842666, -1.00058814,
         0.64894925],
       [ 0.07699077,  0.54149475, -2.22434856,  2.44948974, -2.4279205 ,
        -0.68803385],
       [-0.49873335, -2.44948974,  2.44948974, -0.24983382, -0.33212362,
        -1.41460095],
       [ 2.04733319, -1.38177173, -1.06872854, -0.02248667,  0.34585298,
         1.91938514]]), array([[-0.34596026, -1.41421356],
       [-1.41421356, -0.6754185 ],
       [ 1.41421356, -1.41421356],
       [ 0.71262976,  1.41421356],
       [-0.37506395, -1.41421356],
       [-0.64186468, -0.7006606 ]])], [array([ 0.58366676,  2.40532283,  0.08148858, -1.44287473, -0.39681694,
        1.14933351]), array([ 0.66225685, -1.1429817 ])]]]
[962659, 11, 'birth', 7, 8, 0, [[array([[-1.22560469,  0.75659833,  1.89478678,  1.69415252, -2.12731931,
         2.44948974],
       [-1.43207039, -0.45068291,  2.04373446, -1.78152555,  1.82896876,
        -0.75985284],
       [-2.40182759,  1.59337475,  1.54665919,  2.44948974,  2.04140485,
         2.08836046],
       [-0.81004014, -1.15537752, -0.19238492, -1.46887477, -0.42436722,
         0.7663443 ],
       [ 2.36415412,  0.7493731 ,  1.49294092, -0.68929761, -0.52950749,
        -2.44948974],
       [ 1.70741132, -0.64004643,  1.84577156,  2.28081001,  2.44948974,
        -0.35532509]]), array([[ 1.41421356,  1.41421356],
       [-1.41421356, -1.41421356],
       [ 0.20323832,  1.41421356],
       [-0.53074452, -1.41421356],
       [-1.41421356,  0.1496934 ],
       [-0.51610385, -1.07990976]])], [array([-0.45725551, -1.90693445, -0.45553443, -1.88328963,  2.38748956,
       -0.12988393]), array([-1.41421356, -0.93135379])]]]
[962659, 15, 'birth', 3, 18, 0, [[array([[ 1.59319127, -0.94813191,  2.10523211,  2.35494303,  2.31338766,
        -0.56923084],
       [-1.08683845, -1.96571655, -2.3384733 , -2.33538047, -1.85805742,
        -1.94674385],
       [-1.22488441, -2.24611128,  1.12001654, -0.76408425, -0.35555252,
         1.66680383],
       [ 2.44948974,  2.44948974,  0.23482964,  0.19778362, -0.06471769,
        -0.04275587],
       [-0.14013534,  2.22008815,  0.29545692, -1.41896609,  2.14552991,
        -2.22648622],
       [ 0.55937726,  2.08607005,  0.23921921,  2.44948974,  0.16821016,
         1.41611594]]), array([[-0.02922517, -1.41421356],
       [ 1.21091022,  0.29492958],
       [-1.41421356,  0.07183596],
       [ 1.41421356, -1.41421356],
       [ 1.41421356,  1.41421356],
       [ 0.70931198, -0.57868763]])], [array([ 2.3763786 , -0.90331225, -2.27785906,  1.62272218, -1.10082985,
        0.88829467]), array([-0.58882603,  1.41421356])]]]
[1010010, 8, 'birth', 16, 20, 0, [[array([[-1.12007594, -0.94813191,  2.10523211,  2.35494303, -2.44948974,
        -0.56923084],
       [-1.56765893, -1.96571655, -2.44948974, -0.67241086, -1.85805742,
        -1.94674385],
       [-1.22008704, -2.24611128,  1.12001654,  0.94845536, -0.35555252,
         1.66680383],
       [ 0.94285514, -1.3171138 ,  2.44948974, -1.65017354, -2.44948974,
         0.37004346],
       [ 0.93147751, -1.27104912, -0.00865933, -0.92241743, -1.91331905,
        -2.44948974],
       [ 1.53158268,  0.93769382,  2.00194272,  0.28852974, -1.82930936,
        -0.19851437]]), array([[-0.7107734 ,  1.41421356],
       [-1.41421356,  0.21696145],
       [ 0.39670079,  1.41421356],
       [-1.11348198,  1.0680873 ],
       [ 1.39269763, -0.14743377],
       [-1.41421356,  1.07111036]])], [array([ 1.23356057, -0.45647598, -0.89126011, -2.14532278, -0.65911293,
        0.59149325]), array([ 0.56546145, -0.83284156])]]]
[1010010, 23, 'birth', 4, 20, 1, [[array([[-0.63006949,  0.98591957, -2.16119539, -2.28120109,  0.26234871,
        -0.35233268],
       [ 0.53906631, -2.31470844,  2.20561752,  1.91964492, -0.09983494,
         0.31791384],
       [ 0.57277544,  2.28683651, -2.09001752, -1.67842666, -1.00058814,
         0.64894925],
       [ 0.07699077,  2.11559529, -2.22434856,  2.44948974, -2.4279205 ,
         0.37004346],
       [ 0.93147751, -1.27104912, -0.00865933, -0.92241743, -1.85359843,
         1.66761606],
       [ 1.53158268,  0.93769382, -2.44948974,  0.28852974, -2.44948974,
         2.44948974]]), array([[-0.7107734 ,  0.41886763],
       [-1.41421356,  0.21696145],
       [ 0.39670079,  1.41421356],
       [ 1.41236286,  1.0680873 ],
       [ 0.45911055, -0.14743377],
       [-1.41421356, -1.41421356]])], [array([ 1.23356057,  0.99038514, -0.89126011, -2.14532278, -0.03729532,
        0.59149325]), array([ 1.41421356, -0.83284156])]]]
[1322013, 9, 'birth', 6, 23, 1, [[array([[-2.44948974, -1.59615609, -1.38032818,  1.59497814,  0.21301405,
         1.18204785],
       [ 2.44948974, -1.66252636, -2.36254244, -0.69171603, -2.44948974,
        -1.529464  ],
       [-2.29469372, -2.44948974,  0.24409564,  1.38428921, -0.73234421,
        -0.60776837],
       [-0.20738205,  1.5364253 ,  2.12450563, -1.55482789,  2.44948974,
        -0.29011041],
       [-1.06139807,  2.19054504,  0.66555533, -0.02548277,  2.15916623,
         0.097825  ],
       [ 1.27514105,  1.23306401,  0.49096686, -2.11210513, -2.28383375,
         0.80203763]]), array([[ 1.29659996, -0.60273449],
       [-1.41421356, -1.41421356],
       [-1.41421356, -1.41421356],
       [-0.49506856,  1.0680873 ],
       [ 0.45911055, -0.14743377],
       [-1.41421356, -1.41421356]])], [array([ 1.23356057,  0.99038514, -0.89126011, -2.14532278, -0.03729532,
        0.59149325]), array([ 1.41421356, -0.83284156])]]]
[1528515, 10, 'death']
[1528665, 17, 'death']
[1528815, 13, 'death']
[1528965, 19, 'death']
[1529115, 24, 'death']
[1529265, 7, 'death']
[1529415, 6, 'death']
[1529565, 3, 'death']
[1529715, 20, 'death']
[1529865, 16, 'death']
[1530015, 4, 'death']
[1530165, 11, 'death']
[1530315, 15, 'death']
[1539865, 8, 'death']
[1540165, 23, 'death']
[1540565, 9, 'death']
[1540565, 'Extinction!']
