[time, indiv, parent1, parent2, gender, brain]
[150, 10, -1, -1, 0, [[array([[-1.53039705,  0.83539385, -1.45967835,  1.58304471,  0.43282931,
         2.33385373],
       [-1.17755056, -1.81405881, -1.97698485, -1.36063585, -2.42987342,
         0.58768684],
       [ 2.15970268,  0.02397041,  2.03927556, -1.77786613,  0.41600965,
        -1.95624275],
       [-1.48648794,  0.7883934 , -0.89272472,  0.77421917,  1.71817551,
         1.6232552 ],
       [ 1.58989139,  1.50799665, -1.16904672, -0.98920424, -0.20279685,
         0.36178627],
       [-0.75073643,  1.88644274,  0.29901728,  1.61356323, -1.06685781,
        -1.00622751]]), array([[-1.50119978, -0.75352342],
       [-0.37880268, -1.82871664],
       [ 0.03817287,  1.3888369 ],
       [ 0.3055205 ,  1.56139536],
       [ 0.24989197,  2.4023108 ],
       [ 2.00827503,  0.65833252]])], [array([-1.03715947, -1.12872429, -0.37492158, -2.00707711, -0.69843225,
        0.87692282]), array([0.77189226, 0.72971159])]]]
[150, 17, -1, -1, 1, [[array([[-1.88134849,  0.41511929,  0.80327851,  0.4252268 ,  1.35825615,
         0.9343642 ],
       [ 2.06349381, -0.42101683, -1.3423075 ,  1.66018636,  0.76953521,
         2.27381565],
       [ 0.38331412, -1.67000869, -1.14984918,  0.74567978,  1.6287423 ,
        -0.57411572],
       [ 2.25508911, -2.06764676, -2.40173359, -0.41613795,  0.59702361,
        -1.84297888],
       [-1.90410054, -1.37991792,  0.99116796, -1.29025225, -1.78652957,
         1.77859978],
       [ 1.78571673,  1.96666584,  1.49447798,  0.3056441 ,  0.52185329,
        -0.72174079]]), array([[ 0.5530833 , -0.56526334],
       [ 1.52677982,  2.06520485],
       [ 0.23097003, -1.39321079],
       [ 1.73585125,  1.24087805],
       [ 2.30251665,  2.20649077],
       [ 0.01990182,  0.08925455]])], [array([-0.30769363, -1.22424311, -0.13464777,  0.18881485, -0.42424054,
       -1.17463218]), array([1.68307814, 1.62129222])]]]
[150, 3, -1, -1, 0, [[array([[ 1.41615015, -1.81746098,  2.19769494, -0.42200125, -0.95957555,
        -1.65219229],
       [-2.22801206,  0.09698269,  2.28603868,  0.39685027, -0.92333923,
        -0.81242368],
       [-1.49175613, -1.41050337, -0.49231355, -0.92196941,  2.15111579,
        -1.68216731],
       [ 2.38045204,  2.43094607, -1.45124418, -0.75890835, -0.61322791,
         2.12575925],
       [-1.30709081,  0.45249028,  0.14364496,  0.37050568, -1.85868362,
         0.33109928],
       [-2.35419914,  1.84696762, -0.50006629,  0.31624606,  1.49111351,
        -0.28546616]]), array([[ 0.82192828,  2.21225746],
       [-0.09154322, -1.38500682],
       [-0.16963283,  1.23767292],
       [ 1.08411105, -1.31503541],
       [-1.92657969,  1.39462565],
       [ 1.42650309,  1.44548743]])], [array([ 2.25129305, -0.08443469, -1.71095065,  0.88240823, -2.1050751 ,
       -0.44602293]), array([ 0.68164208, -1.31906039])]]]
[150, 19, -1, -1, 1, [[array([[-2.28795428,  0.16259896,  1.42943685, -2.18628004,  2.05680667,
         1.24477796],
       [ 1.62242593, -2.36561451,  1.84416402,  0.91966224, -2.08317167,
         0.1420799 ],
       [-2.06502811, -0.71748716,  2.35684751,  1.07549492, -1.5313728 ,
        -2.44125397],
       [-0.6366627 ,  0.16649189,  0.56864323, -2.02647828,  0.72421725,
        -1.92364362],
       [-0.44795391, -0.83444135,  0.32869858, -1.73762624, -1.44259024,
        -1.61374255],
       [-1.87577668, -0.7080389 ,  0.70723091, -0.54908988,  0.1502217 ,
        -0.1016171 ]]), array([[ 1.88863516,  2.23973546],
       [-0.40642266, -2.39550415],
       [ 1.96239615, -0.51054953],
       [ 1.66100431, -0.61897917],
       [-0.26773737, -0.48549324],
       [-1.29151937, -2.17135853]])], [array([ 0.31885732, -1.07231686, -0.8349386 , -1.63810874,  0.01990083,
        2.03888684]), array([-1.43115927, -1.93990641])]]]
[150, 22, -1, -1, 0, [[array([[ 1.72640786, -2.23647877, -0.35924883,  0.07793161,  0.3451889 ,
        -0.32787346],
       [ 2.27076564,  0.39101799, -1.10744583, -0.34662482, -1.34940951,
        -1.07308586],
       [ 2.28059227,  0.60637431, -1.49679245, -2.3036636 , -1.74579864,
         1.1390991 ],
       [ 0.57822671, -0.66695164,  2.25791652,  1.21967485,  2.0911286 ,
        -2.41427401],
       [-0.70762312,  1.32304638,  2.10523384, -1.2168953 , -0.1981265 ,
         2.36465668],
       [ 1.12797593,  0.36121258, -0.93370158,  0.10194175, -0.78645683,
        -0.14782476]]), array([[ 0.26505483, -1.0144361 ],
       [ 1.817485  ,  2.28325489],
       [ 1.54686904, -1.74827319],
       [-0.45470826, -0.07353487],
       [-0.77115724, -1.18646678],
       [-0.7994014 , -1.11932539]])], [array([-0.59010075, -1.45343392,  1.59402114,  2.31071906, -2.16962397,
       -0.33892128]), array([ 2.05261966, -0.47417492])]]]
[150, 21, -1, -1, 1, [[array([[ 1.98700974,  0.80698007,  2.3731671 , -0.92287006,  2.28987744,
        -0.10655015],
       [ 1.79904753, -2.05349316, -1.28560599,  0.30929525, -1.5858734 ,
         0.55123203],
       [ 2.36332841,  0.87873926,  1.62524544,  0.82107195,  0.53433929,
         2.14717225],
       [-2.43938271,  0.6802219 ,  1.97925594, -0.30523526, -1.61699504,
         0.34274567],
       [-1.30978193, -1.300282  ,  2.2865084 , -1.61714904,  2.34320655,
        -1.5476252 ],
       [-1.84961851, -1.77064588,  1.19520807, -2.04135019,  1.43699377,
         1.52389059]]), array([[ 2.27974582,  1.66255958],
       [-0.50258169,  0.53130484],
       [ 1.4063006 ,  0.38210771],
       [-0.01956344, -0.23480217],
       [-0.33076272, -1.00081054],
       [-1.6360432 ,  1.94940901]])], [array([-1.40135194, -0.75602476,  1.0220663 ,  0.45021455,  0.60912909,
       -1.09927863]), array([ 2.00048143, -1.9933319 ])]]]
[150, 13, -1, -1, 0, [[array([[ 0.90679459,  1.1494881 , -0.39774306, -1.16493779,  1.49337852,
         2.09208722],
       [-1.89853032, -0.39177593, -0.81270979,  0.28487198, -2.05464568,
        -0.72334948],
       [ 0.8943083 , -2.24779048,  1.48586945, -0.7091244 ,  2.42388853,
         2.09564362],
       [ 2.27205535, -0.36463533, -0.96598854, -2.31533531, -2.07227751,
         0.02689571],
       [-1.00112884, -0.27167136, -1.14381802,  0.52863459,  0.88742726,
         0.16972915],
       [-0.92712311,  1.20854932,  0.52015658,  0.09288351, -1.15170453,
         0.12380265]]), array([[ 0.89519195, -2.07490464],
       [ 2.03649928, -1.66365607],
       [-0.38419675,  1.41889763],
       [ 0.57048798,  2.36925811],
       [-0.13791732, -0.45271615],
       [ 0.92205421, -0.97849097]])], [array([ 2.31059439,  1.3766426 ,  0.4626613 ,  1.10078992, -2.0879232 ,
        1.0443106 ]), array([ 0.72456836, -1.64489532])]]]
[150, 24, -1, -1, 1, [[array([[-1.35223891, -2.37802871, -2.22827595, -2.0048414 ,  0.92683516,
         1.00512172],
       [ 0.84958481, -1.76716557,  0.60785322, -0.20564939, -2.27961114,
        -0.66411211],
       [ 0.05640377, -2.27144262,  2.00641538, -2.25056862, -1.5309998 ,
        -0.20546029],
       [ 1.35242332, -2.37069666, -1.80818132,  0.55052268,  2.09248781,
         1.17968207],
       [ 2.04381966, -2.06783704,  0.08958256, -0.89387226, -0.42420769,
         1.02376843],
       [ 1.92056109,  0.42493448,  1.86742916,  0.36714727,  1.95283397,
        -2.39327169]]), array([[-1.85372782,  0.54641173],
       [-0.5381035 , -0.32267482],
       [-1.76177042,  1.49955559],
       [-0.01065991, -0.02865447],
       [ 0.6621003 ,  1.44877284],
       [ 2.12747534, -2.29077714]])], [array([ 0.12568911, -1.33846167,  0.47418522, -0.92311924, -2.20704957,
       -1.48226505]), array([ 0.67352558, -1.02765683])]]]
[150, 5, -1, -1, 0, [[array([[ 1.6802718 ,  1.96708451, -1.68612141, -2.21750414, -0.42035498,
         2.24106395],
       [-0.84049119, -0.20764798,  0.40804757, -1.38791433, -0.96929488,
         0.76033008],
       [-1.08202437,  0.74315706,  0.25688954, -0.68232386,  0.32789409,
         2.04719584],
       [-1.94194646,  1.17214473,  1.79937066,  0.80121453,  1.07879528,
        -0.58748279],
       [-0.94621318, -0.61654012,  2.39210273,  1.00557236, -2.38150783,
         1.50546627],
       [ 1.38653546,  1.86054784, -1.03930831, -2.21922118,  0.96246023,
        -2.21156576]]), array([[-1.68104531, -1.74903885],
       [ 1.65393228, -0.38829667],
       [-1.62128456, -1.04226011],
       [ 0.94979528,  2.40516143],
       [ 1.18055148,  1.61758524],
       [ 0.22908918, -1.20941694]])], [array([-0.31437252, -0.8732517 ,  2.06001611, -1.38279653, -1.14341426,
       -2.1696652 ]), array([ 1.22133514, -0.12069147])]]]
[150, 6, -1, -1, 1, [[array([[-0.71572956, -0.78689654,  1.8014374 , -1.11895148,  0.85805533,
        -1.43137688],
       [-1.59965574,  1.61383341,  1.34287088, -2.38848653, -1.05583094,
        -2.42661695],
       [ 0.37707342,  0.02491997,  2.3282426 , -0.08961648,  1.70130665,
         0.34813366],
       [ 2.18845399,  2.2885896 ,  2.25009526,  1.12255433, -0.37814552,
        -0.49217771],
       [ 0.14722635, -0.08960141, -2.31912724, -1.47805179, -1.79723716,
         2.25096879],
       [ 1.47884536,  1.39345434, -2.2159998 ,  0.87539902,  2.38088001,
         1.89613224]]), array([[-0.3480874 , -1.90082707],
       [ 1.53106881, -0.20731211],
       [ 0.58469716,  0.77963884],
       [-1.4234906 ,  2.05413666],
       [-1.20908548,  0.72335951],
       [-0.75580534, -2.00314223]])], [array([ 2.00231516,  2.32229967,  1.34973368, -0.21426621,  1.82681336,
       -0.68093374]), array([-0.27878893, -0.85239418])]]]
[150, 7, -1, -1, 0, [[array([[ 0.13367656,  0.81100407,  2.36104255, -1.1391788 , -0.52679634,
         1.1657195 ],
       [-2.13710735, -0.77369392, -2.21211507,  1.5677705 , -2.24121823,
         1.14074929],
       [ 0.20137047, -0.82123656, -1.15828611,  0.79932246,  1.76532765,
         0.09861963],
       [-2.39450398,  0.53474729, -0.31442075, -1.27127256,  1.08440318,
         0.34623222],
       [-1.74261834, -0.76110832,  2.13171852, -1.17586265,  2.39618965,
        -1.43632632],
       [ 2.05008569, -0.04576303, -1.80692736,  0.78109891,  1.19817137,
         1.14953034]]), array([[ 2.16754868, -1.12853362],
       [-2.0875249 ,  0.22343515],
       [ 0.49099778,  1.11816884],
       [ 1.69681997, -1.86815382],
       [ 1.07181396, -2.36186878],
       [ 1.32437089,  0.35603801]])], [array([-1.27133031, -1.15170289,  1.74218001,  0.43630996,  1.64484813,
        1.28277075]), array([ 0.7067391 , -1.47034531])]]]
[150, 12, -1, -1, 1, [[array([[-1.98995091,  0.75594541,  1.02960713,  0.94994143,  0.26793744,
         2.35528464],
       [ 1.87626468,  0.90006784, -0.81160452,  0.24306511, -2.21553011,
        -2.24077102],
       [-1.79417282,  1.41918937, -0.51857523, -2.06490682,  2.10007621,
         0.59237692],
       [ 2.42557588, -1.97254372, -0.8843389 , -1.09422818,  1.01500958,
        -1.59859261],
       [-2.0622565 , -0.8904758 , -0.65580977, -1.70636127, -0.32315322,
        -1.88802836],
       [-0.8293694 ,  2.26802484, -2.41868616, -1.9652141 ,  1.11092744,
         0.80068733]]), array([[-1.55028771, -2.11631575],
       [-0.84383046, -1.69159163],
       [-0.71207579, -1.80971952],
       [-1.26754504, -1.90560733],
       [-0.2264226 ,  0.18057757],
       [-1.06964169,  1.40698003]])], [array([ 1.94737446,  1.02050621, -1.04735556, -2.20511041, -0.71613377,
        2.43697254]), array([0.0124089 , 0.59614104])]]]
[150, 8, -1, -1, 0, [[array([[ 0.77171266,  0.0149329 ,  0.35869199,  1.87355311,  0.74802058,
         0.57232376],
       [ 2.13008724, -1.01340581,  1.05424256,  2.18677323, -1.27737263,
         1.59014446],
       [ 0.50613925, -0.15368977, -1.36690161,  1.32768647,  0.25448455,
        -0.28839638],
       [-0.96338279,  1.71890256,  2.06052099,  0.39883673,  1.85648299,
         1.79931512],
       [-0.39426413,  1.36573641, -1.33749065,  0.18264387, -1.53682286,
        -1.46026619],
       [-0.18651761, -1.78680686, -1.49462163, -2.22139153, -2.21854334,
        -2.4385336 ]]), array([[ 2.39277432, -0.75405116],
       [ 2.03937456,  2.05750587],
       [ 1.8020804 ,  1.15731719],
       [-2.31265711, -1.43121628],
       [ 0.74430057, -1.40578143],
       [-0.61329997,  0.11980614]])], [array([-1.19921138,  2.03941443,  0.03683776,  1.09362089, -0.52062679,
       -1.41697328]), array([-1.39733822,  0.44294414])]]]
[150, 11, -1, -1, 1, [[array([[-0.3951665 , -0.5407121 ,  1.4111758 , -0.57901452, -0.63933109,
        -1.46409365],
       [-1.92913139, -1.40332262, -2.12857837, -1.1263126 , -0.12212597,
         1.82748889],
       [ 0.58815912, -1.86176205, -1.45536404, -2.44921102,  1.37398153,
         0.2827157 ],
       [ 1.69265698, -1.24161165,  1.95729221, -0.49486063,  0.24263472,
        -2.13092508],
       [ 2.20610166,  1.8509263 ,  0.73133572,  0.18346667, -1.00540987,
        -1.79841229],
       [ 2.31812142, -1.7642226 ,  0.63471384,  0.77290995, -2.3274888 ,
        -0.14842054]]), array([[-1.22793748, -0.57686936],
       [-1.16143239,  1.35938065],
       [-0.43733627, -0.62211229],
       [-1.08408413,  1.09528281],
       [ 2.06442235,  1.26824971],
       [ 2.43365596,  2.20100634]])], [array([-0.44015118, -1.7438211 ,  0.62782645,  1.41175068,  1.93821986,
       -0.15716724]), array([-0.67807148,  1.73286271])]]]
[150, 16, -1, -1, 0, [[array([[-1.34767041, -2.145568  ,  2.3150594 ,  1.98984361,  2.30965646,
        -0.35439813],
       [-0.14165863, -0.64100896,  1.50300445,  0.36836675, -2.01667821,
        -1.09527086],
       [ 0.92427528,  0.1401764 , -1.07767691, -0.15079712, -1.09706617,
         0.8635877 ],
       [-2.14131108, -1.69777489,  0.6228373 , -1.72895827,  1.97571715,
         2.10289264],
       [-2.30015222,  0.4328398 ,  1.31290847, -1.55921194,  2.06367617,
         1.61744218],
       [-0.26916752, -0.90215392, -0.24746731, -1.71083883, -0.00639524,
        -2.16102702]]), array([[-2.00702271,  2.35749969],
       [ 0.35734084,  1.24041535],
       [-1.4407107 ,  1.19055619],
       [ 0.18821104,  0.73278721],
       [ 1.64628336,  0.03359864],
       [ 1.86705528,  0.47261026]])], [array([ 0.55647683,  0.08515949, -1.16086894,  0.76484401,  2.3415832 ,
       -1.8837078 ]), array([ 0.31432183, -1.45444497])]]]
[150, 0, -1, -1, 1, [[array([[-1.63167365, -2.33678753, -1.85321016, -0.45907519, -2.06977725,
        -2.3398016 ],
       [ 0.25578098,  0.27553581, -0.1877916 , -2.26027009, -0.75737877,
         0.3369514 ],
       [-0.81827297, -2.08680372,  1.24855207,  0.89264375,  0.8983002 ,
         0.81821804],
       [ 1.72107188, -2.44233595, -0.42662214, -0.58605708, -0.99176077,
        -0.92717774],
       [ 0.06983756, -1.34739683, -0.52527025,  1.2255903 , -1.85947452,
         0.46208306],
       [-2.09649398, -1.62495408, -0.91046921,  2.02432675, -0.25334977,
        -1.79873727]]), array([[-1.12361103, -0.69420558],
       [-2.27067838, -0.84391169],
       [-2.06135951, -0.31400438],
       [ 1.01759668,  1.1840924 ],
       [-1.59166547,  0.50084842],
       [-0.80332158,  1.78913931]])], [array([ 1.97610869, -0.39464106,  1.31332763, -2.05373688,  2.08860454,
       -2.40253974]), array([-2.00073478,  2.01024149])]]]
[150, 23, -1, -1, 0, [[array([[-1.00444526,  0.62306348, -1.06723702,  2.11661381,  2.14782915,
        -2.17713809],
       [ 1.6503173 ,  1.45344364,  1.83774665, -0.68505536,  0.45902656,
         1.59582729],
       [ 1.54764907, -2.22474268, -1.04987781, -1.28392554, -1.0424672 ,
        -0.80614948],
       [-0.92166589, -0.7569445 ,  0.0428783 , -1.7372117 , -1.61887145,
         0.28505384],
       [-2.29451068, -1.89514603,  0.04368391,  0.92594443,  0.56604178,
        -0.04475687],
       [-1.77985909,  1.4857473 ,  1.01469325,  0.36244057,  1.06341855,
         1.94426229]]), array([[-0.58035718, -2.04426911],
       [-0.30078145, -0.64587496],
       [-0.63956103, -1.23069786],
       [ 0.96615867, -1.50434633],
       [ 1.81039611,  0.74852931],
       [-1.15785907,  2.22329817]])], [array([ 0.08010741,  0.46935213, -0.3372178 ,  1.53101698, -0.56163735,
        0.24277391]), array([-1.02933337,  1.90590617])]]]
[150, 2, -1, -1, 1, [[array([[-0.65256023, -2.23763508,  1.63158577,  0.35995068,  2.34185417,
        -1.89369814],
       [ 0.15227404,  0.39705231, -0.63464047,  1.94649561, -1.1161837 ,
         0.91102479],
       [-2.38058894,  0.50695226,  1.37244861, -1.27561148,  0.61543793,
         1.82152146],
       [-1.87657719,  2.31394636,  0.32174158,  1.02468469,  2.10458786,
        -1.61133364],
       [ 0.05441103, -0.56148978, -1.64572786,  0.24298039, -0.39157298,
         1.17311909],
       [-0.88461912, -0.38314461, -1.79935744,  0.5677016 , -1.44890517,
        -1.38610822]]), array([[-1.72328664, -0.53275503],
       [-0.83067988,  1.54632184],
       [ 0.03791289, -2.02785118],
       [-0.48479546,  1.1446444 ],
       [ 2.13123467,  1.09980107],
       [ 1.32467194, -0.60734764]])], [array([-0.15166598,  2.23112385, -0.83583494, -1.41392852, -1.19647693,
       -2.19716742]), array([-1.40990293, -1.16016147])]]]
[150, 14, -1, -1, 0, [[array([[ 1.83749766,  1.86833697, -2.29404099,  0.97423406,  1.68210417,
         0.8213093 ],
       [ 1.30164741, -1.05481126,  0.68911146,  2.33133037, -2.42816991,
         0.07660603],
       [-1.34939453,  2.32398444,  0.97732242,  1.5845686 , -0.33581294,
         1.03899855],
       [ 0.74955602,  0.02406024, -1.58994985,  1.32599402,  1.31354695,
         0.57676233],
       [ 1.37301883, -0.57933899,  2.29895355,  0.34421315,  0.06452329,
        -1.64888761],
       [-1.81230194,  1.80135264,  1.97368086, -0.79145042, -0.41108342,
         1.5529791 ]]), array([[-0.58353003,  0.8849075 ],
       [ 1.52978704, -0.45075167],
       [-0.18884853, -0.24926141],
       [ 0.37506486, -1.02289319],
       [-2.41514908,  1.65737158],
       [ 1.04927012,  2.38576303]])], [array([ 0.58119132, -1.55997019,  1.0591434 ,  2.28620187, -2.36842566,
        1.85390192]), array([-1.31496455,  0.52778262])]]]
[150, 9, -1, -1, 1, [[array([[-1.13735228, -0.10632425, -2.08609499, -1.27114686, -2.3420587 ,
         2.01086247],
       [-0.74280625, -0.14489318,  0.86324618,  0.15592085, -1.7640434 ,
         0.44218631],
       [ 0.39986042, -2.09888717, -1.04151229,  0.1329672 , -2.29439698,
         0.4977362 ],
       [-1.84455908, -1.43948524,  2.08716848, -0.03569398, -2.03421012,
        -1.53670025],
       [ 0.96616904,  1.27867386, -0.01312149, -2.06132488,  1.18039953,
         0.2642422 ],
       [-2.38491898, -2.03269113,  1.83342469, -1.14988339,  0.54078028,
         1.78189751]]), array([[ 0.2402863 ,  0.86486183],
       [ 0.86387953, -1.79302631],
       [ 1.01041075, -1.58805958],
       [ 0.88957834, -2.10267525],
       [ 1.60433907, -0.20941148],
       [-1.02883826,  0.13791828]])], [array([-2.3348087 ,  2.34663834, -2.15921071, -1.78538323,  1.45984589,
       -2.20842678]), array([-2.10959465,  1.020154  ])]]]
[150, 4, -1, -1, 0, [[array([[-2.07460591, -1.41806448, -0.78122364,  1.23093421,  0.7157982 ,
         0.78253936],
       [ 1.74490089,  1.33200234,  1.38451458,  1.28445299,  0.73473995,
         1.45290826],
       [-0.02870125,  1.20924575, -1.16861742,  1.15370401,  1.77684756,
        -0.12559164],
       [-0.0477133 ,  2.35254454,  1.33623682,  2.27169808, -1.92452677,
         1.0378832 ],
       [-0.14715124, -1.77709462, -2.23980211, -0.28301274, -1.46418651,
        -2.08932811],
       [-1.34614008,  0.0728844 , -1.95710981,  1.51262616,  0.94799823,
         1.82142394]]), array([[-2.04181001, -1.65463638],
       [ 1.89424383,  0.54960328],
       [-2.10124492, -2.34960151],
       [ 1.1252071 , -2.25490656],
       [ 1.97870434,  1.52897819],
       [ 1.01066955,  1.25159679]])], [array([-0.27171497, -2.2635913 , -2.02474086, -0.23373043,  0.24138409,
        1.19714828]), array([-1.58622318,  1.28598557])]]]
[150, 1, -1, -1, 1, [[array([[-1.05336179,  2.32197444, -1.77380216,  2.13194336, -0.67959818,
         1.65509039],
       [-0.29332128,  2.01223416,  0.51419785, -1.93548238,  2.32104141,
        -0.71429755],
       [-0.72292643, -0.49684584, -1.66362049, -1.33443352, -0.5877817 ,
        -0.43912508],
       [ 0.33469684, -0.32797021, -0.08534746,  1.87785841, -1.79076996,
        -0.24881218],
       [-2.41331937, -1.50390245, -0.38455972,  0.72493787,  0.72901504,
         0.77713399],
       [ 1.73805363, -1.04545152, -2.04293969, -0.0640001 ,  0.41436721,
         0.81961614]]), array([[ 2.30329293,  0.53175806],
       [-0.61497682, -2.06807288],
       [-2.39734217,  2.15162694],
       [-0.64012895,  1.78136851],
       [ 1.45850043, -1.09759676],
       [-1.65297158, -2.38952005]])], [array([-0.85979065, -1.54917995, -1.60605316,  0.06185152,  0.94446171,
       -0.2872087 ]), array([ 0.13135025, -2.43729594])]]]
[150, 18, -1, -1, 0, [[array([[-2.14461726, -1.89849462,  1.40756309, -1.50381437, -0.25019343,
        -0.05622636],
       [-1.3879703 , -0.55464736,  2.09738281, -2.16170541, -0.78830325,
         1.09534969],
       [-0.63335601, -2.24492145, -2.41663442, -2.21600567,  0.06568184,
        -2.01289593],
       [ 2.12148349,  0.56032888,  1.34069537,  0.37993496,  1.95219316,
         1.2199383 ],
       [-2.33137131, -1.76821406,  0.57179803, -1.75354083, -1.71287282,
         0.89872493],
       [-0.98847566, -0.30465324,  0.60172569,  2.06875533,  2.21374653,
        -1.76305225]]), array([[-1.11143179,  1.40938725],
       [-0.79947194, -2.3003924 ],
       [-1.63426004,  1.19388624],
       [-1.3312634 , -1.68047613],
       [-2.23595014,  0.89335529],
       [-1.26418086,  0.73007149]])], [array([-0.36406902, -0.10125573,  0.71168464,  0.07564119,  1.53037593,
        0.94415064]), array([ 2.09166687, -1.13544889])]]]
[150, 15, -1, -1, 1, [[array([[-2.19794557, -0.4762621 ,  0.43137631, -2.10122482,  2.20240951,
         0.88378425],
       [-1.71635627,  1.00950954, -2.39151619, -1.66474765,  2.26341764,
        -0.0372568 ],
       [ 1.83093879,  0.11974812,  0.73872398, -2.42434389,  1.76684204,
        -0.95571054],
       [-0.47451505,  2.3963295 ,  2.09060056, -1.38800883, -1.46346026,
        -0.58755497],
       [ 0.1836162 ,  2.33953241, -1.01717799, -1.74823663,  2.293686  ,
         1.70626315],
       [-0.32089778, -0.57132589,  2.38365105, -1.83230482,  2.2490806 ,
        -0.42630132]]), array([[ 1.13179538, -0.29386426],
       [ 1.73934152, -1.93127161],
       [-1.45372986, -1.37853354],
       [-0.79540427,  1.75122478],
       [-0.05207239, -1.41701921],
       [-0.19326442, -1.37836506]])], [array([ 2.31828687,  1.44678636, -0.59525423,  1.13578019,  1.34531077,
        0.25117897]), array([ 1.71821315, -0.83083507])]]]
[150, 20, -1, -1, 0, [[array([[ 1.01877542, -0.50171325, -0.27072729,  0.98793862,  1.02526498,
        -0.20904944],
       [-1.23657869,  1.36987046,  1.21751723, -2.29531737,  1.29903882,
         0.82271105],
       [-2.14854629, -1.32771578,  0.89379912, -1.60184008,  1.29656355,
        -0.58607562],
       [ 0.15211341,  0.20004944, -1.15366127,  1.61242565, -1.88493111,
        -0.60565478],
       [ 0.95379278, -2.30688919,  0.4234441 ,  0.32882732, -2.19251588,
         0.79587917],
       [ 0.85747187,  0.73245597,  0.62039057, -0.16869278, -2.25839178,
        -2.08560878]]), array([[-0.79108941,  0.94458864],
       [-1.91854722, -0.67631662],
       [-0.01259552, -2.36423241],
       [-1.37873144, -1.21015388],
       [-1.88980594, -0.70542367],
       [-0.47613541, -1.83314669]])], [array([-1.46956225, -1.1867561 ,  0.83053213, -0.07321722,  2.2870723 ,
        2.42070787]), array([-0.66014468,  1.51424148])]]]
[573455, 10, 'death']
[573655, 17, 'death']
[573805, 3, 'death']
[573955, 19, 'death']
[574105, 22, 'death']
[574255, 21, 'death']
[574405, 13, 'death']
[574555, 24, 'death']
[574705, 5, 'death']
[574855, 6, 'death']
[575005, 7, 'death']
[575155, 12, 'death']
[575305, 8, 'death']
[575455, 11, 'death']
[575605, 16, 'death']
[575755, 0, 'death']
[575905, 23, 'death']
[576055, 2, 'death']
[576205, 14, 'death']
[576355, 9, 'death']
[576505, 4, 'death']
[576655, 1, 'death']
[576855, 18, 'death']
[577005, 15, 'death']
[577155, 20, 'death']
[577255, 14, 'birth', 4, 19, 0, [[array([[-2.07460591, -1.41806448, -0.78122364,  1.23093421,  0.7157982 ,
        -0.02673227],
       [ 1.74490089,  1.33200234,  1.38451458,  1.28445299,  0.73473995,
         1.45290826],
       [-0.02870125,  1.43448593, -1.16861742,  1.15370401,  1.77684756,
        -0.12559164],
       [-0.6366627 , -0.77328509,  0.56864323, -2.02647828,  0.72421725,
        -1.92364362],
       [-0.44795391, -2.36146608,  0.32869858, -1.73762624, -1.44259024,
        -1.61374255],
       [-1.87577668, -0.7080389 ,  0.70723091, -0.54908988,  0.1502217 ,
        -0.1016171 ]]), array([[ 1.41421356,  1.41421356],
       [-0.40642266, -1.41421356],
       [ 1.41421356, -0.51054953],
       [ 1.41421356, -0.61897917],
       [-0.26773737, -0.48549324],
       [-1.29151937, -1.41421356]])], [array([ 0.31885732, -1.07231686, -0.8349386 , -1.63810874, -1.0992103 ,
        2.03888684]), array([-1.41421356, -1.41421356])]]]
[577255, 13, 'birth', 10, 17, 0, [[array([[-0.67479974,  0.83539385, -1.45967835,  1.58304471,  0.43282931,
         2.33385373],
       [-1.17755056, -1.81405881, -1.97698485,  0.64707327, -2.42987342,
         0.58768684],
       [ 2.44948974,  0.02397041,  1.08703007, -1.77786613,  0.41600965,
        -0.21261461],
       [-1.48648794,  0.88273524, -0.89272472,  0.77421917,  1.71817551,
         1.6232552 ],
       [ 1.58989139, -0.11690063, -1.16904672, -0.98920424, -0.20279685,
         1.72104253],
       [-0.75073643,  1.88644274,  0.29901728,  1.61356323, -1.06685781,
        -1.00622751]]), array([[-1.41421356, -0.75352342],
       [-0.37880268, -1.41421356],
       [ 0.27830113,  1.3888369 ],
       [ 0.3055205 ,  1.41421356],
       [ 1.41421356,  1.199323  ],
       [-1.41421356,  0.08925455]])], [array([-0.30769363, -1.22424311, -0.13464777,  0.18881485, -0.42424054,
       -1.17463218]), array([1.41421356, 1.41421356])]]]
[577255, 4, 'birth', 7, 11, 0, [[array([[ 0.13367656,  0.88203876,  2.36104255, -2.44948974, -0.52679634,
         1.1657195 ],
       [-2.13710735, -0.9313708 , -2.21211507,  1.5677705 , -0.84632072,
         1.14074929],
       [ 0.20137047, -0.82123656, -1.15828611,  0.79932246,  1.76532765,
         0.09861963],
       [-2.44948974,  0.53474729, -0.31442075, -1.27127256,  1.08440318,
         0.34623222],
       [-1.74261834, -0.76110832,  0.08013751, -1.17586265, -1.00540987,
        -1.79841229],
       [ 1.66480016, -1.7642226 ,  1.67853425,  0.77290995, -2.44948974,
        -0.14842054]]), array([[-1.22793748, -0.57686936],
       [-1.1133325 ,  1.35938065],
       [-0.43733627, -0.62211229],
       [-1.08408413,  1.09528281],
       [ 1.41421356,  1.26824971],
       [ 0.68333121,  1.41421356]])], [array([-0.44015118, -1.7438211 ,  0.62782645, -1.48297189,  1.93821986,
       -0.15716724]), array([-0.67807148,  1.41421356])]]]
[577255, 20, 'birth', 8, 0, 1, [[array([[ 0.97737891, -2.1008504 ,  0.35869199,  1.07254569,  0.74802058,
         0.57232376],
       [ 2.28723144,  0.27553581, -0.1877916 , -2.26027009, -0.75737877,
         0.87277698],
       [-0.81827297, -2.08680372,  1.24855207,  0.89264375,  0.8983002 ,
         0.81821804],
       [ 2.44948974, -2.44948974,  0.83790132, -0.58605708, -0.99176077,
         2.44948974],
       [ 0.06983756, -1.34739683, -0.52527025,  1.2255903 , -1.85947452,
         0.46208306],
       [-2.09649398, -0.22383012, -0.91046921,  0.62235365, -0.25334977,
        -1.79873727]]), array([[-1.12361103, -0.69420558],
       [-1.41421356, -0.84391169],
       [-1.41421356, -0.31400438],
       [ 0.62807117,  1.1840924 ],
       [-1.41421356,  0.50084842],
       [-0.80332158,  0.34914366]])], [array([ 1.97610869, -0.60657348,  1.31332763,  0.13350061,  2.08860454,
       -2.40253974]), array([-1.41421356,  1.41421356])]]]
[577255, 17, 'birth', 16, 6, 1, [[array([[-1.36113871, -2.145568  ,  2.3150594 ,  1.98984361,  2.30965646,
        -0.35439813],
       [-0.14165863, -1.51554719,  1.21913808,  0.36836675, -2.01667821,
        -1.09527086],
       [ 0.92427528,  0.1401764 , -1.07767691, -0.15079712, -1.09706617,
         0.8635877 ],
       [-2.14131108, -1.69777489,  0.6228373 , -1.72895827,  1.97571715,
         2.10289264],
       [-2.35016881,  0.4328398 ,  1.31290847, -1.55921194,  2.06367617,
         2.44948974],
       [-2.28835634, -0.90215392, -0.24746731, -2.44948974, -1.91462024,
        -2.16102702]]), array([[-1.41421356,  1.41421356],
       [ 1.41421356,  0.96083488],
       [ 0.58469716,  0.77963884],
       [-1.41421356,  1.41421356],
       [ 0.51020932, -0.67734375],
       [-0.75580534, -1.41421356]])], [array([ 2.00231516,  2.32229967,  1.34973368, -0.21426621,  0.73423632,
       -0.68093374]), array([-0.27878893, -0.85239418])]]]
[577255, 8, 'birth', 7, 21, 1, [[array([[ 2.44948974,  0.80698007,  2.3731671 , -0.92287006, -0.38948693,
         1.30809785],
       [ 0.28549563, -0.33733464, -0.55208959, -1.42942945, -0.79722427,
         0.55123203],
       [ 2.36332841,  0.87873926,  1.62524544,  0.82107195,  0.53433929,
         2.14717225],
       [-2.43938271,  0.6802219 ,  1.97925594, -0.30523526, -1.61699504,
         0.37865998],
       [-1.30978193, -1.300282  ,  2.2865084 , -1.61714904,  2.34320655,
        -1.96484354],
       [-1.81513555, -1.77064588,  2.16359471,  1.32818571,  1.43699377,
         2.44948974]]), array([[ 1.41421356,  1.41421356],
       [-0.50258169,  1.41421356],
       [ 1.4063006 , -1.41421356],
       [ 1.41421356, -0.08021949],
       [-0.33076272, -1.00081054],
       [-1.41421356,  1.41421356]])], [array([-1.40135194, -0.75602476,  1.0220663 ,  2.26927232,  0.60912909,
       -1.09927863]), array([ 1.41421356, -1.41421356])]]]
[577255, 11, 'birth', 23, 24, 1, [[array([[-1.00444526,  0.45257155, -1.06723702,  2.11661381,  2.14782915,
        -2.17713809],
       [ 1.6503173 , -2.44948974,  1.83774665, -0.68505536,  0.45902656,
         1.59582729],
       [ 1.54764907, -2.22474268, -1.04987781, -1.28392554, -1.0424672 ,
        -0.80614948],
       [-0.92166589, -0.7569445 ,  0.0428783 , -0.72696465, -1.61887145,
         0.28505384],
       [-2.29451068, -1.89514603, -2.44948974,  0.92594443,  0.56604178,
        -0.04475687],
       [-1.77985909,  0.42493448,  1.86742916,  0.36714727,  1.95283397,
        -2.39327169]]), array([[-1.41421356,  0.54641173],
       [-0.5381035 , -1.41421356],
       [-1.41421356,  1.41421356],
       [-0.01065991,  1.41421356],
       [ 0.6621003 ,  1.41421356],
       [ 1.41421356, -1.41421356]])], [array([ 0.12568911, -0.75934869,  0.47418522, -0.92311924, -2.44948974,
       -1.48226505]), array([ 0.67352558, -0.54621093])]]]
[577255, 15, 'birth', 14, 24, 1, [[array([[ 1.83749766,  1.86833697,  0.19198893,  0.97423406,  1.68210417,
         2.44948974],
       [ 1.30164741, -1.05481126,  0.68911146,  2.33133037, -2.42816991,
         0.07660603],
       [-1.34939453,  2.32398444,  0.97732242, -0.27301064, -1.86685059,
         1.03899855],
       [ 0.74955602,  0.41144064, -1.58994985,  1.32599402,  1.31354695,
         0.57676233],
       [ 1.37301883, -0.57933899,  2.29895355,  0.34421315,  0.06452329,
        -1.64888761],
       [-1.81230194,  1.80135264, -1.56026733, -0.79145042, -0.41108342,
         1.5529791 ]]), array([[-0.58353003,  0.8849075 ],
       [ 1.41421356, -1.1469587 ],
       [ 1.36281675, -0.24926141],
       [ 0.37506486, -1.02289319],
       [-1.41421356,  1.41421356],
       [ 1.04927012,  1.41421356]])], [array([ 0.12568911, -1.33846167,  0.59801772, -0.92311924, -2.20704957,
       -0.26036873]), array([ 0.67352558, -1.02765683])]]]
[577255, 5, 'birth', 10, 21, 1, [[array([[-1.53039705,  0.83539385, -1.45967835,  1.58304471, -2.44948974,
         2.44948974],
       [-1.17755056, -1.81405881, -1.97698485, -2.44948974, -2.44948974,
         0.58768684],
       [ 1.80289456,  0.02397041,  2.03927556, -1.77786613, -1.23403322,
         1.48423045],
       [-1.48648794,  0.7883934 , -0.89272472,  0.77421917,  1.71817551,
         1.6232552 ],
       [ 1.58989139,  1.15857142, -2.44948974, -0.98920424, -0.20279685,
         0.36178627],
       [-0.75073643,  1.88644274,  0.29901728,  1.37300741, -1.06685781,
        -1.00622751]]), array([[-1.41421356, -0.75352342],
       [-0.37880268, -1.41421356],
       [ 0.03817287,  1.41421356],
       [ 0.3055205 ,  1.41421356],
       [ 0.24989197,  1.41421356],
       [ 1.41421356,  0.65833252]])], [array([-1.03715947, -1.12872429,  1.0220663 ,  2.44948974,  0.60912909,
       -1.09927863]), array([ 1.41421356, -1.41421356])]]]
[577255, 7, 'birth', 4, 0, 0, [[array([[-2.07460591, -1.41806448, -0.78122364,  1.23093421, -1.81260051,
         1.95933127],
       [ 1.74490089,  1.33200234,  1.38451458,  1.28445299,  0.73473995,
         1.45290826],
       [-0.02870125,  2.44948974, -1.16861742,  1.15370401,  1.77684756,
        -0.12559164],
       [-0.0477133 ,  2.35254454,  1.33623682,  2.27169808, -1.92452677,
         1.0378832 ],
       [-0.14715124, -2.39232966, -0.16970285, -0.28301274, -1.46418651,
        -2.08932811],
       [-1.34614008, -1.60481442, -1.95710981,  1.51262616, -0.25334977,
        -1.79873727]]), array([[-1.12361103, -0.69420558],
       [-1.41421356, -0.98640337],
       [-1.41421356, -0.31400438],
       [ 1.01759668,  1.1840924 ],
       [-1.41421356,  1.41421356],
       [-0.80332158,  1.41421356]])], [array([ 2.44948974, -0.39464106, -1.28767249, -2.05373688,  2.08860454,
       -0.74252852]), array([-1.41421356,  1.41421356])]]]
[577255, 18, 'birth', 5, 2, 1, [[array([[ 1.57693103,  1.96708451, -1.68612141, -2.21750414,  1.49440232,
         2.24106395],
       [-0.84049119,  0.71345639,  0.40804757, -1.38791433,  0.5478376 ,
         2.44948974],
       [-1.08202437,  0.74315706,  0.25688954, -0.68232386,  1.61429796,
         2.04719584],
       [-1.94194646,  1.17214473,  1.79937066,  0.80121453,  1.07879528,
        -1.69268271],
       [-0.94621318, -0.61654012,  0.78063682,  1.00557236, -2.38150783,
         1.50546627],
       [ 1.38653546,  1.86054784, -1.03930831, -2.21922118,  0.96246023,
        -2.21156576]]), array([[-1.41421356, -1.41421356],
       [ 1.41421356, -0.38829667],
       [ 0.03791289, -1.41421356],
       [-0.48479546,  1.1446444 ],
       [ 1.41421356,  1.09980107],
       [ 1.32467194, -0.60734764]])], [array([-0.15166598, -1.34223818, -0.83583494, -1.41392852, -1.77275696,
       -2.19716742]), array([-1.40990293, -1.16016147])]]]
[603656, 3, 'birth', 4, 20, 0, [[array([[ 0.13367656,  0.88203876,  2.44948974, -2.44948974, -0.52679634,
         1.1657195 ],
       [-2.13710735, -0.9313708 , -2.21211507,  1.5677705 , -0.84632072,
         1.14074929],
       [ 0.20137047, -0.82123656, -2.44948974,  0.79932246,  1.76532765,
         2.44948974],
       [-2.44948974, -0.10250208, -0.31442075, -0.71364612,  1.08440318,
         0.34623222],
       [-1.14917934, -0.76110832,  2.44948974,  1.2255903 , -1.85947452,
         0.46208306],
       [ 1.08652068,  0.74733187, -0.91046921,  0.62235365, -0.25334977,
        -1.79873727]]), array([[-1.12361103, -0.69420558],
       [-1.41421356, -0.84391169],
       [-1.41421356, -0.31400438],
       [ 0.62807117,  1.1840924 ],
       [-1.41421356,  0.50084842],
       [-0.80332158,  0.34914366]])], [array([ 1.97610869, -0.1851626 ,  1.31332763,  0.13350061,  1.44304889,
       -2.40253974]), array([-1.41421356,  1.41421356])]]]
[754357, 2, 'birth', 7, 15, 1, [[array([[-2.07460591, -1.41806448, -0.78122364,  1.23093421, -1.81260051,
         1.95933127],
       [-0.47772966, -1.05481126,  0.68911146,  2.33133037, -2.42816991,
        -1.33767157],
       [-1.34939453,  2.32398444,  0.97732242, -0.27301064, -1.86685059,
         1.03899855],
       [-2.44948974,  0.41144064, -1.58994985,  1.32599402,  1.31354695,
         0.57676233],
       [ 1.37301883, -0.57933899,  2.29895355,  0.34421315,  0.06452329,
        -1.64888761],
       [-2.44948974,  0.54914609, -1.56026733,  2.44948974, -0.41108342,
         1.5529791 ]]), array([[-0.58353003,  0.8849075 ],
       [ 1.41421356, -1.1469587 ],
       [ 1.36281675, -0.24926141],
       [ 1.24396928, -1.02289319],
       [-1.41421356, -0.64706824],
       [ 0.9724789 ,  1.41421356]])], [array([ 0.12568911, -1.33846167,  1.31286996, -0.92311924, -2.20704957,
        2.44948974]), array([ 0.67352558, -1.02765683])]]]
[754357, 19, 'birth', 7, 18, 0, [[array([[-2.07460591, -1.41806448, -1.32605224,  1.23093421, -1.81260051,
         1.95933127],
       [ 1.74490089,  1.33200234,  1.38451458,  1.28445299,  0.73473995,
         1.45290826],
       [-0.02870125,  2.44948974, -1.16861742,  1.09221459,  1.77684756,
        -0.12559164],
       [-0.0477133 ,  2.35254454,  2.16277407,  2.27169808, -1.92452677,
         1.0378832 ],
       [-0.94621318, -0.03051306,  0.78063682,  1.00557236, -2.38150783,
         1.50546627],
       [ 1.38653546,  1.86054784, -1.03930831, -2.21922118,  0.96246023,
        -2.21156576]]), array([[-0.32474123, -1.41421356],
       [ 1.41421356, -0.38829667],
       [ 1.12206087, -1.41421356],
       [-0.48479546,  1.41421356],
       [-1.41421356,  1.09980107],
       [ 1.32467194, -0.60734764]])], [array([-0.15166598, -1.34223818, -0.83583494, -1.41392852, -1.77275696,
       -2.19716742]), array([-1.40990293, -1.16016147])]]]
[780307, 9, 'birth', 7, 11, 0, [[array([[-2.07460591, -1.41806448, -0.78122364,  1.23093421, -1.81260051,
         1.95933127],
       [ 2.44948974,  1.33200234,  1.38451458,  1.28445299,  0.73473995,
         2.44948974],
       [-0.02870125,  0.48958444, -1.16861742,  1.15370401,  1.74971589,
        -0.52193871],
       [-0.0477133 ,  2.35254454,  1.33623682,  2.27169808, -1.92452677,
         1.0378832 ],
       [-0.14715124, -2.39232966,  2.44948974, -0.28301274,  0.20149864,
        -2.08932811],
       [-1.34614008,  0.8162659 , -1.95710981,  1.51262616,  0.01355488,
        -2.44948974]]), array([[-1.41421356,  0.54641173],
       [-0.5381035 , -1.41421356],
       [-1.41421356,  1.41421356],
       [-1.41421356,  1.41421356],
       [ 0.6621003 ,  1.41421356],
       [ 1.41421356,  1.41421356]])], [array([ 0.12568911, -0.75934869,  0.47418522, -0.92311924, -2.44948974,
       -1.48226505]), array([ 0.67352558, -0.54621093])]]]
[848908, 21, 'birth', 7, 8, 1, [[array([[-2.07460591, -1.41806448, -0.78122364,  1.23093421, -2.1223513 ,
         1.95933127],
       [ 1.74490089,  1.33200234,  1.38451458,  1.28445299,  0.73473995,
         1.45290826],
       [-0.02870125,  2.44948974, -1.16861742,  1.15370401,  1.77684756,
         1.09169817],
       [-1.31518223, -0.0538029 ,  1.33623682,  2.27169808, -1.92452677,
         1.0378832 ],
       [-0.14715124, -2.39232966, -0.68672604,  1.18691873, -2.44948974,
         1.47223053],
       [-0.05136016, -1.60481442, -1.95710981, -0.3821169 , -2.44948974,
        -1.22641517]]), array([[-1.12361103, -0.69420558],
       [-1.41421356, -0.98640337],
       [ 0.46896218, -0.31400438],
       [ 1.01759668,  1.1840924 ],
       [-1.41421356,  1.41421356],
       [-1.29185988,  1.41421356]])], [array([ 2.44948974,  1.44028773, -1.28767249, -2.05373688,  2.08860454,
       -0.74252852]), array([ 1.41421356, -1.41421356])]]]
[877758, 14, 'death']
[877958, 13, 'death']
[878108, 4, 'death']
[878258, 20, 'death']
[878408, 17, 'death']
[878558, 8, 'death']
[878708, 11, 'death']
[878858, 15, 'death']
[879008, 5, 'death']
[879158, 7, 'death']
[879308, 18, 'death']
[891508, 3, 'death']
[944359, 2, 'death']
[944509, 19, 'death']
[948809, 9, 'death']
[949009, 21, 'death']
[949009, 'Extinction!']
