[time, indiv, gender, coords]
[13550, 'popsize', 25, 'queuesize', 0]
[15300, 11, 0, [7.093343734741211, -1.1745655536651611]]
[15300, 12, 0, [11.25993537902832, -8.40363883972168]]
[15300, 4, 0, [11.205020904541016, -3.7407941818237305]]
[15300, 9, 0, [6.20271110534668, -11.254618644714355]]
[15300, 18, 0, [3.7157692909240723, -3.7483649253845215]]
[15300, 6, 0, [1.2304143905639648, -8.505285263061523]]
[15300, 15, 0, [9.45425796508789, -1.191965103149414]]
[15300, 1, 0, [11.937044143676758, -11.189140319824219]]
[15300, 16, 0, [9.416146278381348, -8.6930513381958]]
[15300, 2, 0, [1.2279157638549805, -11.087356567382812]]
[15300, 22, 0, [4.3544020652771, -6.181796073913574]]
[15300, 23, 0, [6.2577643394470215, -3.732628583908081]]
[15300, 19, 0, [8.764504432678223, -3.7724905014038086]]
[15300, 3, 1, [1.1983205080032349, -1.283883810043335]]
[15300, 13, 1, [2.938656806945801, -11.181645393371582]]
[15300, 8, 1, [11.197992324829102, -6.24092960357666]]
[15300, 24, 1, [6.202243804931641, -6.2507429122924805]]
[15300, 5, 1, [8.717409133911133, -11.24494457244873]]
[15300, 21, 1, [6.228397846221924, -8.747346878051758]]
[15300, 7, 1, [4.44572639465332, -1.1900867223739624]]
[15300, 14, 1, [1.3481565713882446, -3.834393262863159]]
[15300, 20, 1, [8.797297477722168, -6.3018879890441895]]
[15300, 10, 1, [1.2928953170776367, -6.395007610321045]]
[15300, 0, 1, [11.857182502746582, -1.204818606376648]]
[15300, 17, 1, [3.7579853534698486, -8.770771980285645]]
[27600, 'popsize', 25, 'queuesize', 0]
[29200, 11, 0, [8.20714282989502, -0.8177975416183472]]
[29200, 12, 0, [11.529828071594238, -7.8120646476745605]]
[29200, 4, 0, [11.264680862426758, -3.723026990890503]]
[29200, 9, 0, [6.199734687805176, -11.296573638916016]]
[29200, 18, 0, [3.6999623775482178, -3.777195930480957]]
[29200, 6, 0, [1.459295630455017, -7.33955192565918]]
[29200, 15, 0, [10.582711219787598, -0.8525679707527161]]
[29200, 1, 0, [12.389381408691406, -11.022499084472656]]
[29200, 16, 0, [10.525407791137695, -8.35354995727539]]
[29200, 2, 0, [1.4103320837020874, -9.934042930603027]]
[29200, 22, 0, [5.453434467315674, -5.8184638023376465]]
[29200, 23, 0, [6.234481334686279, -3.738481044769287]]
[29200, 19, 0, [8.739625930786133, -3.7447433471679688]]
[29200, 3, 1, [1.230360746383667, -1.315186858177185]]
[29200, 13, 1, [1.799199104309082, -10.847929000854492]]
[29200, 8, 1, [11.189533233642578, -6.201042652130127]]
[29200, 24, 1, [6.197148323059082, -6.285802364349365]]
[29200, 5, 1, [8.696871757507324, -11.2803316116333]]
[29200, 21, 1, [6.186959743499756, -8.731228828430176]]
[29200, 7, 1, [5.569091796875, -0.8717586398124695]]
[29200, 14, 1, [1.3353313207626343, -3.8102355003356934]]
[29200, 20, 1, [8.538156509399414, -5.933462619781494]]
[29200, 10, 1, [1.7081959247589111, -7.4898834228515625]]
[29200, 0, 1, [12.380709648132324, -1.0554686784744263]]
[29200, 17, 1, [3.730745315551758, -8.745072364807129]]
[40950, 'popsize', 25, 'queuesize', 1]
[42400, 11, 0, [9.146727561950684, -0.2500838041305542]]
[42400, 12, 0, [12.307071685791016, -7.01376485824585]]
[42400, 4, 0, [11.257074356079102, -3.7640063762664795]]
[42400, 9, 0, [6.277334690093994, -11.255227088928223]]
[42400, 18, 0, [3.7128419876098633, -3.7920403480529785]]
[42400, 6, 0, [1.947357416152954, -6.3410844802856445]]
[42400, 15, 0, [11.547718048095703, -0.3088112473487854]]
[42400, 1, 0, [12.375066757202148, -11.0709228515625]]
[42400, 16, 0, [11.476364135742188, -7.7898149490356445]]
[42400, 2, 0, [1.853727102279663, -8.914471626281738]]
[42400, 22, 0, [6.361236095428467, -5.223770618438721]]
[42400, 23, 0, [6.225258827209473, -3.747863292694092]]
[42400, 19, 0, [8.730433464050293, -3.744684934616089]]
[42400, 3, 1, [1.2508797645568848, -1.3137454986572266]]
[42400, 13, 1, [1.4699954986572266, -10.414714813232422]]
[42400, 8, 1, [11.204730987548828, -6.183107376098633]]
[42400, 24, 1, [6.2077765464782715, -6.303966999053955]]
[42400, 5, 1, [8.706006050109863, -11.296714782714844]]
[42400, 21, 1, [6.199038028717041, -8.70199203491211]]
[42400, 7, 1, [6.497218608856201, -0.7533780336380005]]
[42400, 14, 1, [1.3208644390106201, -3.800966739654541]]
[42400, 20, 1, [8.114952087402344, -5.904518127441406]]
[42400, 10, 1, [1.8375242948532104, -8.589225769042969]]
[42400, 0, 1, [12.376879692077637, -1.0253608226776123]]
[42400, 17, 1, [3.7117562294006348, -8.74462604522705]]
[53300, 'popsize', 25, 'queuesize', 1]
[54700, 11, 0, [9.436199188232422, -0.10790137946605682]]
[54700, 12, 0, [12.37584400177002, -6.968713760375977]]
[54700, 4, 0, [11.007235527038574, -4.042017936706543]]
[54700, 9, 0, [6.28835916519165, -11.248218536376953]]
[54700, 18, 0, [3.702153205871582, -3.7797183990478516]]
[54700, 6, 0, [2.5865719318389893, -5.52344274520874]]
[54700, 15, 0, [11.923749923706055, -0.10798028111457825]]
[54700, 1, 0, [12.382532119750977, -11.046194076538086]]
[54700, 16, 0, [12.2064208984375, -7.078631401062012]]
[54700, 2, 0, [2.00519061088562, -9.049077987670898]]
[54700, 22, 0, [7.0600266456604, -4.486015796661377]]
[54700, 23, 0, [6.238290309906006, -3.740718364715576]]
[54700, 19, 0, [8.746949195861816, -3.7498598098754883]]
[54700, 3, 1, [1.236302375793457, -1.3145501613616943]]
[54700, 13, 1, [1.3298065662384033, -9.400367736816406]]
[54700, 8, 1, [11.195472717285156, -6.197299003601074]]
[54700, 24, 1, [6.196341514587402, -6.291657447814941]]
[54700, 5, 1, [8.69670581817627, -11.285238265991211]]
[54700, 21, 1, [6.138311386108398, -8.666259765625]]
[54700, 7, 1, [7.318851470947266, -1.0742619037628174]]
[54700, 14, 1, [1.3330636024475098, -3.8045694828033447]]
[54700, 20, 1, [8.101253509521484, -5.861729621887207]]
[54700, 10, 1, [1.9483972787857056, -8.947797775268555]]
[54700, 0, 1, [12.376620292663574, -1.003593921661377]]
[54700, 17, 1, [3.85646390914917, -8.789522171020508]]
[65200, 'popsize', 25, 'queuesize', 2]
[66600, 11, 0, [9.56467342376709, -0.10792851448059082]]
[66600, 12, 0, [12.382525444030762, -6.97325325012207]]
[66600, 4, 0, [10.916594505310059, -4.1521124839782715]]
[66600, 9, 0, [6.31402063369751, -11.25185775756836]]
[66600, 18, 0, [3.7041103839874268, -3.7555408477783203]]
[66600, 6, 0, [3.3315093517303467, -4.86767053604126]]
[66600, 15, 0, [12.054898262023926, -0.10787978023290634]]
[66600, 1, 0, [12.363554000854492, -11.118498802185059]]
[66600, 16, 0, [12.39693546295166, -6.8835039138793945]]
[66600, 2, 0, [1.9598119258880615, -9.241196632385254]]
[66600, 22, 0, [7.574324131011963, -3.6441586017608643]]
[66600, 23, 0, [6.243956089019775, -3.7089614868164062]]
[66600, 19, 0, [8.763640403747559, -3.7768213748931885]]
[66600, 3, 1, [1.2163264751434326, -1.297705054283142]]
[66600, 13, 1, [1.3954129219055176, -9.46149730682373]]
[66600, 8, 1, [11.199536323547363, -6.222144603729248]]
[66600, 24, 1, [6.195570468902588, -6.259315013885498]]
[66600, 5, 1, [8.734074592590332, -11.357927322387695]]
[66600, 21, 1, [6.194388389587402, -8.675283432006836]]
[66600, 7, 1, [7.559458255767822, -1.8492509126663208]]
[66600, 14, 1, [1.336594820022583, -3.8377668857574463]]
[66600, 20, 1, [8.203672409057617, -5.722661972045898]]
[66600, 10, 1, [2.0424633026123047, -8.904372215270996]]
[66600, 0, 1, [12.376664161682129, -1.0093504190444946]]
[66600, 17, 1, [4.2949700355529785, -8.801555633544922]]
[77200, 'popsize', 25, 'queuesize', 2]
[78650, 11, 0, [9.694939613342285, -0.10794533044099808]]
[78650, 12, 0, [12.23620319366455, -6.942140102386475]]
[78650, 4, 0, [10.89071273803711, -4.167606830596924]]
[78650, 9, 0, [6.3145222663879395, -11.24626350402832]]
[78650, 18, 0, [3.726489782333374, -3.735880136489868]]
[78650, 6, 0, [4.203855037689209, -4.366827487945557]]
[78650, 15, 0, [12.188063621520996, -0.1078847199678421]]
[78650, 1, 0, [12.392050743103027, -11.32282829284668]]
[78650, 16, 0, [12.359002113342285, -6.836883544921875]]
[78650, 2, 0, [1.9291902780532837, -9.26838207244873]]
[78650, 22, 0, [7.894970893859863, -2.6937150955200195]]
[78650, 23, 0, [6.228984355926514, -3.6966712474823]]
[78650, 19, 0, [8.75767707824707, -3.8002798557281494]]
[78650, 3, 1, [1.2091161012649536, -1.2759798765182495]]
[78650, 13, 1, [1.5168699026107788, -9.445273399353027]]
[78650, 8, 1, [11.23760986328125, -6.245871067047119]]
[78650, 24, 1, [6.213343620300293, -6.245127201080322]]
[78650, 5, 1, [8.509797096252441, -10.621464729309082]]
[78650, 21, 1, [6.219286918640137, -8.64583969116211]]
[78650, 7, 1, [7.2632575035095215, -1.886772632598877]]
[78650, 14, 1, [1.316531777381897, -3.85190486907959]]
[78650, 20, 1, [8.955726623535156, -5.148043632507324]]
[78650, 10, 1, [1.8719172477722168, -7.906204700469971]]
[78650, 0, 1, [12.376659393310547, -1.0171865224838257]]
[78650, 17, 1, [4.2885260581970215, -8.817745208740234]]
[89500, 'popsize', 25, 'queuesize', 2]
[91200, 11, 0, [9.82946491241455, -0.10792906582355499]]
[91200, 12, 0, [12.043468475341797, -6.993817329406738]]
[91200, 4, 0, [10.88187313079834, -4.175256729125977]]
[91200, 9, 0, [6.237143516540527, -11.242694854736328]]
[91200, 18, 0, [3.737722873687744, -3.7357137203216553]]
[91200, 6, 0, [5.196780681610107, -4.049519062042236]]
[91200, 15, 0, [12.32575511932373, -0.10798438638448715]]
[91200, 1, 0, [12.363454818725586, -11.415163040161133]]
[91200, 16, 0, [12.387499809265137, -6.856809616088867]]
[91200, 2, 0, [1.9991588592529297, -9.122722625732422]]
[91200, 22, 0, [7.7390594482421875, -2.274181604385376]]
[91200, 23, 0, [6.216816425323486, -3.6951162815093994]]
[91200, 19, 0, [8.75429916381836, -3.800417900085449]]
[91200, 3, 1, [1.2097375392913818, -1.2580276727676392]]
[91200, 13, 1, [1.512832522392273, -9.473535537719727]]
[91200, 8, 1, [11.237417221069336, -6.1804986000061035]]
[91200, 24, 1, [6.230406761169434, -6.239502429962158]]
[91200, 5, 1, [8.085871696472168, -9.703873634338379]]
[91200, 21, 1, [6.270748138427734, -8.671487808227539]]
[91200, 7, 1, [6.372949600219727, -1.370302438735962]]
[91200, 14, 1, [1.3063031435012817, -3.8563337326049805]]
[91200, 20, 1, [9.520591735839844, -4.6869797706604]]
[91200, 10, 1, [1.9418461322784424, -6.860368251800537]]
[91200, 0, 1, [12.376660346984863, -1.0231783390045166]]
[91200, 17, 1, [4.279050827026367, -8.819670677185059]]
[102251, 'popsize', 25, 'queuesize', 2]
[103651, 11, 0, [9.917282104492188, -0.15221427381038666]]
[103651, 12, 0, [12.07050895690918, -6.987298488616943]]
[103651, 4, 0, [10.882933616638184, -4.174935817718506]]
[103651, 9, 0, [6.2380805015563965, -11.247235298156738]]
[103651, 18, 0, [3.74584698677063, -3.7348811626434326]]
[103651, 6, 0, [6.244084358215332, -3.994868040084839]]
[103651, 15, 0, [12.390820503234863, -0.10794716328382492]]
[103651, 1, 0, [12.392058372497559, -11.52479076385498]]
[103651, 16, 0, [12.386788368225098, -6.907905101776123]]
[103651, 2, 0, [1.9980781078338623, -9.123063087463379]]
[103651, 22, 0, [6.772809982299805, -2.1427969932556152]]
[103651, 23, 0, [6.197562217712402, -3.693732738494873]]
[103651, 19, 0, [8.749988555908203, -3.8020849227905273]]
[103651, 3, 1, [1.2074674367904663, -1.2606313228607178]]
[103651, 13, 1, [1.4972553253173828, -9.497827529907227]]
[103651, 8, 1, [11.242173194885254, -6.224944591522217]]
[103651, 24, 1, [6.233409404754639, -6.241758823394775]]
[103651, 5, 1, [7.57758903503418, -9.082762718200684]]
[103651, 21, 1, [6.809853553771973, -8.697548866271973]]
[103651, 7, 1, [5.386569976806641, -1.0751067399978638]]
[103651, 14, 1, [1.3021875619888306, -3.85955810546875]]
[103651, 20, 1, [9.518771171569824, -4.668642044067383]]
[103651, 10, 1, [2.259917974472046, -5.865493297576904]]
[103651, 0, 1, [12.37666130065918, -1.0274789333343506]]
[103651, 17, 1, [4.273630142211914, -8.831194877624512]]
[114301, 'popsize', 25, 'queuesize', 2]
[115701, 11, 0, [9.754281997680664, -0.10673633217811584]]
[115701, 12, 0, [12.075385093688965, -6.988588809967041]]
[115701, 4, 0, [10.818809509277344, -3.7960739135742188]]
[115701, 9, 0, [6.242037296295166, -11.229029655456543]]
[115701, 18, 0, [3.761474609375, -3.744981527328491]]
[115701, 6, 0, [7.241250991821289, -4.192069053649902]]
[115701, 15, 0, [12.390823364257812, -0.10795705765485764]]
[115701, 1, 0, [12.33774185180664, -11.624110221862793]]
[115701, 16, 0, [12.392106056213379, -7.008235931396484]]
[115701, 2, 0, [1.9533238410949707, -9.044978141784668]]
[115701, 22, 0, [6.330821514129639, -1.4171686172485352]]
[115701, 23, 0, [6.184121131896973, -3.704366445541382]]
[115701, 19, 0, [8.723739624023438, -3.8044557571411133]]
[115701, 3, 1, [0.9096449613571167, -1.5142289400100708]]
[115701, 13, 1, [1.80704665184021, -9.708600044250488]]
[115701, 8, 1, [11.165807723999023, -6.229062080383301]]
[115701, 24, 1, [6.253421306610107, -6.252757549285889]]
[115701, 5, 1, [7.405494213104248, -9.026546478271484]]
[115701, 21, 1, [6.965973854064941, -8.795666694641113]]
[115701, 7, 1, [4.395915508270264, -1.016299843788147]]
[115701, 14, 1, [1.359532356262207, -3.734375238418579]]
[115701, 20, 1, [9.604740142822266, -4.686811447143555]]
[115701, 10, 1, [2.781921148300171, -4.99226188659668]]
[115701, 0, 1, [12.376663208007812, -1.0311964750289917]]
[115701, 17, 1, [4.245108604431152, -8.825606346130371]]
[126201, 'popsize', 25, 'queuesize', 2]
[127751, 11, 0, [9.422867774963379, -0.10541529208421707]]
[127751, 12, 0, [12.070712089538574, -6.99220609664917]]
[127751, 4, 0, [10.43914794921875, -2.9153432846069336]]
[127751, 9, 0, [6.25130558013916, -11.224188804626465]]
[127751, 18, 0, [3.762099504470825, -3.771876096725464]]
[127751, 6, 0, [8.160144805908203, -4.593847274780273]]
[127751, 15, 0, [12.390806198120117, -0.10793932527303696]]
[127751, 1, 0, [12.364302635192871, -11.872729301452637]]
[127751, 16, 0, [12.392037391662598, -7.138753414154053]]
[127751, 2, 0, [1.9297552108764648, -9.220502853393555]]
[127751, 22, 0, [5.740580081939697, -0.6191496849060059]]
[127751, 23, 0, [6.185177326202393, -3.723630428314209]]
[127751, 19, 0, [8.706971168518066, -3.792280673980713]]
[127751, 3, 1, [0.49827978014945984, -1.3041749000549316]]
[127751, 13, 1, [1.948819875717163, -9.779975891113281]]
[127751, 8, 1, [11.19255542755127, -6.177874565124512]]
[127751, 24, 1, [6.253489971160889, -6.276145935058594]]
[127751, 5, 1, [7.4387125968933105, -8.954048156738281]]
[127751, 21, 1, [6.871107578277588, -8.496814727783203]]
[127751, 7, 1, [3.7216076850891113, -1.119713306427002]]
[127751, 14, 1, [1.4565420150756836, -3.8034603595733643]]
[127751, 20, 1, [9.59262752532959, -4.4706645011901855]]
[127751, 10, 1, [3.4748950004577637, -4.258368015289307]]
[127751, 0, 1, [12.376664161682129, -1.035243272781372]]
[127751, 17, 1, [4.191096305847168, -8.652507781982422]]
[138301, 'popsize', 25, 'queuesize', 2]
[139701, 11, 0, [9.25605583190918, -0.10605083405971527]]
[139701, 12, 0, [12.070226669311523, -6.993253707885742]]
[139701, 4, 0, [10.093624114990234, -2.457488536834717]]
[139701, 9, 0, [6.23510217666626, -11.211018562316895]]
[139701, 18, 0, [3.7280776500701904, -3.7790443897247314]]
[139701, 6, 0, [8.963836669921875, -5.1918721199035645]]
[139701, 15, 0, [12.390809059143066, -0.1079515814781189]]
[139701, 1, 0, [12.4010591506958, -12.383275032043457]]
[139701, 16, 0, [12.392115592956543, -7.269906044006348]]
[139701, 2, 0, [1.911313533782959, -9.215527534484863]]
[139701, 22, 0, [5.142914772033691, -0.12131071835756302]]
[139701, 23, 0, [6.201406002044678, -3.7515830993652344]]
[139701, 19, 0, [8.704200744628906, -3.770994186401367]]
[139701, 3, 1, [0.11544060707092285, -0.9977387189865112]]
[139701, 13, 1, [1.93558931350708, -10.061614036560059]]
[139701, 8, 1, [11.180298805236816, -6.173821926116943]]
[139701, 24, 1, [6.242351055145264, -6.2942795753479]]
[139701, 5, 1, [7.465514659881592, -8.95526123046875]]
[139701, 21, 1, [6.4022016525268555, -7.631513595581055]]
[139701, 7, 1, [3.16162109375, -1.1926379203796387]]
[139701, 14, 1, [1.4292210340499878, -3.812818765640259]]
[139701, 20, 1, [9.603545188903809, -4.485579490661621]]
[139701, 10, 1, [3.778501033782959, -3.9467670917510986]]
[139701, 0, 1, [12.376662254333496, -1.0399842262268066]]
[139701, 17, 1, [3.7221364974975586, -8.127264976501465]]
[150001, 'popsize', 25, 'queuesize', 3]
[151301, 11, 0, [9.09784984588623, -0.10601112246513367]]
[151301, 12, 0, [12.053573608398438, -6.9962334632873535]]
[151301, 4, 0, [10.108890533447266, -2.4247028827667236]]
[151301, 9, 0, [6.260026454925537, -11.199429512023926]]
[151301, 18, 0, [3.5556910037994385, -3.8967506885528564]]
[151301, 6, 0, [9.609698295593262, -5.930371284484863]]
[151301, 15, 0, [12.390788078308105, -0.1079309731721878]]
[151301, 1, 0, [12.401066780090332, -12.383272171020508]]
[151301, 16, 0, [12.392098426818848, -7.398190021514893]]
[151301, 2, 0, [1.9038079977035522, -9.214319229125977]]
[151301, 22, 0, [5.370037078857422, -0.12380880862474442]]
[151301, 23, 0, [6.2403388023376465, -3.744924545288086]]
[151301, 19, 0, [8.735630989074707, -3.750898838043213]]
[151301, 3, 1, [0.11361765116453171, -0.9675830006599426]]
[151301, 13, 1, [1.9833614826202393, -10.099047660827637]]
[151301, 8, 1, [11.145318984985352, -6.157626628875732]]
[151301, 24, 1, [6.209292888641357, -6.2965407371521]]
[151301, 5, 1, [7.375386714935303, -8.895263671875]]
[151301, 21, 1, [5.768564701080322, -6.895267963409424]]
[151301, 7, 1, [3.866384983062744, -1.3788508176803589]]
[151301, 14, 1, [0.90730881690979, -3.67982816696167]]
[151301, 20, 1, [9.550215721130371, -4.414050579071045]]
[151301, 10, 1, [3.365123987197876, -3.78578782081604]]
[151301, 0, 1, [12.37666130065918, -1.0496286153793335]]
[151301, 17, 1, [3.7153995037078857, -8.091557502746582]]
[161701, 'popsize', 25, 'queuesize', 3]
[163351, 11, 0, [8.938502311706543, -0.10600941628217697]]
[163351, 12, 0, [12.035832405090332, -6.9813103675842285]]
[163351, 4, 0, [10.088811874389648, -2.406257152557373]]
[163351, 9, 0, [6.273068904876709, -11.204622268676758]]
[163351, 18, 0, [3.5564498901367188, -3.9274966716766357]]
[163351, 6, 0, [9.584771156311035, -6.3612213134765625]]
[163351, 15, 0, [12.39079475402832, -0.10794385522603989]]
[163351, 1, 0, [12.401118278503418, -12.383234977722168]]
[163351, 16, 0, [12.392020225524902, -7.5260138511657715]]
[163351, 2, 0, [1.9841619729995728, -9.199271202087402]]
[163351, 22, 0, [5.357484817504883, -0.12405028194189072]]
[163351, 23, 0, [6.238278865814209, -3.7145628929138184]]
[163351, 19, 0, [8.65307331085205, -3.741694450378418]]
[163351, 3, 1, [0.10789911448955536, -0.8841037750244141]]
[163351, 13, 1, [2.0272650718688965, -10.078611373901367]]
[163351, 8, 1, [11.127096176147461, -6.170963287353516]]
[163351, 24, 1, [6.199584484100342, -6.265523433685303]]
[163351, 5, 1, [7.418984413146973, -8.841875076293945]]
[163351, 21, 1, [5.266998291015625, -6.5043768882751465]]
[163351, 7, 1, [4.844243049621582, -1.3302093744277954]]
[163351, 14, 1, [0.24499085545539856, -3.7944865226745605]]
[163351, 20, 1, [9.399846076965332, -4.064767360687256]]
[163351, 10, 1, [2.365217924118042, -3.8631155490875244]]
[163351, 0, 1, [12.376659393310547, -1.0529415607452393]]
[163351, 17, 1, [3.7346792221069336, -8.071928977966309]]
[175901, 'popsize', 25, 'queuesize', 3]
[177701, 11, 0, [8.746430397033691, -0.10600035637617111]]
[177701, 12, 0, [12.128793716430664, -6.957683086395264]]
[177701, 4, 0, [10.108489990234375, -2.446281671524048]]
[177701, 9, 0, [6.226690769195557, -11.190665245056152]]
[177701, 18, 0, [3.555116653442383, -3.8869354724884033]]
[177701, 6, 0, [9.105969429016113, -6.789202690124512]]
[177701, 15, 0, [12.390786170959473, -0.10793603211641312]]
[177701, 1, 0, [12.3399076461792, -12.363358497619629]]
[177701, 16, 0, [12.39205265045166, -7.684184551239014]]
[177701, 2, 0, [1.8589527606964111, -9.177213668823242]]
[177701, 22, 0, [5.343061447143555, -0.12415856122970581]]
[177701, 23, 0, [6.21256685256958, -3.7478671073913574]]
[177701, 19, 0, [8.201669692993164, -3.4348866939544678]]
[177701, 3, 1, [0.1079830676317215, -0.727242648601532]]
[177701, 13, 1, [2.0323774814605713, -10.119781494140625]]
[177701, 8, 1, [11.160002708435059, -6.147365570068359]]
[177701, 24, 1, [6.2269392013549805, -6.29721212387085]]
[177701, 5, 1, [7.391488075256348, -8.858919143676758]]
[177701, 21, 1, [4.356398582458496, -6.41987419128418]]
[177701, 7, 1, [5.96504545211792, -0.9647379517555237]]
[177701, 14, 1, [0.2558048963546753, -3.773526430130005]]
[177701, 20, 1, [9.255778312683105, -3.8113420009613037]]
[177701, 10, 1, [1.1690291166305542, -3.6893985271453857]]
[177701, 0, 1, [12.376662254333496, -1.060625672340393]]
[177701, 17, 1, [3.7169034481048584, -8.106620788574219]]
[189601, 'popsize', 25, 'queuesize', 3]
[191401, 11, 0, [8.561209678649902, -0.10599534213542938]]
[191401, 12, 0, [12.102052688598633, -6.8741350173950195]]
[191401, 4, 0, [9.620312690734863, -2.4973926544189453]]
[191401, 9, 0, [6.231174945831299, -11.224173545837402]]
[191401, 18, 0, [3.527134895324707, -3.880042552947998]]
[191401, 6, 0, [8.110835075378418, -7.37871789932251]]
[191401, 15, 0, [12.390782356262207, -0.10793878883123398]]
[191401, 1, 0, [12.348262786865234, -12.290165901184082]]
[191401, 16, 0, [12.392114639282227, -7.833662509918213]]
[191401, 2, 0, [1.9798282384872437, -9.23189926147461]]
[191401, 22, 0, [5.329678535461426, -0.12415551394224167]]
[191401, 23, 0, [6.19290828704834, -3.741302728652954]]
[191401, 19, 0, [8.171710014343262, -3.429417610168457]]
[191401, 3, 1, [0.13564731180667877, -0.7190219759941101]]
[191401, 13, 1, [2.2232666015625, -10.362020492553711]]
[191401, 8, 1, [11.184913635253906, -6.152080535888672]]
[191401, 24, 1, [6.258072376251221, -6.282437801361084]]
[191401, 5, 1, [7.401229381561279, -8.888906478881836]]
[191401, 21, 1, [3.599858045578003, -6.4866623878479]]
[191401, 7, 1, [6.91066837310791, -0.3480806350708008]]
[191401, 14, 1, [0.2325768619775772, -3.7522664070129395]]
[191401, 20, 1, [9.347092628479004, -3.6385319232940674]]
[191401, 10, 1, [0.767673134803772, -3.5473153591156006]]
[191401, 0, 1, [12.37666130065918, -1.0652966499328613]]
[191401, 17, 1, [3.6225476264953613, -8.015040397644043]]
[202952, 'popsize', 25, 'queuesize', 3]
[204552, 11, 0, [8.379059791564941, -0.10597887635231018]]
[204552, 12, 0, [12.035552024841309, -6.8402934074401855]]
[204552, 4, 0, [9.371877670288086, -2.0972447395324707]]
[204552, 9, 0, [6.24121618270874, -11.233631134033203]]
[204552, 18, 0, [3.5165891647338867, -3.8879687786102295]]
[204552, 6, 0, [7.54194974899292, -7.486568450927734]]
[204552, 15, 0, [12.390783309936523, -0.1079462319612503]]
[204552, 1, 0, [12.295933723449707, -12.303062438964844]]
[204552, 16, 0, [12.392097473144531, -7.978760242462158]]
[204552, 2, 0, [2.064545154571533, -9.188139915466309]]
[204552, 22, 0, [5.317592620849609, -0.12415055930614471]]
[204552, 23, 0, [6.186866760253906, -3.738633155822754]]
[204552, 19, 0, [8.160621643066406, -3.4324493408203125]]
[204552, 3, 1, [0.16039392352104187, -0.7243174910545349]]
[204552, 13, 1, [2.088479518890381, -10.135199546813965]]
[204552, 8, 1, [11.137605667114258, -6.218221664428711]]
[204552, 24, 1, [6.272058963775635, -6.278021335601807]]
[204552, 5, 1, [7.664913177490234, -8.495205879211426]]
[204552, 21, 1, [3.598111152648926, -6.50373649597168]]
[204552, 7, 1, [7.235842704772949, -0.10995178669691086]]
[204552, 14, 1, [0.28060320019721985, -3.925079822540283]]
[204552, 20, 1, [9.57762622833252, -3.7006311416625977]]
[204552, 10, 1, [0.33429113030433655, -3.7089531421661377]]
[204552, 0, 1, [12.376660346984863, -1.07101571559906]]
[204552, 17, 1, [3.251948356628418, -8.008867263793945]]
[215502, 'popsize', 25, 'queuesize', 3]
[217102, 11, 0, [8.208596229553223, -0.10602845251560211]]
[217102, 12, 0, [12.010384559631348, -6.832322597503662]]
[217102, 4, 0, [9.377962112426758, -2.1008846759796143]]
[217102, 9, 0, [6.293668270111084, -11.158249855041504]]
[217102, 18, 0, [3.524517059326172, -3.893049716949463]]
[217102, 6, 0, [6.5205302238464355, -7.23306131362915]]
[217102, 15, 0, [12.39077377319336, -0.10794029384851456]]
[217102, 1, 0, [12.298473358154297, -12.341376304626465]]
[217102, 16, 0, [12.3920259475708, -8.116467475891113]]
[217102, 2, 0, [2.0427210330963135, -9.184635162353516]]
[217102, 22, 0, [5.306684970855713, -0.12414411455392838]]
[217102, 23, 0, [6.188589096069336, -3.7451229095458984]]
[217102, 19, 0, [8.168123245239258, -3.431539297103882]]
[217102, 3, 1, [0.1524166464805603, -0.7205451130867004]]
[217102, 13, 1, [2.1852896213531494, -10.13540267944336]]
[217102, 8, 1, [11.136091232299805, -6.222448348999023]]
[217102, 24, 1, [6.267486095428467, -6.284350872039795]]
[217102, 5, 1, [7.6587724685668945, -8.49830436706543]]
[217102, 21, 1, [3.597653865814209, -6.492606163024902]]
[217102, 7, 1, [7.37116003036499, -0.1079624742269516]]
[217102, 14, 1, [0.2765149772167206, -3.9303553104400635]]
[217102, 20, 1, [10.538328170776367, -4.0250654220581055]]
[217102, 10, 1, [0.13849420845508575, -3.7107057571411133]]
[217102, 0, 1, [12.37666130065918, -1.0761500597000122]]
[217102, 17, 1, [3.1892683506011963, -7.85167121887207]]
[228102, 'popsize', 25, 'queuesize', 3]
[229502, 11, 0, [8.037632942199707, -0.10608135163784027]]
[229502, 12, 0, [11.982161521911621, -6.833358287811279]]
[229502, 4, 0, [8.982022285461426, -2.1146786212921143]]
[229502, 9, 0, [6.279671669006348, -11.155234336853027]]
[229502, 18, 0, [3.532437801361084, -3.894991636276245]]
[229502, 6, 0, [5.5800862312316895, -6.75296688079834]]
[229502, 15, 0, [12.390768051147461, -0.10793735831975937]]
[229502, 1, 0, [12.397493362426758, -12.385887145996094]]
[229502, 16, 0, [12.39205551147461, -8.252581596374512]]
[229502, 2, 0, [1.9544280767440796, -9.197236061096191]]
[229502, 22, 0, [5.294106960296631, -0.12415337562561035]]
[229502, 23, 0, [6.201710224151611, -3.740831136703491]]
[229502, 19, 0, [8.084992408752441, -3.879331588745117]]
[229502, 3, 1, [0.1466227024793625, -0.7207155823707581]]
[229502, 13, 1, [2.1596126556396484, -10.124471664428711]]
[229502, 8, 1, [11.137727737426758, -6.222181797027588]]
[229502, 24, 1, [6.257913589477539, -6.287477493286133]]
[229502, 5, 1, [7.646103858947754, -8.492562294006348]]
[229502, 21, 1, [3.590541362762451, -6.479656219482422]]
[229502, 7, 1, [7.505260467529297, -0.10789070278406143]]
[229502, 14, 1, [0.47062379121780396, -3.920262575149536]]
[229502, 20, 1, [11.311067581176758, -4.145807266235352]]
[229502, 10, 1, [0.28305304050445557, -4.186976909637451]]
[229502, 0, 1, [12.37666130065918, -1.082189679145813]]
[229502, 17, 1, [2.4939746856689453, -7.093420028686523]]
[240252, 'popsize', 25, 'queuesize', 3]
[241702, 11, 0, [7.872679233551025, -0.1060154139995575]]
[241702, 12, 0, [11.977470397949219, -6.832759380340576]]
[241702, 4, 0, [8.845536231994629, -2.138550043106079]]
[241702, 9, 0, [6.24867582321167, -11.141730308532715]]
[241702, 18, 0, [3.550830841064453, -3.8984458446502686]]
[241702, 6, 0, [4.784493923187256, -6.110548496246338]]
[241702, 15, 0, [12.390771865844727, -0.10794408619403839]]
[241702, 1, 0, [12.396862030029297, -12.386387825012207]]
[241702, 16, 0, [12.392026901245117, -8.386341094970703]]
[241702, 2, 0, [2.0034124851226807, -9.194096565246582]]
[241702, 22, 0, [5.282203674316406, -0.12414507567882538]]
[241702, 23, 0, [6.22113561630249, -3.741792678833008]]
[241702, 19, 0, [8.102829933166504, -3.864835262298584]]
[241702, 3, 1, [0.12790705263614655, -0.7004372477531433]]
[241702, 13, 1, [2.2971177101135254, -9.940746307373047]]
[241702, 8, 1, [11.144351959228516, -6.246225833892822]]
[241702, 24, 1, [6.236291408538818, -6.293269634246826]]
[241702, 5, 1, [7.887800693511963, -8.147733688354492]]
[241702, 21, 1, [3.573090076446533, -6.463281631469727]]
[241702, 7, 1, [7.638808250427246, -0.10790842771530151]]
[241702, 14, 1, [0.49951523542404175, -4.0368733406066895]]
[241702, 20, 1, [11.327133178710938, -4.147775173187256]]
[241702, 10, 1, [0.5541744828224182, -5.179355621337891]]
[241702, 0, 1, [12.376653671264648, -1.0924186706542969]]
[241702, 17, 1, [1.6596839427947998, -6.51644229888916]]
[252452, 'popsize', 25, 'queuesize', 4]
[254152, 11, 0, [7.826236248016357, -0.106184221804142]]
[254152, 12, 0, [11.975214004516602, -6.833391189575195]]
[254152, 4, 0, [8.751629829406738, -2.567685604095459]]
[254152, 9, 0, [6.254632949829102, -11.130313873291016]]
[254152, 18, 0, [3.556666612625122, -3.9012227058410645]]
[254152, 6, 0, [4.12717866897583, -5.305621147155762]]
[254152, 15, 0, [12.390759468078613, -0.10794048011302948]]
[254152, 1, 0, [12.39609146118164, -12.387046813964844]]
[254152, 16, 0, [12.392012596130371, -8.52030086517334]]
[254152, 2, 0, [1.9752384424209595, -9.20197868347168]]
[254152, 22, 0, [5.270458698272705, -0.12413883209228516]]
[254152, 23, 0, [6.2342119216918945, -3.732285976409912]]
[254152, 19, 0, [8.10981559753418, -3.858126401901245]]
[254152, 3, 1, [0.1272738128900528, -0.6811967492103577]]
[254152, 13, 1, [2.4585673809051514, -9.93595027923584]]
[254152, 8, 1, [11.190003395080566, -6.205531120300293]]
[254152, 24, 1, [6.222418785095215, -6.291314601898193]]
[254152, 5, 1, [7.86773157119751, -8.140154838562012]]
[254152, 21, 1, [3.5590298175811768, -6.46640157699585]]
[254152, 7, 1, [7.661536693572998, -0.11351735144853592]]
[254152, 14, 1, [0.5563185811042786, -3.896920919418335]]
[254152, 20, 1, [10.94964599609375, -3.9143104553222656]]
[254152, 10, 1, [0.7538851499557495, -5.612141132354736]]
[254152, 0, 1, [12.376657485961914, -1.0977956056594849]]
[254152, 17, 1, [1.3434067964553833, -6.150655269622803]]
[264752, 'popsize', 25, 'queuesize', 4]
[266302, 11, 0, [7.807943820953369, -0.10604044795036316]]
[266302, 12, 0, [11.962653160095215, -6.841643333435059]]
[266302, 4, 0, [8.603779792785645, -2.9625468254089355]]
[266302, 9, 0, [6.265989303588867, -11.126493453979492]]
[266302, 18, 0, [3.5700931549072266, -3.9099791049957275]]
[266302, 6, 0, [3.656672239303589, -4.397120952606201]]
[266302, 15, 0, [12.39075756072998, -0.1079430878162384]]
[266302, 1, 0, [12.395530700683594, -12.387555122375488]]
[266302, 16, 0, [12.392009735107422, -8.654959678649902]]
[266302, 2, 0, [1.9384174346923828, -9.214613914489746]]
[266302, 22, 0, [5.258328914642334, -0.12415234744548798]]
[266302, 23, 0, [6.241369724273682, -3.707195997238159]]
[266302, 19, 0, [8.128181457519531, -3.860016345977783]]
[266302, 3, 1, [0.10583121329545975, -0.8390684723854065]]
[266302, 13, 1, [2.420346975326538, -9.939971923828125]]
[266302, 8, 1, [11.178831100463867, -6.212794303894043]]
[266302, 24, 1, [6.210539817810059, -6.28502082824707]]
[266302, 5, 1, [7.862318992614746, -8.123086929321289]]
[266302, 21, 1, [3.5235211849212646, -6.474327087402344]]
[266302, 7, 1, [7.6526007652282715, -0.11961176246404648]]
[266302, 14, 1, [0.6510959267616272, -3.966672897338867]]
[266302, 20, 1, [10.966279029846191, -3.9152445793151855]]
[266302, 10, 1, [1.4297806024551392, -5.7736310958862305]]
[266302, 0, 1, [12.37665843963623, -1.101037621498108]]
[266302, 17, 1, [1.566421389579773, -5.640299320220947]]
[276902, 'popsize', 25, 'queuesize', 4]
[278302, 11, 0, [7.747526168823242, -0.09960358589887619]]
[278302, 12, 0, [11.964674949645996, -6.841211795806885]]
[278302, 4, 0, [8.602753639221191, -3.363858222961426]]
[278302, 9, 0, [6.269924163818359, -11.120113372802734]]
[278302, 18, 0, [3.343616008758545, -3.903090238571167]]
[278302, 6, 0, [3.4921557903289795, -3.8477611541748047]]
[278302, 15, 0, [12.390748023986816, -0.10793807357549667]]
[278302, 1, 0, [12.395524978637695, -12.387551307678223]]
[278302, 16, 0, [12.392122268676758, -8.786529541015625]]
[278302, 2, 0, [1.991799235343933, -9.13788890838623]]
[278302, 22, 0, [5.247324466705322, -0.12414984405040741]]
[278302, 23, 0, [6.230974197387695, -3.6904189586639404]]
[278302, 19, 0, [8.141770362854004, -3.8756613731384277]]
[278302, 3, 1, [0.1501268595457077, -0.8413456082344055]]
[278302, 13, 1, [2.395596742630005, -9.928937911987305]]
[278302, 8, 1, [11.184146881103516, -6.233400821685791]]
[278302, 24, 1, [6.206575870513916, -6.2646708488464355]]
[278302, 5, 1, [7.860274791717529, -8.098783493041992]]
[278302, 21, 1, [3.5131165981292725, -6.48889684677124]]
[278302, 7, 1, [7.61165714263916, -0.12425970286130905]]
[278302, 14, 1, [0.612363338470459, -4.140758037567139]]
[278302, 20, 1, [11.046546936035156, -3.990349531173706]]
[278302, 10, 1, [2.1237151622772217, -5.275331020355225]]
[278302, 0, 1, [12.37665843963623, -1.104636788368225]]
[278302, 17, 1, [1.6463944911956787, -5.480636119842529]]
[288502, 'popsize', 25, 'queuesize', 4]
[289802, 11, 0, [7.564301490783691, -0.09619443863630295]]
[289802, 12, 0, [11.985605239868164, -6.834129810333252]]
[289802, 4, 0, [8.941001892089844, -3.4165732860565186]]
[289802, 9, 0, [6.272599697113037, -11.110132217407227]]
[289802, 18, 0, [3.3842759132385254, -3.911127805709839]]
[289802, 6, 0, [3.465564489364624, -3.4267613887786865]]
[289802, 15, 0, [12.3907470703125, -0.10793823003768921]]
[289802, 1, 0, [12.327310562133789, -12.376192092895508]]
[289802, 16, 0, [12.39204216003418, -8.912088394165039]]
[289802, 2, 0, [1.9509457349777222, -9.186660766601562]]
[289802, 22, 0, [5.238311290740967, -0.12414742261171341]]
[289802, 23, 0, [6.19527530670166, -3.6973836421966553]]
[289802, 19, 0, [8.121561050415039, -3.9133903980255127]]
[289802, 3, 1, [0.12719450891017914, -0.8208560347557068]]
[289802, 13, 1, [2.528533697128296, -10.30561637878418]]
[289802, 8, 1, [10.86349868774414, -6.38367223739624]]
[289802, 24, 1, [6.233229637145996, -6.23555850982666]]
[289802, 5, 1, [7.892199993133545, -8.075862884521484]]
[289802, 21, 1, [3.5521700382232666, -6.521286487579346]]
[289802, 7, 1, [7.428218841552734, -0.13645970821380615]]
[289802, 14, 1, [0.6149181127548218, -4.1228132247924805]]
[289802, 20, 1, [11.214418411254883, -3.8288352489471436]]
[289802, 10, 1, [2.9495081901550293, -4.790407657623291]]
[289802, 0, 1, [12.37665843963623, -1.1085988283157349]]
[289802, 17, 1, [2.3549227714538574, -4.857677459716797]]
[300303, 'popsize', 25, 'queuesize', 4]
[302003, 11, 0, [7.4447340965271, -0.10159807652235031]]
[302003, 12, 0, [11.996499061584473, -6.832553863525391]]
[302003, 4, 0, [8.984167098999023, -3.0122463703155518]]
[302003, 9, 0, [6.2935686111450195, -11.11573314666748]]
[302003, 18, 0, [3.3836328983306885, -3.9393811225891113]]
[302003, 6, 0, [3.3127198219299316, -3.290067195892334]]
[302003, 15, 0, [12.390746116638184, -0.1079416275024414]]
[302003, 1, 0, [12.358665466308594, -12.357566833496094]]
[302003, 16, 0, [12.392040252685547, -9.044981002807617]]
[302003, 2, 0, [1.87506103515625, -9.222208976745605]]
[302003, 22, 0, [5.225897312164307, -0.12415116280317307]]
[302003, 23, 0, [6.184403896331787, -3.715247869491577]]
[302003, 19, 0, [8.100418090820312, -3.913548707962036]]
[302003, 3, 1, [0.13356013596057892, -0.7901658415794373]]
[302003, 13, 1, [2.3116087913513184, -9.715108871459961]]
[302003, 8, 1, [10.865480422973633, -6.405520439147949]]
[302003, 24, 1, [6.259631633758545, -6.242258548736572]]
[302003, 5, 1, [7.617319583892822, -8.153639793395996]]
[302003, 21, 1, [3.577247381210327, -6.507573127746582]]
[302003, 7, 1, [7.34855842590332, -0.13965100049972534]]
[302003, 14, 1, [0.698471188545227, -4.188133239746094]]
[302003, 20, 1, [11.213570594787598, -3.5718629360198975]]
[302003, 10, 1, [3.9075710773468018, -4.47812557220459]]
[302003, 0, 1, [12.37666130065918, -1.114608645439148]]
[302003, 17, 1, [2.8864779472351074, -4.130764961242676]]
[314203, 'popsize', 25, 'queuesize', 4]
[315803, 11, 0, [7.328900337219238, -0.09508683532476425]]
[315803, 12, 0, [11.928966522216797, -6.874606609344482]]
[315803, 4, 0, [8.6911039352417, -2.384833812713623]]
[315803, 9, 0, [6.255965709686279, -11.10344123840332]]
[315803, 18, 0, [3.368216037750244, -3.9026970863342285]]
[315803, 6, 0, [2.197099447250366, -3.6581175327301025]]
[315803, 15, 0, [12.39074420928955, -0.10794127732515335]]
[315803, 1, 0, [12.354320526123047, -12.305261611938477]]
[315803, 16, 0, [12.392034530639648, -9.19674015045166]]
[315803, 2, 0, [1.9228016138076782, -9.197575569152832]]
[315803, 22, 0, [5.212316513061523, -0.1241598054766655]]
[315803, 23, 0, [6.205008506774902, -3.694854736328125]]
[315803, 19, 0, [8.128033638000488, -3.90085768699646]]
[315803, 3, 1, [0.13337308168411255, -0.8203554749488831]]
[315803, 13, 1, [2.3138880729675293, -9.9041748046875]]
[315803, 8, 1, [10.910933494567871, -6.359860420227051]]
[315803, 24, 1, [6.22075891494751, -6.2388916015625]]
[315803, 5, 1, [7.458007335662842, -8.213665008544922]]
[315803, 21, 1, [3.5406999588012695, -6.523484706878662]]
[315803, 7, 1, [7.265255928039551, -0.15709279477596283]]
[315803, 14, 1, [0.462921142578125, -4.332315921783447]]
[315803, 20, 1, [11.60849666595459, -3.117659330368042]]
[315803, 10, 1, [5.053924083709717, -4.347564697265625]]
[315803, 0, 1, [12.37666130065918, -1.1213080883026123]]
[315803, 17, 1, [2.772143840789795, -4.150134563446045]]
[327703, 'popsize', 25, 'queuesize', 4]
[329453, 11, 0, [7.190324306488037, -0.0950361043214798]]
[329453, 12, 0, [11.910274505615234, -6.917266845703125]]
[329453, 4, 0, [8.662591934204102, -2.389223098754883]]
[329453, 9, 0, [6.257264137268066, -11.120367050170898]]
[329453, 18, 0, [3.34359073638916, -3.8955230712890625]]
[329453, 6, 0, [1.3451834917068481, -3.778494119644165]]
[329453, 15, 0, [12.390737533569336, -0.10793977975845337]]
[329453, 1, 0, [12.401236534118652, -12.383234024047852]]
[329453, 16, 0, [12.392073631286621, -9.34477710723877]]
[329453, 2, 0, [1.9064141511917114, -9.160499572753906]]
[329453, 22, 0, [5.198784351348877, -0.12414595484733582]]
[329453, 23, 0, [6.231256008148193, -3.695669412612915]]
[329453, 19, 0, [8.132551193237305, -3.8727619647979736]]
[329453, 3, 1, [0.14684301614761353, -0.834807813167572]]
[329453, 13, 1, [2.1212425231933594, -10.283380508422852]]
[329453, 8, 1, [10.930923461914062, -6.3498616218566895]]
[329453, 24, 1, [6.204888820648193, -6.2543535232543945]]
[329453, 5, 1, [7.496258735656738, -8.429147720336914]]
[329453, 21, 1, [3.5447752475738525, -6.520724773406982]]
[329453, 7, 1, [7.151706218719482, -0.2411496341228485]]
[329453, 14, 1, [0.23856255412101746, -4.552821159362793]]
[329453, 20, 1, [12.299630165100098, -2.5253090858459473]]
[329453, 10, 1, [6.178869247436523, -4.476524353027344]]
[329453, 0, 1, [12.376659393310547, -1.1285676956176758]]
[329453, 17, 1, [2.778155565261841, -4.166319847106934]]
[340653, 'popsize', 25, 'queuesize', 4]
[342253, 11, 0, [7.1117024421691895, -0.14140070974826813]]
[342253, 12, 0, [11.894983291625977, -6.957566261291504]]
[342253, 4, 0, [8.656744003295898, -2.3811216354370117]]
[342253, 9, 0, [6.253057479858398, -11.143390655517578]]
[342253, 18, 0, [3.3364148139953613, -3.8935210704803467]]
[342253, 6, 0, [1.2226338386535645, -4.213364601135254]]
[342253, 15, 0, [12.39073371887207, -0.1079421192407608]]
[342253, 1, 0, [12.401191711425781, -12.383269309997559]]
[342253, 16, 0, [12.392078399658203, -9.484638214111328]]
[342253, 2, 0, [1.778097152709961, -9.305675506591797]]
[342253, 22, 0, [5.185680866241455, -0.12415125966072083]]
[342253, 23, 0, [6.229484558105469, -3.6894376277923584]]
[342253, 19, 0, [8.135004043579102, -3.872013568878174]]
[342253, 3, 1, [0.15015217661857605, -0.840319812297821]]
[342253, 13, 1, [2.0337395668029785, -10.472479820251465]]
[342253, 8, 1, [10.939692497253418, -6.344979763031006]]
[342253, 24, 1, [6.207997798919678, -6.251162052154541]]
[342253, 5, 1, [7.754278182983398, -8.1598482131958]]
[342253, 21, 1, [3.6038811206817627, -6.384618759155273]]
[342253, 7, 1, [7.250492095947266, -0.11257363855838776]]
[342253, 14, 1, [0.24050931632518768, -4.549213409423828]]
[342253, 20, 1, [12.375414848327637, -2.595466375350952]]
[342253, 10, 1, [6.645103931427002, -4.458292007446289]]
[342253, 0, 1, [12.376668930053711, -1.1354396343231201]]
[342253, 17, 1, [2.7505621910095215, -4.144298076629639]]
[353353, 'popsize', 25, 'queuesize', 4]
[354903, 11, 0, [7.160471439361572, -0.1153610348701477]]
[354903, 12, 0, [11.920832633972168, -6.984957218170166]]
[354903, 4, 0, [8.665609359741211, -2.389045476913452]]
[354903, 9, 0, [6.2710185050964355, -11.181755065917969]]
[354903, 18, 0, [3.338474750518799, -3.8921866416931152]]
[354903, 6, 0, [1.606810450553894, -4.794857501983643]]
[354903, 15, 0, [12.390729904174805, -0.10794048756361008]]
[354903, 1, 0, [12.343096733093262, -12.360734939575195]]
[354903, 16, 0, [12.392024993896484, -9.623149871826172]]
[354903, 2, 0, [1.8041276931762695, -9.28380298614502]]
[354903, 22, 0, [5.174624443054199, -0.12415700405836105]]
[354903, 23, 0, [6.221275329589844, -3.692866802215576]]
[354903, 19, 0, [8.131932258605957, -3.8757762908935547]]
[354903, 3, 1, [0.14090240001678467, -0.8318965435028076]]
[354903, 13, 1, [2.0471765995025635, -10.547802925109863]]
[354903, 8, 1, [10.941999435424805, -6.339784622192383]]
[354903, 24, 1, [6.205569744110107, -6.250229835510254]]
[354903, 5, 1, [7.907209396362305, -7.986628532409668]]
[354903, 21, 1, [3.6116573810577393, -6.391135215759277]]
[354903, 7, 1, [7.331787586212158, -0.09796974807977676]]
[354903, 14, 1, [0.2305978238582611, -4.558409690856934]]
[354903, 20, 1, [12.375843048095703, -2.580808401107788]]
[354903, 10, 1, [7.0309977531433105, -3.4840002059936523]]
[354903, 0, 1, [12.376664161682129, -1.1439838409423828]]
[354903, 17, 1, [2.7435226440429688, -4.145359039306641]]
[365853, 'popsize', 25, 'queuesize', 4]
[367203, 11, 0, [7.180850028991699, -0.11604927480220795]]
[367203, 12, 0, [11.940831184387207, -7.013165473937988]]
[367203, 4, 0, [8.672978401184082, -2.393660068511963]]
[367203, 9, 0, [6.303658485412598, -11.096182823181152]]
[367203, 18, 0, [3.347513437271118, -3.8937268257141113]]
[367203, 6, 0, [1.9725146293640137, -5.768348217010498]]
[367203, 15, 0, [12.390722274780273, -0.10793858021497726]]
[367203, 1, 0, [12.369086265563965, -12.363146781921387]]
[367203, 16, 0, [12.392035484313965, -9.75877857208252]]
[367203, 2, 0, [1.773067831993103, -9.297897338867188]]
[367203, 22, 0, [5.1636199951171875, -0.12414562702178955]]
[367203, 23, 0, [6.209664821624756, -3.6878209114074707]]
[367203, 19, 0, [8.136983871459961, -3.8874318599700928]]
[367203, 3, 1, [0.13493970036506653, -0.8152763247489929]]
[367203, 13, 1, [1.8922380208969116, -10.213022232055664]]
[367203, 8, 1, [10.92833423614502, -6.341563701629639]]
[367203, 24, 1, [6.2164506912231445, -6.244014739990234]]
[367203, 5, 1, [7.912952899932861, -7.980321884155273]]
[367203, 21, 1, [3.6056296825408936, -6.400831699371338]]
[367203, 7, 1, [7.352680683135986, -0.1010543629527092]]
[367203, 14, 1, [0.22404612600803375, -4.564169883728027]]
[367203, 20, 1, [12.375860214233398, -2.5682532787323]]
[367203, 10, 1, [7.132476329803467, -3.009861707687378]]
[367203, 0, 1, [12.376667976379395, -1.148861050605774]]
[367203, 17, 1, [2.7312281131744385, -4.14030647277832]]
[378153, 'popsize', 25, 'queuesize', 4]
[379703, 11, 0, [7.211925029754639, -0.11524815857410431]]
[379703, 12, 0, [11.951077461242676, -7.01436710357666]]
[379703, 4, 0, [8.511398315429688, -1.9560374021530151]]
[379703, 9, 0, [6.312015533447266, -11.088155746459961]]
[379703, 18, 0, [3.3720695972442627, -3.897073745727539]]
[379703, 6, 0, [2.161789894104004, -6.7747483253479]]
[379703, 15, 0, [12.390715599060059, -0.10793942958116531]]
[379703, 1, 0, [12.31548023223877, -12.355195999145508]]
[379703, 16, 0, [12.392118453979492, -9.895390510559082]]
[379703, 2, 0, [1.6695657968521118, -9.289406776428223]]
[379703, 22, 0, [5.152655124664307, -0.12415460497140884]]
[379703, 23, 0, [6.195972919464111, -3.694554090499878]]
[379703, 19, 0, [8.14291763305664, -3.7885756492614746]]
[379703, 3, 1, [0.13058172166347504, -0.8086919188499451]]
[379703, 13, 1, [1.8004075288772583, -10.02847671508789]]
[379703, 8, 1, [10.91696834564209, -6.349110126495361]]
[379703, 24, 1, [6.229278564453125, -6.233450412750244]]
[379703, 5, 1, [7.918429851531982, -7.9752020835876465]]
[379703, 21, 1, [3.619196653366089, -6.414793491363525]]
[379703, 7, 1, [7.3885722160339355, -0.08650719374418259]]
[379703, 14, 1, [0.22046464681625366, -4.5767951011657715]]
[379703, 20, 1, [12.375847816467285, -2.5569510459899902]]
[379703, 10, 1, [6.312671184539795, -2.3625595569610596]]
[379703, 0, 1, [12.376668930053711, -1.1559594869613647]]
[379703, 17, 1, [2.728379011154175, -4.136563301086426]]
[390553, 'popsize', 25, 'queuesize', 4]
[392003, 11, 0, [7.26064395904541, -0.10271020233631134]]
[392003, 12, 0, [11.965252876281738, -7.014606952667236]]
[392003, 4, 0, [8.737482070922852, -2.2717442512512207]]
[392003, 9, 0, [6.317689895629883, -11.092405319213867]]
[392003, 18, 0, [3.3780226707458496, -3.9220669269561768]]
[392003, 6, 0, [2.175830841064453, -7.808453559875488]]
[392003, 15, 0, [12.390708923339844, -0.10793912410736084]]
[392003, 1, 0, [12.40113639831543, -12.383225440979004]]
[392003, 16, 0, [12.392053604125977, -10.031187057495117]]
[392003, 2, 0, [1.7225956916809082, -9.299964904785156]]
[392003, 22, 0, [5.140738487243652, -0.1241544857621193]]
[392003, 23, 0, [6.18114709854126, -3.710125684738159]]
[392003, 19, 0, [8.378597259521484, -3.391350746154785]]
[392003, 3, 1, [0.12655995786190033, -0.8016346096992493]]
[392003, 13, 1, [2.1621134281158447, -10.225885391235352]]
[392003, 8, 1, [10.903751373291016, -6.355865001678467]]
[392003, 24, 1, [6.2424821853637695, -6.231614112854004]]
[392003, 5, 1, [7.92360258102417, -7.962434768676758]]
[392003, 21, 1, [3.6301374435424805, -6.4258904457092285]]
[392003, 7, 1, [7.449375152587891, -0.08837474137544632]]
[392003, 14, 1, [0.2063750922679901, -4.5754780769348145]]
[392003, 20, 1, [12.375846862792969, -2.5446555614471436]]
[392003, 10, 1, [5.64656400680542, -1.573170781135559]]
[392003, 0, 1, [12.376664161682129, -1.1646844148635864]]
[392003, 17, 1, [2.7222986221313477, -4.12155294418335]]
[402804, 'popsize', 25, 'queuesize', 4]
[404404, 11, 0, [7.327256202697754, -0.09610377252101898]]
[404404, 12, 0, [11.97277545928955, -7.013772010803223]]
[404404, 4, 0, [9.409424781799316, -2.987058639526367]]
[404404, 9, 0, [6.325218200683594, -11.095277786254883]]
[404404, 18, 0, [3.3714439868927, -3.9324142932891846]]
[404404, 6, 0, [1.9851073026657104, -8.833221435546875]]
[404404, 15, 0, [12.390710830688477, -0.10794319212436676]]
[404404, 1, 0, [12.346664428710938, -12.356276512145996]]
[404404, 16, 0, [12.392041206359863, -10.166050910949707]]
[404404, 2, 0, [1.8008644580841064, -9.280305862426758]]
[404404, 22, 0, [5.129013538360596, -0.1241627186536789]]
[404404, 23, 0, [6.177508354187012, -3.7212860584259033]]
[404404, 19, 0, [8.366710662841797, -3.3687877655029297]]
[404404, 3, 1, [0.18791021406650543, -0.791926383972168]]
[404404, 13, 1, [2.223747968673706, -10.251826286315918]]
[404404, 8, 1, [10.907052993774414, -6.371638298034668]]
[404404, 24, 1, [6.257073879241943, -6.239638328552246]]
[404404, 5, 1, [7.85645866394043, -7.982393264770508]]
[404404, 21, 1, [3.7787721157073975, -6.209165096282959]]
[404404, 7, 1, [7.518582820892334, -0.08839961141347885]]
[404404, 14, 1, [0.27811673283576965, -4.45359992980957]]
[404404, 20, 1, [12.37585163116455, -2.5327017307281494]]
[404404, 10, 1, [5.163656711578369, -0.6649400591850281]]
[404404, 0, 1, [12.376669883728027, -1.1691439151763916]]
[404404, 17, 1, [2.7830557823181152, -3.9648237228393555]]
[414754, 'popsize', 25, 'queuesize', 4]
[416254, 11, 0, [7.389904022216797, -0.09688014537096024]]
[416254, 12, 0, [11.96959400177002, -7.00978946685791]]
[416254, 4, 0, [10.240041732788086, -3.4807519912719727]]
[416254, 9, 0, [6.3355913162231445, -11.095542907714844]]
[416254, 18, 0, [3.348574161529541, -3.9513869285583496]]
[416254, 6, 0, [1.5454425811767578, -8.926778793334961]]
[416254, 15, 0, [12.390702247619629, -0.10794016718864441]]
[416254, 1, 0, [12.37460994720459, -12.369278907775879]]
[416254, 16, 0, [12.392099380493164, -10.296693801879883]]
[416254, 2, 0, [1.632828950881958, -9.087625503540039]]
[416254, 22, 0, [5.119001388549805, -0.12364432215690613]]
[416254, 23, 0, [6.196567535400391, -3.7479865550994873]]
[416254, 19, 0, [8.383240699768066, -3.444783926010132]]
[416254, 3, 1, [0.11699981242418289, -0.7541179060935974]]
[416254, 13, 1, [2.052931547164917, -9.937322616577148]]
[416254, 8, 1, [10.958828926086426, -6.3389763832092285]]
[416254, 24, 1, [6.269040107727051, -6.270812034606934]]
[416254, 5, 1, [7.491269588470459, -8.011295318603516]]
[416254, 21, 1, [3.803276300430298, -6.232109546661377]]
[416254, 7, 1, [7.582662582397461, -0.08925140649080276]]
[416254, 14, 1, [0.35328209400177, -4.53437614440918]]
[416254, 20, 1, [12.3758544921875, -2.5195822715759277]]
[416254, 10, 1, [4.934878349304199, -0.39080944657325745]]
[416254, 0, 1, [12.376669883728027, -1.1778326034545898]]
[416254, 17, 1, [2.852290391921997, -3.5429511070251465]]
[426554, 'popsize', 25, 'queuesize', 4]
[427854, 11, 0, [7.450652122497559, -0.09612194448709488]]
[427854, 12, 0, [11.956316947937012, -7.00932502746582]]
[427854, 4, 0, [10.474699974060059, -3.1691946983337402]]
[427854, 9, 0, [6.258543491363525, -11.078959465026855]]
[427854, 18, 0, [3.317091941833496, -3.9449455738067627]]
[427854, 6, 0, [1.71151602268219, -9.009854316711426]]
[427854, 15, 0, [12.390700340270996, -0.10794167965650558]]
[427854, 1, 0, [12.300209045410156, -12.317742347717285]]
[427854, 16, 0, [12.392102241516113, -10.425021171569824]]
[427854, 2, 0, [1.5846624374389648, -9.228595733642578]]
[427854, 22, 0, [5.106629371643066, -0.12364815920591354]]
[427854, 23, 0, [6.235292434692383, -3.7430124282836914]]
[427854, 19, 0, [8.238056182861328, -3.8708434104919434]]
[427854, 3, 1, [0.1187451109290123, -0.7101730108261108]]
[427854, 13, 1, [1.7512860298156738, -9.278426170349121]]
[427854, 8, 1, [10.94111442565918, -6.355295181274414]]
[427854, 24, 1, [6.252751350402832, -6.296173095703125]]
[427854, 5, 1, [7.297792434692383, -7.998223781585693]]
[427854, 21, 1, [3.82999587059021, -6.210826396942139]]
[427854, 7, 1, [7.639922142028809, -0.08928102999925613]]
[427854, 14, 1, [0.34593111276626587, -4.398451328277588]]
[427854, 20, 1, [12.375815391540527, -2.5081138610839844]]
[427854, 10, 1, [4.330462455749512, -1.1579397916793823]]
[427854, 0, 1, [12.376668930053711, -1.1848552227020264]]
[427854, 17, 1, [2.902578353881836, -3.681016683578491]]
[438904, 'popsize', 25, 'queuesize', 6]
[440554, 11, 0, [7.5162506103515625, -0.09607534110546112]]
[440554, 12, 0, [11.974119186401367, -7.011616230010986]]
[440554, 4, 0, [10.02347469329834, -3.062547445297241]]
[440554, 9, 0, [6.250429630279541, -11.060956001281738]]
[440554, 18, 0, [3.3066117763519287, -3.937605619430542]]
[440554, 6, 0, [1.5654712915420532, -8.788310050964355]]
[440554, 15, 0, [12.390693664550781, -0.10793949663639069]]
[440554, 1, 0, [12.306842803955078, -12.344758033752441]]
[440554, 16, 0, [12.392032623291016, -10.562670707702637]]
[440554, 2, 0, [1.518039584159851, -9.274107933044434]]
[440554, 22, 0, [5.095597267150879, -0.12365325540304184]]
[440554, 23, 0, [6.23125696182251, -3.7429845333099365]]
[440554, 19, 0, [8.215861320495605, -3.8960912227630615]]
[440554, 3, 1, [0.13264316320419312, -0.7416405081748962]]
[440554, 13, 1, [1.7205357551574707, -8.913832664489746]]
[440554, 8, 1, [10.947888374328613, -6.364727973937988]]
[440554, 24, 1, [6.2478766441345215, -6.298107147216797]]
[440554, 5, 1, [7.280506134033203, -7.995235919952393]]
[440554, 21, 1, [3.83233904838562, -6.200402736663818]]
[440554, 7, 1, [7.708226203918457, -0.0892757847905159]]
[440554, 14, 1, [0.42813071608543396, -4.509521961212158]]
[440554, 20, 1, [12.375860214233398, -2.4955499172210693]]
[440554, 10, 1, [3.5275120735168457, -1.8458049297332764]]
[440554, 0, 1, [12.376665115356445, -1.1923471689224243]]
[440554, 17, 1, [3.4504201412200928, -4.379945755004883]]
[452504, 'popsize', 25, 'queuesize', 6]
[454054, 11, 0, [7.589832305908203, -0.09641927480697632]]
[454054, 12, 0, [12.031364440917969, -6.966010570526123]]
[454054, 4, 0, [9.86005687713623, -3.1191351413726807]]
[454054, 9, 0, [6.228890895843506, -11.106493949890137]]
[454054, 18, 0, [3.3270103931427, -3.9535021781921387]]
[454054, 6, 0, [1.6436238288879395, -8.779821395874023]]
[454054, 15, 0, [12.390690803527832, -0.10794082283973694]]
[454054, 1, 0, [12.403303146362305, -12.382525444030762]]
[454054, 16, 0, [12.392035484313965, -10.709728240966797]]
[454054, 2, 0, [1.5464332103729248, -9.3522367477417]]
[454054, 22, 0, [5.080969333648682, -0.12365230917930603]]
[454054, 23, 0, [6.2118964195251465, -3.7484805583953857]]
[454054, 19, 0, [8.228575706481934, -3.93680739402771]]
[454054, 3, 1, [0.1645580232143402, -0.7557245492935181]]
[454054, 13, 1, [1.7865893840789795, -8.906500816345215]]
[454054, 8, 1, [10.952603340148926, -6.334952354431152]]
[454054, 24, 1, [6.271604537963867, -6.29079532623291]]
[454054, 5, 1, [7.126714706420898, -7.168019771575928]]
[454054, 21, 1, [3.820406913757324, -6.215194225311279]]
[454054, 7, 1, [7.782020092010498, -0.08812711387872696]]
[454054, 14, 1, [0.4297513961791992, -4.488280296325684]]
[454054, 20, 1, [12.375858306884766, -2.482896327972412]]
[454054, 10, 1, [2.5107784271240234, -2.34840726852417]]
[454054, 0, 1, [12.376667022705078, -1.197274088859558]]
[454054, 17, 1, [3.4395999908447266, -4.371922969818115]]
[465104, 'popsize', 25, 'queuesize', 6]
[466554, 11, 0, [7.653958320617676, -0.09604715555906296]]
[466554, 12, 0, [12.018632888793945, -6.920471668243408]]
[466554, 4, 0, [10.003643989562988, -3.4471654891967773]]
[466554, 9, 0, [6.2603759765625, -11.052700996398926]]
[466554, 18, 0, [3.325124979019165, -3.9513211250305176]]
[466554, 6, 0, [1.7147034406661987, -8.769569396972656]]
[466554, 15, 0, [12.390689849853516, -0.10794065147638321]]
[466554, 1, 0, [12.40390682220459, -12.382274627685547]]
[466554, 16, 0, [12.392044067382812, -10.848799705505371]]
[466554, 2, 0, [1.6407097578048706, -9.428112030029297]]
[466554, 22, 0, [5.069431304931641, -0.12368738651275635]]
[466554, 23, 0, [6.226059436798096, -3.742757797241211]]
[466554, 19, 0, [8.216052055358887, -3.937649965286255]]
[466554, 3, 1, [0.16769950091838837, -0.7514459490776062]]
[466554, 13, 1, [1.8528242111206055, -8.90161418914795]]
[466554, 8, 1, [10.719073295593262, -6.509507656097412]]
[466554, 24, 1, [6.263320446014404, -6.292299747467041]]
[466554, 5, 1, [6.652809143066406, -6.23840856552124]]
[466554, 21, 1, [3.8235249519348145, -6.21265172958374]]
[466554, 7, 1, [7.8456196784973145, -0.08952914923429489]]
[466554, 14, 1, [0.09752044826745987, -5.094973087310791]]
[466554, 20, 1, [12.37585163116455, -2.470553398132324]]
[466554, 10, 1, [2.1089026927948, -2.6056506633758545]]
[466554, 0, 1, [12.376666069030762, -1.2060108184814453]]
[466554, 17, 1, [3.443307399749756, -4.37654447555542]]
[478254, 'popsize', 25, 'queuesize', 6]
[480004, 11, 0, [7.720788955688477, -0.09605633467435837]]
[480004, 12, 0, [11.97610092163086, -6.8605804443359375]]
[480004, 4, 0, [10.611377716064453, -4.302276134490967]]
[480004, 9, 0, [6.2231855392456055, -11.078532218933105]]
[480004, 18, 0, [3.344698667526245, -3.953141450881958]]
[480004, 6, 0, [1.7917699813842773, -8.762606620788574]]
[480004, 15, 0, [12.390676498413086, -0.1079312413930893]]
[480004, 1, 0, [12.403902053833008, -12.38227653503418]]
[480004, 16, 0, [12.392074584960938, -10.9947509765625]]
[480004, 2, 0, [1.7347402572631836, -9.417974472045898]]
[480004, 22, 0, [5.0564751625061035, -0.12366420030593872]]
[480004, 23, 0, [6.209860324859619, -3.7468173503875732]]
[480004, 19, 0, [8.238099098205566, -3.9245998859405518]]
[480004, 3, 1, [0.18084560334682465, -0.7458003759384155]]
[480004, 13, 1, [1.9233908653259277, -8.900483131408691]]
[480004, 8, 1, [10.504488945007324, -6.600389003753662]]
[480004, 24, 1, [6.277980327606201, -6.278562068939209]]
[480004, 5, 1, [5.926466464996338, -5.4296793937683105]]
[480004, 21, 1, [3.820964813232422, -6.220139026641846]]
[480004, 7, 1, [7.9113688468933105, -0.0890096053481102]]
[480004, 14, 1, [0.144877091050148, -5.265974998474121]]
[480004, 20, 1, [12.375890731811523, -2.4577443599700928]]
[480004, 10, 1, [2.0849368572235107, -3.727747678756714]]
[480004, 0, 1, [12.376667022705078, -1.215287208557129]]
[480004, 17, 1, [3.4275307655334473, -4.369701385498047]]
[491054, 'popsize', 25, 'queuesize', 6]
[492704, 11, 0, [7.7861127853393555, -0.09607792645692825]]
[492704, 12, 0, [11.942852973937988, -6.839226245880127]]
[492704, 4, 0, [11.025274276733398, -4.705695629119873]]
[492704, 9, 0, [6.225247859954834, -11.072430610656738]]
[492704, 18, 0, [3.3470940589904785, -3.952033519744873]]
[492704, 6, 0, [1.864844560623169, -8.757997512817383]]
[492704, 15, 0, [12.367281913757324, -0.1419391632080078]]
[492704, 1, 0, [12.40390396118164, -12.382275581359863]]
[492704, 16, 0, [12.39210319519043, -11.134015083312988]]
[492704, 2, 0, [1.6883015632629395, -9.423985481262207]]
[492704, 22, 0, [5.043800354003906, -0.12365101277828217]]
[492704, 23, 0, [6.219763278961182, -3.745238780975342]]
[492704, 19, 0, [8.285158157348633, -3.8257253170013428]]
[492704, 3, 1, [0.1817682534456253, -0.7469226121902466]]
[492704, 13, 1, [1.991718053817749, -8.900971412658691]]
[492704, 8, 1, [10.522354125976562, -6.49021053314209]]
[492704, 24, 1, [6.274654388427734, -6.275512218475342]]
[492704, 5, 1, [5.753166675567627, -5.291266441345215]]
[492704, 21, 1, [3.818390130996704, -6.216444969177246]]
[492704, 7, 1, [7.97491455078125, -0.09160452336072922]]
[492704, 14, 1, [0.1489536315202713, -5.195720672607422]]
[492704, 20, 1, [12.375853538513184, -2.445974111557007]]
[492704, 10, 1, [1.809628963470459, -4.750524997711182]]
[492704, 0, 1, [12.376669883728027, -1.2199679613113403]]
[492704, 17, 1, [3.4307515621185303, -4.365036487579346]]
[503355, 'popsize', 25, 'queuesize', 6]
[505005, 11, 0, [7.848909854888916, -0.09666519612073898]]
[505005, 12, 0, [11.93802547454834, -6.8064727783203125]]
[505005, 4, 0, [11.397141456604004, -4.692287921905518]]
[505005, 9, 0, [6.219547271728516, -11.056053161621094]]
[505005, 18, 0, [3.331230401992798, -3.948977470397949]]
[505005, 6, 0, [1.9341531991958618, -8.755760192871094]]
[505005, 15, 0, [12.389749526977539, -0.1231323629617691]]
[505005, 1, 0, [12.403907775878906, -12.382272720336914]]
[505005, 16, 0, [12.385354995727539, -11.273746490478516]]
[505005, 2, 0, [1.7870539426803589, -9.389625549316406]]
[505005, 22, 0, [5.031773567199707, -0.12364628165960312]]
[505005, 23, 0, [6.232882499694824, -3.733424663543701]]
[505005, 19, 0, [8.618220329284668, -3.514535903930664]]
[505005, 3, 1, [0.17441140115261078, -0.749485969543457]]
[505005, 13, 1, [2.0556681156158447, -8.902664184570312]]
[505005, 8, 1, [10.49998664855957, -6.4936981201171875]]
[505005, 24, 1, [6.2664794921875, -6.28666353225708]]
[505005, 5, 1, [5.740081310272217, -5.2865800857543945]]
[505005, 21, 1, [3.8298728466033936, -6.198929309844971]]
[505005, 7, 1, [8.042618751525879, -0.08772093057632446]]
[505005, 14, 1, [0.18969886004924774, -5.235656261444092]]
[505005, 20, 1, [12.375852584838867, -2.432924270629883]]
[505005, 10, 1, [1.784134030342102, -5.2080206871032715]]
[505005, 0, 1, [12.376667022705078, -1.2303926944732666]]
[505005, 17, 1, [3.4415910243988037, -4.3793206214904785]]
[515555, 'popsize', 25, 'queuesize', 6]
[516955, 11, 0, [7.918663024902344, -0.09606579691171646]]
[516955, 12, 0, [11.91814136505127, -6.77949857711792]]
[516955, 4, 0, [11.662567138671875, -4.730393886566162]]
[516955, 9, 0, [6.2251739501953125, -11.030172348022461]]
[516955, 18, 0, [3.315568685531616, -3.9273645877838135]]
[516955, 6, 0, [2.0023679733276367, -8.75653076171875]]
[516955, 15, 0, [12.402814865112305, -0.11736344546079636]]
[516955, 1, 0, [12.403905868530273, -12.382274627685547]]
[516955, 16, 0, [12.363216400146484, -11.325817108154297]]
[516955, 2, 0, [1.8338135480880737, -9.304414749145508]]
[516955, 22, 0, [5.020827770233154, -0.12364274263381958]]
[516955, 23, 0, [6.2566399574279785, -3.707665205001831]]
[516955, 19, 0, [8.677642822265625, -3.547360420227051]]
[516955, 3, 1, [0.15820254385471344, -0.7432902455329895]]
[516955, 13, 1, [2.1188454627990723, -8.907883644104004]]
[516955, 8, 1, [10.472711563110352, -6.498055458068848]]
[516955, 24, 1, [6.2412590980529785, -6.292084693908691]]
[516955, 5, 1, [5.723369121551514, -5.273090362548828]]
[516955, 21, 1, [3.2516555786132812, -5.8791584968566895]]
[516955, 7, 1, [8.108743667602539, -0.08910998702049255]]
[516955, 14, 1, [0.17121778428554535, -5.2483367919921875]]
[516955, 20, 1, [12.375818252563477, -2.421881914138794]]
[516955, 10, 1, [2.6500730514526367, -5.706369400024414]]
[516955, 0, 1, [12.376664161682129, -1.233975887298584]]
[516955, 17, 1, [3.45611310005188, -4.402425765991211]]
[527705, 'popsize', 25, 'queuesize', 6]
[529055, 11, 0, [7.980229377746582, -0.09624426066875458]]
[529055, 12, 0, [11.90755844116211, -6.779558181762695]]
[529055, 4, 0, [11.655756950378418, -4.70122766494751]]
[529055, 9, 0, [6.222529888153076, -11.026466369628906]]
[529055, 18, 0, [3.3140175342559814, -3.903150796890259]]
[529055, 6, 0, [2.1125800609588623, -9.058601379394531]]
[529055, 15, 0, [12.404022216796875, -0.11802083998918533]]
[529055, 1, 0, [12.40390682220459, -12.38227653503418]]
[529055, 16, 0, [12.159134864807129, -10.707579612731934]]
[529055, 2, 0, [1.8075895309448242, -9.331191062927246]]
[529055, 22, 0, [5.0110182762146, -0.12364864349365234]]
[529055, 23, 0, [6.252776622772217, -3.6853535175323486]]
[529055, 19, 0, [8.873146057128906, -3.948381185531616]]
[529055, 3, 1, [0.14500747621059418, -0.7259283065795898]]
[529055, 13, 1, [2.1810691356658936, -9.23813533782959]]
[529055, 8, 1, [10.453367233276367, -6.508777618408203]]
[529055, 24, 1, [6.233001232147217, -6.010290145874023]]
[529055, 5, 1, [5.713459491729736, -5.254157066345215]]
[529055, 21, 1, [3.172006845474243, -5.701593399047852]]
[529055, 7, 1, [8.16762924194336, -0.09021981060504913]]
[529055, 14, 1, [0.1889534294605255, -5.1037116050720215]]
[529055, 20, 1, [12.37585163116455, -2.4107489585876465]]
[529055, 10, 1, [3.0542731285095215, -5.861688613891602]]
[529055, 0, 1, [12.376667976379395, -1.238150715827942]]
[529055, 17, 1, [3.453260660171509, -4.422123432159424]]
[539605, 'popsize', 25, 'queuesize', 6]
[540955, 11, 0, [8.04416561126709, -0.09626889228820801]]
[540955, 12, 0, [11.913076400756836, -6.777639865875244]]
[540955, 4, 0, [11.522636413574219, -4.864926815032959]]
[540955, 9, 0, [6.197734355926514, -11.024006843566895]]
[540955, 18, 0, [3.332242965698242, -3.882624387741089]]
[540955, 6, 0, [2.0135092735290527, -9.21371078491211]]
[540955, 15, 0, [12.404878616333008, -0.11845175921916962]]
[540955, 1, 0, [12.403907775878906, -12.38227653503418]]
[540955, 16, 0, [11.740283966064453, -9.8395414352417]]
[540955, 2, 0, [1.8253364562988281, -9.243592262268066]]
[540955, 22, 0, [5.001612663269043, -0.12365712970495224]]
[540955, 23, 0, [6.2274088859558105, -3.679495096206665]]
[540955, 19, 0, [8.90063762664795, -3.9499666690826416]]
[540955, 3, 1, [0.13973067700862885, -0.702528178691864]]
[540955, 13, 1, [2.2904531955718994, -9.223929405212402]]
[540955, 8, 1, [10.541482925415039, -6.412535190582275]]
[540955, 24, 1, [6.226895809173584, -6.033231735229492]]
[540955, 5, 1, [5.726128578186035, -5.232507705688477]]
[540955, 21, 1, [3.398057460784912, -5.690356254577637]]
[540955, 7, 1, [8.23515510559082, -0.08808577060699463]]
[540955, 14, 1, [0.24213385581970215, -5.2425923347473145]]
[540955, 20, 1, [12.3758544921875, -2.399707078933716]]
[540955, 10, 1, [3.2432734966278076, -5.5924906730651855]]
[540955, 0, 1, [12.376665115356445, -1.2426719665527344]]
[540955, 17, 1, [3.4529733657836914, -4.815277099609375]]
[551805, 'popsize', 25, 'queuesize', 6]
[553255, 11, 0, [8.10383129119873, -0.09628061950206757]]
[553255, 12, 0, [11.901376724243164, -6.778512477874756]]
[553255, 4, 0, [11.548018455505371, -4.848261833190918]]
[553255, 9, 0, [6.204519271850586, -11.014200210571289]]
[553255, 18, 0, [3.3493776321411133, -3.882169246673584]]
[553255, 6, 0, [1.9922966957092285, -8.48278522491455]]
[553255, 15, 0, [12.404876708984375, -0.11845353990793228]]
[553255, 1, 0, [12.40390396118164, -12.382278442382812]]
[553255, 16, 0, [11.100627899169922, -9.048112869262695]]
[553255, 2, 0, [1.8112703561782837, -9.254838943481445]]
[553255, 22, 0, [4.989342212677002, -0.12365361303091049]]
[553255, 23, 0, [6.2076897621154785, -3.6888911724090576]]
[553255, 19, 0, [8.910533905029297, -3.9585366249084473]]
[553255, 3, 1, [0.11243046075105667, -0.7714959979057312]]
[553255, 13, 1, [2.303128719329834, -9.243647575378418]]
[553255, 8, 1, [10.518610000610352, -6.410234451293945]]
[553255, 24, 1, [6.210494518280029, -6.03935432434082]]
[553255, 5, 1, [5.850990295410156, -5.237827301025391]]
[553255, 21, 1, [3.4404330253601074, -5.799051284790039]]
[553255, 7, 1, [8.293920516967773, -0.08902420848608017]]
[553255, 14, 1, [0.13793618977069855, -5.062838554382324]]
[553255, 20, 1, [12.375860214233398, -2.388465404510498]]
[553255, 10, 1, [4.165621757507324, -5.8498759269714355]]
[553255, 0, 1, [12.376667022705078, -1.250866174697876]]
[553255, 17, 1, [3.4422731399536133, -4.826801776885986]]
[563455, 'popsize', 25, 'queuesize', 6]
[564755, 11, 0, [8.163606643676758, -0.0960536003112793]]
[564755, 12, 0, [11.923490524291992, -6.77960205078125]]
[564755, 4, 0, [11.54987621307373, -4.808098316192627]]
[564755, 9, 0, [6.240227222442627, -11.020915031433105]]
[564755, 18, 0, [3.382810115814209, -3.896289587020874]]
[564755, 6, 0, [2.0865347385406494, -7.510038375854492]]
[564755, 15, 0, [12.404878616333008, -0.11845804005861282]]
[564755, 1, 0, [12.40390396118164, -12.382279396057129]]
[564755, 16, 0, [10.368374824523926, -8.429368019104004]]
[564755, 2, 0, [1.7714747190475464, -9.33970832824707]]
[564755, 22, 0, [4.977550983428955, -0.12363909929990768]]
[564755, 23, 0, [6.237049102783203, -3.6867356300354004]]
[564755, 19, 0, [8.885886192321777, -3.908679962158203]]
[564755, 3, 1, [0.15498287975788116, -0.7800142168998718]]
[564755, 13, 1, [2.255969285964966, -9.266777992248535]]
[564755, 8, 1, [10.485235214233398, -6.398345947265625]]
[564755, 24, 1, [6.172337532043457, -6.029339790344238]]
[564755, 5, 1, [5.743082046508789, -4.939302444458008]]
[564755, 21, 1, [3.4669737815856934, -5.774291038513184]]
[564755, 7, 1, [8.355649948120117, -0.08909713476896286]]
[564755, 14, 1, [0.16084018349647522, -5.107518196105957]]
[564755, 20, 1, [12.375814437866211, -2.3777801990509033]]
[564755, 10, 1, [4.906092166900635, -6.213768005371094]]
[564755, 0, 1, [12.376667976379395, -1.2548012733459473]]
[564755, 17, 1, [3.398303508758545, -4.8286542892456055]]
[575405, 'popsize', 25, 'queuesize', 6]
[577105, 11, 0, [8.23000717163086, -0.09658513963222504]]
[577105, 12, 0, [11.927677154541016, -6.7802019119262695]]
[577105, 4, 0, [11.433723449707031, -5.638182640075684]]
[577105, 9, 0, [6.170258045196533, -11.04725170135498]]
[577105, 18, 0, [3.3848156929016113, -3.918707847595215]]
[577105, 6, 0, [2.407808303833008, -6.543276309967041]]
[577105, 15, 0, [12.404879570007324, -0.11846337467432022]]
[577105, 1, 0, [12.403903007507324, -12.382282257080078]]
[577105, 16, 0, [10.330989837646484, -8.311382293701172]]
[577105, 2, 0, [1.7323615550994873, -9.347160339355469]]
[577105, 22, 0, [4.9661970138549805, -0.12366019189357758]]
[577105, 23, 0, [6.228394508361816, -3.657650947570801]]
[577105, 19, 0, [8.972189903259277, -3.4849798679351807]]
[577105, 3, 1, [0.1330903023481369, -0.7630712389945984]]
[577105, 13, 1, [2.3191797733306885, -9.228499412536621]]
[577105, 8, 1, [10.471683502197266, -6.411221981048584]]
[577105, 24, 1, [6.163094520568848, -6.004947662353516]]
[577105, 5, 1, [5.6702470779418945, -4.743309020996094]]
[577105, 21, 1, [3.4705169200897217, -5.7505598068237305]]
[577105, 7, 1, [8.423242568969727, -0.0882272720336914]]
[577105, 14, 1, [0.24546217918395996, -4.990673065185547]]
[577105, 20, 1, [12.37585735321045, -2.364685297012329]]
[577105, 10, 1, [5.506431579589844, -6.263551712036133]]
[577105, 0, 1, [12.376663208007812, -1.2627067565917969]]
[577105, 17, 1, [3.3821473121643066, -4.813437461853027]]
[588705, 'popsize', 25, 'queuesize', 6]
[590405, 11, 0, [8.300469398498535, -0.09615787863731384]]
[590405, 12, 0, [11.876638412475586, -6.78593111038208]]
[590405, 4, 0, [11.539019584655762, -6.269589424133301]]
[590405, 9, 0, [6.189977169036865, -10.978623390197754]]
[590405, 18, 0, [3.3750598430633545, -3.901252269744873]]
[590405, 6, 0, [2.9885618686676025, -5.596197128295898]]
[590405, 15, 0, [12.404881477355957, -0.11847055703401566]]
[590405, 1, 0, [12.403902053833008, -12.382284164428711]]
[590405, 16, 0, [11.36374282836914, -8.654448509216309]]
[590405, 2, 0, [1.7858779430389404, -9.314598083496094]]
[590405, 22, 0, [4.954797267913818, -0.12364033609628677]]
[590405, 23, 0, [6.239726543426514, -3.6635022163391113]]
[590405, 19, 0, [8.98871898651123, -3.4787232875823975]]
[590405, 3, 1, [0.14091794192790985, -0.7608329653739929]]
[590405, 13, 1, [2.3683996200561523, -9.23262882232666]]
[590405, 8, 1, [10.491713523864746, -6.460768699645996]]
[590405, 24, 1, [6.166736125946045, -6.012500286102295]]
[590405, 5, 1, [5.687657356262207, -4.755601406097412]]
[590405, 21, 1, [3.4651944637298584, -5.763840675354004]]
[590405, 7, 1, [8.494566917419434, -0.08802173286676407]]
[590405, 14, 1, [0.32286331057548523, -5.074362277984619]]
[590405, 20, 1, [12.3758544921875, -2.3512275218963623]]
[590405, 10, 1, [6.064141273498535, -6.202418804168701]]
[590405, 0, 1, [12.376667976379395, -1.2677346467971802]]
[590405, 17, 1, [3.3926150798797607, -4.822082996368408]]
[601956, 'popsize', 25, 'queuesize', 6]
[603606, 11, 0, [8.376259803771973, -0.09607726335525513]]
[603606, 12, 0, [11.831860542297363, -6.807016372680664]]
[603606, 4, 0, [11.365327835083008, -6.709130764007568]]
[603606, 9, 0, [6.177328586578369, -10.999239921569824]]
[603606, 18, 0, [3.6135048866271973, -3.8042027950286865]]
[603606, 6, 0, [3.774083137512207, -4.815605163574219]]
[603606, 15, 0, [12.404884338378906, -0.11847944557666779]]
[603606, 1, 0, [12.40390396118164, -12.382286071777344]]
[603606, 16, 0, [12.22828197479248, -8.761125564575195]]
[603606, 2, 0, [1.7676266431808472, -9.294805526733398]]
[603606, 22, 0, [4.943997859954834, -0.12364273518323898]]
[603606, 23, 0, [6.251009464263916, -3.680466413497925]]
[603606, 19, 0, [9.000826835632324, -3.462857246398926]]
[603606, 3, 1, [0.15599942207336426, -0.7647784948348999]]
[603606, 13, 1, [2.3767242431640625, -9.289040565490723]]
[603606, 8, 1, [10.482624053955078, -6.444063186645508]]
[603606, 24, 1, [6.140254974365234, -5.929324150085449]]
[603606, 5, 1, [5.699747085571289, -4.755745887756348]]
[603606, 21, 1, [3.4603769779205322, -5.788862705230713]]
[603606, 7, 1, [8.566688537597656, -0.09010269492864609]]
[603606, 14, 1, [0.33251214027404785, -5.0559163093566895]]
[603606, 20, 1, [12.375852584838867, -2.3377721309661865]]
[603606, 10, 1, [6.759514808654785, -5.6145782470703125]]
[603606, 0, 1, [12.376668930053711, -1.2734328508377075]]
[603606, 17, 1, [3.406832456588745, -4.826075553894043]]
[615206, 'popsize', 25, 'queuesize', 6]
[616806, 11, 0, [8.448824882507324, -0.0962027907371521]]
[616806, 12, 0, [11.795767784118652, -6.846981048583984]]
[616806, 4, 0, [11.189041137695312, -7.101097106933594]]
[616806, 9, 0, [6.187740325927734, -11.010205268859863]]
[616806, 18, 0, [3.9246129989624023, -3.6806302070617676]]
[616806, 6, 0, [4.726329326629639, -4.232969760894775]]
[616806, 15, 0, [12.40488052368164, -0.11848494410514832]]
[616806, 1, 0, [12.403899192810059, -12.382288932800293]]
[616806, 16, 0, [12.08932876586914, -8.043864250183105]]
[616806, 2, 0, [1.6796960830688477, -9.365118980407715]]
[616806, 22, 0, [4.933496475219727, -0.12364283949136734]]
[616806, 23, 0, [6.251598834991455, -3.6895523071289062]]
[616806, 19, 0, [8.999381065368652, -3.446786403656006]]
[616806, 3, 1, [0.1737651228904724, -0.764998733997345]]
[616806, 13, 1, [2.497673511505127, -9.346369743347168]]
[616806, 8, 1, [10.198979377746582, -6.715823650360107]]
[616806, 24, 1, [6.155714988708496, -5.943371772766113]]
[616806, 5, 1, [5.68132209777832, -4.377509117126465]]
[616806, 21, 1, [3.452349901199341, -5.7965474128723145]]
[616806, 7, 1, [8.642325401306152, -0.08833298832178116]]
[616806, 14, 1, [0.3296562433242798, -5.045175552368164]]
[616806, 20, 1, [12.375847816467285, -2.322124719619751]]
[616806, 10, 1, [7.729365825653076, -5.077848434448242]]
[616806, 0, 1, [12.376666069030762, -1.2822113037109375]]
[616806, 17, 1, [3.4133617877960205, -4.8239827156066895]]
[627556, 'popsize', 25, 'queuesize', 6]
[634956, 'popsize', 6, 'queuesize', 0]
[635306, 22, 0, [4.931948184967041, -0.13094781339168549]]
[635306, 1, 0, [12.379266738891602, -12.391395568847656]]
[635306, 13, 1, [2.4584012031555176, -9.344868659973145]]
[635306, 21, 1, [3.4384407997131348, -5.881590366363525]]
[635306, 7, 1, [8.669858932495117, -0.09033232927322388]]
[635306, 10, 1, [8.171456336975098, -4.81558895111084]]
[637856, 'popsize', 6, 'queuesize', 0]
[638206, 22, 0, [4.989302635192871, -0.14602039754390717]]
[638206, 1, 0, [12.337967872619629, -12.346019744873047]]
[638206, 13, 1, [2.517648935317993, -9.323176383972168]]
[638206, 21, 1, [3.3614275455474854, -5.861969947814941]]
[638206, 7, 1, [8.698379516601562, -0.09049882739782333]]
[638206, 10, 1, [8.26047134399414, -4.605454921722412]]
[640706, 'popsize', 6, 'queuesize', 0]
[641056, 22, 0, [5.220937252044678, -0.2010982781648636]]
[641056, 1, 0, [12.312625885009766, -12.382646560668945]]
[641056, 13, 1, [2.4894328117370605, -9.37158203125]]
[641056, 21, 1, [3.1285643577575684, -5.819032192230225]]
[641056, 7, 1, [8.67498779296875, -0.09399812668561935]]
[641056, 10, 1, [8.316324234008789, -4.391596794128418]]
[643556, 'popsize', 6, 'queuesize', 0]
[643906, 22, 0, [5.374910354614258, -0.281951904296875]]
[643906, 1, 0, [12.34621524810791, -12.355104446411133]]
[643906, 13, 1, [2.478858232498169, -9.315960884094238]]
[643906, 21, 1, [2.8933627605438232, -5.7854838371276855]]
[643906, 7, 1, [8.681588172912598, -0.09393585473299026]]
[643906, 10, 1, [8.340544700622559, -4.168675422668457]]
[646406, 'popsize', 6, 'queuesize', 0]
[646756, 22, 0, [5.536169052124023, -0.4603751599788666]]
[646756, 1, 0, [12.296088218688965, -12.327237129211426]]
[646756, 13, 1, [2.5184178352355957, -9.356141090393066]]
[646756, 21, 1, [2.6575393676757812, -5.760978698730469]]
[646756, 7, 1, [8.700901985168457, -0.09129168838262558]]
[646756, 10, 1, [8.334172248840332, -3.9398033618927]]
[649356, 'popsize', 6, 'queuesize', 0]
[649706, 22, 0, [5.691567897796631, -0.6542455554008484]]
[649706, 1, 0, [12.3229398727417, -12.374987602233887]]
[649706, 13, 1, [2.4635775089263916, -9.349503517150879]]
[649706, 21, 1, [2.5983457565307617, -5.74749231338501]]
[649706, 7, 1, [8.664978981018066, -0.08548884838819504]]
[649706, 10, 1, [8.296003341674805, -3.716334342956543]]
[652256, 'popsize', 6, 'queuesize', 0]
[652656, 22, 0, [5.837000370025635, -0.855201005935669]]
[652656, 1, 0, [12.323522567749023, -12.320724487304688]]
[652656, 13, 1, [2.5159263610839844, -9.327242851257324]]
[652656, 21, 1, [2.672678232192993, -5.594916820526123]]
[652656, 7, 1, [8.69308853149414, -0.09549075365066528]]
[652656, 10, 1, [8.222704887390137, -3.5091874599456787]]
[655156, 'popsize', 6, 'queuesize', 0]
[655506, 22, 0, [5.966886043548584, -1.0559685230255127]]
[655506, 1, 0, [12.291680335998535, -12.369898796081543]]
[655506, 13, 1, [2.4876067638397217, -9.377971649169922]]
[655506, 21, 1, [2.7610561847686768, -5.37386417388916]]
[655506, 7, 1, [8.695075035095215, -0.09460456669330597]]
[655506, 10, 1, [8.122018814086914, -3.3160645961761475]]
[658006, 'popsize', 6, 'queuesize', 0]
[658356, 22, 0, [6.0880632400512695, -1.263553500175476]]
[658356, 1, 0, [12.3384370803833, -12.350798606872559]]
[658356, 13, 1, [2.479055643081665, -9.320395469665527]]
[658356, 21, 1, [2.836970567703247, -5.15210485458374]]
[658356, 7, 1, [8.668392181396484, -0.08776532113552094]]
[658356, 10, 1, [7.989884853363037, -3.136991024017334]]
[660956, 'popsize', 6, 'queuesize', 0]
[661356, 22, 0, [6.20456600189209, -1.4855055809020996]]
[661356, 1, 0, [12.280282974243164, -12.329569816589355]]
[661356, 13, 1, [2.5198068618774414, -9.364583015441895]]
[661356, 21, 1, [2.9083151817321777, -4.917217254638672]]
[661356, 7, 1, [8.703850746154785, -0.09171805530786514]]
[661356, 10, 1, [7.833252906799316, -2.98478102684021]]
[663906, 'popsize', 6, 'queuesize', 0]
[664256, 22, 0, [6.303269386291504, -1.7075371742248535]]
[664256, 1, 0, [12.316920280456543, -12.372344970703125]]
[664256, 13, 1, [2.464254856109619, -9.338366508483887]]
[664256, 21, 1, [2.971881866455078, -4.682563781738281]]
[664256, 7, 1, [8.684370994567871, -0.0961543545126915]]
[664256, 10, 1, [7.648416519165039, -2.855132579803467]]
[666806, 'popsize', 6, 'queuesize', 0]
[667156, 22, 0, [6.371793746948242, -1.8709670305252075]]
[667156, 1, 0, [12.308988571166992, -12.317136764526367]]
[667156, 13, 1, [2.5158581733703613, -9.32748794555664]]
[667156, 21, 1, [3.024275302886963, -4.445343017578125]]
[667156, 7, 1, [8.6726655960083, -0.0913061574101448]]
[667156, 10, 1, [7.440730571746826, -2.7547857761383057]]
[669656, 'popsize', 6, 'queuesize', 0]
[670006, 22, 0, [6.301464557647705, -1.9003808498382568]]
[670006, 1, 0, [12.280583381652832, -12.361279487609863]]
[670006, 13, 1, [2.4760255813598633, -9.37516975402832]]
[670006, 21, 1, [3.0626721382141113, -4.213569164276123]]
[670006, 7, 1, [8.710582733154297, -0.08561110496520996]]
[670006, 10, 1, [7.227357864379883, -2.6863746643066406]]
[672506, 'popsize', 6, 'queuesize', 0]
[672856, 22, 0, [6.244327068328857, -1.907482385635376]]
[672856, 1, 0, [12.331733703613281, -12.335673332214355]]
[672856, 13, 1, [2.475480794906616, -9.315474510192871]]
[672856, 21, 1, [3.090578079223633, -3.9767532348632812]]
[672856, 7, 1, [8.670601844787598, -0.0922534167766571]]
[672856, 10, 1, [7.010881423950195, -2.65095591545105]]
[675406, 'popsize', 6, 'queuesize', 0]
[675806, 22, 0, [6.249774932861328, -1.9217852354049683]]
[675806, 1, 0, [12.281339645385742, -12.330469131469727]]
[675806, 13, 1, [2.506649971008301, -9.358932495117188]]
[675806, 21, 1, [3.103240489959717, -3.739488124847412]]
[675806, 7, 1, [8.6819429397583, -0.09629685431718826]]
[675806, 10, 1, [6.7815070152282715, -2.6468775272369385]]
[678356, 'popsize', 6, 'queuesize', 0]
[678706, 22, 0, [6.192794322967529, -2.0063610076904297]]
[678706, 1, 0, [12.325846672058105, -12.368374824523926]]
[678706, 13, 1, [2.4554669857025146, -9.337763786315918]]
[678706, 21, 1, [3.144016981124878, -3.627446174621582]]
[678706, 7, 1, [8.702587127685547, -0.09137331694364548]]
[678706, 10, 1, [6.5545268058776855, -2.676112651824951]]
[681206, 'popsize', 6, 'queuesize', 0]
[681556, 22, 0, [6.01017427444458, -2.012385129928589]]
[681556, 1, 0, [12.312540054321289, -12.309215545654297]]
[681556, 13, 1, [2.5119709968566895, -9.31794261932373]]
[681556, 21, 1, [3.1992383003234863, -3.592682123184204]]
[681556, 7, 1, [8.664576530456543, -0.0848788246512413]]
[681556, 10, 1, [6.347558498382568, -2.7362403869628906]]
[684106, 'popsize', 6, 'queuesize', 0]
[684456, 22, 0, [6.008195400238037, -2.0044188499450684]]
[684456, 1, 0, [12.291851997375488, -12.362467765808105]]
[684456, 13, 1, [2.482506036758423, -9.359353065490723]]
[684456, 21, 1, [3.182781457901001, -3.61372447013855]]
[684456, 7, 1, [8.697056770324707, -0.09528146684169769]]
[684456, 10, 1, [6.227298259735107, -2.7654097080230713]]
[686956, 'popsize', 6, 'queuesize', 0]
[687356, 22, 0, [6.229434967041016, -1.9143404960632324]]
[687356, 1, 0, [12.336713790893555, -12.329255104064941]]
[687356, 13, 1, [2.490617036819458, -9.297969818115234]]
[687356, 21, 1, [3.0138771533966064, -3.632920980453491]]
[687356, 7, 1, [8.693205833435059, -0.09500370919704437]]
[687356, 10, 1, [6.036787509918213, -2.7070398330688477]]
[689806, 'popsize', 6, 'queuesize', 0]
[690156, 22, 0, [6.457003116607666, -1.8354947566986084]]
[690156, 1, 0, [12.286498069763184, -12.328083992004395]]
[690156, 13, 1, [2.524883270263672, -9.339492797851562]]
[690156, 21, 1, [2.7809834480285645, -3.6833107471466064]]
[690156, 7, 1, [8.669568061828613, -0.08913487941026688]]
[690156, 10, 1, [5.830897808074951, -2.6842148303985596]]
[692656, 'popsize', 6, 'queuesize', 0]
[693006, 22, 0, [6.686367034912109, -1.766219973564148]]
[693006, 1, 0, [12.326306343078613, -12.365949630737305]]
[693006, 13, 1, [2.4707024097442627, -9.313077926635742]]
[693006, 21, 1, [2.5506725311279297, -3.7427690029144287]]
[693006, 7, 1, [8.707952499389648, -0.08901418000459671]]
[693006, 10, 1, [5.607595920562744, -2.690650224685669]]
[695407, 'popsize', 6, 'queuesize', 0]
[695756, 22, 0, [6.9099578857421875, -1.7099862098693848]]
[695756, 1, 0, [12.316452980041504, -12.31784439086914]]
[695756, 13, 1, [2.514380931854248, -9.29713249206543]]
[695756, 21, 1, [2.332253932952881, -3.809469699859619]]
[695756, 7, 1, [8.675148010253906, -0.09438230842351913]]
[695756, 10, 1, [5.503790378570557, -2.686796188354492]]
[698257, 'popsize', 6, 'queuesize', 0]
[698606, 22, 0, [6.995778560638428, -1.6777784824371338]]
[698606, 1, 0, [12.290156364440918, -12.367491722106934]]
[698606, 13, 1, [2.496955633163452, -9.350597381591797]]
[698606, 21, 1, [2.109140157699585, -3.8895325660705566]]
[698606, 7, 1, [8.679283142089844, -0.09557569772005081]]
[698606, 10, 1, [5.329726219177246, -2.5997540950775146]]
[701107, 'popsize', 6, 'queuesize', 0]
[701457, 22, 0, [6.988790035247803, -1.6859965324401855]]
[701457, 1, 0, [12.340898513793945, -12.3384428024292]]
[701457, 13, 1, [2.48207688331604, -9.297002792358398]]
[701457, 21, 1, [1.8912490606307983, -3.9808895587921143]]
[701457, 7, 1, [8.707490921020508, -0.08968349546194077]]
[701457, 10, 1, [5.135774612426758, -2.5377657413482666]]
[703957, 'popsize', 6, 'queuesize', 0]
[704307, 22, 0, [6.886378288269043, -1.6703550815582275]]
[704307, 1, 0, [12.28304386138916, -12.32890510559082]]
[704307, 13, 1, [2.531372308731079, -9.330458641052246]]
[704307, 21, 1, [1.675647258758545, -4.081668376922607]]
[704307, 7, 1, [8.666168212890625, -0.0871225893497467]]
[704307, 10, 1, [4.9153313636779785, -2.5085017681121826]]
[706807, 'popsize', 6, 'queuesize', 0]
[707157, 22, 0, [6.958844184875488, -1.6453628540039062]]
[707157, 1, 0, [12.315789222717285, -12.365212440490723]]
[707157, 13, 1, [2.4748494625091553, -9.334113121032715]]
[707157, 21, 1, [1.4675498008728027, -4.19308614730835]]
[707157, 7, 1, [8.694942474365234, -0.09581652283668518]]
[707157, 10, 1, [4.799938678741455, -2.487121343612671]]
[709657, 'popsize', 6, 'queuesize', 0]
[710007, 22, 0, [7.007217884063721, -1.6440101861953735]]
[710007, 1, 0, [12.312708854675293, -12.311038970947266]]
[710007, 13, 1, [2.514786720275879, -9.29859733581543]]
[710007, 21, 1, [1.2635960578918457, -4.318500995635986]]
[710007, 7, 1, [8.689406394958496, -0.0941435843706131]]
[710007, 10, 1, [4.646973133087158, -2.373746395111084]]
[712757, 'popsize', 6, 'queuesize', 0]
[713107, 22, 0, [6.963201522827148, -1.6801077127456665]]
[713107, 1, 0, [12.290680885314941, -12.360349655151367]]
[713107, 13, 1, [2.502816915512085, -9.347097396850586]]
[713107, 21, 1, [1.051751971244812, -4.465724945068359]]
[713107, 7, 1, [8.66954231262207, -0.08782113343477249]]
[713107, 10, 1, [4.434682846069336, -2.2673869132995605]]
[715657, 'popsize', 6, 'queuesize', 0]
[716007, 22, 0, [6.988422870635986, -1.6282533407211304]]
[716007, 1, 0, [12.340658187866211, -12.328972816467285]]
[716007, 13, 1, [2.484802484512329, -9.292969703674316]]
[716007, 21, 1, [0.8659792542457581, -4.612786769866943]]
[716007, 7, 1, [8.711668968200684, -0.08745267987251282]]
[716007, 10, 1, [4.251288890838623, -2.2083394527435303]]
[718607, 'popsize', 6, 'queuesize', 0]
[718957, 22, 0, [6.853020668029785, -1.6568433046340942]]
[718957, 1, 0, [12.287049293518066, -12.33468246459961]]
[718957, 13, 1, [2.533996105194092, -9.327320098876953]]
[718957, 21, 1, [0.6801260709762573, -4.77258825302124]]
[718957, 7, 1, [8.679349899291992, -0.09417867660522461]]
[718957, 10, 1, [4.236598014831543, -2.100313663482666]]
[721457, 'popsize', 6, 'queuesize', 0]
[721857, 22, 0, [6.609212398529053, -1.669429898262024]]
[721857, 1, 0, [12.335450172424316, -12.361916542053223]]
[721857, 13, 1, [2.479637861251831, -9.310056686401367]]
[721857, 21, 1, [0.5037556290626526, -4.938655376434326]]
[721857, 7, 1, [8.677532196044922, -0.09383946657180786]]
[721857, 10, 1, [4.162563800811768, -1.8901041746139526]]
[724557, 'popsize', 6, 'queuesize', 0]
[724957, 22, 0, [6.352160930633545, -1.669510841369629]]
[724957, 1, 0, [12.305212020874023, -12.3139066696167]]
[724957, 13, 1, [2.5425209999084473, -9.292584419250488]]
[724957, 21, 1, [0.32527825236320496, -5.12253999710083]]
[724957, 7, 1, [8.711485862731934, -0.08644061535596848]]
[724957, 10, 1, [4.050290584564209, -1.6855782270431519]]
[727557, 'popsize', 6, 'queuesize', 0]
[727907, 22, 0, [6.101031303405762, -1.660193681716919]]
[727907, 1, 0, [12.308882713317871, -12.370797157287598]]
[727907, 13, 1, [2.5066919326782227, -9.322674751281738]]
[727907, 21, 1, [0.3123326897621155, -5.201908588409424]]
[727907, 7, 1, [8.672809600830078, -0.09198993444442749]]
[727907, 10, 1, [3.909792423248291, -1.5043654441833496]]
[730607, 'popsize', 6, 'queuesize', 0]
[730957, 22, 0, [5.84551477432251, -1.6412290334701538]]
[730957, 1, 0, [12.3333158493042, -12.315106391906738]]
[730957, 13, 1, [2.5333385467529297, -9.263365745544434]]
[730957, 21, 1, [0.20589041709899902, -5.290140628814697]]
[730957, 7, 1, [8.681432723999023, -0.09506455063819885]]
[730957, 10, 1, [3.7401905059814453, -1.3489151000976562]]
[733507, 'popsize', 6, 'queuesize', 0]
[733857, 22, 0, [5.604928970336914, -1.6132391691207886]]
[733857, 1, 0, [12.29184341430664, -12.356807708740234]]
[733857, 13, 1, [2.5421416759490967, -9.31751537322998]]
[733857, 21, 1, [0.14377719163894653, -5.275727272033691]]
[733857, 7, 1, [8.708098411560059, -0.0905584990978241]]
[733857, 10, 1, [3.659883737564087, -1.2658758163452148]]
[736407, 'popsize', 6, 'queuesize', 0]
[736757, 22, 0, [5.367930889129639, -1.5769670009613037]]
[736757, 1, 0, [12.351245880126953, -12.349769592285156]]
[736757, 13, 1, [2.503788471221924, -9.276559829711914]]
[736757, 21, 1, [0.09680624306201935, -5.200406074523926]]
[736757, 7, 1, [8.66773509979248, -0.08699479699134827]]
[736757, 10, 1, [3.601848602294922, -1.071452260017395]]
[739307, 'popsize', 6, 'queuesize', 0]
[739657, 22, 0, [5.1313796043396, -1.5269969701766968]]
[739657, 1, 0, [12.303519248962402, -12.328926086425781]]
[739657, 13, 1, [2.5643422603607178, -9.289753913879395]]
[739657, 21, 1, [0.09662048518657684, -5.158134460449219]]
[739657, 7, 1, [8.702585220336914, -0.09415479749441147]]
[739657, 10, 1, [3.5042665004730225, -0.8676314353942871]]
[742257, 'popsize', 6, 'queuesize', 0]
[742657, 22, 0, [4.891952037811279, -1.4631222486495972]]
[742657, 1, 0, [12.321406364440918, -12.374001502990723]]
[742657, 13, 1, [2.5081541538238525, -9.311826705932617]]
[742657, 21, 1, [0.09548761695623398, -5.10092830657959]]
[742657, 7, 1, [8.69538402557373, -0.09488680958747864]]
[742657, 10, 1, [3.3962347507476807, -0.7086865901947021]]
[745157, 'popsize', 6, 'queuesize', 0]
[745507, 22, 0, [4.6595940589904785, -1.3892996311187744]]
[745507, 1, 0, [12.324342727661133, -12.316876411437988]]
[745507, 13, 1, [2.540565013885498, -9.263967514038086]]
[745507, 21, 1, [0.10625004768371582, -5.090541839599609]]
[745507, 7, 1, [8.671408653259277, -0.0880221351981163]]
[745507, 10, 1, [3.4398677349090576, -0.6423331499099731]]
[748107, 'popsize', 6, 'queuesize', 0]
[748457, 22, 0, [4.427098274230957, -1.3046813011169434]]
[748457, 1, 0, [12.287585258483887, -12.3557767868042]]
[748457, 13, 1, [2.539933443069458, -9.32406997680664]]
[748457, 21, 1, [0.13357463479042053, -5.096844673156738]]
[748457, 7, 1, [8.713579177856445, -0.08751300722360611]]
[748457, 10, 1, [3.5398449897766113, -0.6535772085189819]]
[751007, 'popsize', 6, 'queuesize', 0]
[751407, 22, 0, [4.198465824127197, -1.212719202041626]]
[751407, 1, 0, [12.344789505004883, -12.333024978637695]]
[751407, 13, 1, [2.5056865215301514, -9.276300430297852]]
[751407, 21, 1, [0.14978185296058655, -5.11014461517334]]
[751407, 7, 1, [8.680813789367676, -0.09441369771957397]]
[751407, 10, 1, [3.7410247325897217, -0.6330025792121887]]
[754107, 'popsize', 6, 'queuesize', 0]
[754457, 22, 0, [4.120870590209961, -1.1359479427337646]]
[754457, 1, 0, [12.28730583190918, -12.330286026000977]]
[754457, 13, 1, [2.558187961578369, -9.296708106994629]]
[754457, 21, 1, [0.13640935719013214, -5.1338605880737305]]
[754457, 7, 1, [8.678285598754883, -0.09220239520072937]]
[754457, 10, 1, [3.9571588039398193, -0.5663971304893494]]
[757007, 'popsize', 6, 'queuesize', 0]
[757457, 22, 0, [4.166607856750488, -0.8924475908279419]]
[757457, 1, 0, [12.335732460021973, -12.36248779296875]]
[757457, 13, 1, [2.4968326091766357, -9.296635627746582]]
[757457, 21, 1, [0.1243261992931366, -5.127016544342041]]
[757457, 7, 1, [8.7128324508667, -0.08820370584726334]]
[757457, 10, 1, [4.153499126434326, -0.4764972925186157]]
[760007, 'popsize', 6, 'queuesize', 0]
[760407, 22, 0, [4.226059913635254, -0.6474946141242981]]
[760407, 1, 0, [12.309895515441895, -12.313435554504395]]
[760407, 13, 1, [2.5453248023986816, -9.261673927307129]]
[760407, 21, 1, [0.12989690899848938, -5.0662102699279785]]
[760407, 7, 1, [8.673561096191406, -0.09104396402835846]]
[760407, 10, 1, [4.346746921539307, -0.36400920152664185]]
[762957, 'popsize', 6, 'queuesize', 0]
[763307, 22, 0, [4.281157493591309, -0.4310053288936615]]
[763307, 1, 0, [12.301311492919922, -12.363120079040527]]
[763307, 13, 1, [2.5178418159484863, -9.306330680847168]]
[763307, 21, 1, [0.14281374216079712, -5.062480926513672]]
[763307, 7, 1, [8.689019203186035, -0.09564798325300217]]
[763307, 10, 1, [4.438565731048584, -0.28757718205451965]]
[766407, 'popsize', 7, 'queuesize', 0]
[766807, 22, 0, [4.308953762054443, -0.3242865800857544]]
[766807, 1, 0, [12.328880310058594, -12.311580657958984]]
[766807, 6, 0, [5.502938747406006, -3.9390316009521484]]
[766807, 13, 1, [2.529137134552002, -9.238611221313477]]
[766807, 21, 1, [0.14383405447006226, -5.0919952392578125]]
[766807, 7, 1, [8.71430778503418, -0.08623719215393066]]
[766807, 10, 1, [4.585096836090088, -0.36917844414711]]
[769907, 'popsize', 7, 'queuesize', 0]
[770307, 22, 0, [4.385826110839844, -0.48488420248031616]]
[770307, 1, 0, [12.29479694366455, -12.362075805664062]]
[770307, 6, 0, [5.271657943725586, -3.79510498046875]]
[770307, 13, 1, [2.5325446128845215, -9.294197082519531]]
[770307, 21, 1, [0.1238880455493927, -5.082217693328857]]
[770307, 7, 1, [8.687495231628418, -0.09496135264635086]]
[770307, 10, 1, [4.66357946395874, -0.48377281427383423]]
[773407, 'popsize', 7, 'queuesize', 0]
[773807, 22, 0, [4.481257438659668, -0.7624356746673584]]
[773807, 1, 0, [12.330703735351562, -12.311860084533691]]
[773807, 6, 0, [5.037499904632568, -3.6454930305480957]]
[773807, 13, 1, [2.52685284614563, -9.231521606445312]]
[773807, 21, 1, [0.12283891439437866, -5.07386589050293]]
[773807, 7, 1, [8.669700622558594, -0.08503975719213486]]
[773807, 10, 1, [4.681063652038574, -0.744920015335083]]
[776857, 'popsize', 7, 'queuesize', 0]
[777307, 22, 0, [4.562634468078613, -1.0412806272506714]]
[777307, 1, 0, [12.296380996704102, -12.357102394104004]]
[777307, 6, 0, [4.802539825439453, -3.494361639022827]]
[777307, 13, 1, [2.5442419052124023, -9.281990051269531]]
[777307, 21, 1, [0.11661315709352493, -5.073447227478027]]
[777307, 7, 1, [8.686636924743652, -0.09588699042797089]]
[777307, 10, 1, [4.745721817016602, -0.9980823993682861]]
[780307, 'popsize', 7, 'queuesize', 0]
[781407, 6, 0, [4.532636642456055, -3.3184189796447754]]
