[time, indiv, parent1, parent2, gender, brain]
[100, 7, -1, -1, 0, [[array([[-1.80812624,  0.1138932 , -0.15819532, -1.1679135 ,  0.17871368,
         2.10800409],
       [ 1.05673542, -2.1525994 , -0.48330876,  1.82432345,  1.74973063,
         0.42111711],
       [ 2.42100426, -0.73321589, -1.77540951,  1.44059198,  1.32999999,
         1.60833072],
       [ 2.31018417, -0.94990752,  0.55869905,  2.13588426, -1.94139255,
         1.85311465],
       [ 1.36922704,  1.28327145, -1.47582287,  1.1129762 , -0.71011853,
        -0.97960752],
       [-0.7748021 , -0.6338676 ,  2.16382471, -2.01090076, -1.85603674,
        -0.88185963]]), array([[ 1.71815886, -2.17251173],
       [ 0.62846101,  1.36263455],
       [-1.82964954, -2.37032196],
       [-1.17564494,  0.09145671],
       [ 1.3096535 , -0.56363899],
       [ 0.713071  ,  2.33174533]])], [array([-0.16831416,  1.2819033 , -2.08030642, -0.95829498,  1.04779346,
        2.0699978 ]), array([-1.02268648,  1.45473052])]]]
[100, 16, -1, -1, 1, [[array([[-0.76217982,  0.44466126,  0.14747137,  0.34859797,  1.96537568,
         0.51291196],
       [ 0.77840512,  0.39363871, -0.66571661,  0.57808179,  0.93647135,
        -0.94513093],
       [-0.64359001, -1.785956  , -2.33619683, -0.92698906,  0.48920499,
        -1.23049613],
       [-0.83813459, -0.08250562,  1.91002135,  1.26927455,  1.74558742,
        -2.2017465 ],
       [-0.7497507 , -0.8187875 , -0.42930715,  0.94762581,  1.45352421,
        -1.29784773],
       [-1.24834614,  0.08570263, -1.4069653 ,  0.26680255, -2.10292101,
        -2.36422115]]), array([[ 4.27091495e-02, -9.07050648e-01],
       [ 6.93459064e-01, -2.32430210e-01],
       [ 1.57123073e+00,  4.44082030e-02],
       [-7.05509838e-04, -1.35262931e+00],
       [-2.30718666e+00, -1.42111377e+00],
       [-2.19703910e+00, -1.93370763e+00]])], [array([ 2.22888381, -0.61149681,  0.17417904, -1.42689541,  0.81028065,
        0.29886119]), array([1.47852255, 2.42355453])]]]
[100, 0, -1, -1, 0, [[array([[ 1.17857223,  0.07337607, -1.87718108, -0.91846558, -1.51651769,
         0.48401767],
       [ 1.46889954,  2.0789376 ,  1.04443487, -2.17083647, -1.8001362 ,
        -1.57205781],
       [-0.07550695, -1.02860284,  0.2796848 , -0.74892956, -1.60117839,
        -0.56409419],
       [ 0.17032424, -0.5768604 , -0.95128446,  0.27685374, -1.21249039,
         0.80434615],
       [ 0.54634459, -0.72880916, -2.05572497,  0.77077545, -0.10933294,
         0.50462001],
       [ 1.04628448, -0.00882557,  1.74122857, -0.18826827,  0.82705827,
         0.40222419]]), array([[-0.57016975,  1.21875617],
       [-2.3311034 ,  1.83938649],
       [-0.02718485,  0.66752627],
       [ 0.98045949, -1.62133713],
       [ 0.73627945, -1.19410018],
       [ 1.56683285,  1.72917979]])], [array([ 1.46799862, -1.3999556 ,  0.49278137, -2.1457309 , -0.1058256 ,
       -0.87998834]), array([-0.97177792, -1.47022517])]]]
[100, 22, -1, -1, 1, [[array([[ 2.07410136, -0.75870437,  0.74188781,  1.85636077,  1.95473317,
         0.92699579],
       [-2.34483838,  1.47512415,  0.72750331,  0.89820958,  0.92747558,
         2.2973653 ],
       [ 0.59398321, -0.00512494, -0.05388651, -2.29841363, -0.73400366,
        -0.66588935],
       [-0.16280122,  1.28673077, -0.90219747, -2.35299889, -0.96352645,
         1.56400592],
       [ 2.41493733, -0.13833887,  0.01155322, -1.07624222, -0.10250689,
        -0.47744101],
       [-1.78417784, -2.38498465,  1.33316543,  2.17772256, -0.64686657,
        -1.72962448]]), array([[-1.03988964,  0.04194402],
       [ 2.43218412, -1.49729888],
       [ 1.79239238, -0.10438755],
       [-2.44053339,  2.29608204],
       [-1.89165492, -1.8807948 ],
       [-1.57610375,  0.74447293]])], [array([ 2.15010845,  0.25576653,  1.36328593, -2.08276178,  0.30427615,
        2.2335154 ]), array([-1.67144347,  1.59562822])]]]
[100, 20, -1, -1, 0, [[array([[ 0.96231109, -2.37696738,  0.93073624, -0.05929592, -1.37707944,
         1.55681991],
       [-0.46675656,  0.10169303, -0.0285693 , -0.53447985,  1.41557572,
        -1.96804257],
       [-0.0375149 , -0.91251353,  2.44633129,  1.59137885, -2.20789331,
        -2.24495135],
       [-0.50584835, -0.66235707,  0.56336471,  2.16625092, -0.78367724,
        -0.67523858],
       [-0.58171396,  1.31398255,  0.03514003,  1.56539872, -2.08936372,
        -1.64137601],
       [-2.29952904,  2.34415774, -0.05575941, -0.91315154, -1.90172734,
         0.54664425]]), array([[ 1.50722828, -0.76906517],
       [ 0.69883794, -1.99291545],
       [-1.24620756, -0.3030708 ],
       [-1.04396387, -0.5673638 ],
       [ 0.63925224,  2.2925011 ],
       [-1.08930807,  2.29625186]])], [array([-1.40529097,  0.54985018, -1.20540297,  1.64826017,  1.9213078 ,
       -0.28478055]), array([-0.56886646,  1.0081771 ])]]]
[100, 15, -1, -1, 1, [[array([[-0.51776794,  0.92595011, -2.25328187, -0.70856297,  1.09595229,
         1.97026699],
       [-2.43787443,  1.57662006,  0.69284434, -0.67579776,  2.42769357,
        -2.17429191],
       [ 2.39938858, -0.97789932, -0.11747444,  0.4427718 ,  2.38487301,
        -0.21007443],
       [ 0.70640446, -0.5823264 ,  0.02864875, -2.15599073, -1.19250492,
         0.32752615],
       [ 1.22364832,  2.06972863,  1.74391119,  1.18244537, -0.15933228,
         0.96863234],
       [ 1.64125771,  0.1101659 , -2.30805692, -2.07970628, -1.11287652,
        -2.14411705]]), array([[ 1.35446739,  2.10660412],
       [-0.65858576,  1.54240144],
       [ 0.84679559,  0.19462665],
       [-2.16733035, -1.23914865],
       [-2.3078898 , -0.95092483],
       [-0.6596646 ,  0.76953186]])], [array([-1.14840808,  0.03810242,  0.13333862,  0.77924276,  2.1688902 ,
       -0.92827501]), array([ 0.12095707, -1.66613131])]]]
[100, 2, -1, -1, 0, [[array([[ 0.60677707,  0.28445832,  0.22665354, -1.86537167,  0.62163759,
         0.94806321],
       [ 2.33053533,  2.23089374,  0.18596594, -0.97590802,  1.90420508,
        -0.26526597],
       [-1.33569286,  0.48234383, -1.81746331, -1.39576248, -0.13924714,
         0.76296354],
       [-0.85258097,  1.86124729,  0.47903392, -0.45335829,  1.75580101,
        -0.12284098],
       [ 2.00236491, -0.89870114,  1.61074954,  0.29159629,  0.12650802,
        -1.83024284],
       [-1.35652639,  1.68041351, -0.56410062,  0.49570508,  1.87421289,
         2.26538217]]), array([[-1.25038554, -0.72530812],
       [-0.67349295,  1.02584617],
       [ 1.38023915,  0.0782363 ],
       [ 0.35509775,  2.2656669 ],
       [ 1.75737647, -2.26371867],
       [ 0.70721601,  0.61516343]])], [array([-2.08201352,  0.29423731, -0.60265148, -1.20472066, -1.83504675,
        2.26787298]), array([-1.81791404,  0.72465771])]]]
[100, 24, -1, -1, 1, [[array([[-2.0729367 ,  1.25474099, -0.3292504 ,  2.26899674,  1.05484259,
        -0.80192211],
       [-1.92090816,  0.98725993,  0.71860466,  1.21615857, -1.85512567,
        -2.19462218],
       [ 0.05743193, -1.50454077, -0.7885454 , -1.56605059, -0.51643943,
        -0.0719087 ],
       [ 0.82072343, -1.97321747,  0.49102693, -0.71257671,  2.19685175,
        -1.11809012],
       [-2.30334877, -2.04284089,  1.46251579,  2.28651108, -1.2549886 ,
        -2.16078436],
       [ 0.06784031, -1.61886027,  1.36240101, -0.56855692, -1.43636019,
        -2.204899  ]]), array([[ 2.18971985,  0.33632042],
       [-0.97412536, -1.12546611],
       [-1.56511761,  1.4628391 ],
       [ 1.3942333 , -2.17608124],
       [ 0.58526573, -0.92487791],
       [-1.12109743, -1.32931147]])], [array([ 2.3820403 , -0.50917134,  1.06651533, -1.55802202, -0.67530946,
        1.38661685]), array([-2.12745232, -0.33203781])]]]
[100, 12, -1, -1, 0, [[array([[-0.54377318, -2.13431058,  1.51618619,  0.73838197, -0.12899265,
         0.92864042],
       [-0.23575881,  0.16802457,  0.81054492, -1.73122461,  1.7314997 ,
        -0.83473777],
       [ 1.8792911 ,  2.19295181,  1.00975966, -1.4954202 ,  1.10638035,
         1.70641604],
       [-1.85476582, -0.32518369, -0.06473033, -1.17862222,  0.68868269,
         1.89693733],
       [-1.95604565, -1.53686872, -2.00880196, -1.12333914,  1.31805598,
        -1.5647098 ],
       [ 1.73168158,  1.68082186, -2.37169561, -0.77282708,  2.04299956,
         2.32530399]]), array([[-0.22463231,  1.49016833],
       [ 1.7184235 , -0.04855325],
       [-0.01583194,  0.74427708],
       [-2.39231511, -1.25588368],
       [ 1.26394585, -0.12274798],
       [-2.04499879, -1.85793065]])], [array([1.69448696, 2.33992701, 2.42355737, 1.66127223, 1.15309377,
       1.3173852 ]), array([ 2.40695511, -0.7120826 ])]]]
[100, 18, -1, -1, 1, [[array([[ 0.25353367,  1.62948688, -1.918429  , -0.60744163, -0.27058758,
         0.7331935 ],
       [ 0.97957625,  2.42733814, -1.34840806,  0.94636414, -0.41014053,
         1.61057257],
       [-0.38115401,  1.34623243,  2.27418368,  0.4600834 ,  1.96712238,
        -0.71088138],
       [ 0.59022239, -0.35982754, -2.26628966,  0.46930857, -2.33880072,
        -1.40177839],
       [-2.12420045,  1.36800723, -1.38067286, -0.27728045, -1.46476242,
         0.96782358],
       [ 0.16954151,  2.27115552, -1.59367446,  2.4301127 , -1.86343844,
        -0.68365822]]), array([[ 1.52311697, -2.20159286],
       [ 1.43083792,  0.56695743],
       [-1.24208735, -1.55114102],
       [-2.23928968,  2.16426487],
       [ 0.73145242, -0.74188472],
       [ 1.65822656, -0.35668972]])], [array([ 0.14110151, -2.33074484,  1.2614406 ,  2.34096513,  2.40783531,
       -1.86697402]), array([-1.36831824,  1.69783801])]]]
[100, 23, -1, -1, 0, [[array([[ 2.20684887, -2.21555853,  1.8166033 ,  1.86206611,  1.52947207,
         0.6925445 ],
       [ 1.5755867 , -2.21703298,  1.05609656, -2.26165347,  1.92985232,
        -0.63453085],
       [-1.61443708,  0.9619395 , -0.80721656,  0.72305598, -2.23533831,
        -1.71438793],
       [-0.35362757,  1.87245305,  0.66210348, -2.42303277,  0.700713  ,
         2.06618216],
       [ 2.42918751, -1.16034073,  0.64253524,  2.39872028,  1.01156619,
        -0.91926283],
       [-2.43945868,  0.49716843, -0.93737181, -0.33700063,  1.717001  ,
        -1.31807479]]), array([[ 1.72348524,  0.04908591],
       [ 2.18315276,  2.41992654],
       [-1.79730775,  1.90988567],
       [-1.15011192,  0.09678461],
       [ 0.89699255,  1.84185723],
       [-1.08097567,  1.64679275]])], [array([-0.96468948,  2.10908152,  2.06899026,  2.32207258, -0.51441784,
       -1.30452524]), array([-1.7355965 , -1.69617322])]]]
[100, 19, -1, -1, 1, [[array([[-0.54391846,  2.21631764,  0.14890654, -0.42490716,  0.64638367,
         1.87323326],
       [ 1.03197113,  1.76463332,  1.22000444,  1.01884599, -2.31805742,
        -0.45060535],
       [-1.40892093,  0.70893099,  1.78112492, -1.35764673,  1.18391434,
        -1.98379138],
       [ 1.38503531,  1.83545849, -0.91599283,  0.71838412, -1.57143895,
         2.07007439],
       [ 2.13147384, -0.40105598, -0.97048096,  1.08760553,  2.21597264,
        -1.89615387],
       [ 0.6252559 ,  1.84357777,  0.74402303, -1.3671185 , -1.45645454,
        -2.02903814]]), array([[-0.71159295,  1.42419971],
       [-1.37893634,  0.58458757],
       [ 0.58002494,  2.42743679],
       [-0.93949494,  1.9666943 ],
       [ 0.21048895, -0.9563884 ],
       [-0.86401327, -1.63272764]])], [array([-1.03536721, -0.41686103, -1.51742375,  1.54773893,  0.38957527,
        0.01486628]), array([0.07830521, 0.90986533])]]]
[100, 5, -1, -1, 0, [[array([[ 1.9988491 , -1.3360031 , -1.40699715,  0.00590457,  0.97693243,
        -2.35767978],
       [-0.57012264, -2.44812142, -2.17233376,  0.38308069,  1.51954624,
         1.59446176],
       [-2.07561256,  2.14752872,  1.50674979, -0.00950776,  0.50500305,
         2.23586383],
       [-2.44272596,  0.36212439, -1.20738876,  0.41894841, -0.49362768,
         2.08562577],
       [ 1.18276581,  0.63378197, -0.67166743, -0.1766951 , -0.88628918,
        -1.15287446],
       [-1.05604581,  2.22749428, -0.62004436,  0.01174819, -2.36492844,
         1.08363707]]), array([[-1.29689943,  2.36510728],
       [-1.08196328, -2.21153562],
       [ 0.30595636, -1.17936165],
       [-2.23475903,  1.85029632],
       [ 1.07398184, -0.25522939],
       [-2.15260813, -1.86359794]])], [array([-2.39103446,  0.70213159,  0.24320428,  1.17932248, -1.43900516,
       -0.61910495]), array([0.49019221, 1.75967524])]]]
[100, 21, -1, -1, 1, [[array([[ 1.94572647, -0.58938019, -0.72342906,  1.73915817,  1.88368734,
         1.18516528],
       [-0.54572045, -0.69722513,  0.51055225, -0.75093492, -1.7811582 ,
        -1.45128059],
       [-1.67648002, -0.57067427, -1.81628813,  1.22672887, -0.00618727,
         1.84717128],
       [ 1.59132669,  0.1471351 , -2.43238629,  0.26748074, -1.37578529,
         0.33868213],
       [ 0.74401266, -0.90812613, -0.3806261 ,  1.41238516,  0.28287065,
         2.29348294],
       [ 2.03672694, -2.21474069, -1.53564501,  2.26170716, -0.89746321,
        -1.85298821]]), array([[ 1.80562193,  0.81335832],
       [-0.4974727 ,  0.91920439],
       [ 0.80443744,  1.59173837],
       [-0.83504968, -1.43125093],
       [ 1.00149293, -2.43948848],
       [ 0.59283656, -0.33364843]])], [array([-2.10370095,  1.4699088 ,  1.66923754, -0.15501541,  2.37883878,
        0.96474977]), array([-2.33694326,  1.09310691])]]]
[100, 6, -1, -1, 0, [[array([[-0.64548186, -0.46080526, -1.96873664, -0.18596674,  0.91040739,
        -1.44483671],
       [-1.088984  ,  0.27264087, -0.9296998 ,  1.71415654, -2.20380569,
        -0.06843562],
       [-2.44057817,  1.90805094, -0.67498996,  0.30732768,  0.94880785,
         2.40058462],
       [ 2.3668181 , -0.0726415 ,  0.62104248,  0.75691728, -1.46667715,
         1.95137224],
       [ 0.01682544,  1.86395981, -2.34347731,  2.16044784,  1.13730499,
        -0.20633718],
       [-0.33547211,  0.44835138,  0.20450261, -2.36266048,  1.04135701,
         0.34562566]]), array([[-1.17149661,  0.01095074],
       [-2.00421724, -1.14903685],
       [ 1.49664904, -1.01613888],
       [-0.6711034 , -2.00094142],
       [ 0.00795218,  1.63808998],
       [ 1.22051016, -0.14420194]])], [array([-0.71832385, -0.12530399,  1.63265348,  0.35192037,  1.48233138,
        2.18761879]), array([-0.43437827,  2.01849279])]]]
[99500, 11, 'birth', 23, 24, 0, [[array([[ 2.20684887, -2.21555853,  1.8166033 ,  2.44948974,  1.52947207,
         0.6925445 ],
       [ 1.5755867 , -2.21703298,  2.35397634, -2.12449378,  1.92985232,
         1.29313574],
       [-2.44948974,  0.9619395 , -2.10282988,  0.72305598, -0.03838259,
        -1.71438793],
       [-0.59815342, -1.97321747,  0.49102693, -0.71257671,  1.56024025,
        -1.11809012],
       [-2.44948974, -2.04284089,  1.46251579,  2.28651108, -2.44948974,
        -2.16078436],
       [ 1.61265038, -0.20192775,  2.44948974, -0.56855692, -1.43636019,
        -2.204899  ]]), array([[ 1.41421356,  0.33632042],
       [-0.97412536, -1.12546611],
       [-0.67366655,  1.41421356],
       [ 1.3942333 , -1.41421356],
       [ 0.58526573, -0.92487791],
       [-1.12109743, -1.32931147]])], [array([ 2.3820403 , -0.50917134,  1.06651533, -1.55802202, -0.67530946,
        1.38661685]), array([-1.41421356, -0.33203781])]]]
[99500, 8, 'birth', 23, 18, 1, [[array([[ 2.20684887, -2.21555853,  1.8166033 , -0.60744163, -0.27058758,
         0.7331935 ],
       [ 1.153773  ,  2.42733814, -1.34840806,  0.94636414, -0.41014053,
         1.61057257],
       [ 0.46084172,  1.34623243,  2.27418368,  0.4600834 ,  1.96712238,
        -0.71088138],
       [ 0.66017706, -0.35982754, -2.26628966,  0.46930857, -2.33880072,
        -1.40177839],
       [-2.12420045,  1.36800723, -1.38067286, -0.27728045, -1.46476242,
         0.81127924],
       [ 0.16954151,  2.44948974, -1.59367446,  2.44948974, -1.86343844,
        -0.68365822]]), array([[ 1.41421356, -1.41421356],
       [ 1.41421356,  1.33653422],
       [-1.24208735, -1.2877559 ],
       [-1.41421356,  1.41421356],
       [ 0.92796312, -0.1889937 ],
       [ 1.41421356, -0.35668972]])], [array([ 0.14110151, -2.33074484,  1.2614406 ,  2.34096513,  2.40783531,
       -1.86697402]), array([-1.36831824,  1.41421356])]]]
[233602, 1, 'birth', 23, 21, 1, [[array([[ 2.20684887, -2.21555853,  0.0555377 ,  2.24308772,  1.88368734,
         1.18516528],
       [-0.54572045, -0.69722513,  0.51055225, -1.31953191, -1.7811582 ,
        -1.45128059],
       [-2.44948974,  2.44948974, -1.81628813,  2.44948974, -0.00618727,
         1.95569025],
       [ 1.59132669,  0.1471351 , -2.43238629,  0.26748074, -1.37578529,
         2.44948974],
       [ 0.74401266, -0.90812613, -0.3806261 ,  1.41238516,  0.28287065,
         2.29348294],
       [ 2.03672694, -2.21474069, -1.53564501,  2.26170716, -0.89746321,
        -1.85298821]]), array([[ 1.03786271, -0.58014165],
       [-0.4974727 ,  1.41421356],
       [ 0.80443744,  1.41421356],
       [-0.83504968, -1.41421356],
       [ 1.00149293, -1.41421356],
       [ 0.59283656, -0.33364843]])], [array([-2.10370095,  1.4699088 ,  1.66923754,  2.44948974,  2.37883878,
        0.96474977]), array([-1.41421356,  1.09310691])]]]
[308253, 10, 'birth', 5, 19, 1, [[array([[ 1.9988491 , -1.3360031 ,  0.90182587,  0.00590457,  0.97693243,
        -2.35767978],
       [-0.57012264, -2.44812142, -2.17233376,  0.38308069,  1.51954624,
         2.44948974],
       [-2.07561256,  2.44948974,  1.50674979, -0.00950776,  0.50500305,
         2.23586383],
       [-2.44272596,  0.36212439, -1.20738876,  0.41894841, -0.49362768,
         2.08562577],
       [ 1.18276581,  2.44948974, -0.67166743, -2.44948974, -0.88628918,
        -1.15287446],
       [-1.05604581,  2.22749428, -0.62004436,  0.01174819, -2.36492844,
         1.08363707]]), array([[-1.29689943,  1.41421356],
       [-1.08196328, -1.41421356],
       [ 0.30595636,  1.41421356],
       [-0.93949494,  1.41421356],
       [ 0.21048895, -0.9563884 ],
       [-1.41421356, -1.41421356]])], [array([-1.03536721, -0.41686103, -1.51742375, -2.44948974,  0.38957527,
        0.77820672]), array([-1.41421356,  0.90986533])]]]
[394903, 7, 'death']
[395053, 16, 'death']
[395203, 0, 'death']
[395353, 22, 'death']
[395503, 20, 'death']
[395653, 15, 'death']
[395803, 2, 'death']
[395953, 24, 'death']
[396103, 12, 'death']
[396253, 18, 'death']
[396403, 23, 'death']
[396553, 19, 'death']
[396703, 5, 'death']
[396853, 21, 'death']
[397003, 6, 'death']
[424554, 11, 'death']
[424704, 8, 'death']
[442404, 1, 'death']
[442604, 10, 'death']
[442604, 'Extinction!']
