[time, indiv, gender, coords]
[7850, 'popsize', 15, 'queuesize', 0]
[8750, 10, 0, [1.2412358522415161, -6.201938629150391]]
[8750, 15, 0, [8.305419921875, -1.2186741828918457]]
[8750, 14, 0, [1.6015371084213257, -3.68412184715271]]
[8750, 7, 0, [3.7175893783569336, -1.1938556432724]]
[8750, 6, 0, [0.9372935891151428, -8.806049346923828]]
[8750, 22, 0, [3.7010879516601562, -6.2921061515808105]]
[8750, 17, 0, [4.085128307342529, -8.740118026733398]]
[8750, 20, 0, [8.65869140625, -6.284571647644043]]
[8750, 13, 1, [3.5297579765319824, -11.369808197021484]]
[8750, 9, 1, [5.823090076446533, -11.250370025634766]]
[8750, 5, 1, [8.688860893249512, -11.145951271057129]]
[8750, 21, 1, [6.104875087738037, -8.768603324890137]]
[8750, 11, 1, [6.613035678863525, -1.2357889413833618]]
[8750, 24, 1, [6.192653656005859, -6.210755348205566]]
[8750, 19, 1, [9.07321548461914, -3.737488031387329]]
[15050, 'popsize', 15, 'queuesize', 0]
[15900, 10, 0, [0.9731659293174744, -6.260868549346924]]
[15900, 15, 0, [7.7104291915893555, -1.102728009223938]]
[15900, 14, 0, [2.014580011367798, -3.416718006134033]]
[15900, 7, 0, [3.778397560119629, -1.2055763006210327]]
[15900, 6, 0, [0.5705639719963074, -9.142413139343262]]
[15900, 22, 0, [3.7128708362579346, -6.305739879608154]]
[15900, 17, 0, [4.670496463775635, -8.659112930297852]]
[15900, 20, 0, [8.543465614318848, -6.394540309906006]]
[15900, 13, 1, [3.0718846321105957, -11.743274688720703]]
[15900, 9, 1, [5.3877410888671875, -11.20926570892334]]
[15900, 5, 1, [8.372591018676758, -10.798005104064941]]
[15900, 21, 1, [6.01408576965332, -8.821266174316406]]
[15900, 11, 1, [7.050214767456055, -1.1721742153167725]]
[15900, 24, 1, [6.208507537841797, -6.195190906524658]]
[15900, 19, 1, [9.646699905395508, -3.6654608249664307]]
[22700, 'popsize', 15, 'queuesize', 0]
[23500, 10, 0, [0.344144731760025, -6.380881309509277]]
[23500, 15, 0, [7.1007819175720215, -0.902057409286499]]
[23500, 14, 0, [2.12956166267395, -3.347257614135742]]
[23500, 7, 0, [3.8412768840789795, -1.184138536453247]]
[23500, 6, 0, [0.5151242017745972, -9.660029411315918]]
[23500, 22, 0, [3.744999408721924, -6.293497085571289]]
[23500, 17, 0, [5.129607200622559, -8.5006103515625]]
[23500, 20, 0, [8.794841766357422, -6.345518589019775]]
[23500, 13, 1, [2.638615608215332, -12.20703125]]
[23500, 9, 1, [5.373671054840088, -11.246696472167969]]
[23500, 5, 1, [7.90447998046875, -10.78023910522461]]
[23500, 21, 1, [6.049829483032227, -8.179264068603516]]
[23500, 11, 1, [6.832877159118652, -1.5467110872268677]]
[23500, 24, 1, [6.225539207458496, -5.991868495941162]]
[23500, 19, 1, [10.018045425415039, -3.364898920059204]]
[29650, 'popsize', 15, 'queuesize', 0]
[30450, 10, 0, [0.11723567545413971, -6.481575965881348]]
[30450, 15, 0, [7.112431526184082, -0.9569562077522278]]
[30450, 14, 0, [2.1269125938415527, -3.3310341835021973]]
[30450, 7, 0, [3.8969812393188477, -1.178114652633667]]
[30450, 6, 0, [0.3902879059314728, -9.54057788848877]]
[30450, 22, 0, [3.7499046325683594, -6.276256084442139]]
[30450, 17, 0, [4.928089618682861, -8.829078674316406]]
[30450, 20, 0, [8.769638061523438, -6.548694610595703]]
[30450, 13, 1, [2.4630396366119385, -12.384276390075684]]
[30450, 9, 1, [5.337754726409912, -11.002511024475098]]
[30450, 5, 1, [7.741942405700684, -10.856536865234375]]
[30450, 21, 1, [6.145043849945068, -7.605771064758301]]
[30450, 11, 1, [6.593864440917969, -2.0801823139190674]]
[30450, 24, 1, [6.219504356384277, -5.973755359649658]]
[30450, 19, 1, [9.889986991882324, -3.7159953117370605]]
[36750, 'popsize', 15, 'queuesize', 0]
[37550, 10, 0, [0.10550665110349655, -6.574390411376953]]
[37550, 15, 0, [7.553999900817871, -1.3592140674591064]]
[37550, 14, 0, [2.199807643890381, -3.4913079738616943]]
[37550, 7, 0, [3.878749370574951, -1.1313976049423218]]
[37550, 6, 0, [0.12558074295520782, -9.225595474243164]]
[37550, 22, 0, [3.7414183616638184, -6.254942893981934]]
[37550, 17, 0, [4.652193069458008, -9.342106819152832]]
[37550, 20, 0, [8.78936767578125, -6.559169292449951]]
[37550, 13, 1, [2.4577221870422363, -12.356160163879395]]
[37550, 9, 1, [4.9002604484558105, -10.822441101074219]]
[37550, 5, 1, [8.06659984588623, -10.406485557556152]]
[37550, 21, 1, [6.317023277282715, -7.035046577453613]]
[37550, 11, 1, [6.422361373901367, -2.641427993774414]]
[37550, 24, 1, [6.2274370193481445, -5.952597141265869]]
[37550, 19, 1, [9.757501602172852, -4.287680625915527]]
[43650, 'popsize', 15, 'queuesize', 0]
[44450, 10, 0, [0.1060028076171875, -6.670384407043457]]
[44450, 15, 0, [7.919134616851807, -1.8094969987869263]]
[44450, 14, 0, [2.5803704261779785, -3.7753965854644775]]
[44450, 7, 0, [3.970717430114746, -1.1120920181274414]]
[44450, 6, 0, [0.1233319565653801, -9.208803176879883]]
[44450, 22, 0, [3.731060743331909, -6.245327949523926]]
[44450, 17, 0, [4.45460319519043, -9.883231163024902]]
[44450, 20, 0, [9.0631685256958, -6.5922136306762695]]
[44450, 13, 1, [2.2896077632904053, -12.246809005737305]]
[44450, 9, 1, [4.383918762207031, -10.618080139160156]]
[44450, 5, 1, [8.069849967956543, -10.251358032226562]]
[44450, 21, 1, [6.4886474609375, -6.609177589416504]]
[44450, 11, 1, [6.389174938201904, -2.785733222961426]]
[44450, 24, 1, [6.236735820770264, -5.9410624504089355]]
[44450, 19, 1, [9.712140083312988, -4.858366012573242]]
[50650, 'popsize', 15, 'queuesize', 0]
[51450, 10, 0, [0.10603027045726776, -6.76496696472168]]
[51450, 15, 0, [8.223335266113281, -2.3107309341430664]]
[51450, 14, 0, [3.0367379188537598, -3.8816373348236084]]
[51450, 7, 0, [4.02184534072876, -1.1041172742843628]]
[51450, 6, 0, [0.12333384901285172, -9.204635620117188]]
[51450, 22, 0, [3.708709716796875, -6.244443893432617]]
[51450, 17, 0, [4.337739944458008, -10.396860122680664]]
[51450, 20, 0, [9.056581497192383, -6.628528594970703]]
[51450, 13, 1, [2.299452543258667, -12.263928413391113]]
[51450, 9, 1, [4.329887390136719, -10.562629699707031]]
[51450, 5, 1, [8.039691925048828, -10.243724822998047]]
[51450, 21, 1, [6.493701934814453, -6.605196952819824]]
[51450, 11, 1, [6.297318458557129, -2.7546098232269287]]
[51450, 24, 1, [6.111591815948486, -5.689092636108398]]
[51450, 19, 1, [9.682249069213867, -5.042747974395752]]
[58150, 'popsize', 16, 'queuesize', 0]
[59100, 10, 0, [0.10607745498418808, -6.867424964904785]]
[59100, 15, 0, [8.469444274902344, -2.8856260776519775]]
[59100, 14, 0, [3.3133997917175293, -3.8244988918304443]]
[59100, 7, 0, [4.072244167327881, -1.1244544982910156]]
[59100, 6, 0, [0.12332957983016968, -9.20055103302002]]
[59100, 22, 0, [3.680417060852051, -6.269260406494141]]
[59100, 17, 0, [4.132965087890625, -10.916831016540527]]
[59100, 20, 0, [9.12558364868164, -6.834511756896973]]
[59100, 13, 1, [2.366199254989624, -12.384537696838379]]
[59100, 9, 1, [4.4036407470703125, -10.788725852966309]]
[59100, 5, 1, [8.015111923217773, -10.453163146972656]]
[59100, 21, 1, [6.127832889556885, -6.559239387512207]]
[59100, 11, 1, [6.264212608337402, -2.773228406906128]]
[59100, 24, 1, [6.038339614868164, -5.416796684265137]]
[59100, 19, 1, [9.795133590698242, -5.3376383781433105]]
[59100, 18, 1, [4.083009719848633, -3.7380824089050293]]
[65750, 'popsize', 16, 'queuesize', 0]
[66600, 10, 0, [0.10604272782802582, -6.969620704650879]]
[66600, 15, 0, [8.649453163146973, -3.4947807788848877]]
[66600, 14, 0, [3.300351858139038, -3.8529551029205322]]
[66600, 7, 0, [4.035513877868652, -1.1097990274429321]]
[66600, 6, 0, [0.12333042919635773, -9.195796966552734]]
[66600, 22, 0, [3.694732904434204, -6.303670406341553]]
[66600, 17, 0, [4.026311874389648, -11.525412559509277]]
[66600, 20, 0, [9.148215293884277, -6.844461917877197]]
[66600, 13, 1, [2.476472854614258, -12.394683837890625]]
[66600, 9, 1, [4.303798198699951, -10.969705581665039]]
[66600, 5, 1, [7.63709831237793, -10.309036254882812]]
[66600, 21, 1, [5.514517307281494, -6.491723537445068]]
[66600, 11, 1, [6.696517467498779, -2.977092981338501]]
[66600, 24, 1, [6.050937652587891, -5.4451985359191895]]
[66600, 19, 1, [9.425448417663574, -5.185652732849121]]
[66600, 18, 1, [4.695859909057617, -3.6500141620635986]]
[73350, 'popsize', 16, 'queuesize', 0]
[74200, 10, 0, [0.1060163825750351, -7.072640419006348]]
[74200, 15, 0, [8.761043548583984, -4.123592853546143]]
[74200, 14, 0, [3.193570852279663, -3.6688339710235596]]
[74200, 7, 0, [4.0982441902160645, -1.1336212158203125]]
[74200, 6, 0, [0.12333656847476959, -9.190299987792969]]
[74200, 22, 0, [3.7299914360046387, -6.307923316955566]]
[74200, 17, 0, [3.9982247352600098, -12.160384178161621]]
[74200, 20, 0, [9.460824966430664, -6.6047682762146]]
[74200, 13, 1, [2.614712953567505, -12.374755859375]]
[74200, 9, 1, [4.5243659019470215, -10.773299217224121]]
[74200, 5, 1, [7.185926914215088, -10.450094223022461]]
[74200, 21, 1, [4.89131498336792, -6.351325988769531]]
[74200, 11, 1, [6.728041648864746, -2.9784984588623047]]
[74200, 24, 1, [6.257491588592529, -5.5128703117370605]]
[74200, 19, 1, [8.817814826965332, -5.0239644050598145]]
[74200, 18, 1, [5.298056125640869, -3.466705322265625]]
[80850, 'popsize', 16, 'queuesize', 0]
[81700, 10, 0, [0.1327773481607437, -7.142978191375732]]
[81700, 15, 0, [8.778597831726074, -4.754735946655273]]
[81700, 14, 0, [2.7411510944366455, -3.2344584465026855]]
[81700, 7, 0, [4.156773090362549, -1.1188760995864868]]
[81700, 6, 0, [0.12333385646343231, -9.18619155883789]]
[81700, 22, 0, [3.7892417907714844, -6.40511417388916]]
[81700, 17, 0, [4.032049655914307, -12.390755653381348]]
[81700, 20, 0, [9.627163887023926, -6.470734596252441]]
[81700, 13, 1, [2.3637490272521973, -12.393109321594238]]
[81700, 9, 1, [4.4527974128723145, -10.678884506225586]]
[81700, 5, 1, [7.075837135314941, -10.49645709991455]]
[81700, 21, 1, [4.578608512878418, -6.242984294891357]]
[81700, 11, 1, [6.7763671875, -2.8796193599700928]]
[81700, 24, 1, [6.288522720336914, -5.525671005249023]]
[81700, 19, 1, [8.198919296264648, -4.951458930969238]]
[81700, 18, 1, [5.872835159301758, -3.2172017097473145]]
[88200, 'popsize', 16, 'queuesize', 0]
[89050, 10, 0, [0.12080935388803482, -7.113153457641602]]
[89050, 15, 0, [8.70932388305664, -5.367281436920166]]
[89050, 14, 0, [2.2445619106292725, -2.8741395473480225]]
[89050, 7, 0, [4.148351192474365, -1.2818268537521362]]
[89050, 6, 0, [0.12334031611680984, -9.179667472839355]]
[89050, 22, 0, [3.819092035293579, -6.410187721252441]]
[89050, 17, 0, [4.215676784515381, -12.232076644897461]]
[89050, 20, 0, [9.732995986938477, -6.100372791290283]]
[89050, 13, 1, [2.2943572998046875, -12.392024993896484]]
[89050, 9, 1, [4.319796085357666, -10.723017692565918]]
[89050, 5, 1, [7.08004093170166, -10.337902069091797]]
[89050, 21, 1, [4.322020530700684, -6.201778411865234]]
[89050, 11, 1, [6.836358070373535, -2.731661081314087]]
[89050, 24, 1, [6.297313690185547, -5.548993110656738]]
[89050, 19, 1, [8.003836631774902, -4.907371520996094]]
[89050, 18, 1, [6.350674152374268, -2.9364218711853027]]
[95600, 'popsize', 16, 'queuesize', 0]
[96500, 10, 0, [0.12017148733139038, -7.091254234313965]]
[96500, 15, 0, [8.55691909790039, -5.9698309898376465]]
[96500, 14, 0, [1.7078241109848022, -2.572096347808838]]
[96500, 7, 0, [4.065300941467285, -1.4491139650344849]]
[96500, 6, 0, [0.12333700060844421, -9.175127983093262]]
[96500, 22, 0, [3.846933364868164, -6.3838725090026855]]
[96500, 17, 0, [4.197256088256836, -12.376848220825195]]
[96500, 20, 0, [9.831720352172852, -5.584547996520996]]
[96500, 13, 1, [2.213144540786743, -12.392115592956543]]
[96500, 9, 1, [4.324289798736572, -10.692584037780762]]
[96500, 5, 1, [6.77236270904541, -9.986893653869629]]
[96500, 21, 1, [4.4906158447265625, -6.239022254943848]]
[96500, 11, 1, [6.884181976318359, -2.772895574569702]]
[96500, 24, 1, [6.277040481567383, -5.567693710327148]]
[96500, 19, 1, [7.687546730041504, -5.176205635070801]]
[96500, 18, 1, [6.3877692222595215, -2.8727900981903076]]
[103151, 'popsize', 16, 'queuesize', 0]
[104001, 10, 0, [0.11869549006223679, -7.075350284576416]]
[104001, 15, 0, [8.312446594238281, -6.553730487823486]]
[104001, 14, 0, [1.1251338720321655, -2.3369808197021484]]
[104001, 7, 0, [4.115565776824951, -1.4926217794418335]]
[104001, 6, 0, [0.12333976477384567, -9.170248985290527]]
[104001, 22, 0, [3.8437552452087402, -6.356166362762451]]
[104001, 17, 0, [4.231539249420166, -12.387770652770996]]
[104001, 20, 0, [9.881373405456543, -5.580020427703857]]
[104001, 13, 1, [2.1307475566864014, -12.392030715942383]]
[104001, 9, 1, [4.295868873596191, -10.713725090026855]]
[104001, 5, 1, [6.289194107055664, -9.963489532470703]]
[104001, 21, 1, [4.264476299285889, -6.200009346008301]]
[104001, 11, 1, [7.0661845207214355, -2.52064847946167]]
[104001, 24, 1, [6.246707916259766, -5.472329616546631]]
[104001, 19, 1, [7.261791706085205, -5.632805347442627]]
[104001, 18, 1, [6.161078453063965, -2.378291130065918]]
[110651, 'popsize', 16, 'queuesize', 0]
[111501, 10, 0, [0.23716561496257782, -6.952250003814697]]
[111501, 15, 0, [7.988635063171387, -7.0958662033081055]]
[111501, 14, 0, [0.5268546342849731, -2.1827054023742676]]
[111501, 7, 0, [4.1649909019470215, -1.5080267190933228]]
[111501, 6, 0, [0.12333732843399048, -9.165923118591309]]
[111501, 22, 0, [3.808131694793701, -6.349747180938721]]
[111501, 17, 0, [4.247232437133789, -12.393531799316406]]
[111501, 20, 0, [10.086163520812988, -5.50040340423584]]
[111501, 13, 1, [2.048088550567627, -12.392126083374023]]
[111501, 9, 1, [3.950841188430786, -10.41557788848877]]
[111501, 5, 1, [6.244887351989746, -9.868921279907227]]
[111501, 21, 1, [4.446018218994141, -6.238733291625977]]
[111501, 11, 1, [7.123580455780029, -2.532615900039673]]
[111501, 24, 1, [6.260298728942871, -5.2338433265686035]]
[111501, 19, 1, [6.905467510223389, -6.1419525146484375]]
[111501, 18, 1, [6.160009860992432, -2.334787130355835]]
[118001, 'popsize', 16, 'queuesize', 0]
[118851, 10, 0, [0.24196664988994598, -6.889042854309082]]
[118851, 15, 0, [7.605315208435059, -7.580510139465332]]
[118851, 14, 0, [0.12464430183172226, -2.129042863845825]]
[118851, 7, 0, [4.2046918869018555, -1.5324273109436035]]
[118851, 6, 0, [0.12333539128303528, -9.161334991455078]]
[118851, 22, 0, [3.78525972366333, -6.370568752288818]]
[118851, 17, 0, [4.2900166511535645, -12.35278034210205]]
[118851, 20, 0, [10.05548095703125, -5.477311611175537]]
[118851, 13, 1, [1.9672799110412598, -12.392048835754395]]
[118851, 9, 1, [3.4497504234313965, -10.091947555541992]]
[118851, 5, 1, [6.084175109863281, -10.030464172363281]]
[118851, 21, 1, [4.2362871170043945, -6.205659866333008]]
[118851, 11, 1, [7.099067687988281, -2.5267691612243652]]
[118851, 24, 1, [6.259266376495361, -5.257931709289551]]
[118851, 19, 1, [6.783712863922119, -6.289267539978027]]
[118851, 18, 1, [6.188261985778809, -2.212646484375]]
[125351, 'popsize', 16, 'queuesize', 0]
[126251, 10, 0, [0.2726060450077057, -6.898514747619629]]
[126251, 15, 0, [7.163300037384033, -8.015894889831543]]
[126251, 14, 0, [0.16064269840717316, -2.1060047149658203]]
[126251, 7, 0, [4.234716415405273, -1.5021119117736816]]
[126251, 6, 0, [0.12333524972200394, -9.156668663024902]]
[126251, 22, 0, [3.7840359210968018, -6.397209167480469]]
[126251, 17, 0, [4.238369941711426, -12.379023551940918]]
[126251, 20, 0, [10.054306030273438, -5.473001480102539]]
[126251, 13, 1, [1.887130856513977, -12.39201545715332]]
[126251, 9, 1, [3.147355079650879, -9.93421459197998]]
[126251, 5, 1, [5.991560459136963, -10.105663299560547]]
[126251, 21, 1, [4.129917144775391, -6.187563896179199]]
[126251, 11, 1, [7.1612229347229, -2.5315027236938477]]
[126251, 24, 1, [6.232158660888672, -5.272379398345947]]
[126251, 19, 1, [6.772022247314453, -6.205944061279297]]
[126251, 18, 1, [6.181864261627197, -2.1864774227142334]]
[132801, 'popsize', 16, 'queuesize', 0]
[133701, 10, 0, [0.1179513931274414, -6.826994895935059]]
[133701, 15, 0, [6.658116340637207, -8.383583068847656]]
[133701, 14, 0, [0.36605554819107056, -1.7191822528839111]]
[133701, 7, 0, [4.261672019958496, -1.53327476978302]]
[133701, 6, 0, [0.12332957983016968, -9.150924682617188]]
[133701, 22, 0, [3.8079702854156494, -6.416873931884766]]
[133701, 17, 0, [4.217531204223633, -12.37968921661377]]
[133701, 20, 0, [10.203551292419434, -5.110960483551025]]
[133701, 13, 1, [1.8061139583587646, -12.392102241516113]]
[133701, 9, 1, [3.1733930110931396, -9.921271324157715]]
[133701, 5, 1, [5.960893154144287, -10.267004013061523]]
[133701, 21, 1, [4.308624744415283, -6.212244987487793]]
[133701, 11, 1, [7.143862724304199, -2.5176773071289062]]
[133701, 24, 1, [6.237638473510742, -5.160585403442383]]
[133701, 19, 1, [6.7533345222473145, -6.017454147338867]]
[133701, 18, 1, [6.52028751373291, -2.376695394515991]]
[140251, 'popsize', 16, 'queuesize', 0]
[141101, 10, 0, [0.11541002988815308, -6.79684591293335]]
[141101, 15, 0, [6.111110687255859, -8.680893898010254]]
[141101, 14, 0, [0.3338145613670349, -1.7914353609085083]]
[141101, 7, 0, [4.304337024688721, -1.5134661197662354]]
[141101, 6, 0, [0.12333005666732788, -9.146588325500488]]
[141101, 22, 0, [3.8314430713653564, -6.3977742195129395]]
[141101, 17, 0, [4.205069541931152, -12.380244255065918]]
[141101, 20, 0, [10.258095741271973, -4.893594264984131]]
[141101, 13, 1, [1.7235420942306519, -12.392071723937988]]
[141101, 9, 1, [3.1690046787261963, -9.733064651489258]]
[141101, 5, 1, [5.877908229827881, -10.623505592346191]]
[141101, 21, 1, [4.0923590660095215, -6.185484886169434]]
[141101, 11, 1, [7.197935581207275, -2.524369955062866]]
[141101, 24, 1, [6.281328201293945, -4.8798933029174805]]
[141101, 19, 1, [6.368709087371826, -5.899779319763184]]
[141101, 18, 1, [7.0696187019348145, -2.6415441036224365]]
[147601, 'popsize', 16, 'queuesize', 0]
[148451, 10, 0, [0.11436522006988525, -6.776522636413574]]
[148451, 15, 0, [5.5287184715271, -8.874407768249512]]
[148451, 14, 0, [0.2956974506378174, -2.299865484237671]]
[148451, 7, 0, [4.359144687652588, -1.5291051864624023]]
[148451, 6, 0, [0.12333850562572479, -9.140327453613281]]
[148451, 22, 0, [3.834725856781006, -6.372250556945801]]
[148451, 17, 0, [4.179018974304199, -12.384157180786133]]
[148451, 20, 0, [10.269993782043457, -4.899491786956787]]
[148451, 13, 1, [1.643785834312439, -12.392016410827637]]
[148451, 9, 1, [3.314938545227051, -9.132452964782715]]
[148451, 5, 1, [5.826376438140869, -10.867539405822754]]
[148451, 21, 1, [3.9010238647460938, -6.121755599975586]]
[148451, 11, 1, [7.638331890106201, -2.6346921920776367]]
[148451, 24, 1, [6.278916358947754, -4.908299446105957]]
[148451, 19, 1, [6.1751532554626465, -5.833369255065918]]
[148451, 18, 1, [7.5515313148498535, -2.75030779838562]]
[155401, 'popsize', 17, 'queuesize', 0]
[156301, 10, 0, [0.11254128068685532, -6.751504898071289]]
[156301, 15, 0, [4.881026744842529, -8.983386993408203]]
[156301, 14, 0, [0.5065603256225586, -2.771066427230835]]
[156301, 7, 0, [4.391225814819336, -1.548205852508545]]
[156301, 6, 0, [0.12333416193723679, -9.135360717773438]]
[156301, 22, 0, [3.9601855278015137, -6.378642559051514]]
[156301, 17, 0, [4.15730619430542, -12.385064125061035]]
[156301, 20, 0, [10.357057571411133, -4.600478172302246]]
[156301, 3, 0, [1.582453966140747, -1.2340571880340576]]
[156301, 13, 1, [1.5584025382995605, -12.392021179199219]]
[156301, 9, 1, [3.5378198623657227, -8.517342567443848]]
[156301, 5, 1, [5.755606651306152, -10.679311752319336]]
[156301, 21, 1, [3.878347873687744, -6.202381134033203]]
[156301, 11, 1, [7.731057643890381, -2.6555163860321045]]
[156301, 24, 1, [6.180388450622559, -4.839589595794678]]
[156301, 19, 1, [6.148029804229736, -5.825428009033203]]
[156301, 18, 1, [7.73472785949707, -2.8039755821228027]]
[163201, 'popsize', 17, 'queuesize', 0]
[164101, 10, 0, [0.1082143634557724, -6.686530590057373]]
[164101, 15, 0, [4.224735260009766, -8.98677921295166]]
[164101, 14, 0, [0.9418524503707886, -3.0979363918304443]]
[164101, 7, 0, [4.447311878204346, -1.5245603322982788]]
[164101, 6, 0, [0.12333477288484573, -9.131363868713379]]
[164101, 22, 0, [4.104604244232178, -6.408927917480469]]
[164101, 17, 0, [4.1391282081604, -12.38629150390625]]
[164101, 20, 0, [10.339627265930176, -4.628148555755615]]
[164101, 3, 0, [2.2081315517425537, -1.119124174118042]]
[164101, 13, 1, [1.4738218784332275, -12.392040252685547]]
[164101, 9, 1, [3.823857307434082, -7.925690174102783]]
[164101, 5, 1, [5.39434289932251, -10.328465461730957]]
[164101, 21, 1, [3.901026487350464, -6.396703720092773]]
[164101, 11, 1, [7.772924423217773, -2.5828328132629395]]
[164101, 24, 1, [5.727749347686768, -4.525460720062256]]
[164101, 19, 1, [6.110434532165527, -5.827758312225342]]
[164101, 18, 1, [8.104693412780762, -2.879828929901123]]
[171251, 'popsize', 17, 'queuesize', 0]
[172351, 10, 0, [0.10798382014036179, -6.598018646240234]]
[172351, 15, 0, [3.553128957748413, -8.895795822143555]]
[172351, 14, 0, [1.4954981803894043, -3.1867029666900635]]
[172351, 7, 0, [4.504765510559082, -1.564153790473938]]
[172351, 6, 0, [0.12333771586418152, -9.125843048095703]]
[172351, 22, 0, [4.226617813110352, -6.418088436126709]]
[172351, 17, 0, [4.096081733703613, -12.389322280883789]]
[172351, 20, 0, [10.354185104370117, -4.638631343841553]]
[172351, 3, 0, [2.8386600017547607, -0.8646606802940369]]
[172351, 13, 1, [1.3868436813354492, -12.39206314086914]]
[172351, 9, 1, [4.203920841217041, -7.3565592765808105]]
[172351, 5, 1, [4.888171672821045, -10.364973068237305]]
[172351, 21, 1, [3.927659511566162, -6.441356658935547]]
[172351, 11, 1, [7.304753303527832, -2.092686414718628]]
[172351, 24, 1, [5.715695858001709, -4.481454372406006]]
[172351, 19, 1, [6.006139755249023, -5.822635650634766]]
[172351, 18, 1, [8.687751770019531, -2.8294360637664795]]
[179551, 'popsize', 17, 'queuesize', 0]
[180501, 10, 0, [0.10798759013414383, -6.509936809539795]]
[180501, 15, 0, [2.883763551712036, -8.700854301452637]]
[180501, 14, 0, [2.031611204147339, -2.981839418411255]]
[180501, 7, 0, [4.519101619720459, -1.593848466873169]]
[180501, 6, 0, [0.1233312264084816, -9.121301651000977]]
[180501, 22, 0, [4.297284126281738, -6.367038249969482]]
[180501, 17, 0, [4.007212162017822, -12.392098426818848]]
[180501, 20, 0, [10.371885299682617, -4.609590530395508]]
[180501, 3, 0, [3.30220890045166, -0.5721485018730164]]
[180501, 13, 1, [1.2958173751831055, -12.392071723937988]]
[180501, 9, 1, [4.669657230377197, -6.839819431304932]]
[180501, 5, 1, [4.6314616203308105, -10.545636177062988]]
[180501, 21, 1, [3.9484453201293945, -6.4456915855407715]]
[180501, 11, 1, [7.127100944519043, -1.969063639640808]]
[180501, 24, 1, [5.529234409332275, -4.322424411773682]]
[180501, 19, 1, [5.333478927612305, -5.8017377853393555]]
[180501, 18, 1, [8.367585182189941, -2.5348386764526367]]
[187651, 'popsize', 17, 'queuesize', 0]
[188601, 10, 0, [0.10793836414813995, -6.420739650726318]]
[188601, 15, 0, [2.2665884494781494, -8.41407299041748]]
[188601, 14, 0, [2.150003433227539, -2.9262468814849854]]
[188601, 7, 0, [4.566949844360352, -1.57801353931427]]
[188601, 6, 0, [0.12333639711141586, -9.115300178527832]]
[188601, 22, 0, [4.252841472625732, -6.351047515869141]]
[188601, 17, 0, [3.919785499572754, -12.392083168029785]]
[188601, 20, 0, [10.3672456741333, -4.595885276794434]]
[188601, 3, 0, [3.210869073867798, -0.6414621472358704]]
[188601, 13, 1, [1.2060925960540771, -12.392034530639648]]
[188601, 9, 1, [4.6857147216796875, -6.882192134857178]]
[188601, 5, 1, [4.740818500518799, -10.4788179397583]]
[188601, 21, 1, [3.939668655395508, -6.049972057342529]]
[188601, 11, 1, [7.011641979217529, -2.04473614692688]]
[188601, 24, 1, [5.5385541915893555, -4.275516033172607]]
[188601, 19, 1, [4.700959205627441, -5.978945255279541]]
[188601, 18, 1, [7.818807601928711, -2.1423227787017822]]
[195651, 'popsize', 17, 'queuesize', 0]
[196601, 10, 0, [0.10797131061553955, -6.334094047546387]]
[196601, 15, 0, [1.7040678262710571, -8.044984817504883]]
[196601, 14, 0, [2.2833163738250732, -3.056431293487549]]
[196601, 7, 0, [4.569169044494629, -1.621956706047058]]
[196601, 6, 0, [0.12333140522241592, -9.111754417419434]]
[196601, 22, 0, [4.283420562744141, -6.349423408508301]]
[196601, 17, 0, [3.8311350345611572, -12.392045974731445]]
[196601, 20, 0, [10.358959197998047, -4.589885711669922]]
[196601, 3, 0, [2.780351161956787, -0.9524328708648682]]
[196601, 13, 1, [1.1193978786468506, -12.39205551147461]]
[196601, 9, 1, [4.650575160980225, -6.8350138664245605]]
[196601, 5, 1, [4.46067476272583, -10.759008407592773]]
[196601, 21, 1, [3.9702868461608887, -5.862852096557617]]
[196601, 11, 1, [6.488770484924316, -2.4403083324432373]]
[196601, 24, 1, [5.618156909942627, -4.36478853225708]]
[196601, 19, 1, [4.1833086013793945, -6.227659702301025]]
[196601, 18, 1, [7.227412700653076, -1.8393086194992065]]
[204252, 'popsize', 18, 'queuesize', 0]
[205302, 10, 0, [0.10787377506494522, -6.239489555358887]]
[205302, 15, 0, [1.1566470861434937, -7.568553447723389]]
[205302, 14, 0, [2.84757661819458, -3.2121403217315674]]
[205302, 7, 0, [4.526063919067383, -1.6994740962982178]]
[205302, 6, 0, [0.12334038317203522, -9.102609634399414]]
[205302, 22, 0, [4.4663591384887695, -6.213435649871826]]
[205302, 17, 0, [3.737138032913208, -12.392125129699707]]
[205302, 20, 0, [10.395540237426758, -4.551194667816162]]
[205302, 3, 0, [2.8331143856048584, -0.925535261631012]]
[205302, 13, 1, [1.0240705013275146, -12.392091751098633]]
[205302, 9, 1, [4.907968044281006, -6.166628837585449]]
[205302, 5, 1, [4.483445167541504, -10.58120346069336]]
[205302, 21, 1, [4.054459095001221, -5.863829612731934]]
[205302, 11, 1, [5.981379508972168, -2.945448398590088]]
[205302, 24, 1, [6.068003177642822, -4.933406829833984]]
[205302, 19, 1, [4.0489821434021, -6.198314189910889]]
[205302, 18, 1, [7.0823163986206055, -1.795793890953064]]
[205302, 4, 1, [11.617292404174805, -3.731013298034668]]
[212652, 'popsize', 18, 'queuesize', 0]
[213602, 10, 0, [0.10788347572088242, -6.147275924682617]]
[213602, 15, 0, [0.7016643285751343, -7.031623840332031]]
[213602, 14, 0, [3.1791107654571533, -3.1510932445526123]]
[213602, 7, 0, [4.498722553253174, -1.6633373498916626]]
[213602, 6, 0, [0.12333883345127106, -9.098037719726562]]
[213602, 22, 0, [4.437294006347656, -6.16368293762207]]
[213602, 17, 0, [3.645303726196289, -12.392120361328125]]
[213602, 20, 0, [10.458358764648438, -4.464766502380371]]
[213602, 3, 0, [2.7505152225494385, -0.9863683581352234]]
[213602, 13, 1, [0.9319766759872437, -12.39205551147461]]
[213602, 9, 1, [5.2523298263549805, -5.551882743835449]]
[213602, 5, 1, [4.3718791007995605, -10.575822830200195]]
[213602, 21, 1, [4.0731096267700195, -6.030540466308594]]
[213602, 11, 1, [5.57042932510376, -3.507685422897339]]
[213602, 24, 1, [6.417984962463379, -5.54417085647583]]
[213602, 19, 1, [3.8903756141662598, -6.101315975189209]]
[213602, 18, 1, [7.752582550048828, -1.9497733116149902]]
[213602, 4, 1, [12.299307823181152, -3.6132235527038574]]
[220952, 'popsize', 18, 'queuesize', 0]
[222002, 10, 0, [0.10788009315729141, -6.056975364685059]]
[222002, 15, 0, [0.3500581979751587, -6.432177543640137]]
[222002, 14, 0, [3.1114916801452637, -2.935495615005493]]
[222002, 7, 0, [4.539071559906006, -1.7021681070327759]]
[222002, 6, 0, [0.12333764135837555, -9.093355178833008]]
[222002, 22, 0, [4.403615474700928, -6.19863748550415]]
[222002, 17, 0, [3.553802728652954, -12.392099380493164]]
[222002, 20, 0, [10.557546615600586, -4.399847030639648]]
[222002, 3, 0, [2.758706569671631, -0.9783056974411011]]
[222002, 13, 1, [0.8412656784057617, -12.392081260681152]]
[222002, 9, 1, [5.311593532562256, -5.611441612243652]]
[222002, 5, 1, [4.212412357330322, -10.74129867553711]]
[222002, 21, 1, [4.082985877990723, -6.15040397644043]]
[222002, 11, 1, [5.327826976776123, -3.931056022644043]]
[222002, 24, 1, [6.683712482452393, -6.187337875366211]]
[222002, 19, 1, [3.6366188526153564, -5.889654159545898]]
[222002, 18, 1, [8.027488708496094, -1.9860371351242065]]
[222002, 4, 1, [12.388216018676758, -3.522599697113037]]
[229402, 'popsize', 18, 'queuesize', 0]
[230352, 10, 0, [0.1078965961933136, -5.947056770324707]]
[230352, 15, 0, [0.22242242097854614, -6.098761558532715]]
[230352, 14, 0, [2.758017063140869, -2.3553647994995117]]
[230352, 7, 0, [4.505659580230713, -1.7723625898361206]]
[230352, 6, 0, [0.123338982462883, -9.087916374206543]]
[230352, 22, 0, [4.453496932983398, -6.217076301574707]]
[230352, 17, 0, [3.463583469390869, -12.39212703704834]]
[230352, 20, 0, [10.43010139465332, -4.594210147857666]]
[230352, 3, 0, [2.721065044403076, -1.0186947584152222]]
[230352, 13, 1, [0.7484352588653564, -12.392026901245117]]
[230352, 9, 1, [5.225069999694824, -5.584723949432373]]
[230352, 5, 1, [4.082973957061768, -10.842207908630371]]
[230352, 21, 1, [4.160033702850342, -5.5045270919799805]]
[230352, 11, 1, [5.417280197143555, -3.9248485565185547]]
[230352, 24, 1, [6.869853496551514, -6.863005638122559]]
[230352, 19, 1, [3.6719894409179688, -5.8887176513671875]]
[230352, 18, 1, [8.445158958435059, -2.1441993713378906]]
[230352, 4, 1, [12.39417552947998, -3.3983230590820312]]
[237752, 'popsize', 18, 'queuesize', 0]
[238702, 10, 0, [0.10918447375297546, -5.839498043060303]]
[238702, 15, 0, [0.2215116173028946, -5.989957809448242]]
[238702, 14, 0, [2.312087297439575, -1.8671143054962158]]
[238702, 7, 0, [4.485382080078125, -1.7864521741867065]]
[238702, 6, 0, [0.12333033978939056, -9.082165718078613]]
[238702, 22, 0, [4.44634485244751, -6.162173748016357]]
[238702, 17, 0, [3.3718960285186768, -12.392112731933594]]
[238702, 20, 0, [10.008559226989746, -4.777641296386719]]
[238702, 3, 0, [2.611896514892578, -1.105573296546936]]
[238702, 13, 1, [0.6564300656318665, -12.392043113708496]]
[238702, 9, 1, [5.301925182342529, -5.577655792236328]]
[238702, 5, 1, [3.942249059677124, -11.09533405303955]]
[238702, 21, 1, [4.393003940582275, -4.842166900634766]]
[238702, 11, 1, [5.4345598220825195, -3.8578879833221436]]
[238702, 24, 1, [6.976866245269775, -7.555566310882568]]
[238702, 19, 1, [3.48807954788208, -5.618044376373291]]
[238702, 18, 1, [9.112286567687988, -2.3270132541656494]]
[238702, 4, 1, [12.39398193359375, -3.2854206562042236]]
[245952, 'popsize', 18, 'queuesize', 0]
[246952, 10, 0, [0.10872633010149002, -5.761486530303955]]
[246952, 15, 0, [0.22047968208789825, -5.912456035614014]]
[246952, 14, 0, [1.7820912599563599, -1.4768608808517456]]
[246952, 7, 0, [4.6519036293029785, -1.9348613023757935]]
[246952, 6, 0, [0.1233300194144249, -9.078638076782227]]
[246952, 22, 0, [4.3904128074646, -6.172415256500244]]
[246952, 17, 0, [3.2829525470733643, -12.392075538635254]]
[246952, 20, 0, [9.41218090057373, -5.105578422546387]]
[246952, 3, 0, [2.02667236328125, -1.4793992042541504]]
[246952, 13, 1, [0.5651732087135315, -12.392026901245117]]
[246952, 9, 1, [5.237695693969727, -5.582232475280762]]
[246952, 5, 1, [3.650010347366333, -11.720499992370605]]
[246952, 21, 1, [4.72349739074707, -4.237431049346924]]
[246952, 11, 1, [5.4169416427612305, -3.926088571548462]]
[246952, 24, 1, [6.998185157775879, -8.240740776062012]]
[246952, 19, 1, [3.527735471725464, -5.638711929321289]]
[246952, 18, 1, [9.686836242675781, -2.403715133666992]]
[246952, 4, 1, [12.394007682800293, -3.1737585067749023]]
[254302, 'popsize', 18, 'queuesize', 0]
[255252, 10, 0, [0.10889936983585358, -5.683224678039551]]
[255252, 15, 0, [0.2203880101442337, -5.834278583526611]]
[255252, 14, 0, [1.8849276304244995, -1.4179552793502808]]
[255252, 7, 0, [4.805081367492676, -2.0782952308654785]]
[255252, 6, 0, [0.12333259731531143, -9.075942993164062]]
[255252, 22, 0, [4.424031734466553, -6.21688985824585]]
[255252, 17, 0, [3.18941593170166, -12.392192840576172]]
[255252, 20, 0, [8.882020950317383, -5.534440517425537]]
[255252, 3, 0, [2.0086829662323, -1.501402735710144]]
[255252, 13, 1, [0.3457854092121124, -12.242600440979004]]
[255252, 9, 1, [4.945418357849121, -5.234094142913818]]
[255252, 5, 1, [3.318713426589966, -12.243900299072266]]
[255252, 21, 1, [4.719722747802734, -4.233565807342529]]
[255252, 11, 1, [5.923722267150879, -3.798663377761841]]
[255252, 24, 1, [6.922442436218262, -8.934687614440918]]
[255252, 19, 1, [3.374194622039795, -5.413276672363281]]
[255252, 18, 1, [9.533367156982422, -2.0937767028808594]]
[255252, 4, 1, [12.393952369689941, -3.0612359046936035]]
[263002, 'popsize', 19, 'queuesize', 0]
[264052, 10, 0, [0.10890615731477737, -5.601266384124756]]
[264052, 15, 0, [0.2205476462841034, -5.752381324768066]]
[264052, 14, 0, [2.324211359024048, -1.1547681093215942]]
[264052, 7, 0, [4.880812644958496, -2.1087429523468018]]
[264052, 6, 0, [0.12333137542009354, -9.071874618530273]]
[264052, 22, 0, [4.4462995529174805, -6.165593147277832]]
[264052, 17, 0, [3.100130319595337, -12.391886711120605]]
[264052, 20, 0, [8.430278778076172, -6.007765293121338]]
[264052, 3, 0, [2.1085312366485596, -1.7144103050231934]]
[264052, 13, 1, [0.12065430730581284, -12.104928970336914]]
[264052, 9, 1, [4.908797740936279, -5.278594017028809]]
[264052, 5, 1, [3.2553353309631348, -12.274367332458496]]
[264052, 21, 1, [4.345859527587891, -4.637955188751221]]
[264052, 11, 1, [6.096976280212402, -3.7752649784088135]]
[264052, 24, 1, [6.735554218292236, -9.6438570022583]]
[264052, 19, 1, [3.4355921745300293, -5.420841693878174]]
[264052, 18, 1, [9.61653995513916, -2.0569393634796143]]
[264052, 4, 1, [12.394002914428711, -2.9420087337493896]]
[264052, 8, 1, [11.138579368591309, -6.286365985870361]]
[271752, 'popsize', 19, 'queuesize', 0]
[272752, 10, 0, [0.10884217172861099, -5.509657382965088]]
[272752, 15, 0, [0.22032201290130615, -5.660979747772217]]
[272752, 14, 0, [2.287553310394287, -1.3105190992355347]]
[272752, 7, 0, [4.940875053405762, -2.1658620834350586]]
[272752, 6, 0, [0.12333719432353973, -9.0658540725708]]
[272752, 22, 0, [4.393510341644287, -6.18440580368042]]
[272752, 17, 0, [3.0164382457733154, -12.392643928527832]]
[272752, 20, 0, [8.370620727539062, -5.973585605621338]]
[272752, 3, 0, [1.8683805465698242, -2.402298927307129]]
[272752, 13, 1, [0.12034323811531067, -12.084159851074219]]
[272752, 9, 1, [4.557034492492676, -4.87984561920166]]
[272752, 5, 1, [3.1891520023345947, -12.294147491455078]]
[272752, 21, 1, [3.8162951469421387, -5.138218402862549]]
[272752, 11, 1, [6.1046462059021, -3.8137242794036865]]
[272752, 24, 1, [6.453621864318848, -10.31492805480957]]
[272752, 19, 1, [3.405087947845459, -5.370602130889893]]
[272752, 18, 1, [10.183062553405762, -2.188715934753418]]
[272752, 4, 1, [12.393959999084473, -2.8246078491210938]]
[272752, 8, 1, [10.516524314880371, -6.406932830810547]]
[280452, 'popsize', 19, 'queuesize', 0]
[281452, 10, 0, [0.10881653428077698, -5.423954963684082]]
[281452, 15, 0, [0.22046978771686554, -5.574917316436768]]
[281452, 14, 0, [2.1875534057617188, -1.8394107818603516]]
[281452, 7, 0, [4.966850757598877, -2.240015983581543]]
[281452, 6, 0, [0.123344287276268, -9.061530113220215]]
[281452, 22, 0, [4.4388628005981445, -6.210160255432129]]
[281452, 17, 0, [2.8225207328796387, -12.394537925720215]]
[281452, 20, 0, [8.121383666992188, -6.210022449493408]]
[281452, 3, 0, [1.512848973274231, -3.0413432121276855]]
[281452, 13, 1, [0.12063420563936234, -12.07258415222168]]
[281452, 9, 1, [4.115880489349365, -4.299020290374756]]
[281452, 5, 1, [3.013723373413086, -12.342729568481445]]
[281452, 21, 1, [3.5181896686553955, -5.334503650665283]]
[281452, 11, 1, [6.125475883483887, -3.8456811904907227]]
[281452, 24, 1, [6.070371627807617, -10.93697738647461]]
[281452, 19, 1, [3.4463603496551514, -5.4924845695495605]]
[281452, 18, 1, [10.737142562866211, -2.322014570236206]]
[281452, 4, 1, [12.39396858215332, -2.7073400020599365]]
[281452, 8, 1, [9.90653133392334, -6.562399387359619]]
[289102, 'popsize', 19, 'queuesize', 0]
[290102, 10, 0, [0.10888423770666122, -5.339217662811279]]
[290102, 15, 0, [0.22045032680034637, -5.490120887756348]]
[290102, 14, 0, [2.450039863586426, -2.355393171310425]]
[290102, 7, 0, [4.945174694061279, -2.3220064640045166]]
[290102, 6, 0, [0.12334202229976654, -9.055883407592773]]
[290102, 22, 0, [4.435043811798096, -6.1550211906433105]]
[290102, 17, 0, [2.6118898391723633, -12.391676902770996]]
[290102, 20, 0, [8.450688362121582, -6.295804023742676]]
[290102, 3, 0, [1.0578709840774536, -3.6104769706726074]]
[290102, 13, 1, [0.12065286934375763, -12.057147026062012]]
[290102, 9, 1, [4.208033084869385, -4.235630989074707]]
[290102, 5, 1, [2.80484676361084, -12.345751762390137]]
[290102, 21, 1, [3.5948033332824707, -5.337412357330322]]
[290102, 11, 1, [6.1610941886901855, -3.8717567920684814]]
[290102, 24, 1, [5.606931209564209, -11.4891939163208]]
[290102, 19, 1, [3.7519352436065674, -5.3564276695251465]]
[290102, 18, 1, [10.698744773864746, -2.3140740394592285]]
[290102, 4, 1, [12.393990516662598, -2.58965802192688]]
[290102, 8, 1, [9.299186706542969, -6.754294395446777]]
[297802, 'popsize', 19, 'queuesize', 0]
[298802, 10, 0, [0.10893745720386505, -5.250121116638184]]
[298802, 15, 0, [0.22053177654743195, -5.40087890625]]
[298802, 14, 0, [2.9337477684020996, -2.6594314575195312]]
[298802, 7, 0, [4.900930404663086, -2.385995864868164]]
[298802, 6, 0, [0.12333405762910843, -9.052323341369629]]
[298802, 22, 0, [4.388575553894043, -6.19426155090332]]
[298802, 17, 0, [2.3973164558410645, -12.391828536987305]]
[298802, 20, 0, [8.349418640136719, -5.8270392417907715]]
[298802, 3, 0, [0.6668170094490051, -3.9760615825653076]]
[298802, 13, 1, [0.12053775042295456, -12.027904510498047]]
[298802, 9, 1, [4.16006326675415, -4.351944446563721]]
[298802, 5, 1, [2.5907084941864014, -12.347506523132324]]
[298802, 21, 1, [3.744619846343994, -5.316705226898193]]
[298802, 11, 1, [6.2101874351501465, -3.8851616382598877]]
[298802, 24, 1, [5.520841598510742, -11.653935432434082]]
[298802, 19, 1, [3.739356756210327, -5.15525484085083]]
[298802, 18, 1, [10.607260704040527, -2.237861156463623]]
[298802, 4, 1, [12.394036293029785, -2.4693379402160645]]
[298802, 8, 1, [8.70410442352295, -6.971585750579834]]
[306503, 'popsize', 19, 'queuesize', 0]
[307503, 10, 0, [0.10888367891311646, -5.164267539978027]]
[307503, 15, 0, [0.22051666676998138, -5.314749240875244]]
[307503, 14, 0, [3.245637893676758, -2.6981451511383057]]
[307503, 7, 0, [4.873783588409424, -2.4020910263061523]]
[307503, 6, 0, [0.12333736568689346, -9.048398971557617]]
[307503, 22, 0, [4.44171667098999, -6.206323146820068]]
[307503, 17, 0, [2.1771206855773926, -12.39208698272705]]
[307503, 20, 0, [8.126461029052734, -5.168452739715576]]
[307503, 3, 0, [0.5649735331535339, -4.081843376159668]]
[307503, 13, 1, [0.12028349936008453, -12.00146484375]]
[307503, 9, 1, [3.44145131111145, -4.478463649749756]]
[307503, 5, 1, [2.3710744380950928, -12.34798812866211]]
[307503, 21, 1, [3.7674355506896973, -5.014841556549072]]
[307503, 11, 1, [6.178040027618408, -3.866980791091919]]
[307503, 24, 1, [6.246015548706055, -11.620614051818848]]
[307503, 19, 1, [3.617725372314453, -4.935531139373779]]
[307503, 18, 1, [9.987602233886719, -1.9640320539474487]]
[307503, 4, 1, [12.39401912689209, -2.3517916202545166]]
[307503, 8, 1, [8.145841598510742, -7.242775917053223]]
[315203, 'popsize', 19, 'queuesize', 0]
[316203, 10, 0, [0.10887733101844788, -5.079232215881348]]
[316203, 15, 0, [0.22045721113681793, -5.2300705909729]]
[316203, 14, 0, [3.277304172515869, -3.2035672664642334]]
[316203, 7, 0, [4.88307523727417, -2.487985372543335]]
[316203, 6, 0, [0.12333627790212631, -9.044930458068848]]
[316203, 22, 0, [4.582762241363525, -6.24327278137207]]
[316203, 17, 0, [1.9608782529830933, -12.39197826385498]]
[316203, 20, 0, [7.865890026092529, -4.6826395988464355]]
[316203, 3, 0, [0.4608004093170166, -4.17582893371582]]
[316203, 13, 1, [0.11584585160017014, -11.975708961486816]]
[316203, 9, 1, [2.7183849811553955, -4.4951887130737305]]
[316203, 5, 1, [2.154942274093628, -12.348111152648926]]
[316203, 21, 1, [3.796125650405884, -4.910624980926514]]
[316203, 11, 1, [6.121256351470947, -3.8912994861602783]]
[316203, 24, 1, [6.970340728759766, -11.695754051208496]]
[316203, 19, 1, [3.591506242752075, -4.92535400390625]]
[316203, 18, 1, [9.284269332885742, -1.8304985761642456]]
[316203, 4, 1, [12.393994331359863, -2.2341935634613037]]
[316203, 8, 1, [7.592710494995117, -7.569798946380615]]
[323953, 'popsize', 19, 'queuesize', 0]
[324953, 10, 0, [0.1089080423116684, -4.993534564971924]]
[324953, 15, 0, [0.22051164507865906, -5.144528865814209]]
[324953, 14, 0, [3.5735368728637695, -3.688225269317627]]
[324953, 7, 0, [4.874486446380615, -2.435044765472412]]
[324953, 6, 0, [0.12333831936120987, -9.040766716003418]]
[324953, 22, 0, [4.575408458709717, -6.187331676483154]]
[324953, 17, 0, [1.7320640087127686, -12.391921043395996]]
[324953, 20, 0, [8.328277587890625, -4.52617883682251]]
[324953, 3, 0, [0.4898342490196228, -4.149259090423584]]
[324953, 13, 1, [0.11438141018152237, -11.945836067199707]]
[324953, 9, 1, [2.010443687438965, -4.375666618347168]]
[324953, 5, 1, [1.927973985671997, -12.347631454467773]]
[324953, 21, 1, [3.3348147869110107, -4.88452672958374]]
[324953, 11, 1, [5.940939903259277, -3.9079926013946533]]
[324953, 24, 1, [7.681739330291748, -11.869521141052246]]
[324953, 19, 1, [3.5087625980377197, -4.899136066436768]]
[324953, 18, 1, [8.566356658935547, -1.8058253526687622]]
[324953, 4, 1, [12.393986701965332, -2.1156599521636963]]
[324953, 8, 1, [7.068328857421875, -7.916337490081787]]
[332753, 'popsize', 19, 'queuesize', 0]
[333753, 10, 0, [0.10895394533872604, -4.9078168869018555]]
[333753, 15, 0, [0.22059191763401031, -5.058568477630615]]
[333753, 14, 0, [3.8579394817352295, -3.8778672218322754]]
[333753, 7, 0, [4.961198329925537, -2.4270496368408203]]
[333753, 6, 0, [0.12333592772483826, -9.036149978637695]]
[333753, 22, 0, [4.542072772979736, -6.2338690757751465]]
[333753, 17, 0, [1.5034847259521484, -12.39207935333252]]
[333753, 20, 0, [8.86024284362793, -4.269755840301514]]
[333753, 3, 0, [0.432258278131485, -4.216876983642578]]
[333753, 13, 1, [0.11215589195489883, -11.9152193069458]]
[333753, 9, 1, [2.0529727935791016, -4.2525634765625]]
[333753, 5, 1, [1.6965175867080688, -12.34803581237793]]
[333753, 21, 1, [2.6129207611083984, -5.044910907745361]]
[333753, 11, 1, [5.443535804748535, -3.8841893672943115]]
[333753, 24, 1, [8.365741729736328, -12.150815963745117]]
[333753, 19, 1, [3.5451231002807617, -4.55709171295166]]
[333753, 18, 1, [7.863947868347168, -1.8765273094177246]]
[333753, 4, 1, [12.393994331359863, -1.9966609477996826]]
[333753, 8, 1, [6.912795066833496, -7.970642566680908]]
[341603, 'popsize', 19, 'queuesize', 0]
[342753, 10, 0, [0.10884931683540344, -4.816477298736572]]
[342753, 15, 0, [0.22034649550914764, -4.967641830444336]]
[342753, 14, 0, [3.7106716632843018, -4.1295084953308105]]
[342753, 7, 0, [5.036665439605713, -2.4592318534851074]]
[342753, 6, 0, [0.12333274632692337, -9.031596183776855]]
[342753, 22, 0, [4.604124546051025, -6.224182605743408]]
[342753, 17, 0, [1.2688920497894287, -12.392114639282227]]
[342753, 20, 0, [8.935503959655762, -4.351769924163818]]
[342753, 3, 0, [0.33436211943626404, -4.3117218017578125]]
[342753, 13, 1, [0.10788135230541229, -11.831443786621094]]
[342753, 9, 1, [2.544633150100708, -4.073385715484619]]
[342753, 5, 1, [1.4648982286453247, -12.347874641418457]]
[342753, 21, 1, [1.869204044342041, -5.097424030303955]]
[342753, 11, 1, [5.6608710289001465, -4.399397373199463]]
[342753, 24, 1, [8.749735832214355, -12.363728523254395]]
[342753, 19, 1, [3.5851690769195557, -4.510200500488281]]
[342753, 18, 1, [7.178796768188477, -2.072068452835083]]
[342753, 4, 1, [12.393937110900879, -1.875863790512085]]
[342753, 8, 1, [7.2950439453125, -7.440343856811523]]
[350753, 'popsize', 19, 'queuesize', 0]
[351803, 10, 0, [0.10875817388296127, -4.730806827545166]]
[351803, 15, 0, [0.22007131576538086, -4.882211685180664]]
[351803, 14, 0, [3.6526217460632324, -4.144412040710449]]
[351803, 7, 0, [5.06678581237793, -2.5423309803009033]]
[351803, 6, 0, [0.12333757430315018, -9.025763511657715]]
[351803, 22, 0, [4.5455427169799805, -6.203197956085205]]
[351803, 17, 0, [1.0325641632080078, -12.391968727111816]]
[351803, 20, 0, [9.114351272583008, -4.497618198394775]]
[351803, 3, 0, [0.314613938331604, -4.389693260192871]]
[351803, 13, 1, [0.10797421634197235, -11.731573104858398]]
[351803, 9, 1, [2.356180191040039, -3.864795207977295]]
[351803, 5, 1, [1.228538990020752, -12.347798347473145]]
[351803, 21, 1, [1.6571729183197021, -5.063656330108643]]
[351803, 11, 1, [6.060356616973877, -5.033444404602051]]
[351803, 24, 1, [8.741196632385254, -12.376358985900879]]
[351803, 19, 1, [3.5594444274902344, -4.3589959144592285]]
[351803, 18, 1, [6.554068565368652, -2.4139046669006348]]
[351803, 4, 1, [12.393928527832031, -1.7528178691864014]]
[351803, 8, 1, [7.640888214111328, -6.884287357330322]]
[360103, 'popsize', 20, 'queuesize', 0]
[361203, 10, 0, [0.10895529389381409, -4.638575553894043]]
[361203, 15, 0, [0.22032587230205536, -4.789185523986816]]
[361203, 14, 0, [3.785872220993042, -4.34508752822876]]
[361203, 7, 0, [5.0660080909729, -2.581340789794922]]
[361203, 6, 0, [0.12333951145410538, -9.021361351013184]]
[361203, 22, 0, [4.595559120178223, -6.241548538208008]]
[361203, 17, 0, [0.7930999994277954, -12.391959190368652]]
[361203, 20, 0, [8.995800971984863, -4.489452362060547]]
[361203, 3, 0, [0.3189503848552704, -4.4526286125183105]]
[361203, 13, 1, [0.10793400555849075, -11.62939739227295]]
[361203, 9, 1, [1.9276620149612427, -4.223715782165527]]
[361203, 5, 1, [0.9897775650024414, -12.348212242126465]]
[361203, 21, 1, [1.9522285461425781, -4.9380316734313965]]
[361203, 11, 1, [6.4067840576171875, -5.435739040374756]]
[361203, 24, 1, [8.749526977539062, -12.376351356506348]]
[361203, 19, 1, [3.813199758529663, -3.7151947021484375]]
[361203, 18, 1, [6.372643947601318, -2.6156630516052246]]
[361203, 4, 1, [12.394001960754395, -1.6256990432739258]]
[361203, 8, 1, [7.985357284545898, -6.280592441558838]]
[361203, 2, 1, [1.0017470121383667, -11.244483947753906]]
[369453, 'popsize', 20, 'queuesize', 0]
[370553, 10, 0, [0.1373988538980484, -4.48789119720459]]
[370553, 15, 0, [0.2214522361755371, -4.643317699432373]]
[370553, 14, 0, [3.7874321937561035, -4.406789779663086]]
[370553, 7, 0, [5.073590278625488, -2.682638645172119]]
[370553, 6, 0, [0.12333419173955917, -9.016711235046387]]
[370553, 22, 0, [4.550960063934326, -6.1909027099609375]]
[370553, 17, 0, [0.55035001039505, -12.391916275024414]]
[370553, 20, 0, [8.761147499084473, -4.5017619132995605]]
[370553, 3, 0, [0.27024492621421814, -4.355245113372803]]
[370553, 13, 1, [0.10790876299142838, -11.530105590820312]]
[370553, 9, 1, [1.2844977378845215, -4.670040130615234]]
[370553, 5, 1, [0.7419734597206116, -12.347919464111328]]
[370553, 21, 1, [1.9702105522155762, -4.8537774085998535]]
[370553, 11, 1, [6.2004075050354, -5.715578556060791]]
[370553, 24, 1, [8.759705543518066, -12.37635326385498]]
[370553, 19, 1, [3.9518070220947266, -3.669130802154541]]
[370553, 18, 1, [6.326261520385742, -2.5751702785491943]]
[370553, 4, 1, [12.394197463989258, -1.4959460496902466]]
[370553, 8, 1, [8.303179740905762, -5.6640729904174805]]
[370553, 2, 1, [0.9120921492576599, -11.236457824707031]]
[378753, 'popsize', 20, 'queuesize', 0]
[379803, 10, 0, [0.12278010696172714, -4.148923873901367]]
[379803, 15, 0, [0.17015478014945984, -4.503526210784912]]
[379803, 14, 0, [4.244382858276367, -4.238703727722168]]
[379803, 7, 0, [5.1011528968811035, -2.638439893722534]]
[379803, 6, 0, [0.12333591282367706, -9.011372566223145]]
[379803, 22, 0, [4.64552116394043, -6.22029447555542]]
[379803, 17, 0, [0.312667578458786, -12.392046928405762]]
[379803, 20, 0, [8.871694564819336, -4.5667009353637695]]
[379803, 3, 0, [0.28096097707748413, -4.408419132232666]]
[379803, 13, 1, [0.10795716941356659, -11.428409576416016]]
[379803, 9, 1, [1.632197618484497, -4.4832892417907715]]
[379803, 5, 1, [0.5070981979370117, -12.348310470581055]]
[379803, 21, 1, [1.9729862213134766, -5.153263568878174]]
[379803, 11, 1, [6.215683460235596, -5.740428924560547]]
[379803, 24, 1, [8.76860237121582, -12.376352310180664]]
[379803, 19, 1, [4.112292289733887, -4.182835102081299]]
[379803, 18, 1, [6.3567705154418945, -2.4392995834350586]]
[379803, 4, 1, [12.393919944763184, -1.370307445526123]]
[379803, 8, 1, [8.591194152832031, -5.045614719390869]]
[379803, 2, 1, [0.770060658454895, -11.225456237792969]]
[387953, 'popsize', 20, 'queuesize', 0]
[389003, 10, 0, [0.12313073873519897, -4.140810012817383]]
[389003, 15, 0, [0.11035412549972534, -4.5894975662231445]]
[389003, 14, 0, [4.177884101867676, -4.144989967346191]]
[389003, 7, 0, [5.1675310134887695, -2.7060461044311523]]
[389003, 6, 0, [0.12333554774522781, -9.006145477294922]]
[389003, 22, 0, [4.810923099517822, -6.18106746673584]]
[389003, 17, 0, [0.10893828421831131, -12.391803741455078]]
[389003, 20, 0, [9.067694664001465, -4.671258449554443]]
[389003, 3, 0, [0.2692660093307495, -4.483514785766602]]
[389003, 13, 1, [0.10792533308267593, -11.32628345489502]]
[389003, 9, 1, [1.8437834978103638, -4.218899726867676]]
[389003, 5, 1, [0.2930135428905487, -12.348011016845703]]
[389003, 21, 1, [1.839224100112915, -4.396264553070068]]
[389003, 11, 1, [6.213463306427002, -5.7637505531311035]]
[389003, 24, 1, [8.777521133422852, -12.376355171203613]]
[389003, 19, 1, [4.303090572357178, -4.172764778137207]]
[389003, 18, 1, [6.5778608322143555, -2.100451946258545]]
[389003, 4, 1, [12.393976211547852, -1.244727373123169]]
[389003, 8, 1, [8.833093643188477, -4.416735649108887]]
[389003, 2, 1, [0.632629930973053, -11.21131706237793]]
[397204, 'popsize', 20, 'queuesize', 0]
[398254, 10, 0, [0.12313477694988251, -4.133255481719971]]
[398254, 15, 0, [0.10857187211513519, -4.576852798461914]]
[398254, 14, 0, [4.20325231552124, -4.187039852142334]]
[398254, 7, 0, [5.184528827667236, -2.748746395111084]]
[398254, 6, 0, [0.12333526462316513, -9.001032829284668]]
[398254, 22, 0, [4.921347141265869, -6.2069854736328125]]
[398254, 17, 0, [0.10835374891757965, -12.391180992126465]]
[398254, 20, 0, [8.94619369506836, -4.684226036071777]]
[398254, 3, 0, [0.28430047631263733, -4.499809741973877]]
[398254, 13, 1, [0.12476211786270142, -11.357244491577148]]
[398254, 9, 1, [1.6272603273391724, -4.146167755126953]]
[398254, 5, 1, [0.2917349934577942, -12.344926834106445]]
[398254, 21, 1, [1.7421445846557617, -4.286874771118164]]
[398254, 11, 1, [6.339777946472168, -5.614475727081299]]
[398254, 24, 1, [8.78683853149414, -12.376354217529297]]
[398254, 19, 1, [4.0745768547058105, -4.20314359664917]]
[398254, 18, 1, [6.717128276824951, -2.0893874168395996]]
[398254, 4, 1, [12.39393424987793, -1.1193549633026123]]
[398254, 8, 1, [9.020702362060547, -3.852449417114258]]
[398254, 2, 1, [0.5023307204246521, -11.193961143493652]]
[406354, 'popsize', 20, 'queuesize', 0]
[408904, 3, 0, [0.2997606098651886, -4.518299579620361]]
[408904, 18, 1, [5.867851257324219, -1.8795427083969116]]
[408904, 4, 1, [12.39399242401123, -0.9741719365119934]]
[408904, 8, 1, [8.83523941040039, -3.9732794761657715]]
[408904, 2, 1, [0.4226529598236084, -11.181890487670898]]
[411004, 'popsize', 5, 'queuesize', 0]
[411304, 3, 0, [0.38747110962867737, -4.4557695388793945]]
[411304, 18, 1, [5.744126319885254, -1.8676748275756836]]
[411304, 4, 1, [12.393963813781738, -0.9417321085929871]]
[411304, 8, 1, [8.776183128356934, -4.011817932128906]]
[411304, 2, 1, [0.5876412987709045, -11.287809371948242]]
[413404, 'popsize', 5, 'queuesize', 0]
[413704, 3, 0, [0.5141332745552063, -4.351949691772461]]
[413704, 18, 1, [5.683317184448242, -1.746471881866455]]
[413704, 4, 1, [12.393959045410156, -0.9092912077903748]]
[413704, 8, 1, [8.836551666259766, -3.9643349647521973]]
[413704, 2, 1, [0.7562066316604614, -11.386764526367188]]
[415804, 'popsize', 5, 'queuesize', 0]
[416104, 3, 0, [0.6599477529525757, -4.215823173522949]]
[416104, 18, 1, [5.578808307647705, -1.5885456800460815]]
[416104, 4, 1, [12.393930435180664, -0.8769622445106506]]
[416104, 8, 1, [8.989585876464844, -3.9091975688934326]]
[416104, 2, 1, [0.9316896200180054, -11.48027515411377]]
[418154, 'popsize', 5, 'queuesize', 0]
[418454, 3, 0, [0.7902572751045227, -4.07888126373291]]
[418454, 18, 1, [5.46657133102417, -1.439151644706726]]
[418454, 4, 1, [12.393990516662598, -0.8450742363929749]]
[418454, 8, 1, [9.146707534790039, -3.8494606018066406]]
[418454, 2, 1, [1.1085480451583862, -11.564788818359375]]
[420554, 'popsize', 5, 'queuesize', 0]
[420854, 3, 0, [0.917802631855011, -3.927839517593384]]
[420854, 18, 1, [5.343113899230957, -1.2901113033294678]]
[420854, 4, 1, [12.39399528503418, -0.8126092553138733]]
[420854, 8, 1, [9.312602043151855, -3.7842938899993896]]
[420854, 2, 1, [1.2920947074890137, -11.643596649169922]]
[422904, 'popsize', 5, 'queuesize', 0]
[423204, 3, 0, [1.0345215797424316, -3.7710633277893066]]
[423204, 18, 1, [5.211605548858643, -1.1482360363006592]]
[423204, 4, 1, [12.39396858215332, -0.7808499932289124]]
[423204, 8, 1, [9.46782112121582, -3.723128080368042]]
[423204, 2, 1, [1.4745619297027588, -11.7124605178833]]
[425304, 'popsize', 5, 'queuesize', 0]
[425704, 3, 0, [1.1457757949829102, -3.600130796432495]]
[425704, 4, 1, [12.393935203552246, -0.7472400069236755]]
[425704, 8, 1, [9.628266334533691, -3.654343366622925]]
[425704, 2, 1, [1.6678955554962158, -11.772568702697754]]
[427404, 'popsize', 4, 'queuesize', 0]
[427654, 3, 0, [1.225979208946228, -3.4636898040771484]]
[427654, 4, 1, [12.393924713134766, -0.7209693193435669]]
[427654, 8, 1, [9.758986473083496, -3.5954668521881104]]
[427654, 2, 1, [1.823466420173645, -11.814035415649414]]
[429354, 'popsize', 4, 'queuesize', 0]
[429604, 3, 0, [1.2994308471679688, -3.3220202922821045]]
[429604, 4, 1, [12.393929481506348, -0.6945350766181946]]
[429604, 8, 1, [9.887231826782227, -3.5360236167907715]]
[429604, 2, 1, [1.9837665557861328, -11.849030494689941]]
[431304, 'popsize', 4, 'queuesize', 0]
[431554, 3, 0, [1.3656729459762573, -3.1772353649139404]]
[431554, 4, 1, [12.3939208984375, -0.6682528257369995]]
[431554, 8, 1, [10.015168190002441, -3.474916934967041]]
[431554, 2, 1, [2.1448445320129395, -11.87893009185791]]
[433254, 'popsize', 4, 'queuesize', 0]
[433504, 3, 0, [1.4255833625793457, -3.0279147624969482]]
[433504, 4, 1, [12.393946647644043, -0.6417093276977539]]
[433504, 8, 1, [10.142870903015137, -3.413663387298584]]
[433504, 2, 1, [2.3045876026153564, -11.903507232666016]]
[435204, 'popsize', 4, 'queuesize', 0]
[435454, 3, 0, [1.4774264097213745, -2.879018545150757]]
[435454, 4, 1, [12.393951416015625, -0.6153613924980164]]
[435454, 8, 1, [10.273770332336426, -3.348207950592041]]
[435454, 2, 1, [2.465183973312378, -11.922837257385254]]
[437154, 'popsize', 4, 'queuesize', 0]
[437404, 3, 0, [1.522539496421814, -2.724566698074341]]
[437404, 4, 1, [12.393951416015625, -0.5889771580696106]]
[437404, 8, 1, [10.401196479797363, -3.2829723358154297]]
[437404, 2, 1, [2.627910614013672, -11.936053276062012]]
[439154, 'popsize', 4, 'queuesize', 0]
[439404, 3, 0, [1.5634400844573975, -2.562246799468994]]
[439404, 4, 1, [12.393969535827637, -0.5618426203727722]]
[439404, 8, 1, [10.536626815795898, -3.214461326599121]]
[439404, 2, 1, [2.7945876121520996, -11.944863319396973]]
[441104, 'popsize', 4, 'queuesize', 0]
[441404, 3, 0, [1.5956653356552124, -2.40490984916687]]
[441404, 4, 1, [12.39413070678711, -0.5352944135665894]]
[441404, 8, 1, [10.669191360473633, -3.1486361026763916]]
[441404, 2, 1, [2.962275743484497, -11.946873664855957]]
[443104, 'popsize', 4, 'queuesize', 0]
[443354, 3, 0, [1.6194199323654175, -2.2406764030456543]]
[443354, 4, 1, [12.3942232131958, -0.5060232877731323]]
[443354, 8, 1, [10.792217254638672, -3.08496356010437]]
[443354, 2, 1, [3.1243844032287598, -11.942911148071289]]
[445104, 'popsize', 4, 'queuesize', 0]
[445354, 3, 0, [1.6346337795257568, -2.0794034004211426]]
[445354, 4, 1, [12.394078254699707, -0.47867268323898315]]
[445354, 8, 1, [10.92104434967041, -3.0148041248321533]]
[445354, 2, 1, [3.2905514240264893, -11.933000564575195]]
[447054, 'popsize', 4, 'queuesize', 0]
[447304, 3, 0, [1.6399052143096924, -1.9203320741653442]]
[447304, 4, 1, [12.39394760131836, -0.4526100158691406]]
[447304, 8, 1, [11.047797203063965, -2.94364333152771]]
[447304, 2, 1, [3.4532620906829834, -11.919100761413574]]
[449004, 'popsize', 4, 'queuesize', 0]
[449254, 3, 0, [1.6362671852111816, -1.760346531867981]]
[449254, 4, 1, [12.393950462341309, -0.4262090027332306]]
[449254, 8, 1, [11.168495178222656, -2.8732805252075195]]
[449254, 2, 1, [3.6154301166534424, -11.900176048278809]]
[450954, 'popsize', 4, 'queuesize', 0]
[451304, 4, 1, [12.393973350524902, -0.3983578085899353]]
[451304, 8, 1, [11.297080039978027, -2.7954039573669434]]
[451304, 2, 1, [3.7806060314178467, -11.876161575317383]]
[452604, 'popsize', 3, 'queuesize', 0]
[452804, 4, 1, [12.393985748291016, -0.37813684344291687]]
[452804, 8, 1, [11.390185356140137, -2.7367472648620605]]
[452804, 2, 1, [3.899944305419922, -11.852262496948242]]
[454104, 'popsize', 3, 'queuesize', 0]
[454304, 4, 1, [12.393959999084473, -0.3581956923007965]]
[454304, 8, 1, [11.477373123168945, -2.6804282665252686]]
[454304, 2, 1, [4.022651672363281, -11.823902130126953]]
[455604, 'popsize', 3, 'queuesize', 0]
[455804, 4, 1, [12.393950462341309, -0.33763641119003296]]
[455804, 8, 1, [11.567365646362305, -2.620882511138916]]
[455804, 2, 1, [4.143338680267334, -11.792619705200195]]
[457104, 'popsize', 3, 'queuesize', 0]
[457304, 4, 1, [12.394012451171875, -0.31694868206977844]]
[457304, 8, 1, [11.659326553344727, -2.5589241981506348]]
[457304, 2, 1, [4.265130996704102, -11.757840156555176]]
[458604, 'popsize', 3, 'queuesize', 0]
[458804, 4, 1, [12.393918991088867, -0.29710671305656433]]
[458804, 8, 1, [11.746885299682617, -2.500849962234497]]
[458804, 2, 1, [4.384070873260498, -11.72010326385498]]
[460104, 'popsize', 3, 'queuesize', 0]
[460404, 8, 1, [11.835721969604492, -2.4385955333709717]]
[460404, 2, 1, [4.5099663734436035, -11.676795959472656]]
[461304, 'popsize', 2, 'queuesize', 0]
[461454, 8, 1, [11.897323608398438, -2.3938679695129395]]
[461454, 2, 1, [4.592351913452148, -11.646871566772461]]
[462354, 'popsize', 2, 'queuesize', 0]
[462504, 8, 1, [11.957221984863281, -2.3495681285858154]]
[462504, 2, 1, [4.67376708984375, -11.615979194641113]]
[463404, 'popsize', 2, 'queuesize', 0]
[463554, 8, 1, [12.021260261535645, -2.3026039600372314]]
[463554, 2, 1, [4.752656936645508, -11.585115432739258]]
[464454, 'popsize', 2, 'queuesize', 0]
[464604, 8, 1, [12.083059310913086, -2.2559642791748047]]
[464604, 2, 1, [4.834977626800537, -11.551125526428223]]
[465504, 'popsize', 2, 'queuesize', 0]
[465654, 8, 1, [12.143827438354492, -2.2099735736846924]]
[465654, 2, 1, [4.915074825286865, -11.516692161560059]]
[466554, 'popsize', 2, 'queuesize', 0]
[466704, 8, 1, [12.206521987915039, -2.1617658138275146]]
[466704, 2, 1, [4.995844841003418, -11.479872703552246]]
[467604, 'popsize', 2, 'queuesize', 0]
[467854, 2, 1, [5.082179546356201, -11.438348770141602]]
