[time, indiv, gender, coords]
[10050, 'popsize', 15, 'queuesize', 0]
[11550, 7, 0, [3.763373374938965, -1.1975085735321045]]
[11550, 5, 0, [9.32070541381836, -11.19301700592041]]
[11550, 15, 0, [9.280964851379395, -1.2065246105194092]]
[11550, 14, 0, [1.4286073446273804, -3.820591449737549]]
[11550, 20, 0, [8.737964630126953, -6.197762966156006]]
[11550, 4, 0, [11.711503028869629, -3.711247444152832]]
[11550, 17, 0, [4.198643684387207, -8.725682258605957]]
[11550, 6, 0, [0.9349092841148376, -8.759504318237305]]
[11550, 11, 1, [5.671311855316162, -1.206361174583435]]
[11550, 16, 1, [9.300375938415527, -8.71094036102295]]
[11550, 24, 1, [5.714189052581787, -6.223420143127441]]
[11550, 8, 1, [11.762863159179688, -6.212881565093994]]
[11550, 13, 1, [3.885434865951538, -11.165584564208984]]
[11550, 22, 1, [3.354189872741699, -6.154556751251221]]
[11550, 9, 1, [6.684629440307617, -11.228083610534668]]
[21450, 'popsize', 15, 'queuesize', 0]
[22800, 7, 0, [3.809272289276123, -1.2428444623947144]]
[22800, 5, 0, [10.226393699645996, -10.95607852935791]]
[22800, 15, 0, [10.171003341674805, -0.9486240148544312]]
[22800, 14, 0, [1.6925511360168457, -4.119431495666504]]
[22800, 20, 0, [8.737007141113281, -6.223312854766846]]
[22800, 4, 0, [12.381296157836914, -3.5293667316436768]]
[22800, 17, 0, [5.130251407623291, -8.546457290649414]]
[22800, 6, 0, [0.2510354220867157, -8.89442253112793]]
[22800, 11, 1, [5.081265449523926, -1.0233185291290283]]
[22800, 16, 1, [9.885411262512207, -8.555618286132812]]
[22800, 24, 1, [4.790182590484619, -6.0182366371154785]]
[22800, 8, 1, [12.379042625427246, -6.0615434646606445]]
[22800, 13, 1, [4.217289924621582, -11.036112785339355]]
[22800, 22, 1, [3.412468910217285, -6.359065055847168]]
[22800, 9, 1, [7.60479211807251, -11.031353950500488]]
[32450, 'popsize', 15, 'queuesize', 0]
[34000, 7, 0, [3.780022144317627, -1.692603349685669]]
[34000, 5, 0, [11.048056602478027, -10.552695274353027]]
[34000, 15, 0, [10.964862823486328, -0.5152733325958252]]
[34000, 14, 0, [1.7982219457626343, -4.18924617767334]]
[34000, 20, 0, [8.692476272583008, -6.264606952667236]]
[34000, 4, 0, [12.394265174865723, -3.3869760036468506]]
[34000, 17, 0, [5.8122477531433105, -8.274518966674805]]
[34000, 6, 0, [0.1241273358464241, -8.942541122436523]]
[34000, 11, 1, [4.94581937789917, -1.3240891695022583]]
[34000, 16, 1, [9.7944917678833, -8.916449546813965]]
[34000, 24, 1, [3.9374639987945557, -5.647884845733643]]
[34000, 8, 1, [12.39439868927002, -5.931714057922363]]
[34000, 13, 1, [4.180392265319824, -11.01748275756836]]
[34000, 22, 1, [4.062237739562988, -6.992523670196533]]
[34000, 9, 1, [8.436563491821289, -10.657331466674805]]
[43850, 'popsize', 15, 'queuesize', 0]
[45300, 7, 0, [3.6882057189941406, -2.0669050216674805]]
[45300, 5, 0, [11.310075759887695, -10.82138729095459]]
[45300, 15, 0, [11.251615524291992, -0.19112904369831085]]
[45300, 14, 0, [2.1697936058044434, -3.3162310123443604]]
[45300, 20, 0, [8.728582382202148, -6.277754306793213]]
[45300, 4, 0, [12.394020080566406, -3.2331740856170654]]
[45300, 17, 0, [6.379269123077393, -8.175898551940918]]
[45300, 6, 0, [0.12415357679128647, -8.953559875488281]]
[45300, 11, 1, [5.05012321472168, -1.7259401082992554]]
[45300, 16, 1, [9.412908554077148, -9.588722229003906]]
[45300, 24, 1, [3.149688243865967, -5.110714435577393]]
[45300, 8, 1, [12.393938064575195, -5.777490615844727]]
[45300, 13, 1, [4.414162635803223, -11.304461479187012]]
[45300, 22, 1, [4.86798620223999, -7.4912848472595215]]
[45300, 9, 1, [8.615450859069824, -10.365293502807617]]
[54950, 'popsize', 15, 'queuesize', 0]
[56400, 7, 0, [3.6884493827819824, -2.005422592163086]]
[56400, 5, 0, [11.651734352111816, -11.342559814453125]]
[56400, 15, 0, [11.211141586303711, -0.16095314919948578]]
[56400, 14, 0, [2.6998162269592285, -2.54992938041687]]
[56400, 20, 0, [8.741888999938965, -6.226000785827637]]
[56400, 4, 0, [12.394000053405762, -3.0836212635040283]]
[56400, 17, 0, [6.697115898132324, -8.25009822845459]]
[56400, 6, 0, [0.12415330857038498, -8.963388442993164]]
[56400, 11, 1, [5.720538139343262, -2.3192849159240723]]
[56400, 16, 1, [9.120009422302246, -10.453081130981445]]
[56400, 24, 1, [2.6442782878875732, -4.66649055480957]]
[56400, 8, 1, [12.38438606262207, -5.789245128631592]]
[56400, 13, 1, [4.386680603027344, -11.277345657348633]]
[56400, 22, 1, [5.432740688323975, -7.730762481689453]]
[56400, 9, 1, [7.767107009887695, -10.0046968460083]]
[65550, 'popsize', 15, 'queuesize', 0]
[66950, 7, 0, [3.942791223526001, -2.7194864749908447]]
[66950, 5, 0, [12.038376808166504, -11.311771392822266]]
[66950, 15, 0, [11.259509086608887, -0.1397898644208908]]
[66950, 14, 0, [2.9594945907592773, -2.5453171730041504]]
[66950, 20, 0, [8.682149887084961, -6.240319728851318]]
[66950, 4, 0, [12.383536338806152, -3.0880987644195557]]
[66950, 17, 0, [6.836491584777832, -9.07058048248291]]
[66950, 6, 0, [0.12415997684001923, -8.973569869995117]]
[66950, 11, 1, [6.3348917961120605, -2.9630038738250732]]
[66950, 16, 1, [9.013189315795898, -11.325532913208008]]
[66950, 24, 1, [2.6806881427764893, -4.719170093536377]]
[66950, 8, 1, [12.382866859436035, -5.754284858703613]]
[66950, 13, 1, [4.333221912384033, -11.219171524047852]]
[66950, 22, 1, [5.507498264312744, -7.924129962921143]]
[66950, 9, 1, [6.918330669403076, -9.851505279541016]]
[76100, 'popsize', 15, 'queuesize', 0]
[77500, 7, 0, [4.061142444610596, -3.5986392498016357]]
[77500, 5, 0, [12.184479713439941, -11.28868579864502]]
[77500, 15, 0, [11.235687255859375, -0.1952042579650879]]
[77500, 14, 0, [3.144967555999756, -3.4063117504119873]]
[77500, 20, 0, [8.643272399902344, -6.386255264282227]]
[77500, 4, 0, [12.065775871276855, -2.5838027000427246]]
[77500, 17, 0, [6.6136555671691895, -9.768378257751465]]
[77500, 6, 0, [0.12414887547492981, -8.98426342010498]]
[77500, 11, 1, [6.828307628631592, -3.69832444190979]]
[77500, 16, 1, [8.858078956604004, -12.105003356933594]]
[77500, 24, 1, [2.7340052127838135, -4.706396102905273]]
[77500, 8, 1, [12.392882347106934, -5.748446941375732]]
[77500, 13, 1, [4.541519641876221, -11.285845756530762]]
[77500, 22, 1, [6.162697792053223, -8.493263244628906]]
[77500, 9, 1, [6.533091068267822, -9.942903518676758]]
[86950, 'popsize', 16, 'queuesize', 0]
[88550, 7, 0, [4.101284980773926, -3.738926410675049]]
[88550, 5, 0, [12.217308044433594, -11.33248519897461]]
[88550, 15, 0, [11.210989952087402, -0.1487146019935608]]
[88550, 14, 0, [3.194871425628662, -4.089807987213135]]
[88550, 20, 0, [8.555549621582031, -6.743301868438721]]
[88550, 4, 0, [11.90478229522705, -2.335462808609009]]
[88550, 17, 0, [6.3526611328125, -10.398284912109375]]
[88550, 6, 0, [0.12415550649166107, -8.994338035583496]]
[88550, 11, 1, [7.068750858306885, -4.454977035522461]]
[88550, 16, 1, [8.741435050964355, -12.379404067993164]]
[88550, 24, 1, [2.722209930419922, -4.716899871826172]]
[88550, 8, 1, [12.251968383789062, -5.498675346374512]]
[88550, 13, 1, [5.126302719116211, -11.242903709411621]]
[88550, 22, 1, [6.804417610168457, -8.819412231445312]]
[88550, 9, 1, [6.5155205726623535, -9.959399223327637]]
[88550, 2, 1, [1.1444953680038452, -11.14981460571289]]
[98900, 'popsize', 16, 'queuesize', 0]
[100401, 7, 0, [4.398463249206543, -4.5348944664001465]]
[100401, 5, 0, [12.40137767791748, -11.010753631591797]]
[100401, 15, 0, [11.240034103393555, -0.13239096105098724]]
[100401, 14, 0, [3.211240530014038, -4.225264549255371]]
[100401, 20, 0, [8.624049186706543, -7.047004222869873]]
[100401, 4, 0, [12.384454727172852, -2.0343332290649414]]
[100401, 17, 0, [6.0519633293151855, -10.534419059753418]]
[100401, 6, 0, [0.12414993345737457, -9.006311416625977]]
[100401, 11, 1, [6.479247093200684, -5.160022258758545]]
[100401, 16, 1, [8.705419540405273, -12.37939453125]]
[100401, 24, 1, [2.8954927921295166, -4.281574249267578]]
[100401, 8, 1, [12.389432907104492, -5.222299575805664]]
[100401, 13, 1, [5.132515907287598, -11.212635040283203]]
[100401, 22, 1, [6.337530612945557, -9.226078033447266]]
[100401, 9, 1, [6.1186957359313965, -9.533687591552734]]
[100401, 2, 1, [1.0581450462341309, -11.179061889648438]]
[110601, 'popsize', 16, 'queuesize', 0]
[112251, 7, 0, [4.4584197998046875, -4.731258392333984]]
[112251, 5, 0, [12.393983840942383, -11.151244163513184]]
[112251, 15, 0, [10.924447059631348, -0.09480413794517517]]
[112251, 14, 0, [3.0753562450408936, -3.5055625438690186]]
[112251, 20, 0, [8.6612548828125, -7.040459156036377]]
[112251, 4, 0, [12.389660835266113, -2.047626256942749]]
[112251, 17, 0, [6.263619899749756, -10.425617218017578]]
[112251, 6, 0, [0.12415433675050735, -9.018509864807129]]
[112251, 11, 1, [5.813678741455078, -5.839524269104004]]
[112251, 16, 1, [8.667997360229492, -12.379355430603027]]
[112251, 24, 1, [2.825849771499634, -3.9907565116882324]]
[112251, 8, 1, [12.371785163879395, -5.043161869049072]]
[112251, 13, 1, [5.066596508026123, -11.117146492004395]]
[112251, 22, 1, [5.812762260437012, -10.045186996459961]]
[112251, 9, 1, [5.370184898376465, -8.908265113830566]]
[112251, 2, 1, [0.9478549957275391, -11.059942245483398]]
[122851, 'popsize', 16, 'queuesize', 0]
[124551, 7, 0, [4.479236125946045, -4.683316707611084]]
[124551, 5, 0, [12.365100860595703, -11.174772262573242]]
[124551, 15, 0, [10.860491752624512, -0.13426311314105988]]
[124551, 14, 0, [3.244159460067749, -3.578463554382324]]
[124551, 20, 0, [8.808659553527832, -7.149504661560059]]
[124551, 4, 0, [12.259115219116211, -1.81291663646698]]
[124551, 17, 0, [7.073719024658203, -9.831117630004883]]
[124551, 6, 0, [0.12414070218801498, -9.030659675598145]]
[124551, 11, 1, [5.628746509552002, -5.936373710632324]]
[124551, 16, 1, [8.62524127960205, -12.379349708557129]]
[124551, 24, 1, [2.7443044185638428, -3.753613233566284]]
[124551, 8, 1, [12.374343872070312, -5.059507369995117]]
[124551, 13, 1, [5.1089677810668945, -11.163007736206055]]
[124551, 22, 1, [5.420039653778076, -10.9765625]]
[124551, 9, 1, [4.465300559997559, -8.444479942321777]]
[124551, 2, 1, [0.9623503684997559, -11.040839195251465]]
[135351, 'popsize', 16, 'queuesize', 0]
[136951, 7, 0, [4.448849678039551, -4.756834506988525]]
[136951, 5, 0, [12.368673324584961, -11.177329063415527]]
[136951, 15, 0, [10.881068229675293, -0.12717688083648682]]
[136951, 14, 0, [3.435857057571411, -3.870884895324707]]
[136951, 20, 0, [8.982780456542969, -7.422499656677246]]
[136951, 4, 0, [11.747754096984863, -0.9189655780792236]]
[136951, 17, 0, [7.196381092071533, -9.395004272460938]]
[136951, 6, 0, [0.12414954602718353, -9.041996002197266]]
[136951, 11, 1, [5.902082920074463, -5.2886881828308105]]
[136951, 16, 1, [8.589301109313965, -12.382647514343262]]
[136951, 24, 1, [3.0435431003570557, -3.8071908950805664]]
[136951, 8, 1, [12.364805221557617, -5.0682501792907715]]
[136951, 13, 1, [5.077110767364502, -11.116357803344727]]
[136951, 22, 1, [5.236218452453613, -11.989884376525879]]
[136951, 9, 1, [3.4969491958618164, -8.202047348022461]]
[136951, 2, 1, [0.8137339949607849, -11.041511535644531]]
[147351, 'popsize', 16, 'queuesize', 0]
[148201, 7, 0, [3.961886405944824, -4.722362041473389]]
[148201, 5, 0, [12.36687183380127, -11.19711685180664]]
[148201, 15, 0, [10.91226577758789, -0.13499440252780914]]
[148201, 14, 0, [3.287382125854492, -4.121606349945068]]
[148201, 20, 0, [8.905035972595215, -7.4145402908325195]]
[148201, 4, 0, [11.655375480651855, -0.5264133214950562]]
[148201, 17, 0, [6.579171657562256, -8.725707054138184]]
[148201, 6, 0, [0.1241566389799118, -9.05346393585205]]
[148201, 11, 1, [5.844263553619385, -4.3878374099731445]]
[148201, 16, 1, [8.545881271362305, -12.385828971862793]]
[148201, 24, 1, [3.9721157550811768, -4.1068854331970215]]
[148201, 8, 1, [12.15401840209961, -4.910193920135498]]
[148201, 13, 1, [5.1239824295043945, -11.088505744934082]]
[148201, 22, 1, [5.217741966247559, -12.375140190124512]]
[148201, 9, 1, [2.78117036819458, -8.478547096252441]]
[148201, 2, 1, [0.7744162082672119, -11.020307540893555]]
[154751, 'popsize', 16, 'queuesize', 0]
[155901, 7, 0, [4.010218620300293, -4.6778178215026855]]
[155901, 5, 0, [12.35682201385498, -11.047452926635742]]
[155901, 15, 0, [10.699572563171387, -0.10350314527750015]]
[155901, 14, 0, [3.3152291774749756, -4.19327449798584]]
[155901, 20, 0, [8.921792984008789, -7.442880630493164]]
[155901, 4, 0, [11.795265197753906, -0.4089997410774231]]
[155901, 17, 0, [6.070267677307129, -8.373007774353027]]
[155901, 6, 0, [0.12414579093456268, -9.060211181640625]]
[155901, 11, 1, [5.575240135192871, -3.892472267150879]]
[155901, 16, 1, [8.517796516418457, -12.38784122467041]]
[155901, 24, 1, [4.525781154632568, -4.404541492462158]]
[155901, 8, 1, [12.147183418273926, -4.946843147277832]]
[155901, 13, 1, [5.0947370529174805, -11.092177391052246]]
[155901, 22, 1, [5.246983051300049, -12.377703666687012]]
[155901, 9, 1, [2.8969082832336426, -8.077031135559082]]
[155901, 2, 1, [0.7011260390281677, -10.960453033447266]]
[166451, 'popsize', 16, 'queuesize', 0]
[168151, 7, 0, [4.359944820404053, -4.54453706741333]]
[168151, 5, 0, [12.358296394348145, -11.109207153320312]]
[168151, 15, 0, [10.4918794631958, -0.10465437918901443]]
[168151, 14, 0, [4.144233226776123, -4.0980095863342285]]
[168151, 20, 0, [9.101929664611816, -7.520511150360107]]
[168151, 4, 0, [11.716936111450195, -0.13227079808712006]]
[168151, 17, 0, [5.814317226409912, -8.200258255004883]]
[168151, 6, 0, [0.12415509670972824, -9.072606086730957]]
[168151, 11, 1, [4.867655277252197, -3.3411264419555664]]
[168151, 16, 1, [8.401917457580566, -12.392019271850586]]
[168151, 24, 1, [5.292759418487549, -5.038809299468994]]
[168151, 8, 1, [12.355483055114746, -5.246332168579102]]
[168151, 13, 1, [5.105504035949707, -11.107885360717773]]
[168151, 22, 1, [5.337499141693115, -12.392386436462402]]
[168151, 9, 1, [2.992917776107788, -7.083863258361816]]
[168151, 2, 1, [0.778378963470459, -10.80862808227539]]
[179551, 'popsize', 16, 'queuesize', 0]
[181251, 7, 0, [4.396928787231445, -4.6198272705078125]]
[181251, 5, 0, [12.358830451965332, -10.874942779541016]]
[181251, 15, 0, [10.463261604309082, -0.14440679550170898]]
[181251, 14, 0, [4.644902229309082, -4.292553424835205]]
[181251, 20, 0, [9.437267303466797, -7.73097562789917]]
[181251, 4, 0, [11.620819091796875, -0.13486219942569733]]
[181251, 17, 0, [5.989941120147705, -7.552438735961914]]
[181251, 6, 0, [0.12415014952421188, -9.084623336791992]]
[181251, 11, 1, [3.8792779445648193, -3.233604907989502]]
[181251, 16, 1, [8.261819839477539, -12.392032623291016]]
[181251, 24, 1, [5.943346977233887, -5.919914245605469]]
[181251, 8, 1, [12.394331932067871, -5.0052170753479]]
[181251, 13, 1, [5.097453594207764, -11.124298095703125]]
[181251, 22, 1, [5.517998695373535, -12.35851001739502]]
[181251, 9, 1, [3.0043673515319824, -6.668752193450928]]
[181251, 2, 1, [0.7712355852127075, -10.689964294433594]]
[192601, 'popsize', 16, 'queuesize', 0]
[194301, 7, 0, [4.460746765136719, -4.578958988189697]]
[194301, 5, 0, [12.39159870147705, -10.996638298034668]]
[194301, 15, 0, [10.471343040466309, -0.14936362206935883]]
[194301, 14, 0, [5.1240315437316895, -5.268965244293213]]
[194301, 20, 0, [9.416264533996582, -7.55158805847168]]
[194301, 4, 0, [11.901089668273926, -0.15403243899345398]]
[194301, 17, 0, [6.141577243804932, -6.561433792114258]]
[194301, 6, 0, [0.12414253503084183, -9.097607612609863]]
[194301, 11, 1, [3.002218246459961, -3.6925203800201416]]
[194301, 16, 1, [8.125694274902344, -12.39201545715332]]
[194301, 24, 1, [6.29810905456543, -6.60034704208374]]
[194301, 8, 1, [12.393985748291016, -4.828133583068848]]
[194301, 13, 1, [5.084466934204102, -11.096857070922852]]
[194301, 22, 1, [5.185344219207764, -12.093413352966309]]
[194301, 9, 1, [3.0178773403167725, -6.645010471343994]]
[194301, 2, 1, [1.2827084064483643, -10.54629135131836]]
[206402, 'popsize', 17, 'queuesize', 0]
[208202, 7, 0, [4.652331829071045, -4.949224472045898]]
[208202, 5, 0, [12.350691795349121, -11.110230445861816]]
[208202, 15, 0, [10.474746704101562, -0.17351219058036804]]
[208202, 14, 0, [5.749855041503906, -5.922957897186279]]
[208202, 20, 0, [9.412848472595215, -7.538425445556641]]
[208202, 4, 0, [12.382648468017578, -0.09696554392576218]]
[208202, 17, 0, [6.815455436706543, -6.744065761566162]]
[208202, 6, 0, [0.12414336204528809, -9.110994338989258]]
[208202, 11, 1, [2.2220826148986816, -4.416489601135254]]
[208202, 16, 1, [7.973782539367676, -12.392023086547852]]
[208202, 24, 1, [6.640779972076416, -6.545698642730713]]
[208202, 8, 1, [12.393946647644043, -4.641450881958008]]
[208202, 13, 1, [5.07313871383667, -11.080617904663086]]
[208202, 22, 1, [4.098936557769775, -11.851727485656738]]
[208202, 9, 1, [3.6892707347869873, -6.717575550079346]]
[208202, 2, 1, [1.155944585800171, -10.525738716125488]]
[208202, 10, 1, [0.8182007074356079, -6.045251846313477]]
[220302, 'popsize', 17, 'queuesize', 0]
[222102, 7, 0, [4.7798566818237305, -5.106074810028076]]
[222102, 5, 0, [12.352890014648438, -10.832345962524414]]
[222102, 15, 0, [10.492684364318848, -0.1941283494234085]]
[222102, 14, 0, [6.787621974945068, -6.450535774230957]]
[222102, 20, 0, [9.439952850341797, -7.558985710144043]]
[222102, 4, 0, [12.382282257080078, -0.09609629213809967]]
[222102, 17, 0, [7.648591995239258, -7.538958549499512]]
[222102, 6, 0, [0.12416166812181473, -9.123892784118652]]
[222102, 11, 1, [1.1798129081726074, -4.532870769500732]]
[222102, 16, 1, [7.860904693603516, -12.391817092895508]]
[222102, 24, 1, [7.127107620239258, -7.454899311065674]]
[222102, 8, 1, [12.393940925598145, -4.451077938079834]]
[222102, 13, 1, [5.083132743835449, -11.114283561706543]]
[222102, 22, 1, [2.966374158859253, -11.947052955627441]]
[222102, 9, 1, [4.593417167663574, -6.604397773742676]]
[222102, 2, 1, [1.004908561706543, -10.666033744812012]]
[222102, 10, 1, [0.7420498728752136, -5.639903545379639]]
[234052, 'popsize', 17, 'queuesize', 0]
[235852, 7, 0, [4.749689102172852, -5.098583221435547]]
[235852, 5, 0, [12.384734153747559, -10.921512603759766]]
[235852, 15, 0, [10.520962715148926, -0.19408699870109558]]
[235852, 14, 0, [7.6695027351379395, -7.1934404373168945]]
[235852, 20, 0, [9.37659740447998, -7.3210368156433105]]
[235852, 4, 0, [12.38228702545166, -0.09610311686992645]]
[235852, 17, 0, [8.198885917663574, -7.646707534790039]]
[235852, 6, 0, [0.12413401901721954, -9.136926651000977]]
[235852, 11, 1, [0.36472347378730774, -5.176555156707764]]
[235852, 16, 1, [7.710547924041748, -12.392114639282227]]
[235852, 24, 1, [7.295920372009277, -8.038552284240723]]
[235852, 8, 1, [12.393986701965332, -4.264929294586182]]
[235852, 13, 1, [5.079893589019775, -11.06114673614502]]
[235852, 22, 1, [1.9135347604751587, -12.368263244628906]]
[235852, 9, 1, [4.57696533203125, -6.624305725097656]]
[235852, 2, 1, [0.9692961573600769, -10.361014366149902]]
[235852, 10, 1, [0.6981295347213745, -5.5430989265441895]]
[247102, 'popsize', 17, 'queuesize', 0]
[248852, 7, 0, [4.80999755859375, -5.234904766082764]]
[248852, 5, 0, [12.309663772583008, -10.991682052612305]]
[248852, 15, 0, [10.372917175292969, -0.1055685505270958]]
[248852, 14, 0, [7.929254531860352, -7.339269161224365]]
[248852, 20, 0, [9.643111228942871, -6.651595592498779]]
[248852, 4, 0, [12.38228702545166, -0.09610459208488464]]
[248852, 17, 0, [9.100028038024902, -7.061629772186279]]
[248852, 6, 0, [0.124146468937397, -9.14969253540039]]
[248852, 11, 1, [0.12365349382162094, -5.567603588104248]]
[248852, 16, 1, [7.570934772491455, -12.392048835754395]]
[248852, 24, 1, [7.154268741607666, -9.121001243591309]]
[248852, 8, 1, [12.394003868103027, -4.089089393615723]]
[248852, 13, 1, [5.072782039642334, -11.052409172058105]]
[248852, 22, 1, [1.6829161643981934, -12.39201831817627]]
[248852, 9, 1, [4.232875823974609, -6.11485481262207]]
[248852, 2, 1, [0.9959979057312012, -10.191288948059082]]
[248852, 10, 1, [1.1421493291854858, -5.005023956298828]]
[259752, 'popsize', 17, 'queuesize', 0]
[261352, 7, 0, [4.4144206047058105, -5.247827529907227]]
[261352, 5, 0, [12.39737319946289, -10.790068626403809]]
[261352, 15, 0, [10.199407577514648, -0.10607524961233139]]
[261352, 14, 0, [7.324000358581543, -7.00153923034668]]
[261352, 20, 0, [9.635597229003906, -6.805433750152588]]
[261352, 4, 0, [12.382288932800293, -0.09610241651535034]]
[261352, 17, 0, [9.819612503051758, -6.332837104797363]]
[261352, 6, 0, [0.12415307015180588, -9.161880493164062]]
[261352, 11, 1, [0.12363690137863159, -5.581264019012451]]
[261352, 16, 1, [7.436832427978516, -12.392023086547852]]
[261352, 24, 1, [6.948173999786377, -9.857352256774902]]
[261352, 8, 1, [12.393987655639648, -3.9185171127319336]]
[261352, 13, 1, [5.082936763763428, -11.063285827636719]]
[261352, 22, 1, [1.545576810836792, -12.392110824584961]]
[261352, 9, 1, [3.4343464374542236, -5.4612884521484375]]
[261352, 2, 1, [1.020674705505371, -10.185757637023926]]
[261352, 10, 1, [1.209120512008667, -4.979422569274902]]
[272102, 'popsize', 17, 'queuesize', 0]
[273702, 7, 0, [4.276773929595947, -5.252110958099365]]
[273702, 5, 0, [12.31252670288086, -10.810317993164062]]
[273702, 15, 0, [10.032295227050781, -0.10606028139591217]]
[273702, 14, 0, [6.561802387237549, -6.297574520111084]]
[273702, 20, 0, [9.395076751708984, -7.164300918579102]]
[273702, 4, 0, [12.382290840148926, -0.09610326588153839]]
[273702, 17, 0, [10.455034255981445, -5.536798477172852]]
[273702, 6, 0, [0.12414074689149857, -9.174062728881836]]
[273702, 11, 1, [0.12363725900650024, -5.592146396636963]]
[273702, 16, 1, [7.3023834228515625, -12.392106056213379]]
[273702, 24, 1, [6.579934597015381, -9.17302131652832]]
[273702, 8, 1, [12.393938064575195, -3.751596450805664]]
[273702, 13, 1, [5.084745407104492, -11.075093269348145]]
[273702, 22, 1, [1.410982370376587, -12.392032623291016]]
[273702, 9, 1, [2.516676425933838, -5.026134490966797]]
[273702, 2, 1, [0.856338381767273, -10.227546691894531]]
[273702, 10, 1, [1.5622156858444214, -5.5555877685546875]]
[284602, 'popsize', 17, 'queuesize', 0]
[285502, 7, 0, [3.707568645477295, -5.924164295196533]]
[285502, 5, 0, [12.312271118164062, -10.799168586730957]]
[285502, 15, 0, [9.865692138671875, -0.10602183640003204]]
[285502, 14, 0, [6.446130275726318, -5.845673084259033]]
[285502, 20, 0, [9.404086112976074, -7.125063896179199]]
[285502, 4, 0, [12.382291793823242, -0.09610356390476227]]
[285502, 17, 0, [10.883428573608398, -4.647793769836426]]
[285502, 6, 0, [0.12415008991956711, -9.185830116271973]]
[285502, 11, 1, [0.12364215403795242, -5.6035075187683105]]
[285502, 16, 1, [7.167182922363281, -12.392118453979492]]
[285502, 24, 1, [6.387932777404785, -8.77837085723877]]
[285502, 8, 1, [12.393948554992676, -3.586573600769043]]
[285502, 13, 1, [5.077732086181641, -11.09434986114502]]
[285502, 22, 1, [1.2799066305160522, -12.392129898071289]]
[285502, 9, 1, [1.562628149986267, -4.81057071685791]]
[285502, 2, 1, [0.8039218783378601, -10.21011734008789]]
[285502, 10, 1, [1.586208462715149, -5.537081241607666]]
[292452, 'popsize', 17, 'queuesize', 0]
[293452, 7, 0, [3.642890691757202, -5.996494770050049]]
[293452, 5, 0, [12.33802604675293, -10.832326889038086]]
[293452, 15, 0, [9.75976848602295, -0.10601731389760971]]
[293452, 14, 0, [6.527370929718018, -5.610380172729492]]
[293452, 20, 0, [9.517206192016602, -7.237618923187256]]
[293452, 4, 0, [12.382291793823242, -0.09610223025083542]]
[293452, 17, 0, [11.056588172912598, -4.017783164978027]]
[293452, 6, 0, [0.12414474040269852, -9.1939115524292]]
[293452, 11, 1, [0.12363822013139725, -5.610070705413818]]
[293452, 16, 1, [7.08297061920166, -12.392102241516113]]
[293452, 24, 1, [6.357355117797852, -8.726179122924805]]
[293452, 8, 1, [12.394065856933594, -3.477736234664917]]
[293452, 13, 1, [5.043508052825928, -11.066332817077637]]
[293452, 22, 1, [1.1932469606399536, -12.392024993896484]]
[293452, 9, 1, [0.9047476053237915, -4.800534725189209]]
[293452, 2, 1, [0.7632074356079102, -10.197890281677246]]
[293452, 10, 1, [1.5527002811431885, -5.567704677581787]]
[304103, 'popsize', 17, 'queuesize', 0]
[305903, 7, 0, [3.839829683303833, -6.326320648193359]]
[305903, 5, 0, [12.316539764404297, -10.815752983093262]]
[305903, 15, 0, [9.756972312927246, -0.14269095659255981]]
[305903, 14, 0, [6.6751322746276855, -5.174393653869629]]
[305903, 20, 0, [9.63201904296875, -7.440454006195068]]
[305903, 4, 0, [12.382295608520508, -0.09610443562269211]]
[305903, 17, 0, [11.140024185180664, -3.005704879760742]]
[305903, 6, 0, [0.12416425347328186, -9.20514965057373]]
[305903, 11, 1, [0.12364626675844193, -5.619053363800049]]
[305903, 16, 1, [6.979793548583984, -12.35920524597168]]
[305903, 24, 1, [6.301972389221191, -8.668745040893555]]
[305903, 8, 1, [12.393974304199219, -3.315305471420288]]
[305903, 13, 1, [5.353419780731201, -10.734186172485352]]
[305903, 22, 1, [1.0595349073410034, -12.392021179199219]]
[305903, 9, 1, [0.12007228285074234, -4.950461387634277]]
[305903, 2, 1, [0.7136669158935547, -10.236265182495117]]
[305903, 10, 1, [1.5667632818222046, -5.641118049621582]]
[317653, 'popsize', 17, 'queuesize', 0]
[319453, 7, 0, [3.5138235092163086, -7.203125476837158]]
[319453, 5, 0, [12.351259231567383, -10.703755378723145]]
[319453, 15, 0, [9.755518913269043, -0.16630220413208008]]
[319453, 14, 0, [6.954414367675781, -5.33070707321167]]
[319453, 20, 0, [9.599174499511719, -7.431446552276611]]
[319453, 4, 0, [12.382295608520508, -0.09610090404748917]]
[319453, 17, 0, [11.023825645446777, -2.170717716217041]]
[319453, 6, 0, [0.12413281202316284, -9.217646598815918]]
[319453, 11, 1, [0.12365096807479858, -5.633040904998779]]
[319453, 16, 1, [7.034240245819092, -12.385778427124023]]
[319453, 24, 1, [6.225444316864014, -8.624297142028809]]
[319453, 8, 1, [12.393970489501953, -3.1325430870056152]]
[319453, 13, 1, [5.333137035369873, -10.727858543395996]]
[319453, 22, 1, [0.9963417053222656, -12.37687873840332]]
[319453, 9, 1, [0.12826873362064362, -5.029369354248047]]
[319453, 2, 1, [0.7400693297386169, -10.233956336975098]]
[319453, 10, 1, [0.8888930082321167, -5.882201194763184]]
[331453, 'popsize', 17, 'queuesize', 0]
[333253, 7, 0, [3.811901569366455, -7.079034328460693]]
[333253, 5, 0, [12.363510131835938, -10.83161449432373]]
[333253, 15, 0, [9.765992164611816, -0.19143596291542053]]
[333253, 14, 0, [7.956599712371826, -5.909543514251709]]
[333253, 20, 0, [9.911964416503906, -7.738697528839111]]
[333253, 4, 0, [12.38230037689209, -0.09610556811094284]]
[333253, 17, 0, [10.325627326965332, -2.014815330505371]]
[333253, 6, 0, [0.12414693832397461, -9.230456352233887]]
[333253, 11, 1, [0.12364087998867035, -5.64672327041626]]
[333253, 16, 1, [7.2316718101501465, -12.393991470336914]]
[333253, 24, 1, [6.118707656860352, -8.607283592224121]]
[333253, 8, 1, [12.34200668334961, -3.0998754501342773]]
[333253, 13, 1, [5.397634983062744, -10.815844535827637]]
[333253, 22, 1, [0.9832757711410522, -12.376835823059082]]
[333253, 9, 1, [0.14457057416439056, -5.016735076904297]]
[333253, 2, 1, [0.7493323683738708, -10.213761329650879]]
[333253, 10, 1, [0.4688684642314911, -6.109882354736328]]
[345103, 'popsize', 17, 'queuesize', 0]
[346903, 7, 0, [3.529136896133423, -7.063404083251953]]
[346903, 5, 0, [12.319258689880371, -10.809048652648926]]
[346903, 15, 0, [9.782285690307617, -0.20065838098526]]
[346903, 14, 0, [8.778475761413574, -6.707139492034912]]
[346903, 20, 0, [10.157179832458496, -7.647721767425537]]
[346903, 4, 0, [12.382302284240723, -0.0961037278175354]]
[346903, 17, 0, [9.202163696289062, -2.053626775741577]]
[346903, 6, 0, [0.12415210157632828, -9.243417739868164]]
[346903, 11, 1, [0.12364800274372101, -5.657534599304199]]
[346903, 16, 1, [7.41668701171875, -12.39400577545166]]
[346903, 24, 1, [6.056665897369385, -8.518961906433105]]
[346903, 8, 1, [12.384964942932129, -3.22629451751709]]
[346903, 13, 1, [6.086328506469727, -10.831280708312988]]
[346903, 22, 1, [0.9718657732009888, -12.376838684082031]]
[346903, 9, 1, [0.17525158822536469, -5.023454666137695]]
[346903, 2, 1, [0.7506204843521118, -10.199060440063477]]
[346903, 10, 1, [0.12333120405673981, -5.982800006866455]]
[358653, 'popsize', 17, 'queuesize', 0]
[360453, 7, 0, [3.358454942703247, -7.059506416320801]]
[360453, 5, 0, [12.31130313873291, -10.843432426452637]]
[360453, 15, 0, [9.727051734924316, -0.11402269452810287]]
[360453, 14, 0, [9.263213157653809, -7.383167266845703]]
[360453, 20, 0, [10.846076011657715, -7.933649063110352]]
[360453, 4, 0, [12.382306098937988, -0.09610629081726074]]
[360453, 17, 0, [8.124383926391602, -2.371061325073242]]
[360453, 6, 0, [0.12414723634719849, -9.256990432739258]]
[360453, 11, 1, [0.12364654242992401, -5.671631813049316]]
[360453, 16, 1, [7.602128028869629, -12.39393138885498]]
[360453, 24, 1, [6.0437140464782715, -8.614912986755371]]
[360453, 8, 1, [12.387563705444336, -3.26694917678833]]
[360453, 13, 1, [6.459725856781006, -10.799297332763672]]
[360453, 22, 1, [0.9607738256454468, -12.376827239990234]]
[360453, 9, 1, [0.10634809732437134, -4.805952548980713]]
[360453, 2, 1, [0.7511961460113525, -10.184757232666016]]
[360453, 10, 1, [0.12333165109157562, -5.975975513458252]]
[372153, 'popsize', 17, 'queuesize', 0]
[373903, 7, 0, [3.181467294692993, -7.5349531173706055]]
[373903, 5, 0, [12.316638946533203, -10.858991622924805]]
[373903, 15, 0, [9.534208297729492, -0.10586238652467728]]
[373903, 14, 0, [8.604671478271484, -7.866977214813232]]
[373903, 20, 0, [10.83003044128418, -7.937136173248291]]
[373903, 4, 0, [12.382309913635254, -0.09610845893621445]]
[373903, 17, 0, [7.171911239624023, -2.9352922439575195]]
[373903, 6, 0, [0.12414728105068207, -9.270742416381836]]
[373903, 11, 1, [0.12363956868648529, -5.6837029457092285]]
[373903, 16, 1, [7.784725189208984, -12.393989562988281]]
[373903, 24, 1, [6.054494857788086, -8.714751243591309]]
[373903, 8, 1, [12.392077445983887, -3.3958888053894043]]
[373903, 13, 1, [6.426512241363525, -10.798684120178223]]
[373903, 22, 1, [0.9514657258987427, -12.376838684082031]]
[373903, 9, 1, [0.10787341743707657, -4.675234794616699]]
[373903, 2, 1, [0.7439876198768616, -10.168747901916504]]
[373903, 10, 1, [0.12333286553621292, -5.965945243835449]]
[385303, 'popsize', 17, 'queuesize', 0]
[387103, 7, 0, [3.0311338901519775, -7.584979057312012]]
[387103, 5, 0, [12.323744773864746, -10.86745834350586]]
[387103, 15, 0, [9.353642463684082, -0.10599971562623978]]
[387103, 14, 0, [7.614099979400635, -8.351827621459961]]
[387103, 20, 0, [10.7608060836792, -7.8430562019348145]]
[387103, 4, 0, [12.382311820983887, -0.09610466659069061]]
[387103, 17, 0, [6.405462265014648, -3.680812120437622]]
[387103, 6, 0, [0.1241435632109642, -9.283904075622559]]
[387103, 11, 1, [0.12364695221185684, -5.697028636932373]]
[387103, 16, 1, [7.963475227355957, -12.39394474029541]]
[387103, 24, 1, [6.0415568351745605, -8.756937026977539]]
[387103, 8, 1, [12.39207935333252, -3.538954734802246]]
[387103, 13, 1, [6.627245903015137, -10.722512245178223]]
[387103, 22, 1, [0.939873218536377, -12.376852035522461]]
[387103, 9, 1, [0.13292384147644043, -4.56502628326416]]
[387103, 2, 1, [0.6193088889122009, -10.121308326721191]]
[387103, 10, 1, [0.12333439290523529, -5.956915855407715]]
[397803, 'popsize', 17, 'queuesize', 0]
[399404, 7, 0, [2.9447684288024902, -7.218132019042969]]
[399404, 5, 0, [12.387184143066406, -10.933290481567383]]
[399404, 15, 0, [9.35496711730957, -0.12553031742572784]]
[399404, 14, 0, [6.587486743927002, -8.569664001464844]]
[399404, 20, 0, [10.581048011779785, -7.841843128204346]]
[399404, 4, 0, [12.382315635681152, -0.09610788524150848]]
[399404, 17, 0, [6.1359357833862305, -3.8942723274230957]]
[399404, 6, 0, [0.12416144460439682, -9.295479774475098]]
[399404, 11, 1, [0.12365584820508957, -5.708918571472168]]
[399404, 16, 1, [8.133859634399414, -12.393967628479004]]
[399404, 24, 1, [6.028881072998047, -8.819160461425781]]
[399404, 8, 1, [12.361471176147461, -3.6252729892730713]]
[399404, 13, 1, [6.981443405151367, -10.590702056884766]]
[399404, 22, 1, [0.9323704838752747, -12.376852035522461]]
[399404, 9, 1, [0.12541784346103668, -4.607038497924805]]
[399404, 2, 1, [0.6190235018730164, -10.131566047668457]]
[399404, 10, 1, [0.12333766371011734, -5.95177698135376]]
[410354, 'popsize', 17, 'queuesize', 0]
[412154, 7, 0, [2.9030544757843018, -7.055706024169922]]
[412154, 5, 0, [12.314934730529785, -10.925911903381348]]
[412154, 15, 0, [9.074426651000977, -0.3185957372188568]]
[412154, 14, 0, [5.533273220062256, -8.55599308013916]]
[412154, 20, 0, [10.690449714660645, -7.991336822509766]]
[412154, 4, 0, [12.382316589355469, -0.09610563516616821]]
[412154, 17, 0, [5.965858459472656, -3.6908819675445557]]
[412154, 6, 0, [0.12416744232177734, -9.308337211608887]]
[412154, 11, 1, [0.1236516684293747, -5.719707489013672]]
[412154, 16, 1, [8.304732322692871, -12.393959045410156]]
[412154, 24, 1, [6.846578598022461, -8.785677909851074]]
[412154, 8, 1, [12.379347801208496, -3.6881935596466064]]
[412154, 13, 1, [6.976446628570557, -10.567580223083496]]
[412154, 22, 1, [0.923582136631012, -12.376829147338867]]
[412154, 9, 1, [0.12451668828725815, -4.61569881439209]]
[412154, 2, 1, [0.6105734705924988, -10.13074016571045]]
[412154, 10, 1, [0.12333278357982635, -5.944896697998047]]
[422754, 'popsize', 17, 'queuesize', 0]
[423704, 7, 0, [3.7552096843719482, -7.104811668395996]]
[423704, 5, 0, [12.379231452941895, -10.988207817077637]]
[423704, 15, 0, [8.634035110473633, -0.4307992458343506]]
[423704, 14, 0, [4.541830062866211, -8.321663856506348]]
[423704, 20, 0, [10.885005950927734, -8.402411460876465]]
[423704, 4, 0, [12.382318496704102, -0.0961076021194458]]
[423704, 17, 0, [6.1968183517456055, -3.479336738586426]]
[423704, 6, 0, [0.12412792444229126, -9.319291114807129]]
[423704, 11, 1, [0.12364879995584488, -5.731240272521973]]
[423704, 16, 1, [8.625256538391113, -12.396771430969238]]
[423704, 24, 1, [7.298888206481934, -8.643521308898926]]
[423704, 8, 1, [12.379512786865234, -3.704700231552124]]
[423704, 13, 1, [6.859103202819824, -10.628750801086426]]
[423704, 22, 1, [0.9128624796867371, -12.376829147338867]]
[423704, 9, 1, [0.14287886023521423, -4.6337432861328125]]
[423704, 2, 1, [0.45305120944976807, -10.142496109008789]]
[423704, 10, 1, [0.12333386391401291, -5.940375804901123]]
[430604, 'popsize', 17, 'queuesize', 0]
[431804, 7, 0, [4.392505645751953, -7.289508819580078]]
[431804, 5, 0, [12.362640380859375, -10.978764533996582]]
[431804, 15, 0, [8.486837387084961, -0.3835350573062897]]
[431804, 14, 0, [3.9296422004699707, -8.066544532775879]]
[431804, 20, 0, [10.958800315856934, -8.458208084106445]]
[431804, 4, 0, [12.38232135772705, -0.09611191600561142]]
[431804, 17, 0, [6.244027614593506, -3.4894423484802246]]
[431804, 6, 0, [0.12416001409292221, -9.32639217376709]]
[431804, 11, 1, [0.12363976240158081, -5.734010219573975]]
[431804, 16, 1, [8.77968692779541, -12.396278381347656]]
[431804, 24, 1, [7.252956390380859, -9.151541709899902]]
[431804, 8, 1, [12.379572868347168, -3.7148640155792236]]
[431804, 13, 1, [6.7072978019714355, -10.83066177368164]]
[431804, 22, 1, [0.9076042771339417, -12.376825332641602]]
[431804, 9, 1, [0.25910642743110657, -4.191895961761475]]
[431804, 2, 1, [0.46876347064971924, -10.113523483276367]]
[431804, 10, 1, [0.1238706037402153, -5.939153671264648]]
[443004, 'popsize', 17, 'queuesize', 0]
[444804, 7, 0, [5.0335211753845215, -7.430531978607178]]
[444804, 5, 0, [12.39542293548584, -10.720234870910645]]
[444804, 15, 0, [8.496281623840332, -0.38295790553092957]]
[444804, 14, 0, [3.027371883392334, -7.501450061798096]]
[444804, 20, 0, [11.141019821166992, -8.068161964416504]]
[444804, 4, 0, [12.382320404052734, -0.09610769152641296]]
[444804, 17, 0, [6.458930492401123, -3.50327730178833]]
[444804, 6, 0, [0.12415701150894165, -9.339385032653809]]
[444804, 11, 1, [0.12364190816879272, -5.740461826324463]]
[444804, 16, 1, [8.54461669921875, -12.122332572937012]]
[444804, 24, 1, [7.0408406257629395, -10.18842601776123]]
[444804, 8, 1, [12.38424015045166, -3.748518228530884]]
[444804, 13, 1, [6.692581653594971, -10.780784606933594]]
[444804, 22, 1, [0.8980271220207214, -12.376826286315918]]
[444804, 9, 1, [0.3748830556869507, -3.1339309215545654]]
[444804, 2, 1, [0.47472772002220154, -10.112345695495605]]
[444804, 10, 1, [0.12434468418359756, -5.940490245819092]]
[456604, 'popsize', 17, 'queuesize', 0]
[458404, 7, 0, [4.597543716430664, -7.171080112457275]]
[458404, 5, 0, [12.325841903686523, -10.709595680236816]]
[458404, 15, 0, [8.47391128540039, -0.39607879519462585]]
[458404, 14, 0, [2.2160446643829346, -6.717694282531738]]
[458404, 20, 0, [12.013258934020996, -8.348319053649902]]
[458404, 4, 0, [12.382318496704102, -0.09610403329133987]]
[458404, 17, 0, [6.375777721405029, -3.8189244270324707]]
[458404, 6, 0, [0.12415854632854462, -9.351496696472168]]
[458404, 11, 1, [0.12364548444747925, -5.745937347412109]]
[458404, 16, 1, [8.614521980285645, -11.276284217834473]]
[458404, 24, 1, [6.766778945922852, -10.835603713989258]]
[458404, 8, 1, [12.379509925842285, -3.820652961730957]]
[458404, 13, 1, [6.603353023529053, -10.86453914642334]]
[458404, 22, 1, [0.8851505517959595, -12.376843452453613]]
[458404, 9, 1, [0.2867105305194855, -2.246304988861084]]
[458404, 2, 1, [0.4663527011871338, -10.090497016906738]]
[458404, 10, 1, [0.1246509775519371, -5.943975448608398]]
[469854, 'popsize', 17, 'queuesize', 0]
[471604, 7, 0, [4.334972381591797, -6.651432514190674]]
[471604, 5, 0, [12.377524375915527, -11.039027214050293]]
[471604, 15, 0, [8.466497421264648, -0.40759754180908203]]
[471604, 14, 0, [2.0845024585723877, -6.750315189361572]]
[471604, 20, 0, [12.228941917419434, -8.839313507080078]]
[471604, 4, 0, [12.382319450378418, -0.09610645473003387]]
[471604, 17, 0, [6.044783592224121, -3.6711251735687256]]
[471604, 6, 0, [0.12414847314357758, -9.36281681060791]]
[471604, 11, 1, [0.12363950908184052, -5.75254487991333]]
[471604, 16, 1, [9.510193824768066, -11.032845497131348]]
[471604, 24, 1, [6.344488143920898, -10.980531692504883]]
[471604, 8, 1, [12.379348754882812, -3.865454912185669]]
[471604, 13, 1, [6.170071125030518, -10.942484855651855]]
[471604, 22, 1, [0.874126136302948, -12.376846313476562]]
[471604, 9, 1, [0.3130365014076233, -2.2320923805236816]]
[471604, 2, 1, [0.3424263596534729, -10.029881477355957]]
[471604, 10, 1, [0.12485457956790924, -5.948493480682373]]
[483154, 'popsize', 17, 'queuesize', 0]
[484854, 7, 0, [4.245723724365234, -6.88826847076416]]
[484854, 5, 0, [12.356610298156738, -11.012679100036621]]
[484854, 15, 0, [8.469611167907715, -0.4125654399394989]]
[484854, 14, 0, [1.4198262691497803, -7.639935493469238]]
[484854, 20, 0, [12.373177528381348, -9.350051879882812]]
[484854, 4, 0, [12.38232135772705, -0.09610934555530548]]
[484854, 17, 0, [6.409300327301025, -3.575761079788208]]
[484854, 6, 0, [0.12414377927780151, -9.376139640808105]]
[484854, 11, 1, [0.12364596873521805, -5.760526657104492]]
[484854, 16, 1, [9.907522201538086, -11.298837661743164]]
[484854, 24, 1, [6.1576762199401855, -10.889630317687988]]
[484854, 8, 1, [12.37939167022705, -3.905186891555786]]
[484854, 13, 1, [6.312707901000977, -10.802135467529297]]
[484854, 22, 1, [0.8655349016189575, -12.376842498779297]]
[484854, 9, 1, [0.6665884852409363, -1.95229172706604]]
[484854, 2, 1, [0.3415530025959015, -10.019957542419434]]
[484854, 10, 1, [0.12490599602460861, -5.953942775726318]]
[496554, 'popsize', 17, 'queuesize', 0]
[498304, 7, 0, [4.446154594421387, -6.721193313598633]]
[498304, 5, 0, [12.393108367919922, -11.255454063415527]]
[498304, 15, 0, [8.469264030456543, -0.42667677998542786]]
[498304, 14, 0, [0.5656273365020752, -8.370413780212402]]
[498304, 20, 0, [12.37580680847168, -9.433232307434082]]
[498304, 4, 0, [12.38232135772705, -0.09610778093338013]]
[498304, 17, 0, [6.317527770996094, -3.873250961303711]]
[498304, 6, 0, [0.12414257228374481, -9.388833999633789]]
[498304, 11, 1, [0.12364285439252853, -5.770020484924316]]
[498304, 16, 1, [9.770271301269531, -12.239893913269043]]
[498304, 24, 1, [6.145951747894287, -10.628422737121582]]
[498304, 8, 1, [12.379390716552734, -3.9301769733428955]]
[498304, 13, 1, [6.539188861846924, -10.837969779968262]]
[498304, 22, 1, [0.8549053072929382, -12.37684154510498]]
[498304, 9, 1, [0.8093683123588562, -1.7810357809066772]]
[498304, 2, 1, [0.3348219096660614, -10.003009796142578]]
[498304, 10, 1, [0.12489373981952667, -5.960965156555176]]
[509955, 'popsize', 17, 'queuesize', 0]
[511705, 7, 0, [4.522319793701172, -7.0325703620910645]]
[511705, 5, 0, [12.397370338439941, -11.453049659729004]]
[511705, 15, 0, [8.4702787399292, -0.4395461082458496]]
[511705, 14, 0, [0.27097293734550476, -8.556976318359375]]
[511705, 20, 0, [12.376667022705078, -9.444578170776367]]
[511705, 4, 0, [12.382317543029785, -0.0961068719625473]]
[511705, 17, 0, [6.314647674560547, -4.475857734680176]]
[511705, 6, 0, [0.12415039539337158, -9.402091979980469]]
[511705, 11, 1, [0.1236538365483284, -5.780307769775391]]
[511705, 16, 1, [9.70652961730957, -12.376862525939941]]
[511705, 24, 1, [5.611321926116943, -10.694031715393066]]
[511705, 8, 1, [12.375740051269531, -3.943375825881958]]
[511705, 13, 1, [6.911679267883301, -10.885727882385254]]
[511705, 22, 1, [0.8445793986320496, -12.376852989196777]]
[511705, 9, 1, [1.113998293876648, -1.5003249645233154]]
[511705, 2, 1, [0.20806308090686798, -9.939751625061035]]
[511705, 10, 1, [0.12490203976631165, -5.9689249992370605]]
[523705, 'popsize', 17, 'queuesize', 0]
[525505, 7, 0, [4.165140151977539, -8.120672225952148]]
[525505, 5, 0, [12.387125015258789, -11.531702041625977]]
[525505, 15, 0, [8.491212844848633, -0.44993770122528076]]
[525505, 14, 0, [0.2726447880268097, -8.559185981750488]]
[525505, 20, 0, [12.376667022705078, -9.454666137695312]]
[525505, 4, 0, [12.382314682006836, -0.09610501676797867]]
[525505, 17, 0, [6.126228332519531, -5.01489782333374]]
[525505, 6, 0, [0.12414724379777908, -9.416687965393066]]
[525505, 11, 1, [0.123636893928051, -5.7920241355896]]
[525505, 16, 1, [9.697226524353027, -12.376852989196777]]
[525505, 24, 1, [6.181987285614014, -10.986549377441406]]
[525505, 8, 1, [12.384223937988281, -3.95894455909729]]
[525505, 13, 1, [6.886376857757568, -10.887232780456543]]
[525505, 22, 1, [0.8327456116676331, -12.376852035522461]]
[525505, 9, 1, [1.3839365243911743, -1.1590694189071655]]
[525505, 2, 1, [0.21020843088626862, -9.917211532592773]]
[525505, 10, 1, [0.12459485977888107, -5.980380535125732]]
[537105, 'popsize', 17, 'queuesize', 0]
[538805, 7, 0, [3.5945770740509033, -9.084779739379883]]
[538805, 5, 0, [12.404081344604492, -11.297609329223633]]
[538805, 15, 0, [8.503742218017578, -0.4500267803668976]]
[538805, 14, 0, [0.27393338084220886, -8.545902252197266]]
[538805, 20, 0, [12.37667179107666, -9.461891174316406]]
[538805, 4, 0, [12.382312774658203, -0.09610345959663391]]
[538805, 17, 0, [5.4373779296875, -5.878172397613525]]
[538805, 6, 0, [0.12415184825658798, -9.429723739624023]]
[538805, 11, 1, [0.12365175038576126, -5.8043365478515625]]
[538805, 16, 1, [9.68518352508545, -12.376834869384766]]
[538805, 24, 1, [6.434143543243408, -10.619817733764648]]
[538805, 8, 1, [12.38440990447998, -4.025388717651367]]
[538805, 13, 1, [6.933271884918213, -10.652482986450195]]
[538805, 22, 1, [0.8239145278930664, -12.376815795898438]]
[538805, 9, 1, [1.351332426071167, -1.0979050397872925]]
[538805, 2, 1, [0.12923187017440796, -9.915489196777344]]
[538805, 10, 1, [0.12412206083536148, -5.996002197265625]]
[549655, 'popsize', 17, 'queuesize', 0]
[551305, 7, 0, [2.8765881061553955, -9.850719451904297]]
[551305, 5, 0, [12.377902030944824, -11.191052436828613]]
[551305, 15, 0, [8.481720924377441, -0.45517697930336]]
[551305, 14, 0, [0.13941888511180878, -8.391654014587402]]
[551305, 20, 0, [12.376665115356445, -9.467456817626953]]
[551305, 4, 0, [12.382312774658203, -0.09610171616077423]]
[551305, 17, 0, [5.104355335235596, -6.5832953453063965]]
[551305, 6, 0, [0.12414602935314178, -9.441049575805664]]
[551305, 11, 1, [0.12364544719457626, -5.815457344055176]]
[551305, 16, 1, [9.672775268554688, -12.376814842224121]]
[551305, 24, 1, [6.252468109130859, -10.363436698913574]]
[551305, 8, 1, [12.401848793029785, -4.219038963317871]]
[551305, 13, 1, [7.011430740356445, -10.318449020385742]]
[551305, 22, 1, [0.8148942589759827, -12.376843452453613]]
[551305, 9, 1, [1.1419631242752075, -1.1117284297943115]]
[551305, 2, 1, [0.12335315346717834, -9.898515701293945]]
[551305, 10, 1, [0.1241433396935463, -6.0079827308654785]]
[560605, 'popsize', 17, 'queuesize', 0]
[561505, 7, 0, [2.3979990482330322, -10.267971992492676]]
[561505, 5, 0, [12.393318176269531, -11.097779273986816]]
[561505, 15, 0, [8.702289581298828, -0.17334693670272827]]
[561505, 14, 0, [0.33566972613334656, -8.41172981262207]]
[561505, 20, 0, [12.37665843963623, -9.471946716308594]]
[561505, 4, 0, [12.38231372833252, -0.09610459208488464]]
[561505, 17, 0, [5.05338716506958, -6.568007469177246]]
[561505, 6, 0, [0.1241498813033104, -9.451814651489258]]
[561505, 11, 1, [0.12364498525857925, -5.824775695800781]]
[561505, 16, 1, [9.666036605834961, -12.376832008361816]]
[561505, 24, 1, [5.851709365844727, -9.563679695129395]]
[561505, 8, 1, [12.373916625976562, -4.303424835205078]]
[561505, 13, 1, [7.027470588684082, -10.361897468566895]]
[561505, 22, 1, [0.8072398900985718, -12.376845359802246]]
[561505, 9, 1, [1.238473892211914, -1.2101423740386963]]
[561505, 2, 1, [0.12334514409303665, -9.885875701904297]]
[561505, 10, 1, [0.12414944916963577, -6.017109394073486]]
[568405, 'popsize', 17, 'queuesize', 0]
[569355, 7, 0, [2.270087480545044, -9.969889640808105]]
[569355, 5, 0, [12.394003868103027, -10.984304428100586]]
[569355, 15, 0, [8.559149742126465, -0.09505721181631088]]
[569355, 14, 0, [0.6676282286643982, -8.34947395324707]]
[569355, 20, 0, [12.376664161682129, -9.475130081176758]]
[569355, 4, 0, [12.38231372833252, -0.09610350430011749]]
[569355, 17, 0, [5.063022136688232, -6.679499626159668]]
[569355, 6, 0, [0.12415683269500732, -9.459290504455566]]
[569355, 11, 1, [0.12364870309829712, -5.832294464111328]]
[569355, 16, 1, [9.658368110656738, -12.376815795898438]]
[569355, 24, 1, [5.704448223114014, -9.045361518859863]]
[569355, 8, 1, [12.357972145080566, -4.304013252258301]]
[569355, 13, 1, [7.0645575523376465, -10.379081726074219]]
[569355, 22, 1, [0.8003265857696533, -12.376840591430664]]
[569355, 9, 1, [1.2002732753753662, -1.1224467754364014]]
[569355, 2, 1, [0.1233513280749321, -9.87393856048584]]
[569355, 10, 1, [0.12416071444749832, -6.023741245269775]]
[579705, 'popsize', 17, 'queuesize', 0]
[581505, 7, 0, [2.6030287742614746, -9.90813159942627]]
[581505, 5, 0, [12.393954277038574, -10.829463005065918]]
[581505, 15, 0, [8.124119758605957, -0.09570606052875519]]
[581505, 14, 0, [1.0484527349472046, -8.969111442565918]]
[581505, 20, 0, [12.37667179107666, -9.479870796203613]]
[581505, 4, 0, [12.382316589355469, -0.09610891342163086]]
[581505, 17, 0, [5.353176593780518, -6.011053562164307]]
[581505, 6, 0, [0.12413749098777771, -9.470880508422852]]
[581505, 11, 1, [0.12364360690116882, -5.843955039978027]]
[581505, 16, 1, [9.64853572845459, -12.376827239990234]]
[581505, 24, 1, [5.310849189758301, -9.079463958740234]]
[581505, 8, 1, [12.069119453430176, -4.126145839691162]]
[581505, 13, 1, [7.027790546417236, -10.372626304626465]]
[581505, 22, 1, [0.7915330529212952, -12.37685489654541]]
[581505, 9, 1, [1.0727709531784058, -0.8630644083023071]]
[581505, 2, 1, [0.1233464851975441, -9.859321594238281]]
[581505, 10, 1, [0.12412840873003006, -6.035465240478516]]
[593255, 'popsize', 17, 'queuesize', 0]
[595055, 7, 0, [2.5907671451568604, -9.930957794189453]]
[595055, 5, 0, [12.39399528503418, -10.646000862121582]]
[595055, 15, 0, [8.065147399902344, -0.12170592695474625]]
[595055, 14, 0, [1.104255199432373, -9.549562454223633]]
[595055, 20, 0, [12.376779556274414, -9.485939025878906]]
[595055, 4, 0, [12.382317543029785, -0.09610666334629059]]
[595055, 17, 0, [5.620179176330566, -4.937802314758301]]
[595055, 6, 0, [0.12414857000112534, -9.484678268432617]]
[595055, 11, 1, [0.12364070117473602, -5.85754919052124]]
[595055, 16, 1, [9.638232231140137, -12.376834869384766]]
[595055, 24, 1, [4.174452781677246, -9.124343872070312]]
[595055, 8, 1, [11.854127883911133, -3.97709584236145]]
[595055, 13, 1, [7.00701904296875, -10.364116668701172]]
[595055, 22, 1, [0.7829688787460327, -12.376842498779297]]
[595055, 9, 1, [1.0783287286758423, -0.8761694431304932]]
[595055, 2, 1, [0.12334051728248596, -9.842857360839844]]
[595055, 10, 1, [0.12415251135826111, -6.049129486083984]]
[607006, 'popsize', 17, 'queuesize', 0]
[611806, 2, 1, [0.12334321439266205, -9.822511672973633]]
[611806, 10, 1, [0.12415526807308197, -6.064594268798828]]
[613356, 'popsize', 2, 'queuesize', 0]
[613656, 2, 1, [0.12334970384836197, -9.820257186889648]]
[613656, 10, 1, [0.1241539940237999, -6.066347599029541]]
[615256, 'popsize', 2, 'queuesize', 0]
[615556, 2, 1, [0.12334422022104263, -9.817817687988281]]
[615556, 10, 1, [0.12415627390146255, -6.068479537963867]]
[617156, 'popsize', 2, 'queuesize', 0]
[617456, 2, 1, [0.12334815412759781, -9.814775466918945]]
[617456, 10, 1, [0.12414060533046722, -6.070434093475342]]
[619006, 'popsize', 2, 'queuesize', 0]
[619256, 2, 1, [0.12334585189819336, -9.811625480651855]]
[619256, 10, 1, [0.12412389367818832, -6.071897506713867]]
[620756, 'popsize', 2, 'queuesize', 0]
[621056, 2, 1, [0.12333516031503677, -9.808955192565918]]
[621056, 10, 1, [0.12414857000112534, -6.073437690734863]]
[622606, 'popsize', 2, 'queuesize', 0]
[622906, 2, 1, [0.12334907799959183, -9.806355476379395]]
[622906, 10, 1, [0.124135822057724, -6.074763298034668]]
[624256, 'popsize', 2, 'queuesize', 0]
[624756, 10, 1, [0.12414857000112534, -6.076235771179199]]
