[time, indiv, gender, coords]
[7550, 'popsize', 15, 'queuesize', 0]
[8350, 7, 0, [3.260118007659912, -1.228832483291626]]
[8350, 0, 0, [11.149524688720703, -1.2632695436477661]]
[8350, 20, 0, [8.934128761291504, -6.212364196777344]]
[8350, 2, 0, [1.21674644947052, -11.301193237304688]]
[8350, 12, 0, [11.61832332611084, -8.723869323730469]]
[8350, 23, 0, [6.198087215423584, -3.7963132858276367]]
[8350, 5, 0, [8.808762550354004, -11.234895706176758]]
[8350, 6, 0, [0.957322895526886, -8.737348556518555]]
[8350, 16, 1, [9.179802894592285, -8.72496223449707]]
[8350, 22, 1, [3.7969577312469482, -6.273266792297363]]
[8350, 15, 1, [8.785392761230469, -1.240700125694275]]
[8350, 24, 1, [6.4781084060668945, -6.258432865142822]]
[8350, 18, 1, [3.799675941467285, -3.81056547164917]]
[8350, 19, 1, [9.082449913024902, -3.736093044281006]]
[8350, 21, 1, [6.1863837242126465, -8.722285270690918]]
[14700, 'popsize', 15, 'queuesize', 0]
[15550, 7, 0, [2.666414976119995, -1.1283890008926392]]
[15550, 0, 0, [11.1473388671875, -1.332623839378357]]
[15550, 20, 0, [8.913484573364258, -6.200960636138916]]
[15550, 2, 0, [1.2332837581634521, -11.296818733215332]]
[15550, 12, 0, [12.209887504577637, -8.622323989868164]]
[15550, 23, 0, [6.217979907989502, -3.806515693664551]]
[15550, 5, 0, [8.911689758300781, -10.638264656066895]]
[15550, 6, 0, [0.3859108090400696, -8.597308158874512]]
[15550, 16, 1, [9.762514114379883, -8.614975929260254]]
[15550, 22, 1, [3.7199223041534424, -6.4845123291015625]]
[15550, 15, 1, [9.158427238464355, -1.5277692079544067]]
[15550, 24, 1, [6.216253757476807, -6.181382179260254]]
[15550, 18, 1, [4.285606384277344, -4.171863079071045]]
[15550, 19, 1, [9.673856735229492, -3.6402246952056885]]
[15550, 21, 1, [6.194678783416748, -8.699854850769043]]
[21800, 'popsize', 15, 'queuesize', 0]
[22800, 7, 0, [2.09733510017395, -0.9544867873191833]]
[22800, 0, 0, [11.155572891235352, -1.4078283309936523]]
[22800, 20, 0, [8.902413368225098, -6.192548751831055]]
[22800, 2, 0, [1.0799336433410645, -11.388612747192383]]
[22800, 12, 0, [12.383890151977539, -8.537151336669922]]
[22800, 23, 0, [6.242936611175537, -3.8014378547668457]]
[22800, 5, 0, [9.095008850097656, -10.062335014343262]]
[22800, 6, 0, [0.12333212047815323, -8.481095314025879]]
[22800, 16, 1, [10.310051918029785, -8.422578811645508]]
[22800, 22, 1, [3.6530423164367676, -6.57690954208374]]
[22800, 15, 1, [9.65015983581543, -1.8568094968795776]]
[22800, 24, 1, [6.4485979080200195, -6.3696370124816895]]
[22800, 18, 1, [4.713889122009277, -4.598891258239746]]
[22800, 19, 1, [10.24231243133545, -3.4623939990997314]]
[22800, 21, 1, [6.217580318450928, -8.686511993408203]]
[28950, 'popsize', 15, 'queuesize', 0]
[29800, 7, 0, [1.5498472452163696, -0.7068608999252319]]
[29800, 0, 0, [11.196582794189453, -1.5101685523986816]]
[29800, 20, 0, [8.895414352416992, -6.213919162750244]]
[29800, 2, 0, [0.9525631666183472, -11.436747550964355]]
[29800, 12, 0, [12.394451141357422, -8.43871021270752]]
[29800, 23, 0, [6.260862350463867, -3.7857789993286133]]
[29800, 5, 0, [9.33635425567627, -9.526108741760254]]
[29800, 6, 0, [0.1233338788151741, -8.476597785949707]]
[29800, 16, 1, [10.835006713867188, -8.150125503540039]]
[29800, 22, 1, [3.655782461166382, -6.36186408996582]]
[29800, 15, 1, [10.16817855834961, -2.12650203704834]]
[29800, 24, 1, [6.399230480194092, -6.21488094329834]]
[29800, 18, 1, [5.068459510803223, -5.065998077392578]]
[29800, 19, 1, [10.764812469482422, -3.222799777984619]]
[29800, 21, 1, [6.194324016571045, -8.624279022216797]]
[36050, 'popsize', 15, 'queuesize', 0]
[36850, 7, 0, [1.042503833770752, -0.39830729365348816]]
[36850, 0, 0, [11.247640609741211, -1.5798146724700928]]
[36850, 20, 0, [8.898481369018555, -6.233891010284424]]
[36850, 2, 0, [0.7031494975090027, -11.805423736572266]]
[36850, 12, 0, [12.37963581085205, -8.42597770690918]]
[36850, 23, 0, [6.263157844543457, -3.757746458053589]]
[36850, 5, 0, [9.64518928527832, -9.017396926879883]]
[36850, 6, 0, [0.1233341321349144, -8.473223686218262]]
[36850, 16, 1, [11.301834106445312, -7.804932594299316]]
[36850, 22, 1, [3.6288723945617676, -6.186102867126465]]
[36850, 15, 1, [10.724132537841797, -2.326526641845703]]
[36850, 24, 1, [6.405758380889893, -5.622281551361084]]
[36850, 18, 1, [5.371462821960449, -5.579911708831787]]
[36850, 19, 1, [11.253926277160645, -2.9167966842651367]]
[36850, 21, 1, [6.043601989746094, -8.07682991027832]]
[42950, 'popsize', 15, 'queuesize', 0]
[43750, 7, 0, [0.7114250659942627, -0.1350249946117401]]
[43750, 0, 0, [11.225619316101074, -1.6628748178482056]]
[43750, 20, 0, [8.910432815551758, -6.244042873382568]]
[43750, 2, 0, [0.6265482902526855, -11.899609565734863]]
[43750, 12, 0, [12.37934398651123, -8.442683219909668]]
[43750, 23, 0, [6.259572505950928, -3.7388405799865723]]
[43750, 5, 0, [10.003722190856934, -8.556360244750977]]
[43750, 6, 0, [0.12333507835865021, -8.469992637634277]]
[43750, 16, 1, [11.701689720153809, -7.39578914642334]]
[43750, 22, 1, [3.4257497787475586, -6.288061618804932]]
[43750, 15, 1, [11.098779678344727, -2.3955678939819336]]
[43750, 24, 1, [6.320298194885254, -5.054751396179199]]
[43750, 18, 1, [5.5980119705200195, -6.111949443817139]]
[43750, 19, 1, [11.681614875793457, -2.5391416549682617]]
[43750, 21, 1, [5.826302528381348, -7.565581798553467]]
[49900, 'popsize', 15, 'queuesize', 0]
[50700, 7, 0, [0.7091870307922363, -0.12398071587085724]]
[50700, 0, 0, [11.283352851867676, -1.6886078119277954]]
[50700, 20, 0, [8.927425384521484, -6.249395370483398]]
[50700, 2, 0, [0.624670147895813, -11.908889770507812]]
[50700, 12, 0, [12.379632949829102, -8.454148292541504]]
[50700, 23, 0, [6.2470831871032715, -3.7314608097076416]]
[50700, 5, 0, [10.414772987365723, -8.143394470214844]]
[50700, 6, 0, [0.12333367019891739, -8.465682029724121]]
[50700, 16, 1, [12.04501724243164, -6.938997745513916]]
[50700, 22, 1, [3.4360158443450928, -6.273810386657715]]
[50700, 15, 1, [11.270927429199219, -2.4689056873321533]]
[50700, 24, 1, [6.196894645690918, -4.663857936859131]]
[50700, 18, 1, [5.765431880950928, -6.675004959106445]]
[50700, 19, 1, [12.057744026184082, -2.0992369651794434]]
[50700, 21, 1, [5.537165641784668, -7.075491428375244]]
[56850, 'popsize', 15, 'queuesize', 0]
[57650, 7, 0, [0.6995977163314819, -0.12380129843950272]]
[57650, 0, 0, [11.349888801574707, -1.7131836414337158]]
[57650, 20, 0, [8.792261123657227, -6.260308742523193]]
[57650, 2, 0, [0.6532678008079529, -11.923833847045898]]
[57650, 12, 0, [12.381121635437012, -8.467138290405273]]
[57650, 23, 0, [6.229700088500977, -3.7306628227233887]]
[57650, 5, 0, [10.881080627441406, -7.795780181884766]]
[57650, 6, 0, [0.12333478778600693, -8.461897850036621]]
[57650, 16, 1, [12.337212562561035, -6.4377970695495605]]
[57650, 22, 1, [3.4406139850616455, -6.2582197189331055]]
[57650, 15, 1, [11.364898681640625, -2.547126054763794]]
[57650, 24, 1, [6.384774208068848, -4.839205741882324]]
[57650, 18, 1, [5.811026096343994, -6.814391613006592]]
[57650, 19, 1, [12.376261711120605, -1.6273250579833984]]
[57650, 21, 1, [5.2391438484191895, -6.677530288696289]]
[63900, 'popsize', 15, 'queuesize', 0]
[64700, 7, 0, [0.6913804411888123, -0.12364113330841064]]
[64700, 0, 0, [11.266348838806152, -1.8795850276947021]]
[64700, 20, 0, [8.715631484985352, -6.270802021026611]]
[64700, 2, 0, [0.6647738218307495, -11.935218811035156]]
[64700, 12, 0, [12.384391784667969, -8.494464874267578]]
[64700, 23, 0, [6.211950302124023, -3.7419955730438232]]
[64700, 5, 0, [11.395942687988281, -7.500112533569336]]
[64700, 6, 0, [0.12333542853593826, -8.458889961242676]]
[64700, 16, 1, [12.395130157470703, -6.1918864250183105]]
[64700, 22, 1, [3.362617015838623, -5.957613468170166]]
[64700, 15, 1, [11.504637718200684, -2.5076801776885986]]
[64700, 24, 1, [5.985377311706543, -4.647866249084473]]
[64700, 18, 1, [5.792054176330566, -6.221165180206299]]
[64700, 19, 1, [12.404889106750488, -1.3247230052947998]]
[64700, 21, 1, [5.242875099182129, -6.678256988525391]]
[70900, 'popsize', 15, 'queuesize', 0]
[71700, 7, 0, [0.6845912933349609, -0.12364005297422409]]
[71700, 0, 0, [11.08710765838623, -2.007680654525757]]
[71700, 20, 0, [8.866436004638672, -6.14055871963501]]
[71700, 2, 0, [0.6782603859901428, -11.935770034790039]]
[71700, 12, 0, [12.384160995483398, -8.518840789794922]]
[71700, 23, 0, [6.204253196716309, -3.759366273880005]]
[71700, 5, 0, [11.566155433654785, -7.42728328704834]]
[71700, 6, 0, [0.12333305925130844, -8.456808090209961]]
[71700, 16, 1, [12.39448356628418, -6.086052894592285]]
[71700, 22, 1, [3.380321502685547, -6.030096054077148]]
[71700, 15, 1, [10.920604705810547, -2.554701566696167]]
[71700, 24, 1, [6.010986804962158, -4.567715167999268]]
[71700, 18, 1, [5.866427421569824, -5.641800403594971]]
[71700, 19, 1, [12.404878616333008, -1.0539947748184204]]
[71700, 21, 1, [5.235370635986328, -6.622228145599365]]
[77850, 'popsize', 15, 'queuesize', 0]
[78650, 7, 0, [0.6782292127609253, -0.12365484237670898]]
[78650, 0, 0, [11.124205589294434, -2.061438798904419]]
[78650, 20, 0, [8.974898338317871, -6.09349250793457]]
[78650, 2, 0, [0.6940380930900574, -11.928509712219238]]
[78650, 12, 0, [12.385526657104492, -8.546130180358887]]
[78650, 23, 0, [6.213888168334961, -3.7768714427948]]
[78650, 5, 0, [11.671717643737793, -7.6146697998046875]]
[78650, 6, 0, [0.12333107739686966, -8.452986717224121]]
[78650, 16, 1, [12.39397144317627, -5.989977836608887]]
[78650, 22, 1, [3.417416572570801, -6.004262924194336]]
[78650, 15, 1, [10.336108207702637, -2.54319167137146]]
[78650, 24, 1, [6.412942409515381, -4.487615585327148]]
[78650, 18, 1, [6.02557373046875, -5.078538417816162]]
[78650, 19, 1, [12.404881477355957, -0.7885244488716125]]
[78650, 21, 1, [5.197464466094971, -6.068537712097168]]
[84750, 'popsize', 15, 'queuesize', 0]
[85550, 7, 0, [0.6721524596214294, -0.12365847080945969]]
[85550, 0, 0, [11.161632537841797, -2.1187937259674072]]
[85550, 20, 0, [8.983193397521973, -6.080606460571289]]
[85550, 2, 0, [0.7021121382713318, -11.917726516723633]]
[85550, 12, 0, [12.386981010437012, -8.568873405456543]]
[85550, 23, 0, [6.2232561111450195, -3.7873802185058594]]
[85550, 5, 0, [11.847219467163086, -7.405669689178467]]
[85550, 6, 0, [0.12333648651838303, -8.447914123535156]]
[85550, 16, 1, [12.393933296203613, -5.896816730499268]]
[85550, 22, 1, [3.2746903896331787, -5.738216876983643]]
[85550, 15, 1, [10.15822696685791, -2.5723257064819336]]
[85550, 24, 1, [6.157566547393799, -4.424417495727539]]
[85550, 18, 1, [6.197667598724365, -4.61393404006958]]
[85550, 19, 1, [12.404754638671875, -0.5281491279602051]]
[85550, 21, 1, [5.072547912597656, -5.530449867248535]]
[91700, 'popsize', 15, 'queuesize', 0]
[92500, 7, 0, [0.6661831140518188, -0.12363747507333755]]
[92500, 0, 0, [11.15032958984375, -2.1339237689971924]]
[92500, 20, 0, [9.00412654876709, -6.0850725173950195]]
[92500, 2, 0, [0.6288387179374695, -12.054810523986816]]
[92500, 12, 0, [12.390157699584961, -8.615168571472168]]
[92500, 23, 0, [6.244022369384766, -3.789173126220703]]
[92500, 5, 0, [12.17695140838623, -6.916906356811523]]
[92500, 6, 0, [0.123336561024189, -8.444397926330566]]
[92500, 16, 1, [12.394001960754395, -5.802119731903076]]
[92500, 22, 1, [3.253892660140991, -5.693504333496094]]
[92500, 15, 1, [9.973544120788574, -2.593958854675293]]
[92500, 24, 1, [6.258874416351318, -4.109554290771484]]
[92500, 18, 1, [6.242098808288574, -4.300907135009766]]
[92500, 19, 1, [12.404831886291504, -0.2634497582912445]]
[92500, 21, 1, [4.872150421142578, -5.018889904022217]]
[98650, 'popsize', 15, 'queuesize', 0]
[99450, 7, 0, [0.6585343480110168, -0.12364283949136734]]
[99450, 0, 0, [11.154365539550781, -2.1451356410980225]]
[99450, 20, 0, [9.01644515991211, -6.094961166381836]]
[99450, 2, 0, [0.5871497392654419, -12.19603157043457]]
[99450, 12, 0, [12.392024040222168, -8.69254207611084]]
[99450, 23, 0, [6.2532477378845215, -3.7746477127075195]]
[99450, 5, 0, [12.248420715332031, -6.711613178253174]]
[99450, 6, 0, [0.12320736795663834, -8.440651893615723]]
[99450, 16, 1, [12.306020736694336, -5.594931125640869]]
[99450, 22, 1, [3.204760789871216, -5.652650833129883]]
[99450, 15, 1, [10.053003311157227, -2.6420464515686035]]
[99450, 24, 1, [6.429664134979248, -3.8257148265838623]]
[99450, 18, 1, [6.366735935211182, -4.000454425811768]]
[99450, 19, 1, [12.40488338470459, -0.11850688606500626]]
[99450, 21, 1, [4.5936055183410645, -4.547183990478516]]
[106701, 'popsize', 17, 'queuesize', 0]
[107601, 7, 0, [0.6500755548477173, -0.1236356869339943]]
[107601, 0, 0, [11.231087684631348, -2.2093679904937744]]
[107601, 20, 0, [9.02866268157959, -6.063538074493408]]
[107601, 2, 0, [0.6300188899040222, -12.205707550048828]]
[107601, 12, 0, [12.392094612121582, -8.782623291015625]]
[107601, 23, 0, [6.26218843460083, -3.7577033042907715]]
[107601, 5, 0, [12.37023639678955, -6.604811191558838]]
[107601, 6, 0, [0.1232980415225029, -8.438277244567871]]
[107601, 11, 0, [5.8842573165893555, -1.2404296398162842]]
[107601, 16, 1, [12.038081169128418, -4.989564418792725]]
[107601, 22, 1, [3.2512099742889404, -5.6605610847473145]]
[107601, 15, 1, [10.199670791625977, -2.708528518676758]]
[107601, 24, 1, [6.861924648284912, -3.5319857597351074]]
[107601, 18, 1, [6.692188262939453, -3.6103355884552]]
[107601, 19, 1, [12.404885292053223, -0.11851152777671814]]
[107601, 21, 1, [4.273169040679932, -4.115326881408691]]
[107601, 8, 1, [11.594148635864258, -6.225516319274902]]
[114651, 'popsize', 17, 'queuesize', 0]
[115551, 7, 0, [0.643406093120575, -0.1236417144536972]]
[115551, 0, 0, [11.315802574157715, -2.263411283493042]]
[115551, 20, 0, [8.981684684753418, -6.05698299407959]]
[115551, 2, 0, [0.6465290784835815, -12.168497085571289]]
[115551, 12, 0, [12.39201831817627, -8.870084762573242]]
[115551, 23, 0, [6.212652206420898, -3.7613258361816406]]
[115551, 5, 0, [12.342596054077148, -6.595550537109375]]
[115551, 6, 0, [0.12332974374294281, -8.435089111328125]]
[115551, 11, 0, [5.227958679199219, -1.1546452045440674]]
[115551, 16, 1, [11.685409545898438, -4.473655700683594]]
[115551, 22, 1, [3.239959478378296, -5.6208176612854]]
[115551, 15, 1, [10.212105751037598, -2.677198886871338]]
[115551, 24, 1, [7.35353422164917, -3.753399133682251]]
[115551, 18, 1, [7.218393802642822, -3.4754536151885986]]
[115551, 19, 1, [12.404886245727539, -0.11851493269205093]]
[115551, 21, 1, [4.312292575836182, -4.035312652587891]]
[115551, 8, 1, [12.230656623840332, -6.08703088760376]]
[122401, 'popsize', 17, 'queuesize', 0]
[123351, 7, 0, [0.6360982656478882, -0.12364133447408676]]
[123351, 0, 0, [11.384016036987305, -2.321009635925293]]
[123351, 20, 0, [8.983397483825684, -6.09207010269165]]
[123351, 2, 0, [0.7195550799369812, -12.286216735839844]]
[123351, 12, 0, [12.392016410827637, -8.955108642578125]]
[123351, 23, 0, [6.207664489746094, -3.7982821464538574]]
[123351, 5, 0, [12.192093849182129, -6.634476184844971]]
[123351, 6, 0, [0.1233358308672905, -8.428997039794922]]
[123351, 11, 0, [4.597154140472412, -0.9786074161529541]]
[123351, 16, 1, [11.248207092285156, -4.008220672607422]]
[123351, 22, 1, [3.232250690460205, -5.563553333282471]]
[123351, 15, 1, [10.356242179870605, -2.836254835128784]]
[123351, 24, 1, [7.74936056137085, -3.9412729740142822]]
[123351, 18, 1, [7.868007659912109, -3.4566214084625244]]
[123351, 19, 1, [12.404890060424805, -0.11852100491523743]]
[123351, 21, 1, [4.35095739364624, -3.840510129928589]]
[123351, 8, 1, [12.398214340209961, -5.9529876708984375]]
[130201, 'popsize', 17, 'queuesize', 0]
[131101, 7, 0, [0.62745201587677, -0.12365828454494476]]
[131101, 0, 0, [11.464882850646973, -2.3739705085754395]]
[131101, 20, 0, [9.011392593383789, -6.0959086418151855]]
[131101, 2, 0, [0.7305716276168823, -12.389156341552734]]
[131101, 12, 0, [12.39205551147461, -9.041004180908203]]
[131101, 23, 0, [6.2479248046875, -3.8164892196655273]]
[131101, 5, 0, [12.090188980102539, -6.747642517089844]]
[131101, 6, 0, [0.12333347648382187, -8.426448822021484]]
[131101, 11, 0, [4.131864070892334, -0.7284830212593079]]
[131101, 16, 1, [10.849421501159668, -3.5428073406219482]]
[131101, 22, 1, [3.3949620723724365, -6.0461859703063965]]
[131101, 15, 1, [10.876543998718262, -3.220791816711426]]
[131101, 24, 1, [7.561737060546875, -3.4777560234069824]]
[131101, 18, 1, [8.5205659866333, -3.53035831451416]]
[131101, 19, 1, [12.404892921447754, -0.11852503567934036]]
[131101, 21, 1, [4.368779182434082, -3.7973124980926514]]
[131101, 8, 1, [12.39715576171875, -5.739030361175537]]
[138001, 'popsize', 17, 'queuesize', 0]
[138901, 7, 0, [0.6214350461959839, -0.12364209443330765]]
[138901, 0, 0, [11.549277305603027, -2.424992561340332]]
[138901, 20, 0, [9.041015625, -6.086677551269531]]
[138901, 2, 0, [0.7664387822151184, -12.385787010192871]]
[138901, 12, 0, [12.358100891113281, -9.191604614257812]]
[138901, 23, 0, [6.269196033477783, -3.7862586975097656]]
[138901, 5, 0, [11.903467178344727, -6.120673656463623]]
[138901, 6, 0, [0.12332995980978012, -8.422433853149414]]
[138901, 11, 0, [4.346757888793945, -0.6896877884864807]]
[138901, 16, 1, [10.410700798034668, -3.0974957942962646]]
[138901, 22, 1, [3.20288348197937, -6.255859375]]
[138901, 15, 1, [11.226795196533203, -3.414146661758423]]
[138901, 24, 1, [7.592990875244141, -3.5089125633239746]]
[138901, 18, 1, [9.155921936035156, -3.6869630813598633]]
[138901, 19, 1, [12.40489387512207, -0.1185295507311821]]
[138901, 21, 1, [4.390985488891602, -3.8101208209991455]]
[138901, 8, 1, [12.396121978759766, -5.588622570037842]]
[145851, 'popsize', 17, 'queuesize', 0]
[146751, 7, 0, [0.614605724811554, -0.12365078926086426]]
[146751, 0, 0, [11.628257751464844, -2.4823014736175537]]
[146751, 20, 0, [9.059768676757812, -6.071119785308838]]
[146751, 2, 0, [0.7550424933433533, -12.361895561218262]]
[146751, 12, 0, [12.322538375854492, -9.80239200592041]]
[146751, 23, 0, [6.236271381378174, -3.7604644298553467]]
[146751, 5, 0, [11.80767822265625, -5.464977741241455]]
[146751, 6, 0, [0.1233355849981308, -8.417030334472656]]
[146751, 11, 0, [4.380306243896484, -0.6902161836624146]]
[146751, 16, 1, [9.880522727966309, -2.722261905670166]]
[146751, 22, 1, [3.09136700630188, -6.366425514221191]]
[146751, 15, 1, [10.754388809204102, -3.658444404602051]]
[146751, 24, 1, [7.97810697555542, -3.997389316558838]]
[146751, 18, 1, [9.764037132263184, -3.9359917640686035]]
[146751, 19, 1, [12.404891967773438, -0.1185351088643074]]
[146751, 21, 1, [4.399256229400635, -3.8480849266052246]]
[146751, 8, 1, [12.398722648620605, -5.417572498321533]]
[153651, 'popsize', 17, 'queuesize', 0]
[154551, 7, 0, [0.6063280701637268, -0.12364499270915985]]
[154551, 0, 0, [11.666793823242188, -2.495898962020874]]
[154551, 20, 0, [9.090128898620605, -6.05748176574707]]
[154551, 2, 0, [0.7210155725479126, -12.377528190612793]]
[154551, 12, 0, [12.372695922851562, -10.4468355178833]]
[154551, 23, 0, [6.202215671539307, -3.7895848751068115]]
[154551, 5, 0, [11.796409606933594, -4.809217929840088]]
[154551, 6, 0, [0.12333013117313385, -8.414045333862305]]
[154551, 11, 0, [4.632898330688477, -0.8490291237831116]]
[154551, 16, 1, [9.308913230895996, -2.431788682937622]]
[154551, 22, 1, [2.813182830810547, -6.4909820556640625]]
[154551, 15, 1, [10.59964370727539, -3.693129539489746]]
[154551, 24, 1, [8.251874923706055, -4.324368000030518]]
[154551, 18, 1, [10.326995849609375, -4.27366828918457]]
[154551, 19, 1, [12.404894828796387, -0.11854204535484314]]
[154551, 21, 1, [4.4640092849731445, -3.9043588638305664]]
[154551, 8, 1, [12.313709259033203, -5.268402099609375]]
[161451, 'popsize', 17, 'queuesize', 0]
[162351, 7, 0, [0.5993504524230957, -0.12364796549081802]]
[162351, 0, 0, [11.613289833068848, -2.539621591567993]]
[162351, 20, 0, [9.101248741149902, -6.032444953918457]]
[162351, 2, 0, [0.7104905843734741, -12.35425090789795]]
[162351, 12, 0, [12.392008781433105, -10.696563720703125]]
[162351, 23, 0, [6.219592094421387, -3.822054147720337]]
[162351, 5, 0, [11.870514869689941, -4.155320644378662]]
[162351, 6, 0, [0.12333088368177414, -8.407904624938965]]
[162351, 11, 0, [5.117039203643799, -1.2889516353607178]]
[162351, 16, 1, [8.702512741088867, -2.2229273319244385]]
[162351, 22, 1, [2.8285443782806396, -6.571653842926025]]
[162351, 15, 1, [10.606846809387207, -3.7327749729156494]]
[162351, 24, 1, [8.397380828857422, -4.299252510070801]]
[162351, 18, 1, [10.838500022888184, -4.682053089141846]]
[162351, 19, 1, [12.404900550842285, -0.11854924261569977]]
[162351, 21, 1, [4.751594066619873, -4.183445453643799]]
[162351, 8, 1, [12.403460502624512, -5.654609680175781]]
[169251, 'popsize', 17, 'queuesize', 0]
[170201, 7, 0, [0.5909966230392456, -0.12366145849227905]]
[170201, 0, 0, [11.566215515136719, -2.6244449615478516]]
[170201, 20, 0, [9.09199047088623, -6.005684852600098]]
[170201, 2, 0, [0.696344792842865, -12.332892417907715]]
[170201, 12, 0, [12.302653312683105, -10.833175659179688]]
[170201, 23, 0, [6.25832986831665, -3.809709072113037]]
[170201, 5, 0, [12.032219886779785, -3.522024631500244]]
[170201, 6, 0, [0.12332890927791595, -8.40180778503418]]
[170201, 11, 0, [5.533638954162598, -1.7931594848632812]]
[170201, 16, 1, [8.071565628051758, -2.1068172454833984]]
[170201, 22, 1, [2.7919535636901855, -6.492903709411621]]
[170201, 15, 1, [10.649637222290039, -3.7329251766204834]]
[170201, 24, 1, [8.999245643615723, -4.063413143157959]]
[170201, 18, 1, [11.278779029846191, -5.156640529632568]]
[170201, 19, 1, [12.404897689819336, -0.11855386942625046]]
[170201, 21, 1, [4.742541313171387, -4.145709037780762]]
[170201, 8, 1, [12.392040252685547, -5.752553462982178]]
[177201, 'popsize', 17, 'queuesize', 0]
[178151, 7, 0, [0.5837783217430115, -0.12364482134580612]]
[178151, 0, 0, [11.587018013000488, -2.677086591720581]]
[178151, 20, 0, [9.129914283752441, -5.968783855438232]]
[178151, 2, 0, [0.8206688761711121, -12.389876365661621]]
[178151, 12, 0, [12.06618595123291, -11.403752326965332]]
[178151, 23, 0, [6.251987457275391, -3.765777587890625]]
[178151, 5, 0, [12.294120788574219, -2.9063830375671387]]
[178151, 6, 0, [0.12333129346370697, -8.395073890686035]]
[178151, 11, 0, [5.889674663543701, -2.3659019470214844]]
[178151, 16, 1, [7.778785705566406, -2.1330387592315674]]
[178151, 22, 1, [2.6127593517303467, -6.6950154304504395]]
[178151, 15, 1, [10.653264999389648, -3.6894888877868652]]
[178151, 24, 1, [9.572038650512695, -3.7404563426971436]]
[178151, 18, 1, [11.642330169677734, -5.714904308319092]]
[178151, 19, 1, [12.404901504516602, -0.11856028437614441]]
[178151, 21, 1, [5.128373146057129, -4.3398284912109375]]
[178151, 8, 1, [12.392071723937988, -5.839140892028809]]
[185101, 'popsize', 17, 'queuesize', 0]
[186001, 7, 0, [0.5766593813896179, -0.12364980578422546]]
[186001, 0, 0, [11.580525398254395, -2.6342220306396484]]
[186001, 20, 0, [9.094409942626953, -5.943222522735596]]
[186001, 2, 0, [0.817710280418396, -12.360138893127441]]
[186001, 12, 0, [11.915949821472168, -12.02718448638916]]
[186001, 23, 0, [6.209200382232666, -3.7725632190704346]]
[186001, 5, 0, [12.265878677368164, -2.78352427482605]]
[186001, 6, 0, [0.123333640396595, -8.391950607299805]]
[186001, 11, 0, [6.162318706512451, -2.9655494689941406]]
[186001, 16, 1, [7.757658958435059, -1.6946121454238892]]
[186001, 22, 1, [2.5142812728881836, -6.172937393188477]]
[186001, 15, 1, [10.611956596374512, -3.6811296939849854]]
[186001, 24, 1, [10.086950302124023, -3.3417153358459473]]
[186001, 18, 1, [11.921932220458984, -6.306517124176025]]
[186001, 19, 1, [12.404898643493652, -0.11856529116630554]]
[186001, 21, 1, [5.641519069671631, -4.694248676300049]]
[186001, 8, 1, [12.392057418823242, -5.925027847290039]]
[193101, 'popsize', 17, 'queuesize', 0]
[194101, 7, 0, [0.569525420665741, -0.12367097288370132]]
[194101, 0, 0, [11.535862922668457, -2.6288914680480957]]
[194101, 20, 0, [9.115910530090332, -5.964780330657959]]
[194101, 2, 0, [0.7946180105209351, -12.358739852905273]]
[194101, 12, 0, [11.890602111816406, -12.203852653503418]]
[194101, 23, 0, [6.212211608886719, -3.8171911239624023]]
[194101, 5, 0, [11.917451858520508, -2.749694347381592]]
[194101, 6, 0, [0.12333415448665619, -8.389004707336426]]
[194101, 11, 0, [6.355564594268799, -3.6106157302856445]]
[194101, 16, 1, [7.619337558746338, -1.0575400590896606]]
[194101, 22, 1, [2.5614612102508545, -6.028344631195068]]
[194101, 15, 1, [10.60422134399414, -3.72870135307312]]
[194101, 24, 1, [10.058073997497559, -3.3642773628234863]]
[194101, 18, 1, [11.939810752868652, -6.431272506713867]]
[194101, 19, 1, [12.404905319213867, -0.11857645958662033]]
[194101, 21, 1, [6.013648986816406, -4.97667932510376]]
[194101, 8, 1, [12.392097473144531, -6.014278888702393]]
[201052, 'popsize', 17, 'queuesize', 0]
[201952, 7, 0, [0.5606001615524292, -0.12364817410707474]]
[201952, 0, 0, [11.497998237609863, -2.761948585510254]]
[201952, 20, 0, [9.150866508483887, -5.9680094718933105]]
[201952, 2, 0, [0.8300800919532776, -12.3736572265625]]
[201952, 12, 0, [11.792847633361816, -12.347163200378418]]
[201952, 23, 0, [6.233401775360107, -3.9744820594787598]]
[201952, 5, 0, [11.666509628295898, -2.725792169570923]]
[201952, 6, 0, [0.12333941459655762, -8.384950637817383]]
[201952, 11, 0, [6.2427873611450195, -3.796539068222046]]
[201952, 16, 1, [7.37267541885376, -0.46182581782341003]]
[201952, 22, 1, [2.623889923095703, -6.044151782989502]]
[201952, 15, 1, [10.858342170715332, -3.8335511684417725]]
[201952, 24, 1, [10.047418594360352, -3.3262219429016113]]
[201952, 18, 1, [11.482881546020508, -5.942416667938232]]
[201952, 19, 1, [12.404901504516602, -0.11857949942350388]]
[201952, 21, 1, [6.0758538246154785, -5.079143047332764]]
[201952, 8, 1, [12.392032623291016, -6.100760459899902]]
[208952, 'popsize', 17, 'queuesize', 0]
[209852, 7, 0, [0.5540494918823242, -0.12364175915718079]]
[209852, 0, 0, [11.537322998046875, -2.8768837451934814]]
[209852, 20, 0, [9.17883586883545, -5.940797328948975]]
[209852, 2, 0, [0.8423502445220947, -12.339444160461426]]
[209852, 12, 0, [11.75557804107666, -12.353510856628418]]
[209852, 23, 0, [6.226825714111328, -4.013275146484375]]
[209852, 5, 0, [11.564228057861328, -2.699270009994507]]
[209852, 6, 0, [0.12333495169878006, -8.381795883178711]]
[209852, 11, 0, [5.830175876617432, -4.289051055908203]]
[209852, 16, 1, [7.1504225730896, -0.11722888797521591]]
[209852, 22, 1, [2.5677242279052734, -6.032523155212402]]
[209852, 15, 1, [10.36177921295166, -4.016838073730469]]
[209852, 24, 1, [10.298550605773926, -2.7196671962738037]]
[209852, 18, 1, [11.112711906433105, -5.390918731689453]]
[209852, 19, 1, [12.404908180236816, -0.11858993023633957]]
[209852, 21, 1, [6.407412528991699, -5.484273910522461]]
[209852, 8, 1, [12.392017364501953, -6.186601161956787]]
[216802, 'popsize', 17, 'queuesize', 0]
[217702, 7, 0, [0.546321451663971, -0.12364216148853302]]
[217702, 0, 0, [11.664668083190918, -2.8541500568389893]]
[217702, 20, 0, [9.379256248474121, -5.845890045166016]]
[217702, 2, 0, [0.9029567241668701, -12.39151668548584]]
[217702, 12, 0, [11.738151550292969, -12.354948043823242]]
[217702, 23, 0, [6.2474141120910645, -4.055992603302002]]
[217702, 5, 0, [11.433919906616211, -3.1085572242736816]]
[217702, 6, 0, [0.12333282083272934, -8.377763748168945]]
[217702, 11, 0, [5.352260112762451, -4.740784645080566]]
[217702, 16, 1, [7.046966075897217, -0.10554936528205872]]
[217702, 22, 1, [2.6422553062438965, -6.077415943145752]]
[217702, 15, 1, [10.645374298095703, -3.916020631790161]]
[217702, 24, 1, [10.436988830566406, -2.312953233718872]]
[217702, 18, 1, [10.83861255645752, -4.792588710784912]]
[217702, 19, 1, [12.404905319213867, -0.11859521269798279]]
[217702, 21, 1, [6.411606788635254, -5.053760528564453]]
[217702, 8, 1, [12.392058372497559, -6.272200584411621]]
[224702, 'popsize', 17, 'queuesize', 0]
[225652, 7, 0, [0.5375591516494751, -0.12364858388900757]]
[225652, 0, 0, [11.56103801727295, -2.8906877040863037]]
[225652, 20, 0, [9.446852684020996, -5.744328022003174]]
[225652, 2, 0, [0.9022681713104248, -12.365279197692871]]
[225652, 12, 0, [11.744150161743164, -12.365994453430176]]
[225652, 23, 0, [6.289311408996582, -4.039166450500488]]
[225652, 5, 0, [11.283711433410645, -3.6075174808502197]]
[225652, 6, 0, [0.1233307272195816, -8.373947143554688]]
[225652, 11, 0, [4.815104961395264, -5.109255790710449]]
[225652, 16, 1, [6.962645053863525, -0.19667091965675354]]
[225652, 22, 1, [2.5803511142730713, -6.133445739746094]]
[225652, 15, 1, [10.62528133392334, -3.9258782863616943]]
[225652, 24, 1, [9.96829605102539, -2.5280373096466064]]
[225652, 18, 1, [10.659525871276855, -4.145400524139404]]
[225652, 19, 1, [12.404906272888184, -0.11860392242670059]]
[225652, 21, 1, [6.339892864227295, -4.413789749145508]]
[225652, 8, 1, [12.392115592956543, -6.359698295593262]]
[232652, 'popsize', 17, 'queuesize', 0]
[233552, 7, 0, [0.5293872952461243, -0.12364448606967926]]
[233552, 0, 0, [11.540215492248535, -2.9325852394104004]]
[233552, 20, 0, [9.419144630432129, -5.665083885192871]]
[233552, 2, 0, [0.8832513689994812, -12.361775398254395]]
[233552, 12, 0, [11.756921768188477, -12.361577987670898]]
[233552, 23, 0, [6.1051411628723145, -3.9149482250213623]]
[233552, 5, 0, [11.253782272338867, -3.662832498550415]]
[233552, 6, 0, [0.12334170937538147, -8.370234489440918]]
[233552, 11, 0, [4.5855937004089355, -5.171026229858398]]
[233552, 16, 1, [6.717242240905762, -0.2759847044944763]]
[233552, 22, 1, [2.5218329429626465, -6.077963352203369]]
[233552, 15, 1, [10.56589412689209, -3.863070487976074]]
[233552, 24, 1, [9.415332794189453, -2.8840270042419434]]
[233552, 18, 1, [10.723873138427734, -3.6263787746429443]]
[233552, 19, 1, [12.404913902282715, -0.1186155155301094]]
[233552, 21, 1, [6.275292873382568, -3.8938963413238525]]
[233552, 8, 1, [12.392126083374023, -6.446478843688965]]
[240952, 'popsize', 18, 'queuesize', 0]
[241902, 7, 0, [0.5218440890312195, -0.1236376240849495]]
[241902, 0, 0, [11.4927396774292, -2.9459354877471924]]
[241902, 20, 0, [9.427584648132324, -5.708985805511475]]
[241902, 2, 0, [0.9370356202125549, -12.355892181396484]]
[241902, 12, 0, [11.752345085144043, -12.352490425109863]]
[241902, 23, 0, [6.116749286651611, -3.9183506965637207]]
[241902, 5, 0, [11.230198860168457, -3.720512866973877]]
[241902, 6, 0, [0.1233307495713234, -8.36561393737793]]
[241902, 11, 0, [5.080521106719971, -5.39102840423584]]
[241902, 16, 1, [6.922354698181152, -0.15815919637680054]]
[241902, 22, 1, [2.5265820026397705, -6.127272605895996]]
[241902, 15, 1, [10.746405601501465, -3.987030506134033]]
[241902, 24, 1, [8.90175724029541, -3.33522367477417]]
[241902, 18, 1, [10.86874008178711, -2.9417383670806885]]
[241902, 19, 1, [12.404913902282715, -0.11861947923898697]]
[241902, 21, 1, [6.032288074493408, -3.4384846687316895]]
[241902, 8, 1, [12.392121315002441, -6.53603982925415]]
[241902, 1, 1, [11.376852989196777, -11.143155097961426]]
[249202, 'popsize', 18, 'queuesize', 0]
[250152, 7, 0, [0.5148622393608093, -0.12364036589860916]]
[250152, 0, 0, [11.522883415222168, -2.983707904815674]]
[250152, 20, 0, [9.459447860717773, -5.713689804077148]]
[250152, 2, 0, [0.9002426862716675, -12.3543062210083]]
[250152, 12, 0, [11.788895606994629, -12.378378868103027]]
[250152, 23, 0, [6.106494903564453, -3.872340679168701]]
[250152, 5, 0, [11.237116813659668, -3.7370712757110596]]
[250152, 6, 0, [0.123331218957901, -8.357550621032715]]
[250152, 11, 0, [5.177228927612305, -5.3479437828063965]]
[250152, 16, 1, [6.522259712219238, -0.26200833916664124]]
[250152, 22, 1, [2.8690385818481445, -6.23712158203125]]
[250152, 15, 1, [10.867164611816406, -4.0981011390686035]]
[250152, 24, 1, [8.450311660766602, -3.849827289581299]]
[250152, 18, 1, [11.100879669189453, -2.289428949356079]]
[250152, 19, 1, [12.404908180236816, -0.11862818896770477]]
[250152, 21, 1, [6.047237396240234, -3.4802236557006836]]
[250152, 8, 1, [12.392101287841797, -6.625970363616943]]
[250152, 1, 1, [11.152885437011719, -11.096879959106445]]
[257452, 'popsize', 18, 'queuesize', 0]
[258402, 7, 0, [0.5063167214393616, -0.12368064373731613]]
[258402, 0, 0, [11.222299575805664, -3.02236270904541]]
[258402, 20, 0, [9.472772598266602, -5.665685653686523]]
[258402, 2, 0, [0.8993287682533264, -12.37675952911377]]
[258402, 12, 0, [11.860461235046387, -12.39102840423584]]
[258402, 23, 0, [6.058648109436035, -3.8941094875335693]]
[258402, 5, 0, [11.21254825592041, -3.3894073963165283]]
[258402, 6, 0, [0.12333570420742035, -8.353562355041504]]
[258402, 11, 0, [5.8016438484191895, -5.044130325317383]]
[258402, 16, 1, [6.156689643859863, -0.41622695326805115]]
[258402, 22, 1, [2.9267399311065674, -6.265392780303955]]
[258402, 15, 1, [10.668944358825684, -4.313290119171143]]
[258402, 24, 1, [8.19247817993164, -4.196345806121826]]
[258402, 18, 1, [11.416739463806152, -1.671870470046997]]
[258402, 19, 1, [12.404922485351562, -0.118644580245018]]
[258402, 21, 1, [5.998286724090576, -3.4932053089141846]]
[258402, 8, 1, [12.392041206359863, -6.716027736663818]]
[258402, 1, 1, [11.351430892944336, -11.193816184997559]]
[265852, 'popsize', 18, 'queuesize', 0]
[266802, 7, 0, [0.49838393926620483, -0.12364158034324646]]
[266802, 0, 0, [11.137125968933105, -2.854370594024658]]
[266802, 20, 0, [9.357339859008789, -5.6291823387146]]
[266802, 2, 0, [0.8992587924003601, -12.37597942352295]]
[266802, 12, 0, [11.986967086791992, -12.394026756286621]]
[266802, 23, 0, [6.091307640075684, -3.9279122352600098]]
[266802, 5, 0, [11.293665885925293, -2.962601661682129]]
[266802, 6, 0, [0.12333255261182785, -8.349681854248047]]
[266802, 11, 0, [6.473169803619385, -4.817525863647461]]
[266802, 16, 1, [6.435245037078857, -0.33869415521621704]]
[266802, 22, 1, [2.8916616439819336, -6.2796630859375]]
[266802, 15, 1, [10.783544540405273, -4.356042385101318]]
[266802, 24, 1, [8.251951217651367, -4.201075077056885]]
[266802, 18, 1, [11.831278800964355, -1.1036829948425293]]
[266802, 19, 1, [12.404918670654297, -0.11865286529064178]]
[266802, 21, 1, [5.992477893829346, -3.4460816383361816]]
[266802, 8, 1, [12.392070770263672, -6.807867527008057]]
[266802, 1, 1, [11.397984504699707, -11.108031272888184]]
[274102, 'popsize', 18, 'queuesize', 0]
[275052, 7, 0, [0.49191778898239136, -0.1236361712217331]]
[275052, 0, 0, [11.06631088256836, -2.8941328525543213]]
[275052, 20, 0, [9.312360763549805, -5.64550256729126]]
[275052, 2, 0, [0.9193328619003296, -12.347776412963867]]
[275052, 12, 0, [12.099007606506348, -12.39402961730957]]
[275052, 23, 0, [6.1140899658203125, -3.8857030868530273]]
[275052, 5, 0, [11.383294105529785, -2.280958414077759]]
[275052, 6, 0, [0.12333493679761887, -8.34575366973877]]
[275052, 11, 0, [7.155489921569824, -4.68410587310791]]
[275052, 16, 1, [6.380765914916992, -0.3287504017353058]]
[275052, 22, 1, [2.871267318725586, -6.426316738128662]]
[275052, 15, 1, [11.016716957092285, -4.464585781097412]]
[275052, 24, 1, [8.011982917785645, -4.666005611419678]]
[275052, 18, 1, [12.317269325256348, -0.6122075915336609]]
[275052, 19, 1, [12.40491771697998, -0.11865843087434769]]
[275052, 21, 1, [6.0347490310668945, -3.458374261856079]]
[275052, 8, 1, [12.39203929901123, -6.898413181304932]]
[275052, 1, 1, [11.52546501159668, -10.942924499511719]]
[282352, 'popsize', 18, 'queuesize', 0]
[283302, 7, 0, [0.4840335249900818, -0.12364380806684494]]
[283302, 0, 0, [11.008913040161133, -2.9901130199432373]]
[283302, 20, 0, [9.34253215789795, -5.6904425621032715]]
[283302, 2, 0, [0.962151050567627, -12.387890815734863]]
[283302, 12, 0, [12.210206031799316, -12.393956184387207]]
[283302, 23, 0, [6.068819046020508, -3.87225341796875]]
[283302, 5, 0, [11.579607009887695, -1.615074634552002]]
[283302, 6, 0, [0.12333500385284424, -8.343024253845215]]
[283302, 11, 0, [7.844128608703613, -4.65230655670166]]
[283302, 16, 1, [6.374069690704346, -0.27259916067123413]]
[283302, 22, 1, [2.7434804439544678, -6.704709529876709]]
[283302, 15, 1, [10.824150085449219, -4.681865692138672]]
[283302, 24, 1, [7.8194050788879395, -5.127050399780273]]
[283302, 18, 1, [12.357306480407715, -0.5506905317306519]]
[283302, 19, 1, [12.404925346374512, -0.11867017298936844]]
[283302, 21, 1, [6.017152309417725, -3.506202220916748]]
[283302, 8, 1, [12.392017364501953, -6.988985061645508]]
[283302, 1, 1, [11.546494483947754, -10.91418170928955]]
[290552, 'popsize', 18, 'queuesize', 0]
[291502, 7, 0, [0.4766019284725189, -0.12363909184932709]]
[291502, 0, 0, [11.025774002075195, -3.0386109352111816]]
[291502, 20, 0, [9.37423038482666, -5.677540302276611]]
[291502, 2, 0, [0.974597156047821, -12.380002975463867]]
[291502, 12, 0, [12.321561813354492, -12.393925666809082]]
[291502, 23, 0, [6.066885471343994, -3.925154209136963]]
[291502, 5, 0, [11.870290756225586, -0.9906301498413086]]
[291502, 6, 0, [0.12332963943481445, -8.338623046875]]
[291502, 11, 0, [8.526801109313965, -4.735047340393066]]
[291502, 16, 1, [6.622999668121338, -0.10131784528493881]]
[291502, 22, 1, [2.5093235969543457, -7.004748344421387]]
[291502, 15, 1, [10.690888404846191, -4.420028209686279]]
[291502, 24, 1, [8.023337364196777, -5.109889984130859]]
[291502, 18, 1, [12.284858703613281, -0.6987661123275757]]
[291502, 19, 1, [12.404914855957031, -0.11867327988147736]]
[291502, 21, 1, [5.97983980178833, -3.4858992099761963]]
[291502, 8, 1, [12.392067909240723, -7.079818248748779]]
[291502, 1, 1, [11.570427894592285, -10.824559211730957]]
[298853, 'popsize', 18, 'queuesize', 0]
[299803, 7, 0, [0.4689847528934479, -0.12364770472049713]]
[299803, 0, 0, [10.96988296508789, -3.0660347938537598]]
[299803, 20, 0, [9.387551307678223, -5.648423671722412]]
[299803, 2, 0, [1.0064550638198853, -12.358728408813477]]
[299803, 12, 0, [12.388957023620605, -12.393942832946777]]
[299803, 23, 0, [6.112288475036621, -3.9166383743286133]]
[299803, 5, 0, [12.260140419006348, -0.41331756114959717]]
[299803, 6, 0, [0.12333101779222488, -8.333953857421875]]
[299803, 11, 0, [9.20269775390625, -4.917762279510498]]
[299803, 16, 1, [6.6826910972595215, -0.11374358832836151]]
[299803, 22, 1, [2.340022563934326, -6.689538955688477]]
[299803, 15, 1, [10.47751235961914, -4.3726420402526855]]
[299803, 24, 1, [8.167464256286621, -5.082711696624756]]
[299803, 18, 1, [11.881951332092285, -1.2649805545806885]]
[299803, 19, 1, [12.404923439025879, -0.11868616938591003]]
[299803, 21, 1, [6.0148186683654785, -3.456545829772949]]
[299803, 8, 1, [12.39207935333252, -7.171291351318359]]
[299803, 1, 1, [11.667914390563965, -10.63455867767334]]
[307253, 'popsize', 18, 'queuesize', 0]
[308203, 7, 0, [0.4618658423423767, -0.12365233153104782]]
[308203, 0, 0, [10.899626731872559, -3.137437343597412]]
[308203, 20, 0, [9.354351043701172, -5.618041515350342]]
[308203, 2, 0, [0.9634261727333069, -12.351892471313477]]
[308203, 12, 0, [12.388961791992188, -12.39393138885498]]
[308203, 23, 0, [6.07852840423584, -3.8740434646606445]]
[308203, 5, 0, [12.359038352966309, -0.3009870648384094]]
[308203, 6, 0, [0.12333589792251587, -8.330219268798828]]
[308203, 11, 0, [9.835883140563965, -5.216214179992676]]
[308203, 16, 1, [6.726714134216309, -0.11065207421779633]]
[308203, 22, 1, [2.223611831665039, -6.923435211181641]]
[308203, 15, 1, [9.796839714050293, -4.409594535827637]]
[308203, 24, 1, [8.422078132629395, -5.259615898132324]]
[308203, 18, 1, [11.388436317443848, -1.7555761337280273]]
[308203, 19, 1, [12.404924392700195, -0.11870626360177994]]
[308203, 21, 1, [6.04332971572876, -3.5076777935028076]]
[308203, 8, 1, [12.39201831817627, -7.26419734954834]]
[308203, 1, 1, [11.630302429199219, -10.925796508789062]]
[315953, 'popsize', 19, 'queuesize', 0]
[317003, 7, 0, [0.45363953709602356, -0.1236712634563446]]
[317003, 0, 0, [10.575139999389648, -3.196366786956787]]
[317003, 20, 0, [9.365357398986816, -5.674715042114258]]
[317003, 2, 0, [1.0412861108779907, -12.315780639648438]]
[317003, 12, 0, [12.388944625854492, -12.393940925598145]]
[317003, 23, 0, [6.06104850769043, -3.9315500259399414]]
[317003, 5, 0, [12.359037399291992, -0.30113399028778076]]
[317003, 6, 0, [0.12332919985055923, -8.32611083984375]]
[317003, 11, 0, [9.960783004760742, -5.417806625366211]]
[317003, 16, 1, [6.670616626739502, -0.26828545331954956]]
[317003, 22, 1, [2.1036019325256348, -7.018218517303467]]
[317003, 15, 1, [9.116850852966309, -4.547031879425049]]
[317003, 24, 1, [8.406543731689453, -5.435100555419922]]
[317003, 18, 1, [10.805280685424805, -2.193704605102539]]
[317003, 19, 1, [12.40494155883789, -0.1187557727098465]]
[317003, 21, 1, [6.055693626403809, -3.640834093093872]]
[317003, 8, 1, [12.392073631286621, -7.360949993133545]]
[317003, 1, 1, [11.800204277038574, -10.779455184936523]]
[317003, 10, 1, [1.24417245388031, -6.233461856842041]]
[324703, 'popsize', 19, 'queuesize', 0]
[325803, 7, 0, [0.4456600844860077, -0.12364941090345383]]
[325803, 0, 0, [10.626548767089844, -3.219520330429077]]
[325803, 20, 0, [9.41164779663086, -5.6436333656311035]]
[325803, 2, 0, [0.9831861853599548, -12.322273254394531]]
[325803, 12, 0, [12.388941764831543, -12.393941879272461]]
[325803, 23, 0, [6.099053859710693, -4.039600849151611]]
[325803, 5, 0, [12.359037399291992, -0.30124717950820923]]
[325803, 6, 0, [0.1233355775475502, -8.322673797607422]]
[325803, 11, 0, [9.25047779083252, -5.201687335968018]]
[325803, 16, 1, [6.716286659240723, -0.12933449447155]]
[325803, 22, 1, [2.0517284870147705, -6.966501235961914]]
[325803, 15, 1, [8.801218032836914, -4.680933475494385]]
[325803, 24, 1, [8.345945358276367, -6.148938179016113]]
[325803, 18, 1, [10.290077209472656, -2.4758832454681396]]
[325803, 19, 1, [12.404935836791992, -0.11879899352788925]]
[325803, 21, 1, [6.131816864013672, -3.7755706310272217]]
[325803, 8, 1, [12.392071723937988, -7.458723068237305]]
[325803, 1, 1, [11.586308479309082, -10.752867698669434]]
[325803, 10, 1, [1.5656869411468506, -6.675473213195801]]
[333503, 'popsize', 19, 'queuesize', 0]
[334503, 7, 0, [0.4371984601020813, -0.12361191213130951]]
[334503, 0, 0, [10.609230041503906, -3.162099599838257]]
[334503, 20, 0, [9.401853561401367, -5.597885608673096]]
[334503, 2, 0, [1.0136973857879639, -12.343415260314941]]
[334503, 12, 0, [12.388928413391113, -12.39394474029541]]
[334503, 23, 0, [6.148423671722412, -4.013852119445801]]
[334503, 5, 0, [12.35903549194336, -0.30134788155555725]]
[334503, 6, 0, [0.12333590537309647, -8.319924354553223]]
[334503, 11, 0, [8.597440719604492, -4.875952243804932]]
[334503, 16, 1, [6.85011100769043, -0.10793040692806244]]
[334503, 22, 1, [2.0920474529266357, -6.944647789001465]]
[334503, 15, 1, [9.079647064208984, -4.513850688934326]]
[334503, 24, 1, [8.356078147888184, -6.619384765625]]
[334503, 18, 1, [10.447861671447754, -2.5701606273651123]]
[334503, 19, 1, [12.40495491027832, -0.1188298836350441]]
[334503, 21, 1, [6.219432353973389, -3.8752434253692627]]
[334503, 8, 1, [12.392119407653809, -7.553919792175293]]
[334503, 1, 1, [11.761133193969727, -10.603426933288574]]
[334503, 10, 1, [1.5859006643295288, -7.0408854484558105]]
[342303, 'popsize', 19, 'queuesize', 0]
[343303, 7, 0, [0.4289666414260864, -0.12364447116851807]]
[343303, 0, 0, [10.435426712036133, -3.225299119949341]]
[343303, 20, 0, [9.376450538635254, -5.6527323722839355]]
[343303, 2, 0, [1.0747898817062378, -12.337234497070312]]
[343303, 12, 0, [12.388930320739746, -12.393939018249512]]
[343303, 23, 0, [6.198685646057129, -4.105742454528809]]
[343303, 5, 0, [12.359031677246094, -0.301411509513855]]
[343303, 6, 0, [0.12333884090185165, -8.316585540771484]]
[343303, 11, 0, [7.990229606628418, -4.45214319229126]]
[343303, 16, 1, [6.873806953430176, -0.12313473969697952]]
[343303, 22, 1, [2.024230480194092, -6.887354373931885]]
[343303, 15, 1, [9.306947708129883, -4.2851080894470215]]
[343303, 24, 1, [8.176671981811523, -6.7074456214904785]]
[343303, 18, 1, [10.49569034576416, -2.71610689163208]]
[343303, 19, 1, [12.404959678649902, -0.11887126415967941]]
[343303, 21, 1, [6.35658073425293, -3.9686293601989746]]
[343303, 8, 1, [12.392123222351074, -7.651705265045166]]
[343303, 1, 1, [11.540933609008789, -10.568342208862305]]
[343303, 10, 1, [1.325027585029602, -7.00944185256958]]
[351153, 'popsize', 19, 'queuesize', 0]
[352153, 7, 0, [0.42022082209587097, -0.12364610284566879]]
[352153, 0, 0, [10.398171424865723, -3.2695364952087402]]
[352153, 20, 0, [9.432984352111816, -5.622640132904053]]
[352153, 2, 0, [1.173823356628418, -12.392622947692871]]
[352153, 12, 0, [12.388920783996582, -12.393943786621094]]
[352153, 23, 0, [6.136619567871094, -4.10245418548584]]
[352153, 5, 0, [12.359050750732422, -0.3015040159225464]]
[352153, 6, 0, [0.12333887070417404, -8.31371021270752]]
[352153, 11, 0, [7.813774585723877, -4.256247520446777]]
[352153, 16, 1, [6.840194225311279, -0.3121988773345947]]
[352153, 22, 1, [2.0086593627929688, -7.244073867797852]]
[352153, 15, 1, [9.385826110839844, -4.150083541870117]]
[352153, 24, 1, [7.690138339996338, -6.894076824188232]]
[352153, 18, 1, [9.753856658935547, -2.641040802001953]]
[352153, 19, 1, [12.404945373535156, -0.11888578534126282]]
[352153, 21, 1, [6.444368839263916, -4.067882537841797]]
[352153, 8, 1, [12.392125129699707, -7.749863147735596]]
[352153, 1, 1, [11.711463928222656, -10.409345626831055]]
[352153, 10, 1, [1.2964905500411987, -7.011530876159668]]
[359903, 'popsize', 19, 'queuesize', 0]
[360903, 7, 0, [0.4123082756996155, -0.12365946918725967]]
[360903, 0, 0, [10.318354606628418, -3.3617870807647705]]
[360903, 20, 0, [9.375846862792969, -5.603817939758301]]
[360903, 2, 0, [1.1639912128448486, -12.366755485534668]]
[360903, 12, 0, [12.388920783996582, -12.393939018249512]]
[360903, 23, 0, [6.163985252380371, -4.149871826171875]]
[360903, 5, 0, [12.35905933380127, -0.30157792568206787]]
[360903, 6, 0, [0.12333452701568604, -8.311025619506836]]
[360903, 11, 0, [8.44452953338623, -4.311330795288086]]
[360903, 16, 1, [6.826672554016113, -0.15570513904094696]]
[360903, 22, 1, [1.954180121421814, -7.174455165863037]]
[360903, 15, 1, [9.429641723632812, -4.106395244598389]]
[360903, 24, 1, [7.504232883453369, -7.009886741638184]]
[360903, 18, 1, [9.528868675231934, -2.631998062133789]]
[360903, 19, 1, [12.404939651489258, -0.11890300363302231]]
[360903, 21, 1, [6.646463394165039, -4.202695369720459]]
[360903, 8, 1, [12.392091751098633, -7.8460211753845215]]
[360903, 1, 1, [11.494162559509277, -10.374585151672363]]
[360903, 10, 1, [1.0323272943496704, -6.975937843322754]]
[368603, 'popsize', 19, 'queuesize', 0]
[369603, 7, 0, [0.4048740565776825, -0.12364434450864792]]
[369603, 0, 0, [10.354187965393066, -3.403231382369995]]
[369603, 20, 0, [9.407906532287598, -5.65315055847168]]
[369603, 2, 0, [1.1807843446731567, -12.346052169799805]]
[369603, 12, 0, [12.388917922973633, -12.393939018249512]]
[369603, 23, 0, [6.1834001541137695, -4.100846767425537]]
[369603, 5, 0, [12.359048843383789, -0.30165985226631165]]
[369603, 6, 0, [0.12333395332098007, -8.30787181854248]]
[369603, 11, 0, [8.449469566345215, -4.334004878997803]]
[369603, 16, 1, [6.748437881469727, -0.11138255149126053]]
[369603, 22, 1, [1.97304368019104, -7.233153343200684]]
[369603, 15, 1, [9.375297546386719, -4.108511924743652]]
[369603, 24, 1, [7.382424354553223, -7.0932745933532715]]
[369603, 18, 1, [9.704898834228516, -3.033116579055786]]
[369603, 19, 1, [12.404966354370117, -0.11894561350345612]]
[369603, 21, 1, [6.622796535491943, -4.25472354888916]]
[369603, 8, 1, [12.392040252685547, -7.942569255828857]]
[369603, 1, 1, [11.660184860229492, -10.218018531799316]]
[369603, 10, 1, [0.9992798566818237, -6.995448589324951]]
[377353, 'popsize', 19, 'queuesize', 0]
[378353, 7, 0, [0.3965180218219757, -0.12370091676712036]]
[378353, 0, 0, [10.34266471862793, -3.4520554542541504]]
[378353, 20, 0, [9.43911361694336, -5.600296974182129]]
[378353, 2, 0, [1.3012412786483765, -12.337034225463867]]
[378353, 12, 0, [12.388904571533203, -12.393941879272461]]
[378353, 23, 0, [6.133749961853027, -4.121452331542969]]
[378353, 5, 0, [12.359042167663574, -0.30177852511405945]]
[378353, 6, 0, [0.12334323674440384, -8.304522514343262]]
[378353, 11, 0, [8.704706192016602, -3.964931011199951]]
[378353, 16, 1, [7.0138020515441895, -0.39884287118911743]]
[378353, 22, 1, [1.745482325553894, -7.3521504402160645]]
[378353, 15, 1, [9.416299819946289, -4.147867202758789]]
[378353, 24, 1, [7.403936386108398, -7.138155937194824]]
[378353, 18, 1, [9.93401050567627, -3.725477933883667]]
[378353, 19, 1, [12.404977798461914, -0.1189599260687828]]
[378353, 21, 1, [6.599488735198975, -4.201498508453369]]
[378353, 8, 1, [12.392012596130371, -8.039953231811523]]
[378353, 1, 1, [11.442841529846191, -10.199018478393555]]
[378353, 10, 1, [0.6925858855247498, -7.1701860427856445]]
[386053, 'popsize', 19, 'queuesize', 0]
[387053, 7, 0, [0.3874158263206482, -0.12363889813423157]]
[387053, 0, 0, [10.37386703491211, -3.4442496299743652]]
[387053, 20, 0, [9.39975643157959, -5.56166410446167]]
[387053, 2, 0, [1.3468260765075684, -12.366524696350098]]
[387053, 12, 0, [12.388910293579102, -12.393936157226562]]
[387053, 23, 0, [6.1813645362854, -4.143822193145752]]
[387053, 5, 0, [12.359054565429688, -0.3019605576992035]]
[387053, 6, 0, [0.12333548814058304, -8.301729202270508]]
[387053, 11, 0, [9.258954048156738, -3.4833004474639893]]
[387053, 16, 1, [6.945308208465576, -0.3601778745651245]]
[387053, 22, 1, [1.2048507928848267, -7.810311317443848]]
[387053, 15, 1, [9.4173583984375, -4.088902473449707]]
[387053, 24, 1, [7.5494160652160645, -7.234689712524414]]
[387053, 18, 1, [10.066906929016113, -4.438222885131836]]
[387053, 19, 1, [12.4049711227417, -0.11902909725904465]]
[387053, 21, 1, [6.6534881591796875, -4.220389366149902]]
[387053, 8, 1, [12.392033576965332, -8.136761665344238]]
[387053, 1, 1, [11.60280990600586, -10.024361610412598]]
[387053, 10, 1, [0.3544447720050812, -7.344236373901367]]
[394753, 'popsize', 19, 'queuesize', 0]
[397253, 11, 0, [9.993386268615723, -3.0467731952667236]]
[397253, 8, 1, [12.392040252685547, -8.248748779296875]]
[397253, 1, 1, [11.382462501525879, -9.982294082641602]]
[397253, 10, 1, [0.4775366187095642, -7.48944091796875]]
[399004, 'popsize', 4, 'queuesize', 0]
[399254, 11, 0, [10.053911209106445, -3.0372958183288574]]
[399254, 8, 1, [12.390138626098633, -8.274299621582031]]
[399254, 1, 1, [11.391129493713379, -9.915560722351074]]
[399254, 10, 1, [0.5319731831550598, -7.553922653198242]]
[401004, 'popsize', 4, 'queuesize', 0]
[401254, 11, 0, [10.077750205993652, -2.9900033473968506]]
[401254, 8, 1, [12.388964653015137, -8.297036170959473]]
[401254, 1, 1, [11.343940734863281, -9.857781410217285]]
[401254, 10, 1, [0.5577824115753174, -7.582962989807129]]
[402954, 'popsize', 4, 'queuesize', 0]
[403204, 11, 0, [10.021185874938965, -2.982360601425171]]
[403204, 8, 1, [12.387665748596191, -8.317317962646484]]
[403204, 1, 1, [11.266796112060547, -9.843500137329102]]
[403204, 10, 1, [0.5261998772621155, -7.612151145935059]]
[404904, 'popsize', 4, 'queuesize', 0]
[405154, 11, 0, [10.029369354248047, -3.0317656993865967]]
[405154, 8, 1, [12.386648178100586, -8.334341049194336]]
[405154, 1, 1, [11.213274002075195, -9.864619255065918]]
[405154, 10, 1, [0.4986759126186371, -7.5726423263549805]]
[406904, 'popsize', 4, 'queuesize', 0]
[407154, 11, 0, [10.077178955078125, -3.003368377685547]]
[407154, 8, 1, [12.384693145751953, -8.34763240814209]]
[407154, 1, 1, [11.166760444641113, -9.873839378356934]]
[407154, 10, 1, [0.5433571934700012, -7.560109615325928]]
[408804, 'popsize', 4, 'queuesize', 0]
[409054, 11, 0, [10.04189682006836, -2.970398426055908]]
[409054, 8, 1, [12.382828712463379, -8.352704048156738]]
[409054, 1, 1, [11.137356758117676, -9.893481254577637]]
[409054, 10, 1, [0.5509196519851685, -7.600136756896973]]
[410754, 'popsize', 4, 'queuesize', 0]
[411004, 11, 0, [10.039152145385742, -2.9737391471862793]]
[411004, 8, 1, [12.381579399108887, -8.354372024536133]]
[411004, 1, 1, [11.103713989257812, -9.861083030700684]]
[411004, 10, 1, [0.507878303527832, -7.612810134887695]]
[412654, 'popsize', 4, 'queuesize', 0]
[412904, 11, 0, [10.046940803527832, -3.00727915763855]]
[412904, 8, 1, [12.380094528198242, -8.355389595031738]]
[412904, 1, 1, [11.029219627380371, -9.860143661499023]]
[412904, 10, 1, [0.5037674903869629, -7.576006889343262]]
[414604, 'popsize', 4, 'queuesize', 0]
[414854, 11, 0, [10.098505973815918, -2.9988341331481934]]
[414854, 8, 1, [12.378215789794922, -8.354466438293457]]
[414854, 1, 1, [11.005130767822266, -9.876485824584961]]
[414854, 10, 1, [0.550906777381897, -7.576606750488281]]
[416554, 'popsize', 4, 'queuesize', 0]
[416804, 11, 0, [10.073841094970703, -2.9549078941345215]]
[416804, 8, 1, [12.376813888549805, -8.353217124938965]]
[416804, 1, 1, [10.971100807189941, -9.84000015258789]]
[416804, 10, 1, [0.5412614941596985, -7.616288185119629]]
[418554, 'popsize', 4, 'queuesize', 0]
[418804, 11, 0, [10.084813117980957, -2.9784340858459473]]
[418804, 8, 1, [12.375977516174316, -8.353104591369629]]
[418804, 1, 1, [10.892189979553223, -9.836393356323242]]
[418804, 10, 1, [0.4970130920410156, -7.6023712158203125]]
[420504, 'popsize', 4, 'queuesize', 0]
[420754, 11, 0, [10.142022132873535, -3.004852533340454]]
[420754, 8, 1, [12.375899314880371, -8.34463882446289]]
[420754, 1, 1, [10.860251426696777, -9.853048324584961]]
[420754, 10, 1, [0.5137035250663757, -7.561336517333984]]
[422454, 'popsize', 4, 'queuesize', 0]
[422704, 11, 0, [10.186047554016113, -2.9799351692199707]]
[422704, 8, 1, [12.380470275878906, -8.322985649108887]]
[422704, 1, 1, [10.828082084655762, -9.8176851272583]]
[422704, 10, 1, [0.5492669939994812, -7.5817060470581055]]
[424404, 'popsize', 4, 'queuesize', 0]
[424854, 1, 1, [10.743462562561035, -9.818740844726562]]
[424854, 10, 1, [0.520876944065094, -7.6197052001953125]]
[425654, 'popsize', 2, 'queuesize', 0]
[425804, 1, 1, [10.712494850158691, -9.837881088256836]]
[425804, 10, 1, [0.49683666229248047, -7.611769199371338]]
[426654, 'popsize', 2, 'queuesize', 0]
[426804, 1, 1, [10.688546180725098, -9.866085052490234]]
[426804, 10, 1, [0.48872536420822144, -7.588649272918701]]
[427604, 'popsize', 2, 'queuesize', 0]
[427754, 1, 1, [10.67562484741211, -9.89997673034668]]
[427754, 10, 1, [0.5013449788093567, -7.566623687744141]]
[428604, 'popsize', 2, 'queuesize', 0]
[428754, 1, 1, [10.677314758300781, -9.941887855529785]]
[428754, 10, 1, [0.5220451951026917, -7.562900543212891]]
[429604, 'popsize', 2, 'queuesize', 0]
[429754, 1, 1, [10.692187309265137, -9.979385375976562]]
[429754, 10, 1, [0.5433839559555054, -7.5773725509643555]]
[430654, 'popsize', 2, 'queuesize', 0]
[430804, 1, 1, [10.716567039489746, -10.009797096252441]]
[430804, 10, 1, [0.5417369604110718, -7.603140830993652]]
[431704, 'popsize', 2, 'queuesize', 0]
[431854, 1, 1, [10.75540542602539, -10.029054641723633]]
[431854, 10, 1, [0.5235614776611328, -7.616085052490234]]
[432754, 'popsize', 2, 'queuesize', 0]
[432904, 1, 1, [10.795733451843262, -10.033651351928711]]
[432904, 10, 1, [0.5037031769752502, -7.612411975860596]]
[433804, 'popsize', 2, 'queuesize', 0]
[433954, 1, 1, [10.833841323852539, -10.024117469787598]]
[433954, 10, 1, [0.49259674549102783, -7.589052677154541]]
[434854, 'popsize', 2, 'queuesize', 0]
[435004, 1, 1, [10.868590354919434, -9.997214317321777]]
[435004, 10, 1, [0.5018242001533508, -7.571335315704346]]
[435904, 'popsize', 2, 'queuesize', 0]
[436054, 1, 1, [10.890579223632812, -9.964709281921387]]
[436054, 10, 1, [0.5275545716285706, -7.565638542175293]]
[436954, 'popsize', 2, 'queuesize', 0]
[437104, 1, 1, [10.89877700805664, -9.924788475036621]]
[437104, 10, 1, [0.5482426881790161, -7.580559253692627]]
[438004, 'popsize', 2, 'queuesize', 0]
[438154, 1, 1, [10.889530181884766, -9.882645606994629]]
[438154, 10, 1, [0.5482417345046997, -7.606789588928223]]
[439054, 'popsize', 2, 'queuesize', 0]
[439204, 1, 1, [10.8701753616333, -9.848889350891113]]
[439204, 10, 1, [0.5288247466087341, -7.620944499969482]]
[440154, 'popsize', 2, 'queuesize', 0]
[440304, 1, 1, [10.835546493530273, -9.8226957321167]]
[440304, 10, 1, [0.5103857517242432, -7.615235328674316]]
[441204, 'popsize', 2, 'queuesize', 0]
[441354, 1, 1, [10.792524337768555, -9.812957763671875]]
[441354, 10, 1, [0.5004729628562927, -7.59584903717041]]
[442254, 'popsize', 2, 'queuesize', 0]
[442504, 10, 1, [0.5114374160766602, -7.574398040771484]]
