[time, indiv, parent1, parent2, gender, brain]
[200, 10, -1, -1, 0, [[array([[ 0.68810791,  0.08873833,  1.80835598,  0.42150569, -1.26184554,
        -1.25779118],
       [-0.40391293, -0.36111346, -1.94222271, -1.63592235, -2.19759367,
         0.96480385],
       [-0.34072152, -1.78822504, -1.17413107, -1.01285142,  0.63975276,
         0.5494413 ],
       [ 0.12343713, -1.97328835, -1.0417127 , -2.17432125,  1.84361176,
         1.85396237],
       [ 1.57310043, -0.40953401,  0.94591572, -2.07871507, -2.14775503,
        -1.67255288],
       [-2.25089702,  0.78556503, -1.36915129, -2.05942771,  1.28155995,
         1.81390246]]), array([[-0.09794737, -0.83577243],
       [-0.10913111, -0.15756332],
       [-0.42405029, -0.96294314],
       [ 0.64917571,  0.04089047],
       [-0.99873936,  0.17478182],
       [ 0.70604379,  1.15188691]])], [array([ 0.05447859,  0.80484491,  0.83093261,  0.13156827, -1.8431615 ,
       -2.28205389]), array([-0.20872086, -0.53929515])]]]
[200, 0, -1, -1, 1, [[array([[ 0.53425289,  0.15981383, -1.48123931, -1.05876895,  2.17022581,
        -2.18391594],
       [-0.21850348, -1.06128456, -0.92218732, -1.61964624,  0.76577059,
        -2.02855189],
       [-0.1950553 ,  1.54004494, -0.89783123, -0.85925359,  0.20240524,
         1.46462027],
       [-0.91361244, -1.89516104, -1.20072574,  0.49994201, -0.78352513,
        -2.16444295],
       [ 1.22898721, -0.93070671, -1.7539995 , -0.76983661, -1.64520055,
         0.33393986],
       [ 1.70082921, -1.95694727, -0.85190746, -0.82158343, -1.96831323,
        -1.86853072]]), array([[ 1.83398783, -0.49515106],
       [-2.08641885, -1.89377083],
       [ 1.73741897, -1.52736009],
       [-2.41341061,  1.94549394],
       [-0.6572982 ,  0.58083221],
       [-1.98261506, -0.69961007]])], [array([ 1.65720799,  0.96735248, -0.25591441, -1.24957688, -2.36423396,
       -1.82227645]), array([0.46062675, 1.93432904])]]]
[200, 3, -1, -1, 0, [[array([[-1.003201  , -1.68481987, -1.35494843, -1.81994121,  2.35888748,
        -2.25555818],
       [ 2.34732432, -0.18494694,  1.66534976,  0.8058499 , -1.41608068,
        -1.90915517],
       [-0.98730081, -2.12017458,  0.55998279,  0.73964011, -0.85214855,
         0.44473444],
       [ 2.0671941 ,  1.0360556 , -1.0868288 , -1.19377963, -0.36074343,
         1.14430037],
       [-0.42384711,  1.54379522, -1.65766352, -0.27957451, -1.88073981,
         0.98078457],
       [-2.41679452,  0.14537846,  2.37531402, -1.30778579,  1.62082295,
         0.46406614]]), array([[ 1.65649222, -1.04745378],
       [ 2.23869093,  2.31845213],
       [-1.62083182, -0.23387019],
       [ 2.28511558, -1.99234771],
       [-1.12703856, -0.37768294],
       [-0.04980055,  0.41912905]])], [array([ 1.03288105, -1.23191344,  1.14201143,  0.91238865,  0.52024208,
        1.23778097]), array([ 1.27583286, -0.63777524])]]]
[200, 11, -1, -1, 1, [[array([[ 2.10263461,  1.17828636, -1.93047563, -1.37939415, -1.75629882,
         0.39228237],
       [-1.27798604,  2.29905149,  1.20102428, -0.70515872, -0.04648213,
         0.03724755],
       [-1.07301364,  1.14455094, -1.94453136,  0.52925264,  0.00601968,
        -1.95295075],
       [-0.00703305,  1.62131512,  2.13503836,  0.28700846,  0.66546476,
         1.49389483],
       [ 2.31234296, -1.30621281,  1.00680443, -1.33358321, -1.25071959,
        -0.12428189],
       [-1.58341409, -1.52612907, -1.03523916,  0.201011  , -0.56571078,
        -2.24004798]]), array([[-1.63179657,  1.10165512],
       [-0.1835127 , -0.1179499 ],
       [ 1.56112755, -0.70215979],
       [-2.3897146 ,  2.34402617],
       [ 0.05688665,  2.42990016],
       [ 2.33971639, -0.29844946]])], [array([ 0.56632873, -1.79422816,  0.43946991, -0.57548481,  0.00879975,
       -0.12118512]), array([-1.40175952, -0.79440981])]]]
[200, 12, -1, -1, 0, [[array([[ 7.25524727e-02, -1.07966310e+00, -2.22043585e+00,
         2.28938600e+00,  1.84106052e+00,  1.14783354e+00],
       [-8.41786095e-01, -6.85955073e-01,  9.33876180e-01,
        -1.69046043e-01,  1.89672472e+00,  4.95519229e-01],
       [-6.59455516e-01,  4.59046781e-01,  1.79266219e+00,
         1.12688063e+00, -7.38728022e-01,  1.26001304e+00],
       [ 1.98804933e-01,  1.83675629e+00,  1.11190592e+00,
         2.15545806e+00,  7.74590508e-01,  2.13729524e+00],
       [-2.04327685e+00,  2.25741184e-03,  3.16923209e-01,
        -1.89599577e+00, -2.28637678e+00,  1.57180226e+00],
       [-1.33154375e+00,  7.45525510e-01, -1.69771183e+00,
        -1.02090103e+00, -2.38868880e-02, -1.38944882e+00]]), array([[ 2.25060268,  2.0667475 ],
       [-0.42396691,  2.12137487],
       [-0.97642827,  1.8824224 ],
       [ 1.12254193, -0.78104927],
       [ 0.36726882,  0.34133886],
       [ 1.85001109,  0.55377278]])], [array([-0.87660284,  2.2537691 , -0.02276973, -1.6647062 ,  1.83513784,
        2.00303341]), array([-2.11102093,  1.33249187])]]]
[200, 21, -1, -1, 1, [[array([[-2.25456902e+00, -9.64628112e-01, -1.66534302e+00,
        -5.47784753e-01,  5.23605726e-01,  1.54168368e+00],
       [-2.02876789e-01,  1.25585597e+00,  2.19757268e+00,
         1.76677167e+00,  1.46093948e+00, -2.07201055e+00],
       [ 7.96530115e-01, -5.67072846e-01, -4.62261606e-01,
         2.00545348e+00, -5.53344043e-01,  9.53456426e-02],
       [ 2.08691651e+00,  1.85945205e+00,  5.97341766e-01,
        -1.16081610e+00,  2.00711700e-01,  9.08122666e-01],
       [-5.11705885e-01, -5.99772073e-01, -1.94068733e+00,
        -1.29445609e+00, -8.91403679e-01, -1.79401965e+00],
       [-7.60018488e-01,  2.21477975e+00, -1.81300057e-03,
        -8.86261930e-01, -5.12814370e-01,  8.69759081e-01]]), array([[ 1.17952383, -1.5214313 ],
       [-1.15711106,  1.72712742],
       [-1.74539089, -1.77068482],
       [ 1.75589649,  0.44365111],
       [ 0.61619592,  2.20270339],
       [ 2.39953851, -0.32429782]])], [array([ 0.46506705,  1.53853828, -0.16723218,  1.53198344,  0.94373014,
        0.47185571]), array([ 2.05873364, -0.67273151])]]]
[200, 4, -1, -1, 0, [[array([[-1.83639374, -1.22570316,  1.02169312, -2.05902704, -1.43392201,
         0.22890571],
       [ 2.29758919, -0.03729496,  2.39475558, -2.09584066,  2.12098129,
         0.68527762],
       [-1.95585971, -0.31413379,  0.30163332, -1.37298083,  1.81165507,
         0.10576117],
       [-1.48857721,  2.3351096 ,  1.20425652, -0.60937769, -1.73250145,
         0.38051391],
       [-0.58858616, -1.57708826,  1.11896749, -1.21873819, -0.55917936,
        -1.12464612],
       [-1.11243249,  1.45938434, -1.59833046,  1.8132641 ,  1.55771717,
        -2.17028603]]), array([[-1.42422257,  1.18626906],
       [-0.29319855, -1.63716556],
       [ 1.02192822, -2.40311527],
       [-0.58337854, -1.59172376],
       [ 0.14730358, -0.39702862],
       [-1.29603936, -1.77725053]])], [array([-0.55982727,  1.58454378,  0.68727799,  2.21768937,  0.70666485,
        1.79920638]), array([-2.40544439,  1.29709347])]]]
[200, 9, -1, -1, 1, [[array([[-0.54916947,  1.09215311,  2.12217873,  0.30735811, -1.75703077,
         1.74781201],
       [-1.12696352, -0.68703319,  1.85889784,  1.00094379, -1.67097848,
         1.57434972],
       [ 1.74892558,  1.67561048, -1.78582757,  1.54490561,  1.89421041,
        -0.79515229],
       [-1.2745802 , -0.28460072, -0.09602225, -2.13976721, -2.38652605,
        -0.14829664],
       [-1.64904414, -1.31248046,  0.73558739,  1.52491609,  0.99727369,
        -1.6569618 ],
       [ 0.23982834, -1.32431457, -0.40903842,  2.10863895,  2.42530031,
        -2.34778082]]), array([[-0.75871596, -1.13463121],
       [-1.29486926, -0.22622867],
       [-1.03616323,  2.3683835 ],
       [-0.70698102, -0.62928817],
       [-1.88926477, -2.00444589],
       [ 1.42396742, -2.06242014]])], [array([ 0.74672542,  1.09818576,  0.76423838, -0.84565271,  0.47980374,
        0.25990762]), array([0.72353432, 0.99697934])]]]
[200, 16, -1, -1, 0, [[array([[ 1.1428243 ,  0.66033754,  0.88339778, -2.34618528, -0.64060924,
         2.00939902],
       [-1.3535812 , -0.13069674,  1.74069762, -0.87381442,  0.03024445,
         1.7466846 ],
       [ 0.22881364,  1.89341439,  0.26616093,  0.97638974,  2.0342286 ,
        -0.35588712],
       [-1.89374792,  1.0557008 , -1.55460898,  0.70336248, -1.36182089,
         0.05229017],
       [-0.58341821, -1.62961322,  0.50632167, -0.80305917, -1.62528397,
         0.03656051],
       [-1.19700339,  2.22425586,  1.01666164,  1.59253698, -1.15194876,
         1.09145409]]), array([[-0.03900334, -0.64912417],
       [-0.70685697,  0.24450299],
       [ 2.05869686, -0.06801899],
       [ 1.38937937, -0.87510666],
       [-1.09604639,  2.19657163],
       [-0.69925421,  2.03680867]])], [array([ 0.24026111,  1.04151842, -0.60531711, -1.82079057,  0.71481128,
        1.14830563]), array([1.32740013, 1.32386606])]]]
[200, 2, -1, -1, 1, [[array([[ 1.03731303, -0.92632599,  0.69203292, -0.34848439,  1.85555186,
        -1.99568217],
       [ 2.01251285,  0.0256624 ,  0.70354136,  2.00418512, -0.32056451,
        -2.14971806],
       [-1.79031597,  1.97637293,  2.41943979, -1.39037865, -1.83551351,
        -1.63611779],
       [ 0.26046214,  0.09890318, -1.23306195, -1.73134292, -0.49508216,
         0.21735255],
       [-0.03414414, -0.98237495, -1.32589956, -0.65479226, -0.34113068,
         0.83806376],
       [-1.3813999 ,  1.69548564,  0.85761968, -0.45523254, -1.44969442,
        -0.29262399]]), array([[ 2.02454867, -2.24058977],
       [ 0.78818777,  0.44124979],
       [-0.839001  ,  1.48886995],
       [-2.14716406, -1.06087251],
       [ 0.12698671,  0.25471953],
       [-2.11594747, -1.25448865]])], [array([ 1.0403162 ,  1.84221718,  1.52849786,  0.56099065, -0.9176869 ,
        1.07742034]), array([1.35337775, 0.99366486])]]]
[200, 19, -1, -1, 0, [[array([[ 2.1626202 ,  0.68229979,  1.65055281,  0.50044044,  2.05763624,
        -2.4315755 ],
       [-2.26594698,  0.81296351,  1.65966252,  0.70281246, -0.50377628,
        -1.24616758],
       [-1.77023054, -1.77957059,  0.81656647,  1.35582013,  0.95226155,
        -0.86618483],
       [-2.1364812 , -0.97784289, -1.36662319,  1.8279832 ,  2.37134197,
        -2.17708029],
       [-1.77353679,  1.9332699 ,  0.82532304,  2.06812257,  1.67340382,
        -2.40054352],
       [-1.77039735, -1.24512091,  0.19948188,  1.17352611,  1.45363845,
         2.02121459]]), array([[ 1.74946584,  1.45097043],
       [ 1.43885363,  1.13302638],
       [ 1.99381668,  0.34186006],
       [ 1.7653216 , -1.12079272],
       [-1.55903059, -1.23296444],
       [-0.91219411,  1.26109022]])], [array([1.35371494, 1.42243777, 0.01603339, 0.62703315, 1.55794465,
       1.72676084]), array([-0.93130392,  1.34081231])]]]
[200, 17, -1, -1, 1, [[array([[-0.14421526, -2.24961828, -0.27085236, -1.83352564,  0.74010536,
         0.54467651],
       [-1.28207262, -0.02589764,  1.30850856, -0.86603707,  1.19100772,
         1.80465386],
       [ 1.74863867,  0.20783775,  0.74278455, -1.63510075, -1.42403091,
         1.85485169],
       [ 1.80342387,  1.41321576, -1.27065676,  0.44894113,  2.3510466 ,
         1.07184126],
       [-1.99622712,  1.7403082 ,  1.72256522, -1.70497347, -1.62102598,
         2.2319378 ],
       [-0.89848882, -0.14324926,  2.24008338, -1.82971398, -1.34382193,
        -1.36288181]]), array([[-0.13037192,  1.61327355],
       [-0.90621189, -0.40591608],
       [-0.48817289,  2.01304877],
       [-1.33252115, -1.39708197],
       [ 1.97520919, -0.53737825],
       [-0.36811888,  2.24396035]])], [array([ 0.95077264,  1.27107425,  1.56582181, -0.62299567, -0.05663898,
       -1.76117799]), array([-1.51665198,  2.12335774])]]]
[200, 13, -1, -1, 0, [[array([[ 0.74590642, -0.43423058,  0.50791431,  1.68804741,  0.32564361,
         1.11869764],
       [ 1.62621604, -0.86174906,  0.95339726,  1.14071979, -0.77532582,
         1.07277055],
       [-1.34615024, -1.31902024,  2.25722661,  2.10416596,  1.20238348,
         0.38374448],
       [-2.38150118, -0.66314413,  1.73973167, -2.26978924, -0.88008901,
         0.56069246],
       [ 0.52099188, -1.05791165,  0.84067831,  0.8344979 , -2.35759477,
        -1.86859171],
       [ 1.73417823,  0.2535253 ,  1.00783895, -1.69060281, -1.36713728,
        -1.75825564]]), array([[-0.55542158,  2.20662451],
       [ 1.07889191, -1.93145047],
       [-1.49949332,  0.21185196],
       [-0.10212402,  0.19039414],
       [ 0.68304387,  0.57614081],
       [-1.32627388,  1.3407687 ]])], [array([-0.09469132, -1.61324936, -0.75893552, -1.27233095,  1.18292074,
        0.27762962]), array([ 0.17278879, -0.60311016])]]]
[200, 20, -1, -1, 1, [[array([[-1.4112161 , -1.71468764, -0.60147805,  1.33672595,  0.46246249,
        -2.42547007],
       [-0.21035748, -1.55144443, -0.25975887, -1.33768294, -1.90029385,
        -1.61429494],
       [ 0.32382243,  0.7168979 ,  0.94300145,  2.37856461, -1.75871358,
         1.1616747 ],
       [-0.91411889,  0.70017836,  1.57321696,  0.07729621, -1.82595552,
         1.06980607],
       [-2.14873096, -0.44012661,  1.43534527, -1.84946674, -0.06592265,
         0.71513771],
       [ 1.83186679, -0.52312463, -1.28192591,  1.89026902,  1.64696486,
         1.73650206]]), array([[-0.88561878,  1.03539833],
       [ 2.23895886,  0.10866234],
       [-2.28695358,  1.18187906],
       [ 0.44051914, -1.57749217],
       [ 1.40683706,  1.58398097],
       [ 0.9781258 , -1.12746214]])], [array([-0.55388543, -0.94723416, -1.57729121, -1.54960126, -0.28737197,
       -1.99852671]), array([-0.0657106 ,  2.19038782])]]]
[200, 23, -1, -1, 0, [[array([[-1.82238217,  1.43242705,  2.01700694,  1.21443241, -0.71765372,
        -1.98343925],
       [ 1.46641753, -0.78112761,  0.3109451 ,  2.30577534,  0.30214218,
         0.22689777],
       [-0.38003989,  1.67826535,  0.97665347, -1.21966179,  1.2323334 ,
        -2.17991466],
       [-2.26038315,  0.81715508,  1.69773126, -0.19011207, -2.37834868,
        -0.26693033],
       [ 1.01789459, -2.40339699,  1.0809102 , -1.92877662, -0.20749964,
        -2.04988079],
       [ 1.6416947 ,  1.03376789, -0.96146112,  1.12839201,  2.18492963,
         1.34283241]]), array([[-2.11766993,  1.72986069],
       [ 1.97098738, -2.27221204],
       [ 1.83471227, -1.72260879],
       [ 1.9523244 , -1.1460125 ],
       [-2.42735569, -0.43737778],
       [ 1.58577227, -1.22028246]])], [array([ 0.37913507,  0.91988369, -1.24140663, -0.46452962, -0.32653906,
       -0.2242659 ]), array([1.57057286, 1.94980753])]]]
[85200, 15, 'birth', 16, 17, 0, [[array([[ 1.1428243 ,  0.66033754,  0.88339778, -2.34618528, -0.64060924,
         2.00939902],
       [-2.44948974, -0.13069674,  1.74069762, -0.87381442, -1.46235721,
         1.7466846 ],
       [ 0.22881364,  1.89341439,  0.26616093,  0.97638974,  2.0342286 ,
        -0.35588712],
       [-1.18378265,  1.0557008 , -2.44948974,  0.70336248, -1.36182089,
         0.05229017],
       [-0.88779707,  0.44156002,  0.50632167, -0.80305917, -1.62528397,
         0.03656051],
       [-1.19700339,  2.22425586,  1.01666164,  1.59253698,  1.93708638,
         1.09145409]]), array([[-0.03900334, -0.64912417],
       [-0.70685697, -1.41421356],
       [-0.48817289,  1.41421356],
       [-1.33252115, -1.39708197],
       [ 1.41421356, -0.53737825],
       [-0.36811888,  1.41421356]])], [array([ 0.95077264,  2.44948974,  1.56582181, -0.62299567, -0.9704025 ,
       -1.76117799]), array([-1.41421356,  1.41421356])]]]
[144201, 6, 'birth', 15, 0, 1, [[array([[-2.390783  ,  0.66033754,  2.44948974, -2.44948974,  0.55897553,
         2.44948974],
       [-2.44948974, -0.13069674,  1.74069762,  1.49957992, -1.46235721,
         1.7466846 ],
       [ 0.22881364,  1.89341439,  0.26616093,  0.97638974,  2.15680587,
        -0.35588712],
       [-1.18378265,  1.0557008 , -2.44948974,  0.99363538, -1.36182089,
         0.05229017],
       [-0.88779707,  2.44948974,  0.50632167,  0.59558102,  2.32234573,
         1.27655801],
       [ 1.70082921, -1.95694727, -0.85190746, -0.82158343, -1.96831323,
        -1.86853072]]), array([[ 1.41421356, -0.49515106],
       [-1.41421356, -0.13657636],
       [ 1.41421356, -1.41421356],
       [-1.41421356,  1.41421356],
       [-0.6572982 ,  0.58083221],
       [-1.41421356,  0.17357142]])], [array([ 1.65720799,  0.96735248, -0.25591441, -2.44948974, -2.36423396,
       -1.82227645]), array([0.46062675, 1.41421356])]]]
[293002, 8, 'birth', 13, 2, 0, [[array([[ 0.74590642, -0.43423058,  0.50791431,  2.44948974,  0.32564361,
         1.11869764],
       [ 1.62621604, -0.86174906,  0.81201889,  1.14071979, -0.77532582,
         1.07277055],
       [-1.34615024, -1.31902024,  2.25722661,  2.10416596,  1.20238348,
         0.38374448],
       [-2.38150118, -0.66314413,  1.73973167,  0.08338788, -0.88008901,
         0.56069246],
       [ 0.52099188, -1.05791165,  0.84067831, -2.44948974, -2.35759477,
        -1.86859171],
       [ 1.73417823,  0.2535253 ,  2.25200806, -1.69060281, -1.36713728,
        -2.12189993]]), array([[-0.55542158, -1.41421356],
       [-1.26445549,  0.44124979],
       [-0.839001  ,  1.41421356],
       [-1.41421356, -1.06087251],
       [ 0.12698671,  0.21594666],
       [-1.41421356, -1.25448865]])], [array([ 1.0403162 ,  1.84221718,  1.52849786,  0.56099065, -0.9176869 ,
        1.07742034]), array([1.35337775, 0.99366486])]]]
[589755, 10, 'death']
[589905, 0, 'death']
[590055, 3, 'death']
[590205, 11, 'death']
[590355, 12, 'death']
[590505, 21, 'death']
[590655, 4, 'death']
[590805, 9, 'death']
[590955, 16, 'death']
[591105, 2, 'death']
[591305, 19, 'death']
[591455, 17, 'death']
[591605, 13, 'death']
[591755, 20, 'death']
[591905, 23, 'death']
[610206, 15, 'death']
[618856, 6, 'death']
[619056, 8, 'death']
[619056, 'Extinction!']
