[time, indiv, parent1, parent2, gender, brain]
[150, 23, -1, -1, 0, [[array([[-2.25257053, -1.95144608,  1.40382689, -2.02790758,  1.92373758,
        -0.99646613],
       [-0.3247244 ,  2.23456668,  1.86584942,  1.26292062,  0.34831282,
        -1.12913019],
       [-0.65218005, -1.21254395,  1.63693567, -1.02933347, -1.13559634,
        -2.19851889],
       [ 2.40381548,  2.12537675,  1.7471704 , -2.3095709 ,  0.92012971,
         2.23114436],
       [ 0.24460273, -1.15846329, -2.08486755, -0.25015238,  0.65836573,
         1.99382011],
       [ 1.32936509, -1.80610031, -1.74017385, -1.00972565, -1.94181762,
        -0.61609216]]), array([[ 1.17904113,  1.7033799 ],
       [ 1.65468419,  1.58913859],
       [-2.20551177, -1.99799223],
       [ 0.63093911, -1.84710189],
       [-0.66711035,  0.16617543],
       [ 1.51662058, -1.81247302]])], [array([ 2.39117456, -0.62085436, -1.18971472, -0.13335866, -0.83380662,
       -2.20665317]), array([1.45031295, 1.49502546])]]]
[150, 4, -1, -1, 1, [[array([[-1.762297  , -1.13421867, -1.39565607,  1.02068247,  1.17629618,
        -2.12032762],
       [-1.94537486, -0.05893704, -0.22399845,  2.10452842,  2.02317246,
         0.52211711],
       [ 1.57906229, -0.67900686, -1.97954483, -0.14468949,  1.86833232,
         0.09306151],
       [ 0.44999258, -0.34718602, -1.99238713, -1.92961537,  0.61185559,
         0.33300323],
       [ 1.93074395, -0.44726142, -0.06111638,  0.88174992, -1.95672141,
        -2.30478352],
       [ 2.24020709,  2.40331757, -1.0088445 ,  1.71695185,  1.8423559 ,
         2.33821993]]), array([[-2.01858693,  2.09318834],
       [ 1.63410523, -2.15948649],
       [ 1.31892135,  0.42058212],
       [-2.31935099,  0.32116828],
       [-1.30938974,  1.47818758],
       [ 1.42828444,  0.48331683]])], [array([-0.60185294,  0.75043719,  2.13478123, -1.31898899,  1.50285644,
       -1.21492899]), array([0.17586756, 2.18649348])]]]
[150, 5, -1, -1, 0, [[array([[ 0.32979597, -0.67490845,  0.94849933, -0.23277281, -2.38990565,
        -1.42938497],
       [ 0.90219404,  1.28727141, -1.01510857,  1.7819488 ,  0.44803815,
        -2.1990273 ],
       [-1.15173669, -0.58282831,  1.72898644,  0.29162501,  2.26979903,
        -1.06208336],
       [-0.65215409,  0.48124427, -2.28022541,  1.54270104,  2.41573337,
        -2.30887278],
       [-1.34348784,  0.65928605, -1.96331582, -0.13025177,  1.70214781,
         0.20718897],
       [ 0.28867115, -2.25576315, -1.1204254 ,  1.05780282, -1.70943171,
         0.89386927]]), array([[ 0.34478926,  0.50038112],
       [-1.6114433 , -2.00781879],
       [ 1.70076731, -0.15958806],
       [ 2.19873379,  1.77082343],
       [-1.97385122, -0.43927548],
       [-1.09959372, -1.8320115 ]])], [array([-0.60697054,  2.20424396, -1.34970359,  0.61679204, -1.44205777,
        1.60423378]), array([-2.42923286, -0.78485598])]]]
[150, 3, -1, -1, 1, [[array([[ 1.85472102,  0.96226084, -2.15538063, -0.57099569,  0.52478942,
         2.19011663],
       [ 1.82931096,  1.51836529, -0.27705285,  0.18924324, -0.11550979,
        -0.49199394],
       [-0.56038551,  0.22695716, -1.00326006,  0.06155792,  1.40479528,
         2.36562004],
       [-0.45365421,  1.39320508, -0.40714287, -0.62191819,  2.097268  ,
         1.62770955],
       [-2.00392736, -0.40498707,  0.79895089, -1.65351037,  1.96575764,
         0.72114505],
       [-0.87679734, -1.9268829 , -1.42754219,  2.41469409,  0.38021404,
         0.03511466]]), array([[ 1.07191699,  0.27514738],
       [ 1.49966782,  0.57265774],
       [-0.27394889, -1.92201132],
       [-1.04177898, -0.02933206],
       [ 1.97306279, -2.25689774],
       [-1.48051272,  2.40080621]])], [array([-1.80463194, -0.64032637,  2.09603631,  1.30352609, -1.37068257,
       -0.10675052]), array([-0.62899518,  2.16629996])]]]
[150, 12, -1, -1, 0, [[array([[ 2.38156955,  0.0264716 , -0.77745806,  1.22085753, -0.95375847,
        -0.8850174 ],
       [ 2.30817755,  2.19728691, -1.11764552, -0.02553291,  1.17974902,
        -1.06679866],
       [ 0.02740484, -1.11879632, -0.00489856, -0.72569359,  1.47329433,
        -0.43420011],
       [ 0.37422588, -1.67960223,  1.99842566,  1.96104995, -0.31191399,
        -1.41837493],
       [ 2.37322577, -2.17058837, -1.8277714 , -0.68083248,  1.41304871,
        -0.12982548],
       [ 0.04685943,  0.42775476, -1.16560843,  0.46154726,  2.41013121,
        -1.89242039]]), array([[-1.9746567 , -1.11502986],
       [-0.48434131, -1.03454365],
       [ 1.20914119, -1.64602104],
       [ 2.30360816,  1.13841231],
       [ 1.01411915,  2.25880362],
       [-0.19945759,  0.23897098]])], [array([-1.37376373, -1.24385841, -1.65753828, -1.62311251, -0.65178934,
       -2.23253577]), array([ 1.68251582, -1.29773484])]]]
[150, 18, -1, -1, 1, [[array([[ 0.18977161, -1.10719339, -1.21713387, -0.68254253,  0.56177551,
         0.05204486],
       [ 1.81172996,  2.31933865,  0.48470022, -0.4798554 ,  1.63054541,
         0.46046485],
       [ 2.2693731 ,  0.27322569,  1.8495939 ,  0.76824604,  0.25620084,
        -1.37518853],
       [-2.26039078,  0.29319792,  1.37200706, -2.18409167, -1.76111421,
         1.39434175],
       [-0.28711423, -1.7610523 , -0.21344084, -0.7052463 ,  1.74585945,
        -1.98595685],
       [ 2.28848604,  1.95909228,  0.53726163, -0.31224323, -1.54456729,
        -0.35313507]]), array([[-0.98721013, -0.50037427],
       [-0.30994606,  1.18874799],
       [-0.6957502 ,  0.70682556],
       [ 1.90165564,  2.26990983],
       [ 2.23248358, -0.00548477],
       [ 1.91347002,  2.28488984]])], [array([ 0.50352785, -0.52702415, -1.9797763 , -1.14117378,  1.47260991,
       -1.25850469]), array([1.64425653, 0.83640212])]]]
[150, 22, -1, -1, 0, [[array([[ 2.0883555 ,  1.38605176,  0.77271315, -0.84640997, -0.05918196,
         1.57034837],
       [-0.66391851, -2.32195072, -1.44258734,  1.72656794, -0.70587063,
        -1.6855886 ],
       [ 0.7092608 ,  2.09728818,  1.76608332, -2.04670421,  2.14711314,
         0.24888129],
       [-1.83529992, -1.03083562,  1.04972028, -1.98303672, -2.26801671,
         0.98739008],
       [-0.32500769, -1.02410957,  2.15829677,  0.19668754, -2.13275582,
         2.37646989],
       [ 1.30660588, -1.10882739, -0.45604866,  1.10720925, -2.35256826,
         0.35418042]]), array([[ 0.88536143,  0.70842739],
       [-0.24790268, -0.85232961],
       [-0.49373053, -0.17591736],
       [ 0.73009658,  1.91048169],
       [-1.14461799,  0.96972652],
       [ 0.43650004,  1.55985767]])], [array([ 1.10773528, -1.86472559, -2.4071859 ,  1.9022997 , -0.95370138,
        1.36053257]), array([ 1.74551792, -1.49436709])]]]
[150, 21, -1, -1, 1, [[array([[ 0.56787021,  0.53069191,  1.23901897,  0.66928339,  1.69422522,
         1.15873811],
       [ 1.38806573, -1.30627788, -2.15678458, -1.69707704, -0.89545099,
        -0.02598181],
       [ 1.21609916,  0.69426474,  1.81477288, -1.98624992, -0.68177513,
        -2.04029487],
       [ 2.41824632,  1.55484976, -2.27198472,  1.96819873,  1.23636195,
        -2.06973975],
       [ 1.1323187 ,  1.51613772,  0.87168102, -0.94099492, -1.3862392 ,
        -1.05807847],
       [-1.82334208,  0.36913424,  0.25421301,  0.4132216 ,  1.0686669 ,
        -2.38518164]]), array([[-1.25130916, -0.7929142 ],
       [ 1.83157799,  1.95237692],
       [ 0.67820899, -0.06719391],
       [-0.43481927,  1.42350182],
       [ 0.61430171, -1.44724877],
       [ 1.11842814,  0.26146366]])], [array([-0.82529901,  1.4490386 , -1.67271136,  0.17842029,  1.34447792,
        0.26599307]), array([-2.38887499,  1.52935039])]]]
[150, 14, -1, -1, 0, [[array([[ 1.68133119,  1.3990219 ,  1.6925886 , -1.53084103, -0.67972439,
        -2.32183847],
       [ 0.51292184, -0.32274864,  1.27977063, -0.93683678,  1.48229496,
         2.27214309],
       [-1.54614427, -1.7147631 , -0.16437468, -0.69398315,  0.2676149 ,
         1.80310663],
       [-2.06205964,  0.80237089,  2.36781822, -2.40575623, -1.28406068,
        -2.35729291],
       [ 2.21631016,  1.23105589, -2.11779036,  0.87737905, -0.39664412,
         1.42537283],
       [ 2.29587185,  0.56780948, -1.88453647, -2.16389624, -1.25561399,
        -1.32328813]]), array([[-2.02526129,  0.18031026],
       [ 2.37903515,  0.61300282],
       [-0.50059496, -0.42721679],
       [-1.60762728, -0.29838745],
       [ 0.53980112, -0.52377093],
       [ 1.20789074,  1.51693145]])], [array([-0.78260873,  1.09491387, -0.26019157, -2.32299777,  1.8963518 ,
        2.09808508]), array([ 2.28620704, -1.81028871])]]]
[150, 2, -1, -1, 1, [[array([[-2.34473574,  2.02900018, -0.8425203 , -1.88181319,  0.08300708,
         1.12462694],
       [ 0.6291436 ,  0.71290261, -2.33072585, -0.08822146, -2.19571597,
        -0.9287845 ],
       [ 0.91262274, -2.18942085,  1.65255636,  1.04524346,  2.08982489,
        -1.44198737],
       [-1.24995966,  2.34598066,  1.70011356,  1.21493542,  2.03117438,
         0.01972157],
       [-1.70749546,  0.52587879,  1.54355029,  1.37811255, -2.29764435,
         1.92833223],
       [-0.46070035,  2.22065001,  1.88020726, -0.73904725, -1.56918487,
        -0.2970126 ]]), array([[-0.63663284,  1.57741206],
       [-1.45949935, -2.42985428],
       [ 2.39387212,  2.11842808],
       [-1.87946009,  0.76027101],
       [ 0.67813003,  2.36524766],
       [ 1.55017658, -0.52431547]])], [array([-2.34204545,  2.31050298, -0.68397501, -0.58161694,  1.55645824,
       -0.01318205]), array([-2.01127629, -1.77768201])]]]
[150, 8, -1, -1, 0, [[array([[-2.18491791, -1.12484766, -1.27077508,  1.34310738, -1.99325166,
        -2.03418433],
       [-2.35278071, -0.30877514, -0.95713594,  1.33479616,  1.8828835 ,
         1.82450832],
       [-1.35041809, -0.89695124,  2.43440136, -2.31647963, -2.18385108,
         1.87052338],
       [-2.32422033,  1.95573976,  1.48093075,  1.72765626, -0.02969831,
        -2.24859671],
       [-1.29057005, -0.04963512, -1.77354428, -2.29921526,  1.77787686,
         2.2110948 ],
       [-0.62287971, -0.08760575, -1.23171129, -0.92633175,  2.31170246,
        -1.63254658]]), array([[-1.47838206, -1.68318227],
       [-0.28908171,  1.06510415],
       [ 0.09007941,  0.04025814],
       [-1.04697684, -0.42833061],
       [ 0.77114392, -1.27988772],
       [-1.92352168, -0.53980833]])], [array([ 1.78991573,  2.33533519, -2.2202093 , -1.8888421 ,  0.33038381,
        0.57838886]), array([2.2806232 , 1.75855912])]]]
[150, 6, -1, -1, 1, [[array([[ 2.10400768,  1.80494219, -0.02119496,  2.23953377, -1.54775849,
         1.61646276],
       [ 2.16431495,  0.69370049, -1.83299414, -0.97579572,  1.20452641,
         2.15563003],
       [-1.86284715, -1.50840527,  2.18745796, -1.78118777, -0.60936165,
         1.31649483],
       [-2.08517382, -2.08523208,  1.06558364,  1.34031674,  1.86744314,
         0.73884185],
       [-1.44835583,  1.41033767, -1.98865618,  0.93937104, -1.96161519,
        -1.0921083 ],
       [ 1.08689874, -1.46755462, -0.80609933,  2.428992  ,  0.72711204,
         0.64877049]]), array([[ 0.390078  ,  0.25428566],
       [-0.95031105,  0.8761703 ],
       [-0.21561763, -1.34270104],
       [-2.42493077,  0.27487338],
       [ 0.69966991,  1.55662592],
       [-1.67392593,  1.26230699]])], [array([-0.20190396, -1.4041589 ,  2.3850085 , -0.9443567 ,  1.98375702,
       -1.09781747]), array([-0.63272313, -1.23633809])]]]
[150, 0, -1, -1, 0, [[array([[ 0.5433312 ,  0.79408367, -0.21694629,  1.35109798, -2.03482461,
         2.12587931],
       [ 0.36439448, -1.44036962, -0.60901057, -0.64884724,  0.92833965,
        -0.40422387],
       [-0.37226973,  1.41278132, -1.45081355,  1.21547608, -2.31649631,
        -1.87948999],
       [-1.9916372 , -0.3784082 ,  0.15994754, -0.42095171,  2.26576428,
         1.34609102],
       [-1.229818  ,  0.09028629,  2.02312033, -0.59912789, -1.95822228,
         0.27332619],
       [ 0.82726405,  2.24248323, -0.66900037, -2.27077439,  1.84281149,
        -2.41936271]]), array([[-1.44338006,  0.57878329],
       [ 0.17238145,  1.1496164 ],
       [-1.91357372, -1.39055958],
       [-2.23324252,  2.4170962 ],
       [-1.166286  ,  1.21641039],
       [ 0.20025016,  0.92895855]])], [array([-2.06435883,  0.23918292, -0.9658938 ,  1.05367228,  2.23662632,
        1.11903052]), array([ 1.22023826, -2.16297234])]]]
[150, 16, -1, -1, 1, [[array([[ 1.92823556, -0.39559448, -1.91561015, -0.17949636, -2.25972568,
        -0.76459718],
       [ 1.99193323,  0.50252778,  1.96052623,  2.09800027, -1.0281865 ,
        -0.41365871],
       [-1.02248208,  0.92133827, -2.27325132, -1.04386977, -0.00329354,
        -0.72927976],
       [-1.99315035,  1.31338157, -0.71674083,  2.35973342,  2.21845138,
         1.90595984],
       [ 0.73200058, -1.12219262, -0.41679685, -0.43372924, -0.70109567,
         1.76325134],
       [-1.97985196,  2.00535177,  1.15386693, -1.15684527, -1.39776565,
         0.68661483]]), array([[ 0.83576207, -1.68356363],
       [-1.86968529,  0.00832733],
       [-0.64948465, -0.57785173],
       [-2.21227646, -1.11356062],
       [ 2.3241183 , -0.53947482],
       [-0.5143565 , -0.32297403]])], [array([-0.02106497,  0.37922821, -0.93287694, -1.49087265,  2.11462006,
        2.01690627]), array([-0.66083509, -1.09758349])]]]
[150, 10, -1, -1, 0, [[array([[ 0.48556323, -1.65270387,  0.95525557, -1.76810824, -0.50774217,
        -1.59667527],
       [ 0.26068435, -0.25317907,  1.45669831,  2.13323297,  0.90202285,
        -2.12393012],
       [ 1.17293401, -2.14842653, -1.37381449, -1.51801805, -1.66728317,
         1.91548371],
       [ 0.40739843, -1.53689208, -2.44344881, -0.26476119,  0.04495326,
         1.61660797],
       [-1.57471449, -2.12295235,  0.6634395 , -2.30789274,  1.06591393,
         0.89654793],
       [ 0.62609492,  0.66699162, -1.02271882,  0.15045376, -0.81992086,
         0.7296808 ]]), array([[-2.31844724,  1.12068581],
       [ 1.61319905,  2.07120664],
       [-0.46532267,  0.53718234],
       [ 0.20529554, -1.31336002],
       [-1.53958034,  0.95379274],
       [ 2.14600016,  2.11459065]])], [array([-2.10876436, -0.1363602 , -0.10194139, -0.45045629, -1.77822545,
        0.23968286]), array([-0.71073243, -1.05463026])]]]
[175851, 24, 'birth', 10, 3, 1, [[array([[ 0.3771296 , -1.65270387,  0.95525557, -1.76810824, -0.50774217,
        -1.59667527],
       [ 0.26068435, -0.25317907,  1.45669831,  2.13323297,  0.90202285,
        -1.23040442],
       [ 1.17293401, -2.14842653, -2.44948974, -1.51801805, -1.66728317,
         1.91548371],
       [ 0.40739843, -1.53689208, -2.44344881, -0.26476119,  0.04495326,
         1.61660797],
       [ 2.09212132, -2.12295235, -2.44948974, -2.30789274,  2.08421454,
         2.44948974],
       [ 0.62609492,  0.66699162, -2.44948974,  0.15045376, -0.81992086,
         2.44948974]]), array([[-1.41421356,  1.12068581],
       [ 1.41421356,  1.41421356],
       [-0.46532267,  0.53718234],
       [-1.04177898, -0.02933206],
       [ 1.41421356, -1.41421356],
       [-1.41421356,  1.41421356]])], [array([-1.80463194, -0.64032637,  2.09603631,  1.30352609, -1.37068257,
       -2.44948974]), array([1.41421356, 1.41421356])]]]
[198101, 1, 'birth', 8, 18, 1, [[array([[-2.18491791, -1.12484766, -1.27077508,  2.44948974, -1.99325166,
        -2.03418433],
       [-2.35278071, -0.30877514, -0.95713594,  1.33479616,  1.64791203,
         2.44948974],
       [-1.35041809, -0.89695124,  2.43440136, -2.31647963, -2.18385108,
         1.87052338],
       [-2.32422033,  1.95573976,  1.48093075,  1.72765626, -0.02969831,
        -2.24859671],
       [-1.29057005, -0.04963512, -1.77354428, -2.29921526,  1.77787686,
         2.2110948 ],
       [-1.69688711, -0.08760575, -1.23171129, -0.92633175,  2.31170246,
        -1.63254658]]), array([[-1.41421356, -1.41421356],
       [-0.30994606,  0.04832884],
       [-0.6957502 ,  0.70682556],
       [ 1.41421356,  1.41421356],
       [ 1.41421356, -0.00548477],
       [ 1.41421356,  1.41421356]])], [array([ 2.13328873, -0.52702415, -2.44948974, -1.14117378,  2.44948974,
       -0.89934605]), array([1.41421356, 0.83640212])]]]
[206002, 20, 'birth', 10, 6, 0, [[array([[ 2.10400768,  1.80494219, -0.02119496,  2.44948974,  1.83866607,
         1.61646276],
       [ 2.16431495,  0.69370049, -1.83299414, -0.97579572,  1.20452641,
         2.15563003],
       [-1.86284715, -1.50840527,  2.18745796, -1.08063421, -0.60936165,
         1.31649483],
       [-2.44948974, -2.08523208,  1.06558364,  1.34031674,  1.86744314,
         0.73884185],
       [-1.44835583,  1.41033767, -1.98865618,  0.93937104, -1.96161519,
        -1.0921083 ],
       [ 1.08689874, -1.46755462, -0.80609933,  2.428992  ,  0.72711204,
         0.64877049]]), array([[ 0.390078  ,  0.25428566],
       [-0.95031105,  0.8761703 ],
       [-0.21561763, -1.34270104],
       [-1.41421356,  0.27487338],
       [ 0.69966991,  1.41421356],
       [-1.41421356,  1.41421356]])], [array([-0.20190396, -1.4041589 ,  2.3850085 , -0.9443567 , -1.22510953,
       -1.09781747]), array([-0.63272313, -1.23633809])]]]
[222652, 9, 'birth', 5, 16, 0, [[array([[ 0.32979597,  0.19323312,  0.94849933, -0.23277281, -2.38990565,
         0.76373819],
       [ 0.90219404,  1.28727141, -1.01510857,  1.7819488 ,  0.44803815,
        -2.44948974],
       [-1.15173669, -0.58282831,  1.72898644,  2.44948974,  2.26979903,
        -0.83567017],
       [-0.65215409,  0.48124427, -2.28022541, -2.44948974,  2.41573337,
        -2.30887278],
       [-1.34348784,  0.65928605, -1.96331582, -0.13025177,  1.70214781,
         0.20718897],
       [ 0.28867115, -2.25576315, -1.1204254 ,  1.05780282, -1.70943171,
         0.89386927]]), array([[ 1.00766357,  0.50038112],
       [ 0.05984192, -1.41421356],
       [ 1.41421356, -0.15958806],
       [ 1.41421356,  1.41421356],
       [ 1.41421356, -0.53947482],
       [-0.5143565 , -0.32297403]])], [array([-0.02106497,  0.37922821, -0.93287694, -1.49087265,  2.11462006,
        2.01690627]), array([-0.66083509, -1.09758349])]]]
[222652, 17, 'birth', 5, 1, 1, [[array([[-1.24613051, -1.33461979,  0.94849933,  0.57619267, -2.38990565,
        -1.42938497],
       [ 0.90219404,  1.28727141, -0.06347848,  1.7819488 ,  0.44803815,
        -2.1990273 ],
       [-1.85278584, -0.58282831,  1.72898644,  0.29162501,  2.26979903,
        -1.06208336],
       [-0.65215409,  0.48124427, -2.28022541,  1.54270104,  2.41573337,
        -2.34252179],
       [-1.34348784,  0.65928605, -1.96331582,  2.44948974,  1.70214781,
         0.20718897],
       [ 0.28867115, -2.25576315, -1.1204254 ,  1.05780282, -1.70943171,
         0.89386927]]), array([[-0.82405729,  0.50038112],
       [-1.41421356, -1.41421356],
       [-0.55387386,  0.25474749],
       [ 1.13123289,  1.41421356],
       [-1.41421356, -0.43927548],
       [-1.09959372, -1.41421356]])], [array([ 1.71850049,  2.20424396, -0.64347343,  0.61679204,  2.44948974,
        2.44948974]), array([1.41421356, 0.44794753])]]]
[250302, 15, 'birth', 9, 16, 0, [[array([[ 0.32979597,  0.19323312,  0.94849933, -0.23277281, -2.38990565,
         0.76373819],
       [ 0.90219404,  1.28727141, -1.01510857,  2.44948974, -2.44948974,
        -2.44948974],
       [-1.15173669, -0.58282831,  2.44948974,  2.44948974,  2.26979903,
        -0.83567017],
       [-0.65215409,  0.48124427, -2.44948974, -2.44948974,  2.41573337,
        -2.44948974],
       [-2.44948974,  0.65928605, -1.96331582, -0.05124019,  1.70214781,
         0.20718897],
       [ 0.28867115, -2.25576315, -1.1204254 ,  1.05780282, -1.70943171,
         0.89386927]]), array([[ 0.10339631,  0.45306937],
       [-0.79529492,  0.00832733],
       [-0.51916533, -0.07504893],
       [-1.41421356, -1.11356062],
       [ 1.41421356, -0.53947482],
       [-0.5143565 , -0.32297403]])], [array([-0.02106497,  0.37922821, -0.93287694, -2.44948974,  2.11462006,
        2.01690627]), array([-1.1557493 , -0.05499722])]]]
[279202, 11, 'birth', 9, 1, 1, [[array([[ 0.32979597,  0.19323312,  0.94849933, -0.23277281, -2.38990565,
         0.76373819],
       [ 0.90219404,  2.44948974, -1.01510857,  1.7819488 ,  0.44803815,
        -2.44948974],
       [-1.15173669, -0.58282831,  1.72898644,  2.44948974,  2.26979903,
        -0.83567017],
       [-0.65215409,  0.48124427, -2.28022541, -2.44948974,  2.41573337,
        -1.46842618],
       [-1.34348784,  0.65928605, -2.44948974,  0.23157872,  1.70214781,
         0.20718897],
       [ 0.28867115, -2.44948974, -1.92815389,  2.41581713, -1.70943171,
        -2.42243787]]), array([[ 1.00766357, -1.28264384],
       [-0.61207628, -1.0407045 ],
       [ 1.32436516, -0.15958806],
       [ 1.3551709 ,  1.41421356],
       [ 1.41421356, -1.41421356],
       [-0.5143565 ,  1.41421356]])], [array([ 2.13328873,  1.68716062, -2.44948974, -1.14117378,  2.44948974,
       -0.89934605]), array([1.41421356, 0.83640212])]]]
[309453, 19, 'birth', 8, 4, 1, [[array([[-2.18491791, -1.12484766, -1.27077508,  1.34310738, -1.99325166,
        -2.03418433],
       [-2.35278071, -0.30877514, -0.95713594,  1.33479616,  2.44948974,
         1.82450832],
       [ 0.21372473, -0.89695124,  2.44948974, -2.31647963, -2.18385108,
         1.87052338],
       [-2.32422033,  1.95573976,  2.44948974,  1.72765626, -0.02969831,
        -2.24859671],
       [-1.29057005,  2.44948974, -1.77354428, -2.44948974,  1.77787686,
         2.44948974],
       [-0.62287971, -0.08760575, -1.23171129, -0.92633175,  2.31170246,
        -2.44948974]]), array([[-1.41421356, -1.41421356],
       [-0.28908171,  1.06510415],
       [ 0.09007941,  0.04025814],
       [ 0.05330686, -0.42833061],
       [ 0.77114392, -1.41421356],
       [-1.41421356, -0.53980833]])], [array([ 1.78991573,  2.33533519, -2.2202093 , -1.31898899,  1.50285644,
       -1.21492899]), array([0.17586756, 1.41421356])]]]
[383103, 7, 'birth', 20, 19, 0, [[array([[ 2.10400768,  1.80494219, -0.02119496,  2.44948974,  1.83866607,
         1.61646276],
       [ 2.16431495,  0.69370049, -2.44948974, -0.97579572,  1.20452641,
         2.15563003],
       [-1.86284715, -2.44948974,  2.18745796, -1.08063421, -0.60936165,
         1.31649483],
       [-2.44948974, -2.08523208, -0.14915441,  1.72765626, -0.02969831,
        -2.24859671],
       [-1.29057005,  2.44948974, -1.77354428, -2.44948974,  1.77787686,
         2.44948974],
       [-0.62287971, -0.08760575, -1.23171129, -0.92633175,  2.31170246,
        -2.44948974]]), array([[-1.41421356, -1.41421356],
       [-0.1212096 ,  1.06510415],
       [ 0.09007941,  0.04025814],
       [ 0.56578387, -0.42833061],
       [-0.0783864 , -1.41421356],
       [-1.41421356, -0.53980833]])], [array([ 1.78991573,  2.33533519, -2.2202093 , -1.31898899,  2.44948974,
       -1.21492899]), array([0.17586756, 1.41421356])]]]
[481954, 13, 'birth', 10, 16, 1, [[array([[ 0.48556323, -1.65270387,  0.95525557, -0.17949636, -2.25972568,
        -0.76459718],
       [ 1.99193323,  0.50252778,  1.96052623,  2.09800027, -2.44948974,
        -0.41365871],
       [-1.02248208,  0.92133827, -2.44948974, -1.04386977, -0.00329354,
        -0.72927976],
       [-1.99315035,  1.31338157, -0.71674083,  2.35973342,  2.21845138,
         1.90595984],
       [ 0.73200058, -1.12219262, -0.41679685, -0.43372924, -0.70109567,
         1.76325134],
       [-1.97985196,  2.00535177,  1.15386693, -1.15684527, -1.39776565,
         0.68661483]]), array([[ 0.74347778, -1.41421356],
       [-1.41421356,  0.00832733],
       [ 0.57158781, -1.40708201],
       [-1.41421356, -1.11356062],
       [ 1.41421356, -0.53947482],
       [ 0.4602089 , -0.32297403]])], [array([-0.02106497,  0.37922821, -0.93287694, -1.49087265,  2.11462006,
        2.01690627]), array([-1.29742115, -1.09758349])]]]
[697707, 23, 'death']
[697856, 4, 'death']
[698007, 5, 'death']
[698157, 3, 'death']
[698307, 12, 'death']
[698457, 18, 'death']
[698606, 22, 'death']
[698757, 21, 'death']
[698907, 14, 'death']
[699057, 2, 'death']
[699207, 8, 'death']
[699357, 6, 'death']
[699507, 0, 'death']
[699657, 16, 'death']
[699807, 10, 'death']
[700407, 8, 'birth', 20, 2, 1, [[array([[ 2.10400768,  1.80494219, -0.02119496,  0.09208225, -2.44948974,
         1.12462694],
       [ 0.6291436 ,  0.71290261, -2.33072585, -0.08822146, -2.19571597,
        -0.9287845 ],
       [ 0.91262274, -2.18942085,  1.65255636,  1.04524346,  2.08982489,
        -1.44198737],
       [-1.24995966,  2.44948974,  1.70011356,  1.21493542,  2.03117438,
         0.01972157],
       [-1.70749546,  0.52587879,  1.54355029,  1.37811255, -2.29764435,
         1.92833223],
       [-0.46070035,  2.22065001,  1.58421853, -0.73904725, -1.56918487,
        -0.35088559]]), array([[-0.63663284,  1.41421356],
       [-1.41421356, -0.5532442 ],
       [ 1.41421356,  1.41421356],
       [-1.41421356,  0.76027101],
       [ 0.67813003,  1.41421356],
       [ 1.41421356,  1.41421356]])], [array([-2.34204545,  2.31050298, -0.68397501, -2.44948974,  2.44948974,
       -0.01318205]), array([-1.41421356, -1.41421356])]]]
[700407, 18, 'birth', 9, 2, 0, [[array([[ 1.09220187,  0.19323312,  0.94849933, -0.23277281, -2.38990565,
         0.76373819],
       [ 0.90219404,  1.28727141, -1.01510857,  1.7819488 , -0.46793454,
        -2.44948974],
       [-1.15173669, -0.58282831,  1.72898644,  2.44948974,  2.44948974,
        -0.83567017],
       [-0.65215409,  1.07073094, -2.28022541, -2.44948974,  2.41573337,
        -2.30887278],
       [-1.34348784,  0.65928605, -1.96331582, -0.13025177,  2.44948974,
         0.20718897],
       [-1.72937617, -2.25576315, -1.1204254 ,  1.05780282, -1.70943171,
         0.89386927]]), array([[ 1.00766357,  0.50038112],
       [ 0.05984192, -1.41421356],
       [ 1.41421356,  1.41421356],
       [-1.41421356,  1.41421356],
       [ 0.67813003,  1.41421356],
       [ 1.41421356, -0.52431547]])], [array([-2.34204545,  2.31050298, -0.68397501, -2.44948974,  1.55645824,
       -0.01318205]), array([-1.41421356, -1.41421356])]]]
[700407, 16, 'birth', 10, 21, 0, [[array([[ 0.48556323, -1.65270387,  0.95525557, -1.73688146, -0.50774217,
        -1.59667527],
       [ 0.26068435, -0.25317907,  1.45669831,  2.13323297,  0.90202285,
        -2.12393012],
       [ 1.17293401, -2.14842653,  0.55570162, -1.51801805, -1.66728317,
         1.91548371],
       [ 0.40739843, -1.53689208, -2.44344881, -0.26476119,  1.38787049,
         1.61660797],
       [-2.44948974, -2.12295235,  0.6634395 , -2.30789274,  2.44948974,
         0.89654793],
       [ 0.62609492,  0.66699162, -1.02271882,  0.15045376, -0.81992086,
         0.7296808 ]]), array([[-1.41421356,  1.12068581],
       [ 1.41421356,  1.41421356],
       [ 0.67820899, -0.06719391],
       [-0.43481927,  1.41421356],
       [ 0.61430171, -1.41421356],
       [ 1.11842814,  0.26146366]])], [array([-0.82529901,  1.4490386 , -1.67271136,  0.17842029,  1.34447792,
        0.26599307]), array([-1.41421356,  1.41421356])]]]
[755157, 21, 'birth', 18, 19, 0, [[array([[ 1.09220187,  0.19323312,  0.94849933, -0.14944832, -2.38990565,
         0.76373819],
       [ 0.90219404,  1.28727141, -1.01510857,  1.7819488 , -1.7723804 ,
        -2.44948974],
       [-1.15173669, -0.58282831,  1.72898644,  2.44948974,  2.44948974,
        -0.83567017],
       [-0.65215409,  1.07073094, -2.28022541, -2.44948974,  2.41573337,
        -2.30887278],
       [-1.34348784,  0.65928605, -1.96331582, -0.13025177,  2.44948974,
         0.20718897],
       [-1.72937617, -2.25576315, -1.1204254 ,  1.05780282, -1.70943171,
         0.89386927]]), array([[ 1.00766357,  0.50038112],
       [ 0.05984192, -1.41421356],
       [ 1.41421356,  1.41421356],
       [-1.41421356,  1.02411142],
       [ 1.41421356,  1.41421356],
       [ 1.13602286, -0.57373019]])], [array([-2.34204545,  2.33533519, -2.2202093 , -1.31898899,  1.50285644,
       -1.21492899]), array([0.17586756, 1.41421356])]]]
[761807, 4, 'birth', 18, 8, 0, [[array([[ 1.09220187,  0.19323312,  0.94849933, -0.23277281, -1.2538741 ,
         0.76373819],
       [ 0.90219404,  1.28727141, -1.01510857,  1.7819488 , -0.46793454,
        -2.44948974],
       [-1.15173669, -1.59838689,  1.72898644,  1.09751605,  2.44948974,
        -0.83567017],
       [-0.65215409,  1.07073094, -2.28022541, -2.44948974,  2.41573337,
        -2.30887278],
       [-1.34348784, -0.15623017, -1.96331582, -0.13025177,  2.44948974,
         0.20718897],
       [-1.72937617, -2.25576315, -1.1204254 ,  1.05780282, -1.70943171,
         0.89386927]]), array([[ 1.00766357, -1.16418837],
       [ 0.05984192, -1.41421356],
       [ 1.41421356,  1.41421356],
       [-1.41421356,  1.41421356],
       [ 0.67813003,  1.41421356],
       [ 1.1978914 ,  1.41421356]])], [array([-2.34204545,  0.23191064, -0.68397501, -2.44948974,  2.44948974,
        1.15280475]), array([-1.41421356, -1.41421356])]]]
[864758, 24, 'death']
[884308, 1, 'death']
[890608, 20, 'death']
[901859, 9, 'death']
[902009, 17, 'death']
[916109, 15, 'death']
[928909, 11, 'death']
[940309, 19, 'death']
[963559, 7, 'death']
[989209, 13, 'death']
[1035060, 8, 'death']
[1035210, 18, 'death']
[1035360, 16, 'death']
[1044960, 21, 'death']
[1045160, 4, 'death']
[1045160, 'Extinction!']
