[time, indiv, gender, coords]
[7800, 'popsize', 15, 'queuesize', 0]
[8600, 10, 0, [1.7067772150039673, -6.225301265716553]]
[8600, 5, 0, [9.142982482910156, -11.301178932189941]]
[8600, 3, 0, [1.6720083951950073, -1.2419840097427368]]
[8600, 1, 0, [11.20547103881836, -11.194459915161133]]
[8600, 8, 0, [11.620582580566406, -6.230344772338867]]
[8600, 13, 0, [3.708157777786255, -11.249853134155273]]
[8600, 20, 0, [9.062784194946289, -6.253466606140137]]
[8600, 0, 0, [11.169095993041992, -1.2170239686965942]]
[8600, 12, 1, [11.707624435424805, -8.740272521972656]]
[8600, 6, 1, [1.0699394941329956, -8.624485969543457]]
[8600, 4, 1, [11.657965660095215, -3.7327933311462402]]
[8600, 16, 1, [8.700870513916016, -8.702250480651855]]
[8600, 21, 1, [5.889269828796387, -8.738290786743164]]
[8600, 22, 1, [3.9615607261657715, -6.211090087890625]]
[8600, 24, 1, [6.198571681976318, -6.282164573669434]]
[14950, 'popsize', 15, 'queuesize', 0]
[15800, 10, 0, [2.2702925205230713, -6.125417232513428]]
[15800, 5, 0, [9.076436042785645, -11.162415504455566]]
[15800, 3, 0, [2.2452359199523926, -1.1678882837295532]]
[15800, 1, 0, [11.226438522338867, -11.192800521850586]]
[15800, 8, 0, [12.197274208068848, -6.128155708312988]]
[15800, 13, 0, [3.7058908939361572, -11.225069999694824]]
[15800, 20, 0, [9.627458572387695, -6.29417610168457]]
[15800, 0, 0, [11.014127731323242, -1.0810225009918213]]
[15800, 12, 1, [12.280016899108887, -8.648715019226074]]
[15800, 6, 1, [0.5875454545021057, -8.283868789672852]]
[15800, 4, 1, [12.248775482177734, -3.6489946842193604]]
[15800, 16, 1, [8.72545337677002, -8.695700645446777]]
[15800, 21, 1, [5.3904218673706055, -8.695043563842773]]
[15800, 22, 1, [3.9415125846862793, -6.206521034240723]]
[15800, 24, 1, [6.204760551452637, -6.305095195770264]]
[21950, 'popsize', 15, 'queuesize', 0]
[22800, 10, 0, [2.8156206607818604, -5.94265604019165]]
[22800, 5, 0, [8.834114074707031, -10.690556526184082]]
[22800, 3, 0, [2.792588949203491, -1.0069447755813599]]
[22800, 1, 0, [11.2451753616333, -11.204951286315918]]
[22800, 8, 0, [12.384254455566406, -6.032140731811523]]
[22800, 13, 0, [3.696937084197998, -11.204355239868164]]
[22800, 20, 0, [10.20959186553955, -6.289883136749268]]
[22800, 0, 0, [10.757568359375, -0.9409506320953369]]
[22800, 12, 1, [12.380464553833008, -8.617110252380371]]
[22800, 6, 1, [0.5403178930282593, -8.19540023803711]]
[22800, 4, 1, [12.38356876373291, -3.574824571609497]]
[22800, 16, 1, [8.741193771362305, -8.702824592590332]]
[22800, 21, 1, [5.330939292907715, -8.589609146118164]]
[22800, 22, 1, [3.885582208633423, -6.599544048309326]]
[22800, 24, 1, [6.216650485992432, -6.315576076507568]]
[29050, 'popsize', 15, 'queuesize', 0]
[29850, 10, 0, [3.330317735671997, -5.689419269561768]]
[29850, 5, 0, [8.72836971282959, -10.171491622924805]]
[29850, 3, 0, [3.3088157176971436, -0.7710375785827637]]
[29850, 1, 0, [11.245433807373047, -11.222457885742188]]
[29850, 8, 0, [12.39441967010498, -5.931090354919434]]
[29850, 13, 0, [3.6767795085906982, -11.229628562927246]]
[29850, 20, 0, [10.47952938079834, -6.133432388305664]]
[29850, 0, 0, [10.721449851989746, -0.8962938785552979]]
[29850, 12, 1, [12.375408172607422, -8.559537887573242]]
[29850, 6, 1, [0.3059172034263611, -8.115869522094727]]
[29850, 4, 1, [12.394460678100586, -3.47729229927063]]
[29850, 16, 1, [8.674989700317383, -8.575851440429688]]
[29850, 21, 1, [5.248140335083008, -8.450614929199219]]
[29850, 22, 1, [3.864926338195801, -7.078967571258545]]
[29850, 24, 1, [6.2098541259765625, -6.318105220794678]]
[36100, 'popsize', 15, 'queuesize', 0]
[36900, 10, 0, [3.796388626098633, -5.363580226898193]]
[36900, 5, 0, [8.785181045532227, -9.641222953796387]]
[36900, 3, 0, [3.7828569412231445, -0.4566313326358795]]
[36900, 1, 0, [11.248185157775879, -11.23767375946045]]
[36900, 8, 0, [12.393928527832031, -5.834673881530762]]
[36900, 13, 0, [3.6705522537231445, -11.19670295715332]]
[36900, 20, 0, [10.329610824584961, -5.566646099090576]]
[36900, 0, 0, [10.522592544555664, -0.8207971453666687]]
[36900, 12, 1, [12.383828163146973, -8.478206634521484]]
[36900, 6, 1, [0.1218477189540863, -7.996058464050293]]
[36900, 4, 1, [12.39394474029541, -3.380239486694336]]
[36900, 16, 1, [8.59145736694336, -8.461766242980957]]
[36900, 21, 1, [5.39800500869751, -8.678929328918457]]
[36900, 22, 1, [3.7188258171081543, -6.831870079040527]]
[36900, 24, 1, [6.2385711669921875, -6.325319290161133]]
[43100, 'popsize', 15, 'queuesize', 0]
[43950, 10, 0, [4.210191249847412, -4.970468521118164]]
[43950, 5, 0, [8.990137100219727, -9.15277099609375]]
[43950, 3, 0, [4.205996990203857, -0.10902801156044006]]
[43950, 1, 0, [11.242341995239258, -11.25070571899414]]
[43950, 8, 0, [12.393993377685547, -5.739567756652832]]
[43950, 13, 0, [3.654571771621704, -11.225869178771973]]
[43950, 20, 0, [10.110062599182129, -5.021263122558594]]
[43950, 0, 0, [10.25306224822998, -0.729435920715332]]
[43950, 12, 1, [12.345487594604492, -8.288603782653809]]
[43950, 6, 1, [0.14657622575759888, -7.9556965827941895]]
[43950, 4, 1, [12.393986701965332, -3.2855522632598877]]
[43950, 16, 1, [8.579169273376465, -8.446820259094238]]
[43950, 21, 1, [5.578830242156982, -8.756905555725098]]
[43950, 22, 1, [3.70504093170166, -6.7246479988098145]]
[43950, 24, 1, [6.256158351898193, -6.330663204193115]]
[50100, 'popsize', 15, 'queuesize', 0]
[50950, 10, 0, [4.575852394104004, -4.51780891418457]]
[50950, 5, 0, [9.163769721984863, -8.888854026794434]]
[50950, 3, 0, [4.275969982147217, -0.10843135416507721]]
[50950, 1, 0, [11.229331970214844, -11.255485534667969]]
[50950, 8, 0, [12.393940925598145, -5.644712448120117]]
[50950, 13, 0, [3.6518757343292236, -11.182683944702148]]
[50950, 20, 0, [9.833534240722656, -4.524023056030273]]
[50950, 0, 0, [10.538393020629883, -0.7113566398620605]]
[50950, 12, 1, [12.375465393066406, -8.286887168884277]]
[50950, 6, 1, [0.14021675288677216, -7.946244239807129]]
[50950, 4, 1, [12.393939971923828, -3.1909399032592773]]
[50950, 16, 1, [8.60262680053711, -8.431509971618652]]
[50950, 21, 1, [5.593210220336914, -8.763507843017578]]
[50950, 22, 1, [3.690420627593994, -6.567498207092285]]
[50950, 24, 1, [6.236072063446045, -6.328195571899414]]
[57250, 'popsize', 15, 'queuesize', 0]
[58050, 10, 0, [4.855799674987793, -4.044148921966553]]
[58050, 5, 0, [9.178330421447754, -8.848880767822266]]
[58050, 3, 0, [4.356017589569092, -0.1079852432012558]]
[58050, 1, 0, [11.210261344909668, -11.247681617736816]]
[58050, 8, 0, [12.393924713134766, -5.548732280731201]]
[58050, 13, 0, [3.6387178897857666, -11.22354507446289]]
[58050, 20, 0, [9.47446060180664, -4.06278657913208]]
[58050, 0, 0, [10.597765922546387, -0.7103782296180725]]
[58050, 12, 1, [12.298354148864746, -8.236433982849121]]
[58050, 6, 1, [0.14875642955303192, -8.19448471069336]]
[58050, 4, 1, [12.393960952758789, -3.0944390296936035]]
[58050, 16, 1, [8.60947322845459, -8.446734428405762]]
[58050, 21, 1, [5.56929874420166, -8.666851997375488]]
[58050, 22, 1, [3.684000015258789, -6.55552339553833]]
[58050, 24, 1, [6.264231204986572, -6.334237575531006]]
[64200, 'popsize', 15, 'queuesize', 0]
[65000, 10, 0, [5.053065299987793, -3.5031354427337646]]
[65000, 5, 0, [9.152259826660156, -8.832483291625977]]
[65000, 3, 0, [4.433507442474365, -0.10789882391691208]]
[65000, 1, 0, [11.201944351196289, -11.23376178741455]]
[65000, 8, 0, [12.39395809173584, -5.451874256134033]]
[65000, 13, 0, [3.6327781677246094, -11.185890197753906]]
[65000, 20, 0, [9.133747100830078, -3.6515917778015137]]
[65000, 0, 0, [11.057748794555664, -0.5211700201034546]]
[65000, 12, 1, [12.387124061584473, -8.319976806640625]]
[65000, 6, 1, [0.12025591731071472, -8.176544189453125]]
[65000, 4, 1, [12.39498233795166, -2.998053789138794]]
[65000, 16, 1, [8.615164756774902, -8.445836067199707]]
[65000, 21, 1, [5.42285680770874, -8.21930980682373]]
[65000, 22, 1, [3.8148810863494873, -6.211597442626953]]
[65000, 24, 1, [6.259575366973877, -6.340203285217285]]
[71350, 'popsize', 15, 'queuesize', 0]
[72200, 10, 0, [5.164802551269531, -2.931475877761841]]
[72200, 5, 0, [9.106301307678223, -9.055286407470703]]
[72200, 3, 0, [4.510544776916504, -0.10789202153682709]]
[72200, 1, 0, [11.203656196594238, -11.210360527038574]]
[72200, 8, 0, [12.393987655639648, -5.355370044708252]]
[72200, 13, 0, [3.6256747245788574, -11.227751731872559]]
[72200, 20, 0, [8.82186222076416, -3.1664321422576904]]
[72200, 0, 0, [11.060072898864746, -0.5182632207870483]]
[72200, 12, 1, [12.356620788574219, -8.318613052368164]]
[72200, 6, 1, [0.10783449560403824, -8.25040054321289]]
[72200, 4, 1, [12.395673751831055, -2.883437395095825]]
[72200, 16, 1, [8.631775856018066, -8.454894065856934]]
[72200, 21, 1, [5.168367385864258, -7.934840679168701]]
[72200, 22, 1, [3.9183831214904785, -5.628774166107178]]
[72200, 24, 1, [6.259298324584961, -6.309464454650879]]
[78450, 'popsize', 15, 'queuesize', 0]
[79250, 10, 0, [5.183499813079834, -2.3717763423919678]]
[79250, 5, 0, [9.031837463378906, -8.615872383117676]]
[79250, 3, 0, [4.588856220245361, -0.10794729739427567]]
[79250, 1, 0, [11.219433784484863, -11.19316577911377]]
[79250, 8, 0, [12.383001327514648, -5.307429790496826]]
[79250, 13, 0, [3.6183083057403564, -11.192060470581055]]
[79250, 20, 0, [8.493865013122559, -2.69429087638855]]
[79250, 0, 0, [11.10068416595459, -0.48370999097824097]]
[79250, 12, 1, [12.377753257751465, -8.280091285705566]]
[79250, 6, 1, [0.10590825229883194, -8.357495307922363]]
[79250, 4, 1, [12.398000717163086, -2.7533183097839355]]
[79250, 16, 1, [8.644688606262207, -8.470495223999023]]
[79250, 21, 1, [5.314987659454346, -8.133332252502441]]
[79250, 22, 1, [3.9429192543029785, -5.044675827026367]]
[79250, 24, 1, [6.258118629455566, -6.312177658081055]]
[85400, 'popsize', 15, 'queuesize', 0]
[86200, 10, 0, [5.1153950691223145, -1.817480444908142]]
[86200, 5, 0, [9.109657287597656, -8.106989860534668]]
[86200, 3, 0, [4.66684103012085, -0.10793241113424301]]
[86200, 1, 0, [10.9913330078125, -11.191912651062012]]
[86200, 8, 0, [12.394491195678711, -5.2165985107421875]]
[86200, 13, 0, [3.6141517162323, -11.227578163146973]]
[86200, 20, 0, [8.164627075195312, -2.232358455657959]]
[86200, 0, 0, [11.386093139648438, -0.11720477044582367]]
[86200, 12, 1, [12.35353946685791, -8.258938789367676]]
[86200, 6, 1, [0.1060471311211586, -8.45088005065918]]
[86200, 4, 1, [12.404942512512207, -2.5603690147399902]]
[86200, 16, 1, [8.45307731628418, -8.660749435424805]]
[86200, 21, 1, [5.300893306732178, -8.126243591308594]]
[86200, 22, 1, [3.8958587646484375, -4.9353861808776855]]
[86200, 24, 1, [6.244335651397705, -6.299247741699219]]
[92350, 'popsize', 15, 'queuesize', 0]
[93150, 10, 0, [4.954562187194824, -1.2716121673583984]]
[93150, 5, 0, [9.184305191040039, -8.04608154296875]]
[93150, 3, 0, [4.742712497711182, -0.10791315883398056]]
[93150, 1, 0, [10.979911804199219, -11.184967041015625]]
[93150, 8, 0, [12.394014358520508, -5.119914531707764]]
[93150, 13, 0, [3.600896120071411, -11.192070007324219]]
[93150, 20, 0, [8.017626762390137, -1.9354642629623413]]
[93150, 0, 0, [11.413702011108398, -0.11567454785108566]]
[93150, 12, 1, [12.287503242492676, -8.308591842651367]]
[93150, 6, 1, [0.14123795926570892, -8.428180694580078]]
[93150, 4, 1, [12.404594421386719, -2.3047890663146973]]
[93150, 16, 1, [8.683475494384766, -8.53140640258789]]
[93150, 21, 1, [5.219162940979004, -7.7743401527404785]]
[93150, 22, 1, [3.8895888328552246, -5.048440933227539]]
[93150, 24, 1, [6.227805137634277, -6.294521808624268]]
[99350, 'popsize', 15, 'queuesize', 0]
[100201, 10, 0, [4.72995662689209, -0.747978687286377]]
[100201, 5, 0, [9.187061309814453, -8.023582458496094]]
[100201, 3, 0, [4.821049690246582, -0.10797999799251556]]
[100201, 1, 0, [10.97042465209961, -11.16514778137207]]
[100201, 8, 0, [12.300625801086426, -5.1366353034973145]]
[100201, 13, 0, [3.5973141193389893, -11.230449676513672]]
[100201, 20, 0, [7.958996295928955, -1.3735584020614624]]
[100201, 0, 0, [11.420863151550293, -0.14929763972759247]]
[100201, 12, 1, [12.275740623474121, -8.272332191467285]]
[100201, 6, 1, [0.12804417312145233, -8.388594627380371]]
[100201, 4, 1, [12.40487289428711, -2.040626287460327]]
[100201, 16, 1, [8.674275398254395, -8.405960083007812]]
[100201, 21, 1, [4.993914604187012, -7.4767842292785645]]
[100201, 22, 1, [4.342343807220459, -4.673848628997803]]
[100201, 24, 1, [6.209487438201904, -6.303135871887207]]
[106351, 'popsize', 15, 'queuesize', 0]
[107151, 10, 0, [4.445163726806641, -0.2691018581390381]]
[107151, 5, 0, [9.085444450378418, -7.848536014556885]]
[107151, 3, 0, [4.8988165855407715, -0.10791345685720444]]
[107151, 1, 0, [10.969722747802734, -11.143874168395996]]
[107151, 8, 0, [12.313455581665039, -5.093714237213135]]
[107151, 13, 0, [3.591893196105957, -11.2443265914917]]
[107151, 20, 0, [8.039401054382324, -0.8759032487869263]]
[107151, 0, 0, [11.369030952453613, -0.11678361892700195]]
[107151, 12, 1, [12.289105415344238, -8.338993072509766]]
[107151, 6, 1, [0.18920405209064484, -8.415067672729492]]
[107151, 4, 1, [12.404539108276367, -1.776125431060791]]
[107151, 16, 1, [8.65948486328125, -8.275949478149414]]
[107151, 21, 1, [5.214606285095215, -7.749903202056885]]
[107151, 22, 1, [4.730250835418701, -4.247859477996826]]
[107151, 24, 1, [6.219180107116699, -6.292695045471191]]
[113301, 'popsize', 15, 'queuesize', 0]
[114101, 10, 0, [4.261503219604492, -0.10940276086330414]]
[114101, 5, 0, [9.338150978088379, -8.23419189453125]]
[114101, 3, 0, [4.974831581115723, -0.10789313912391663]]
[114101, 1, 0, [10.976587295532227, -11.13571834564209]]
[114101, 8, 0, [12.394343376159668, -4.890347480773926]]
[114101, 13, 0, [3.579385757446289, -11.254959106445312]]
[114101, 20, 0, [8.01135540008545, -0.7163919806480408]]
[114101, 0, 0, [11.275116920471191, -0.1055208072066307]]
[114101, 12, 1, [12.283041954040527, -8.283232688903809]]
[114101, 6, 1, [0.11650976538658142, -8.436197280883789]]
[114101, 4, 1, [12.404932975769043, -1.5125361680984497]]
[114101, 16, 1, [8.68667984008789, -8.263641357421875]]
[114101, 21, 1, [5.537412643432617, -7.918442249298096]]
[114101, 22, 1, [4.764492511749268, -4.145562171936035]]
[114101, 24, 1, [6.183804988861084, -6.3087687492370605]]
[120301, 'popsize', 15, 'queuesize', 0]
[121151, 10, 0, [4.152824878692627, -0.10581114888191223]]
[121151, 5, 0, [9.346199989318848, -8.089308738708496]]
[121151, 3, 0, [5.052854537963867, -0.10798361897468567]]
[121151, 1, 0, [10.990531921386719, -11.12470817565918]]
[121151, 8, 0, [12.393999099731445, -4.795188903808594]]
[121151, 13, 0, [3.565782308578491, -11.261436462402344]]
[121151, 20, 0, [8.256702423095703, -0.4355440139770508]]
[121151, 0, 0, [11.177766799926758, -0.10603626817464828]]
[121151, 12, 1, [12.326960563659668, -8.355039596557617]]
[121151, 6, 1, [0.1325942426919937, -8.5077486038208]]
[121151, 4, 1, [12.404805183410645, -1.2483294010162354]]
[121151, 16, 1, [8.611672401428223, -8.216329574584961]]
[121151, 21, 1, [5.78435754776001, -8.108404159545898]]
[121151, 22, 1, [4.276347637176514, -4.454257488250732]]
[121151, 24, 1, [6.184261322021484, -6.297679901123047]]
[127301, 'popsize', 15, 'queuesize', 0]
[128101, 10, 0, [4.057788372039795, -0.10608076304197311]]
[128101, 5, 0, [9.391894340515137, -8.000027656555176]]
[128101, 3, 0, [5.130457878112793, -0.10788951069116592]]
[128101, 1, 0, [11.003442764282227, -11.13106918334961]]
[128101, 8, 0, [12.393918991088867, -4.701174259185791]]
[128101, 13, 0, [3.586590051651001, -11.246349334716797]]
[128101, 20, 0, [8.459244728088379, -0.12414685636758804]]
[128101, 0, 0, [11.083880424499512, -0.10606775432825089]]
[128101, 12, 1, [12.27640438079834, -8.295836448669434]]
[128101, 6, 1, [0.12457355111837387, -8.444469451904297]]
[128101, 4, 1, [12.404791831970215, -0.983264684677124]]
[128101, 16, 1, [8.333544731140137, -7.796426296234131]]
[128101, 21, 1, [6.05268669128418, -8.369241714477539]]
[128101, 22, 1, [3.8459107875823975, -4.829864025115967]]
[128101, 24, 1, [6.189960479736328, -6.315484523773193]]
[134201, 'popsize', 15, 'queuesize', 0]
[135101, 10, 0, [3.9631078243255615, -0.10606840997934341]]
[135101, 5, 0, [9.323905944824219, -7.809694290161133]]
[135101, 3, 0, [5.206467628479004, -0.10793972760438919]]
[135101, 1, 0, [11.015779495239258, -11.13919734954834]]
[135101, 8, 0, [12.393939018249512, -4.6074442863464355]]
[135101, 13, 0, [3.5600240230560303, -11.276946067810059]]
[135101, 20, 0, [8.442096710205078, -0.1342669278383255]]
[135101, 0, 0, [10.988781929016113, -0.105990469455719]]
[135101, 12, 1, [12.32513427734375, -8.3554048538208]]
[135101, 6, 1, [0.12464175373315811, -8.43878173828125]]
[135101, 4, 1, [12.404823303222656, -0.7180132269859314]]
[135101, 16, 1, [8.30930233001709, -7.6717119216918945]]
[135101, 21, 1, [6.225449562072754, -8.455366134643555]]
[135101, 22, 1, [3.813915491104126, -4.926307678222656]]
[135101, 24, 1, [6.203182220458984, -6.327043533325195]]
[141251, 'popsize', 15, 'queuesize', 0]
[142051, 10, 0, [3.8675198554992676, -0.10597547143697739]]
[142051, 5, 0, [9.491299629211426, -8.210456848144531]]
[142051, 3, 0, [5.284701824188232, -0.10798285901546478]]
[142051, 1, 0, [11.023236274719238, -11.150801658630371]]
[142051, 8, 0, [12.394245147705078, -4.510828018188477]]
[142051, 13, 0, [3.5490500926971436, -11.282988548278809]]
[142051, 20, 0, [8.463979721069336, -0.15149563550949097]]
[142051, 0, 0, [10.89479923248291, -0.10599913448095322]]
[142051, 12, 1, [12.375227928161621, -8.330879211425781]]
[142051, 6, 1, [0.15194247663021088, -8.667311668395996]]
[142051, 4, 1, [12.404681205749512, -0.4535530209541321]]
[142051, 16, 1, [8.100783348083496, -7.506333827972412]]
[142051, 21, 1, [6.706837177276611, -8.794500350952148]]
[142051, 22, 1, [4.348970413208008, -4.705163955688477]]
[142051, 24, 1, [6.218202590942383, -6.331216335296631]]
[148051, 'popsize', 15, 'queuesize', 0]
[148851, 10, 0, [3.775392770767212, -0.10607151687145233]]
[148851, 5, 0, [9.523242950439453, -8.722070693969727]]
[148851, 3, 0, [5.359092712402344, -0.10792280733585358]]
[148851, 1, 0, [11.018892288208008, -11.160969734191895]]
[148851, 8, 0, [12.374764442443848, -4.467352867126465]]
[148851, 13, 0, [3.5719516277313232, -11.26683521270752]]
[148851, 20, 0, [8.450185775756836, -0.1482873111963272]]
[148851, 0, 0, [10.803252220153809, -0.106071338057518]]
[148851, 12, 1, [12.352198600769043, -8.28427791595459]]
[148851, 6, 1, [0.1843852549791336, -8.646308898925781]]
[148851, 4, 1, [12.404768943786621, -0.1936156302690506]]
[148851, 16, 1, [8.116360664367676, -7.513034343719482]]
[148851, 21, 1, [7.133643627166748, -9.175469398498535]]
[148851, 22, 1, [4.847614288330078, -4.437797546386719]]
[148851, 24, 1, [6.202708721160889, -6.3259358406066895]]
[154901, 'popsize', 15, 'queuesize', 0]
[155701, 10, 0, [3.6820428371429443, -0.10604991018772125]]
[155701, 5, 0, [9.458418846130371, -8.79780101776123]]
[155701, 3, 0, [5.435873985290527, -0.10790509730577469]]
[155701, 1, 0, [11.01013469696045, -11.17480754852295]]
[155701, 8, 0, [12.376426696777344, -4.446037769317627]]
[155701, 13, 0, [3.54777455329895, -11.301257133483887]]
[155701, 20, 0, [8.451632499694824, -0.15827244520187378]]
[155701, 0, 0, [10.71047592163086, -0.10602328181266785]]
[155701, 12, 1, [12.379935264587402, -8.331555366516113]]
[155701, 6, 1, [0.10683146119117737, -8.728642463684082]]
[155701, 4, 1, [12.404878616333008, -0.11846351623535156]]
[155701, 16, 1, [8.13046646118164, -7.516818046569824]]
[155701, 21, 1, [7.214931964874268, -9.323060035705566]]
[155701, 22, 1, [5.314173221588135, -4.1129889488220215]]
[155701, 24, 1, [6.237398624420166, -6.3245368003845215]]
[162101, 'popsize', 15, 'queuesize', 0]
[162901, 10, 0, [3.5842485427856445, -0.10608039051294327]]
[162901, 5, 0, [9.464783668518066, -8.849921226501465]]
[162901, 3, 0, [5.5140204429626465, -0.10796718299388885]]
[162901, 1, 0, [10.982999801635742, -11.180451393127441]]
[162901, 8, 0, [12.404250144958496, -4.538156509399414]]
[162901, 13, 0, [3.523688793182373, -11.293539047241211]]
[162901, 20, 0, [8.419604301452637, -0.121317058801651]]
[162901, 0, 0, [10.613456726074219, -0.10607736557722092]]
[162901, 12, 1, [12.374957084655762, -8.2991361618042]]
[162901, 6, 1, [0.14064477384090424, -8.712230682373047]]
[162901, 4, 1, [12.40488052368164, -0.11846677958965302]]
[162901, 16, 1, [8.05868148803711, -7.753917694091797]]
[162901, 21, 1, [6.886474132537842, -8.992326736450195]]
[162901, 22, 1, [5.769813537597656, -3.721477508544922]]
[162901, 24, 1, [6.234101295471191, -6.317688941955566]]
[169051, 'popsize', 15, 'queuesize', 0]
[169901, 10, 0, [3.487118721008301, -0.10589408874511719]]
[169901, 5, 0, [9.483880043029785, -8.82325267791748]]
[169901, 3, 0, [5.5901947021484375, -0.10788355767726898]]
[169901, 1, 0, [10.9684476852417, -11.178628921508789]]
[169901, 8, 0, [12.392107963562012, -4.638989448547363]]
[169901, 13, 0, [3.5602846145629883, -11.282557487487793]]
[169901, 20, 0, [8.430245399475098, -0.12291046231985092]]
[169901, 0, 0, [10.516690254211426, -0.10575847327709198]]
[169901, 12, 1, [12.329851150512695, -8.302165031433105]]
[169901, 6, 1, [0.1858362853527069, -8.697199821472168]]
[169901, 4, 1, [12.40488052368164, -0.11846958100795746]]
[169901, 16, 1, [8.043048858642578, -7.727769374847412]]
[169901, 21, 1, [6.939904689788818, -8.625450134277344]]
[169901, 22, 1, [6.164403915405273, -3.3003549575805664]]
[169901, 24, 1, [6.260915756225586, -6.331170082092285]]
[176301, 'popsize', 15, 'queuesize', 0]
[177151, 10, 0, [3.3889975547790527, -0.10608004778623581]]
[177151, 5, 0, [9.466728210449219, -8.834281921386719]]
[177151, 3, 0, [5.670773506164551, -0.10787650942802429]]
[177151, 1, 0, [10.946464538574219, -11.159741401672363]]
[177151, 8, 0, [12.392117500305176, -4.718209743499756]]
[177151, 13, 0, [3.5219173431396484, -11.315587997436523]]
[177151, 20, 0, [8.419269561767578, -0.13451659679412842]]
[177151, 0, 0, [10.418363571166992, -0.10600825399160385]]
[177151, 12, 1, [12.367744445800781, -8.16006851196289]]
[177151, 6, 1, [0.17471396923065186, -8.683300971984863]]
[177151, 4, 1, [12.404882431030273, -0.11847314983606339]]
[177151, 16, 1, [8.006367683410645, -7.78269100189209]]
[177151, 21, 1, [6.83413028717041, -8.26689338684082]]
[177151, 22, 1, [6.532543182373047, -2.8229691982269287]]
[177151, 24, 1, [6.279952049255371, -6.314731597900391]]
[183251, 'popsize', 15, 'queuesize', 0]
[184051, 10, 0, [3.2941815853118896, -0.10601942986249924]]
[184051, 5, 0, [9.523211479187012, -8.937925338745117]]
[184051, 3, 0, [5.747337341308594, -0.10797715187072754]]
[184051, 1, 0, [10.950270652770996, -11.141519546508789]]
[184051, 8, 0, [12.392026901245117, -4.793631553649902]]
[184051, 13, 0, [3.6346418857574463, -11.41947078704834]]
[184051, 20, 0, [8.433883666992188, -0.13286375999450684]]
[184051, 0, 0, [10.325114250183105, -0.10601744055747986]]
[184051, 12, 1, [12.381418228149414, -8.14046859741211]]
[184051, 6, 1, [0.11561251431703568, -8.618739128112793]]
[184051, 4, 1, [12.404884338378906, -0.11847677826881409]]
[184051, 16, 1, [8.031591415405273, -7.759232044219971]]
[184051, 21, 1, [7.051107883453369, -8.504647254943848]]
[184051, 22, 1, [6.818185806274414, -2.3205623626708984]]
[184051, 24, 1, [6.276718616485596, -6.316901206970215]]
[190201, 'popsize', 15, 'queuesize', 0]
[191001, 10, 0, [3.199702262878418, -0.10603474825620651]]
[191001, 5, 0, [9.318952560424805, -8.972696304321289]]
[191001, 3, 0, [5.8252692222595215, -0.10791205614805222]]
[191001, 1, 0, [10.962239265441895, -11.122875213623047]]
[191001, 8, 0, [12.392047882080078, -4.869225025177002]]
[191001, 13, 0, [3.6369376182556152, -11.441932678222656]]
[191001, 20, 0, [8.514492988586426, -0.11291395872831345]]
[191001, 0, 0, [10.230822563171387, -0.10599487274885178]]
[191001, 12, 1, [12.38444995880127, -8.110394477844238]]
[191001, 6, 1, [0.13747042417526245, -8.615124702453613]]
[191001, 4, 1, [12.40488338470459, -0.11848002672195435]]
[191001, 16, 1, [8.001103401184082, -7.8148627281188965]]
[191001, 21, 1, [7.506411552429199, -8.632987022399902]]
[191001, 22, 1, [6.923779487609863, -2.1745147705078125]]
[191001, 24, 1, [6.285156726837158, -6.303457736968994]]
[197251, 'popsize', 15, 'queuesize', 0]
[198051, 10, 0, [3.104055643081665, -0.10605855286121368]]
[198051, 5, 0, [9.099387168884277, -8.959918022155762]]
[198051, 3, 0, [5.902520179748535, -0.10789734870195389]]
[198051, 1, 0, [10.741389274597168, -11.135550498962402]]
[198051, 8, 0, [12.39212703704834, -4.94614839553833]]
[198051, 13, 0, [3.603365898132324, -11.425368309020996]]
[198051, 20, 0, [8.58253288269043, -0.1105789765715599]]
[198051, 0, 0, [10.135544776916504, -0.10603056102991104]]
[198051, 12, 1, [12.378859519958496, -8.092360496520996]]
[198051, 6, 1, [0.18783213198184967, -8.644877433776855]]
[198051, 4, 1, [12.40488338470459, -0.11848270148038864]]
[198051, 16, 1, [7.937065124511719, -7.746763229370117]]
[198051, 21, 1, [7.605231285095215, -8.582100868225098]]
[198051, 22, 1, [6.889355659484863, -1.8858532905578613]]
[198051, 24, 1, [6.278266906738281, -6.31263542175293]]
[204252, 'popsize', 15, 'queuesize', 0]
[205102, 10, 0, [3.008446455001831, -0.10600732266902924]]
[205102, 5, 0, [9.013981819152832, -8.905672073364258]]
[205102, 3, 0, [5.980024337768555, -0.10797611624002457]]
[205102, 1, 0, [10.725841522216797, -11.132360458374023]]
[205102, 8, 0, [12.392016410827637, -5.022570610046387]]
[205102, 13, 0, [3.622202157974243, -11.440250396728516]]
[205102, 20, 0, [8.657429695129395, -0.10797502100467682]]
[205102, 0, 0, [10.040435791015625, -0.10607590526342392]]
[205102, 12, 1, [12.358137130737305, -8.049463272094727]]
[205102, 6, 1, [0.11364664882421494, -8.678933143615723]]
[205102, 4, 1, [12.404882431030273, -0.11848493665456772]]
[205102, 16, 1, [7.534460067749023, -7.932168960571289]]
[205102, 21, 1, [7.716163158416748, -8.462892532348633]]
[205102, 22, 1, [6.882935047149658, -1.9022648334503174]]
[205102, 24, 1, [6.291696548461914, -6.2793684005737305]]
[211452, 'popsize', 15, 'queuesize', 0]
[212252, 10, 0, [2.9106621742248535, -0.10604765266180038]]
[212252, 5, 0, [8.576534271240234, -8.959590911865234]]
[212252, 3, 0, [6.059666156768799, -0.10796277225017548]]
[212252, 1, 0, [10.706804275512695, -11.112077713012695]]
[212252, 8, 0, [12.392014503479004, -5.101778507232666]]
[212252, 13, 0, [3.589665174484253, -11.405251502990723]]
[212252, 20, 0, [8.735394477844238, -0.10797019302845001]]
[212252, 0, 0, [9.93328857421875, -0.10849946737289429]]
[212252, 12, 1, [12.320788383483887, -8.052987098693848]]
[212252, 6, 1, [0.1390768587589264, -8.68126106262207]]
[212252, 4, 1, [12.404887199401855, -0.11849094182252884]]
[212252, 16, 1, [7.38896369934082, -7.960783004760742]]
[212252, 21, 1, [7.39798641204834, -8.975465774536133]]
[212252, 22, 1, [6.802785396575928, -1.8593538999557495]]
[212252, 24, 1, [6.300660133361816, -6.25361967086792]]
[218602, 'popsize', 15, 'queuesize', 0]
[219452, 10, 0, [2.812516689300537, -0.10599944740533829]]
[219452, 5, 0, [8.482786178588867, -8.944159507751465]]
[219452, 3, 0, [6.139734745025635, -0.10788777470588684]]
[219452, 1, 0, [10.711674690246582, -11.085092544555664]]
[219452, 8, 0, [12.285911560058594, -5.182851791381836]]
[219452, 13, 0, [3.598545789718628, -11.423893928527832]]
[219452, 20, 0, [8.814275741577148, -0.10797823220491409]]
[219452, 0, 0, [10.04860782623291, -0.1018972396850586]]
[219452, 12, 1, [12.379467964172363, -8.055573463439941]]
[219452, 6, 1, [0.11529973149299622, -8.630166053771973]]
[219452, 4, 1, [12.404887199401855, -0.11849506944417953]]
[219452, 16, 1, [7.162588119506836, -8.353804588317871]]
[219452, 21, 1, [7.004813194274902, -9.434806823730469]]
[219452, 22, 1, [6.233129501342773, -1.693054437637329]]
[219452, 24, 1, [6.298768997192383, -6.261593818664551]]
[225602, 'popsize', 15, 'queuesize', 0]
[226452, 10, 0, [2.7182810306549072, -0.10602747648954391]]
[226452, 5, 0, [8.477558135986328, -8.961731910705566]]
[226452, 3, 0, [6.216835021972656, -0.10798801481723785]]
[226452, 1, 0, [10.717720985412598, -11.073404312133789]]
[226452, 8, 0, [12.217617988586426, -5.164138317108154]]
[226452, 13, 0, [3.5706655979156494, -11.380570411682129]]
[226452, 20, 0, [8.891620635986328, -0.10796692967414856]]
[226452, 0, 0, [10.218121528625488, -0.10611782968044281]]
[226452, 12, 1, [12.35685920715332, -8.067686080932617]]
[226452, 6, 1, [0.13886480033397675, -8.614270210266113]]
[226452, 4, 1, [12.404884338378906, -0.11849642544984818]]
[226452, 16, 1, [7.215131759643555, -8.383646965026855]]
[226452, 21, 1, [6.564718723297119, -9.824524879455566]]
[226452, 22, 1, [5.76225471496582, -1.6143224239349365]]
[226452, 24, 1, [6.295931816101074, -6.235061168670654]]
[232702, 'popsize', 15, 'queuesize', 0]
[233502, 10, 0, [2.621417760848999, -0.10602210462093353]]
[233502, 5, 0, [8.492182731628418, -9.002117156982422]]
[233502, 3, 0, [6.295827388763428, -0.10797997564077377]]
[233502, 1, 0, [10.740007400512695, -11.069535255432129]]
[233502, 8, 0, [12.26822566986084, -4.576103687286377]]
[233502, 13, 0, [3.579241991043091, -11.402507781982422]]
[233502, 20, 0, [8.968565940856934, -0.10789254307746887]]
[233502, 0, 0, [10.28000545501709, -0.10793589800596237]]
[233502, 12, 1, [12.365941047668457, -8.06806755065918]]
[233502, 6, 1, [0.14302799105644226, -8.596524238586426]]
[233502, 4, 1, [12.404886245727539, -0.11850079149007797]]
[233502, 16, 1, [7.299310207366943, -8.267301559448242]]
[233502, 21, 1, [6.074167728424072, -10.164281845092773]]
[233502, 22, 1, [6.149404525756836, -1.5184261798858643]]
[233502, 24, 1, [6.291626930236816, -6.243154048919678]]
[239802, 'popsize', 15, 'queuesize', 0]
[240652, 10, 0, [2.5233190059661865, -0.10571720451116562]]
[240652, 5, 0, [8.511198997497559, -9.032629013061523]]
[240652, 3, 0, [6.374964237213135, -0.10798252373933792]]
[240652, 1, 0, [10.758892059326172, -11.07792854309082]]
[240652, 8, 0, [12.262948036193848, -4.139746189117432]]
[240652, 13, 0, [3.55686616897583, -11.359188079833984]]
[240652, 20, 0, [9.046448707580566, -0.10787875950336456]]
[240652, 0, 0, [10.357990264892578, -0.10787877440452576]]
[240652, 12, 1, [12.372963905334473, -8.133721351623535]]
[240652, 6, 1, [0.13783074915409088, -8.822957038879395]]
[240652, 4, 1, [12.404886245727539, -0.11850455403327942]]
[240652, 16, 1, [7.318770408630371, -8.307940483093262]]
[240652, 21, 1, [5.831852436065674, -10.239859580993652]]
[240652, 22, 1, [6.68912410736084, -1.3068695068359375]]
[240652, 24, 1, [6.240334987640381, -6.230360507965088]]
[246802, 'popsize', 15, 'queuesize', 0]
[247602, 10, 0, [2.427480936050415, -0.10601774603128433]]
[247602, 5, 0, [8.614517211914062, -8.82614517211914]]
[247602, 3, 0, [6.451964855194092, -0.10788620263338089]]
[247602, 1, 0, [10.766195297241211, -11.097553253173828]]
[247602, 8, 0, [12.146782875061035, -4.556389808654785]]
[247602, 13, 0, [3.562882661819458, -11.375747680664062]]
[247602, 20, 0, [9.156996726989746, -0.10453587770462036]]
[247602, 0, 0, [10.434036254882812, -0.10798231512308121]]
[247602, 12, 1, [12.394881248474121, -8.06081771850586]]
[247602, 6, 1, [0.12133962661027908, -8.752989768981934]]
[247602, 4, 1, [12.404887199401855, -0.11851096898317337]]
[247602, 16, 1, [7.515314102172852, -8.124846458435059]]
[247602, 21, 1, [5.634387016296387, -10.28225040435791]]
[247602, 22, 1, [7.187838554382324, -1.020240068435669]]
[247602, 24, 1, [6.254352569580078, -6.218701362609863]]
[253802, 'popsize', 15, 'queuesize', 0]
[254602, 10, 0, [2.3324034214019775, -0.10604944825172424]]
[254602, 5, 0, [8.859955787658691, -8.355953216552734]]
[254602, 3, 0, [6.527288436889648, -0.10795404762029648]]
[254602, 1, 0, [10.802406311035156, -11.115958213806152]]
[254602, 8, 0, [12.062658309936523, -5.121157169342041]]
[254602, 13, 0, [3.5468742847442627, -11.334592819213867]]
[254602, 20, 0, [9.50440502166748, -0.10703431814908981]]
[254602, 0, 0, [10.502923965454102, -0.11864760518074036]]
[254602, 12, 1, [12.375518798828125, -8.054720878601074]]
[254602, 6, 1, [0.136397123336792, -8.74711799621582]]
[254602, 4, 1, [12.404888153076172, -0.11851310729980469]]
[254602, 16, 1, [7.255942344665527, -8.223526000976562]]
[254602, 21, 1, [5.5119805335998535, -10.167034149169922]]
[254602, 22, 1, [7.656664848327637, -0.6792535185813904]]
[254602, 24, 1, [6.250373363494873, -6.2246809005737305]]
[260802, 'popsize', 15, 'queuesize', 0]
[261652, 10, 0, [2.2372329235076904, -0.10605237632989883]]
[261652, 5, 0, [8.95088005065918, -8.316210746765137]]
[261652, 3, 0, [6.6059794425964355, -0.10796040296554565]]
[261652, 1, 0, [10.811017990112305, -11.131818771362305]]
[261652, 8, 0, [12.060276985168457, -5.707301616668701]]
[261652, 13, 0, [3.542701482772827, -11.376717567443848]]
[261652, 20, 0, [9.595772743225098, -0.14601504802703857]]
[261652, 0, 0, [10.476201057434082, -0.14584684371948242]]
[261652, 12, 1, [12.303682327270508, -8.08503532409668]]
[261652, 6, 1, [0.10842739790678024, -8.825974464416504]]
[261652, 4, 1, [12.404890060424805, -0.11851996928453445]]
[261652, 16, 1, [7.258667469024658, -8.266324043273926]]
[261652, 21, 1, [5.807184219360352, -10.358397483825684]]
[261652, 22, 1, [8.080486297607422, -0.27306267619132996]]
[261652, 24, 1, [6.260857105255127, -6.191033840179443]]
[267802, 'popsize', 15, 'queuesize', 0]
[268602, 10, 0, [2.142042398452759, -0.10606664419174194]]
[268602, 5, 0, [9.135108947753906, -7.897983074188232]]
[268602, 3, 0, [6.68332052230835, -0.10788209736347198]]
[268602, 1, 0, [10.810281753540039, -11.147064208984375]]
[268602, 8, 0, [12.046902656555176, -5.991495609283447]]
[268602, 13, 0, [3.5285847187042236, -11.341865539550781]]
[268602, 20, 0, [9.487123489379883, -0.11415944993495941]]
[268602, 0, 0, [10.478922843933105, -0.12084296345710754]]
[268602, 12, 1, [12.272760391235352, -7.981173992156982]]
[268602, 6, 1, [0.14261917769908905, -8.817255020141602]]
[268602, 4, 1, [12.404890060424805, -0.11852404475212097]]
[268602, 16, 1, [7.506535053253174, -8.146270751953125]]
[268602, 21, 1, [5.950645446777344, -10.439016342163086]]
[268602, 22, 1, [8.254517555236816, -0.11571785807609558]]
[268602, 24, 1, [6.254533290863037, -6.198953151702881]]
[274802, 'popsize', 15, 'queuesize', 0]
[275752, 10, 0, [2.0470428466796875, -0.1060643121600151]]
[275752, 5, 0, [9.321921348571777, -7.539299964904785]]
[275752, 3, 0, [6.760423183441162, -0.10793852806091309]]
[275752, 1, 0, [10.79116153717041, -11.16843032836914]]
[275752, 8, 0, [12.377362251281738, -5.9131622314453125]]
[275752, 13, 0, [3.553244113922119, -11.30687427520752]]
[275752, 20, 0, [9.503682136535645, -0.12393222749233246]]
[275752, 0, 0, [10.396879196166992, -0.15137839317321777]]
[275752, 12, 1, [12.282989501953125, -8.021482467651367]]
[275752, 6, 1, [0.09508037567138672, -8.976637840270996]]
[275752, 4, 1, [12.404892921447754, -0.11852991580963135]]
[275752, 16, 1, [7.498977184295654, -8.151504516601562]]
[275752, 21, 1, [5.893268585205078, -10.318367958068848]]
[275752, 22, 1, [8.277868270874023, -0.1150256097316742]]
[275752, 24, 1, [6.278870105743408, -6.17262601852417]]
[281902, 'popsize', 15, 'queuesize', 0]
[282702, 10, 0, [1.950127363204956, -0.10600540786981583]]
[282702, 5, 0, [9.508085250854492, -7.533029079437256]]
[282702, 3, 0, [6.838657379150391, -0.10797921568155289]]
[282702, 1, 0, [10.773506164550781, -11.169739723205566]]
[282702, 8, 0, [12.388218879699707, -5.859525680541992]]
[282702, 13, 0, [3.550062656402588, -11.297089576721191]]
[282702, 20, 0, [9.531220436096191, -0.13246913254261017]]
[282702, 0, 0, [10.02936840057373, -0.26966196298599243]]
[282702, 12, 1, [12.260186195373535, -7.977865695953369]]
[282702, 6, 1, [0.14179418981075287, -9.023944854736328]]
[282702, 4, 1, [12.40489387512207, -0.11853481829166412]]
[282702, 16, 1, [7.520417213439941, -8.117105484008789]]
[282702, 21, 1, [5.675183296203613, -10.136563301086426]]
[282702, 22, 1, [8.292726516723633, -0.11400669813156128]]
[282702, 24, 1, [6.287693023681641, -6.155868053436279]]
[288752, 'popsize', 15, 'queuesize', 0]
[289552, 10, 0, [1.8569599390029907, -0.10600605607032776]]
[289552, 5, 0, [9.590376853942871, -7.5618181228637695]]
[289552, 3, 0, [6.914822578430176, -0.10788198560476303]]
[289552, 1, 0, [10.758764266967773, -11.164813041687012]]
[289552, 8, 0, [12.39431381225586, -5.755545139312744]]
[289552, 13, 0, [3.574500322341919, -11.31864070892334]]
[289552, 20, 0, [9.513733863830566, -0.1303059458732605]]
[289552, 0, 0, [9.576559066772461, -0.43843284249305725]]
[289552, 12, 1, [12.320823669433594, -8.022944450378418]]
[289552, 6, 1, [0.1250503957271576, -8.973360061645508]]
[289552, 4, 1, [12.404894828796387, -0.11854055523872375]]
[289552, 16, 1, [7.258925914764404, -8.045655250549316]]
[289552, 21, 1, [6.172846794128418, -10.421158790588379]]
[289552, 22, 1, [8.320269584655762, -0.11201933026313782]]
[289552, 24, 1, [6.283833026885986, -6.166708946228027]]
[295652, 'popsize', 15, 'queuesize', 0]
[296452, 10, 0, [1.7632428407669067, -0.10603214800357819]]
[296452, 5, 0, [9.599784851074219, -7.545844078063965]]
[296452, 3, 0, [6.990632057189941, -0.10797853767871857]]
[296452, 1, 0, [10.745909690856934, -11.155780792236328]]
[296452, 8, 0, [12.393965721130371, -5.661782741546631]]
[296452, 13, 0, [3.5762672424316406, -11.299888610839844]]
[296452, 20, 0, [9.492588996887207, -0.1858031451702118]]
[296452, 0, 0, [9.072237014770508, -0.7036083936691284]]
[296452, 12, 1, [12.236860275268555, -8.219813346862793]]
[296452, 6, 1, [0.1371484249830246, -8.944007873535156]]
[296452, 4, 1, [12.404892921447754, -0.11854372918605804]]
[296452, 16, 1, [7.266507625579834, -8.06971263885498]]
[296452, 21, 1, [6.270833492279053, -10.481388092041016]]
[296452, 22, 1, [8.384099960327148, -0.10787664353847504]]
[296452, 24, 1, [6.295929908752441, -6.138675212860107]]
[302703, 'popsize', 15, 'queuesize', 0]
[303553, 10, 0, [1.6676301956176758, -0.10607976466417313]]
[303553, 5, 0, [9.60548210144043, -7.52524471282959]]
[303553, 3, 0, [7.069993019104004, -0.10798624157905579]]
[303553, 1, 0, [10.733126640319824, -11.13843822479248]]
[303553, 8, 0, [12.393921852111816, -5.566176891326904]]
[303553, 13, 0, [3.5359885692596436, -11.319524765014648]]
[303553, 20, 0, [9.460721015930176, -0.12427392601966858]]
[303553, 0, 0, [8.592354774475098, -1.047536015510559]]
[303553, 12, 1, [12.179203987121582, -8.137334823608398]]
[303553, 6, 1, [0.11548808962106705, -8.897860527038574]]
[303553, 4, 1, [12.404892921447754, -0.11854960024356842]]
[303553, 16, 1, [7.180819034576416, -7.92797327041626]]
[303553, 21, 1, [6.702960014343262, -10.699746131896973]]
[303553, 22, 1, [8.460334777832031, -0.10797508805990219]]
[303553, 24, 1, [6.289135932922363, -6.141098976135254]]
[309903, 'popsize', 15, 'queuesize', 0]
[310803, 10, 0, [1.5698561668395996, -0.1060534343123436]]
[310803, 5, 0, [9.621387481689453, -7.752501964569092]]
[310803, 3, 0, [7.149040699005127, -0.10797102004289627]]
[310803, 1, 0, [10.743647575378418, -11.117697715759277]]
[310803, 8, 0, [12.393982887268066, -5.466141223907471]]
[310803, 13, 0, [3.5510451793670654, -11.31134033203125]]
[310803, 20, 0, [9.48766803741455, -0.11793800443410873]]
[310803, 0, 0, [8.148087501525879, -1.4547902345657349]]
[310803, 12, 1, [12.20654010772705, -8.1396484375]]
[310803, 6, 1, [0.11351721733808517, -8.876324653625488]]
[310803, 4, 1, [12.404897689819336, -0.11855635792016983]]
[310803, 16, 1, [7.022181987762451, -7.532931804656982]]
[310803, 21, 1, [6.945449352264404, -10.953550338745117]]
[310803, 22, 1, [8.539054870605469, -0.10794181376695633]]
[310803, 24, 1, [6.311731815338135, -6.112183094024658]]
[317303, 'popsize', 15, 'queuesize', 0]
[318103, 10, 0, [1.466134786605835, -0.1059611439704895]]
[318103, 5, 0, [9.768270492553711, -8.29306697845459]]
[318103, 3, 0, [7.230026721954346, -0.10791275650262833]]
[318103, 1, 0, [10.767834663391113, -11.105175018310547]]
[318103, 8, 0, [12.393986701965332, -5.366923809051514]]
[318103, 13, 0, [3.5242135524749756, -11.345503807067871]]
[318103, 20, 0, [9.473613739013672, -0.12426726520061493]]
[318103, 0, 0, [7.752348899841309, -1.914120078086853]]
[318103, 12, 1, [12.109457969665527, -7.979460716247559]]
[318103, 6, 1, [0.11063436418771744, -8.835283279418945]]
[318103, 4, 1, [12.404902458190918, -0.11856304854154587]]
[318103, 16, 1, [6.976559162139893, -7.3890299797058105]]
[318103, 21, 1, [7.170815467834473, -11.002153396606445]]
[318103, 22, 1, [8.571606636047363, -0.14897428452968597]]
[318103, 24, 1, [6.308643817901611, -6.111534595489502]]
[324453, 'popsize', 15, 'queuesize', 0]
[325353, 10, 0, [1.3683595657348633, -0.10601264238357544]]
[325353, 5, 0, [9.779372215270996, -8.439916610717773]]
[325353, 3, 0, [7.309590816497803, -0.1079116016626358]]
[325353, 1, 0, [10.788408279418945, -11.111021041870117]]
[325353, 8, 0, [12.39400577545166, -5.269643783569336]]
[325353, 13, 0, [3.540781021118164, -11.310205459594727]]
[325353, 20, 0, [9.491083145141602, -0.1598859429359436]]
[325353, 0, 0, [7.42470121383667, -2.42234206199646]]
[325353, 12, 1, [12.295831680297852, -8.025585174560547]]
[325353, 6, 1, [0.10797332227230072, -8.758196830749512]]
[325353, 4, 1, [12.404900550842285, -0.11856863647699356]]
[325353, 16, 1, [6.9678239822387695, -7.2285332679748535]]
[325353, 21, 1, [7.772337436676025, -11.018038749694824]]
[325353, 22, 1, [8.509894371032715, -0.11151526123285294]]
[325353, 24, 1, [6.330789089202881, -6.081414699554443]]
[331553, 'popsize', 15, 'queuesize', 0]
[332353, 10, 0, [1.2725378274917603, -0.10602361708879471]]
[332353, 5, 0, [9.950019836425781, -8.306487083435059]]
[332353, 3, 0, [7.388194561004639, -0.10798527300357819]]
[332353, 1, 0, [10.79781723022461, -11.129989624023438]]
[332353, 8, 0, [12.394028663635254, -5.175007343292236]]
[332353, 13, 0, [3.522118091583252, -11.33603572845459]]
[332353, 20, 0, [9.472043991088867, -0.17438672482967377]]
[332353, 0, 0, [7.18087911605835, -2.9437286853790283]]
[332353, 12, 1, [12.291372299194336, -7.83115816116333]]
[332353, 6, 1, [0.10793861746788025, -8.680074691772461]]
[332353, 4, 1, [12.404897689819336, -0.11857181787490845]]
[332353, 16, 1, [6.9496169090271, -7.241758823394775]]
[332353, 21, 1, [8.243319511413574, -11.088778495788574]]
[332353, 22, 1, [8.403055191040039, -0.10574614256620407]]
[332353, 24, 1, [6.340899467468262, -6.067883014678955]]
[338453, 'popsize', 15, 'queuesize', 0]
[339253, 10, 0, [1.1787896156311035, -0.10603152215480804]]
[339253, 5, 0, [10.039213180541992, -8.292440414428711]]
[339253, 3, 0, [7.46411657333374, -0.10787848383188248]]
[339253, 1, 0, [10.793774604797363, -11.145936012268066]]
[339253, 8, 0, [12.393939971923828, -5.082313537597656]]
[339253, 13, 0, [3.5122323036193848, -11.335556983947754]]
[339253, 20, 0, [9.380072593688965, -0.18470872938632965]]
[339253, 0, 0, [7.011559009552002, -3.4918901920318604]]
[339253, 12, 1, [12.379936218261719, -7.847273826599121]]
[339253, 6, 1, [0.10797962546348572, -8.605425834655762]]
[339253, 4, 1, [12.404906272888184, -0.11858130991458893]]
[339253, 16, 1, [6.978033542633057, -7.272373199462891]]
[339253, 21, 1, [8.326297760009766, -11.224818229675293]]
[339253, 22, 1, [8.30963134765625, -0.10606475174427032]]
[339253, 24, 1, [6.334878444671631, -6.078230857849121]]
[345503, 'popsize', 15, 'queuesize', 0]
[346353, 10, 0, [1.0831224918365479, -0.10605614632368088]]
[346353, 5, 0, [10.143990516662598, -8.107769966125488]]
[346353, 3, 0, [7.540987014770508, -0.10789786279201508]]
[346353, 1, 0, [10.774652481079102, -11.157432556152344]]
[346353, 8, 0, [12.393990516662598, -4.986607551574707]]
[346353, 13, 0, [3.5319929122924805, -11.317605972290039]]
[346353, 20, 0, [9.215001106262207, -0.28620466589927673]]
[346353, 0, 0, [6.931640148162842, -3.993649482727051]]
[346353, 12, 1, [12.358034133911133, -7.8602471351623535]]
[346353, 6, 1, [0.10794205218553543, -8.528980255126953]]
[346353, 4, 1, [12.40491008758545, -0.11858856678009033]]
[346353, 16, 1, [7.001139163970947, -7.283587455749512]]
[346353, 21, 1, [7.906238555908203, -10.805137634277344]]
[346353, 22, 1, [8.289490699768066, -0.14449656009674072]]
[346353, 24, 1, [6.34684944152832, -6.049326419830322]]
[352603, 'popsize', 15, 'queuesize', 0]
[353403, 10, 0, [0.9863696694374084, -0.10603788495063782]]
[353403, 5, 0, [10.234939575195312, -7.94776725769043]]
[353403, 3, 0, [7.619406223297119, -0.10794369876384735]]
[353403, 1, 0, [10.755565643310547, -11.165952682495117]]
[353403, 8, 0, [12.393936157226562, -4.891567230224609]]
[353403, 13, 0, [3.5047836303710938, -11.34558391571045]]
[353403, 20, 0, [9.077648162841797, -0.21125073730945587]]
[353403, 0, 0, [6.778469085693359, -3.6662180423736572]]
[353403, 12, 1, [12.297677040100098, -7.904380798339844]]
[353403, 6, 1, [0.10789880901575089, -8.451354026794434]]
[353403, 4, 1, [12.40490436553955, -0.11859334260225296]]
[353403, 16, 1, [6.995371341705322, -7.298245429992676]]
[353403, 21, 1, [7.549763202667236, -10.334916114807129]]
[353403, 22, 1, [8.311189651489258, -0.18293648958206177]]
[353403, 24, 1, [6.357810020446777, -6.029838562011719]]
[359703, 'popsize', 15, 'queuesize', 0]
[360503, 10, 0, [0.8902794718742371, -0.10605569928884506]]
[360503, 5, 0, [10.283019065856934, -7.870593070983887]]
[360503, 3, 0, [7.698187828063965, -0.1079724133014679]]
[360503, 1, 0, [10.74086856842041, -11.155014038085938]]
[360503, 8, 0, [12.393962860107422, -4.795655250549316]]
[360503, 13, 0, [3.4910688400268555, -11.332746505737305]]
[360503, 20, 0, [9.14160442352295, -0.13840357959270477]]
[360503, 0, 0, [6.508383274078369, -3.2098100185394287]]
[360503, 12, 1, [12.294910430908203, -7.836360454559326]]
[360503, 6, 1, [0.10788911581039429, -8.374343872070312]]
[360503, 4, 1, [12.404911041259766, -0.11860329657793045]]
[360503, 16, 1, [6.722034454345703, -7.321859836578369]]
[360503, 21, 1, [7.472670555114746, -10.202801704406738]]
[360503, 22, 1, [8.32943058013916, -0.18860162794589996]]
[360503, 24, 1, [6.357131004333496, -6.032165050506592]]
[366753, 'popsize', 15, 'queuesize', 0]
[367653, 10, 0, [0.7939833998680115, -0.10599401593208313]]
[367653, 5, 0, [10.267471313476562, -7.855399131774902]]
[367653, 3, 0, [7.777637958526611, -0.10797951370477676]]
[367653, 1, 0, [10.733821868896484, -11.13451862335205]]
[367653, 8, 0, [12.393964767456055, -4.698721885681152]]
[367653, 13, 0, [3.5221166610717773, -11.316417694091797]]
[367653, 20, 0, [9.32017707824707, -0.10293275117874146]]
[367653, 0, 0, [6.479268550872803, -3.158020496368408]]
[367653, 12, 1, [12.324421882629395, -7.884464263916016]]
[367653, 6, 1, [0.12166710197925568, -8.32022762298584]]
[367653, 4, 1, [12.4049072265625, -0.11860695481300354]]
[367653, 16, 1, [6.818449974060059, -7.370853900909424]]
[367653, 21, 1, [7.404305934906006, -10.154764175415039]]
[367653, 22, 1, [8.293907165527344, -0.27056407928466797]]
[367653, 24, 1, [6.36675500869751, -5.999026298522949]]
[373853, 'popsize', 15, 'queuesize', 0]
[374653, 10, 0, [0.6976956725120544, -0.10605069994926453]]
[374653, 5, 0, [10.067895889282227, -7.806804180145264]]
[374653, 3, 0, [7.855823040008545, -0.10790561884641647]]
[374653, 1, 0, [10.733505249023438, -11.117616653442383]]
[374653, 8, 0, [12.393976211547852, -4.604302406311035]]
[374653, 13, 0, [3.493594169616699, -11.349713325500488]]
[374653, 20, 0, [9.401711463928223, -0.1520233452320099]]
[374653, 0, 0, [6.068044185638428, -2.838759422302246]]
[374653, 12, 1, [12.261371612548828, -7.828480243682861]]
[374653, 6, 1, [0.15021689236164093, -8.298194885253906]]
[374653, 4, 1, [12.404911041259766, -0.11861560493707657]]
[374653, 16, 1, [6.817506790161133, -7.35270357131958]]
[374653, 21, 1, [7.363584995269775, -10.032233238220215]]
[374653, 22, 1, [8.22357177734375, -0.8336189389228821]]
[374653, 24, 1, [6.363624095916748, -6.0098466873168945]]
[380803, 'popsize', 15, 'queuesize', 0]
[381653, 10, 0, [0.6030181050300598, -0.10602237284183502]]
[381653, 5, 0, [9.859480857849121, -7.726766586303711]]
[381653, 3, 0, [7.931746006011963, -0.10792462527751923]]
[381653, 1, 0, [10.740035057067871, -11.095930099487305]]
[381653, 8, 0, [12.394218444824219, -4.507970333099365]]
[381653, 13, 0, [3.5040910243988037, -11.318025588989258]]
[381653, 20, 0, [9.306140899658203, -0.10855455696582794]]
[381653, 0, 0, [6.03959846496582, -2.784165382385254]]
[381653, 12, 1, [12.3068208694458, -7.8888726234436035]]
[381653, 6, 1, [0.10951279103755951, -8.343145370483398]]
[381653, 4, 1, [12.404914855957031, -0.11862412840127945]]
[381653, 16, 1, [7.061744213104248, -7.26894998550415]]
[381653, 21, 1, [7.60039758682251, -9.607882499694824]]
[381653, 22, 1, [8.267571449279785, -0.9504666924476624]]
[381653, 24, 1, [6.379982948303223, -5.981435298919678]]
[387853, 'popsize', 15, 'queuesize', 0]
[388653, 10, 0, [0.5048540830612183, -0.10579361766576767]]
[388653, 5, 0, [9.891809463500977, -7.742818832397461]]
[388653, 3, 0, [8.010052680969238, -0.10797661542892456]]
[388653, 1, 0, [10.759944915771484, -11.08861255645752]]
[388653, 8, 0, [12.393965721130371, -4.413825988769531]]
[388653, 13, 0, [3.472233533859253, -11.341212272644043]]
[388653, 20, 0, [9.152932167053223, -0.10214848071336746]]
[388653, 0, 0, [5.876156806945801, -2.6450154781341553]]
[388653, 12, 1, [12.329415321350098, -7.826045989990234]]
[388653, 6, 1, [0.14551271498203278, -8.341569900512695]]
[388653, 4, 1, [12.404914855957031, -0.11862945556640625]]
[388653, 16, 1, [6.78311824798584, -7.275922775268555]]
[388653, 21, 1, [7.604409694671631, -9.125490188598633]]
[388653, 22, 1, [8.38284969329834, -0.8138773441314697]]
[388653, 24, 1, [6.383731365203857, -5.95860481262207]]
[394903, 'popsize', 15, 'queuesize', 0]
[395753, 10, 0, [0.40902549028396606, -0.10601988434791565]]
[395753, 5, 0, [9.955775260925293, -7.753465175628662]]
[395753, 3, 0, [8.0888090133667, -0.10796511918306351]]
[395753, 1, 0, [10.774468421936035, -11.098526000976562]]
[395753, 8, 0, [12.393963813781738, -4.318761825561523]]
[395753, 13, 0, [3.461843490600586, -11.34896183013916]]
[395753, 20, 0, [9.015291213989258, -0.1301635056734085]]
[395753, 0, 0, [5.586961269378662, -2.4197657108306885]]
[395753, 12, 1, [12.323095321655273, -7.870590686798096]]
[395753, 6, 1, [0.18602198362350464, -8.319321632385254]]
[395753, 4, 1, [12.404918670654297, -0.11863511055707932]]
[395753, 16, 1, [7.058850288391113, -7.313821315765381]]
[395753, 21, 1, [7.491687774658203, -8.86214828491211]]
[395753, 22, 1, [8.403119087219238, -0.8079476952552795]]
[395753, 24, 1, [6.376196384429932, -5.969897270202637]]
[401904, 'popsize', 15, 'queuesize', 0]
[402754, 10, 0, [0.31364938616752625, -0.10599219799041748]]
[402754, 5, 0, [9.93529224395752, -7.538340091705322]]
[402754, 3, 0, [8.165817260742188, -0.1078808605670929]]
[402754, 1, 0, [10.783068656921387, -11.110389709472656]]
[402754, 8, 0, [12.394006729125977, -4.224603652954102]]
[402754, 13, 0, [3.483264446258545, -11.33167839050293]]
[402754, 20, 0, [8.460245132446289, -0.149719700217247]]
[402754, 0, 0, [5.140485763549805, -2.1658995151519775]]
[402754, 12, 1, [12.318657875061035, -7.874266147613525]]
[402754, 6, 1, [0.18282730877399445, -8.3124418258667]]
[402754, 4, 1, [12.40492057800293, -0.1186445876955986]]
[402754, 16, 1, [7.078007698059082, -7.372686862945557]]
[402754, 21, 1, [7.6961259841918945, -9.159282684326172]]
[402754, 22, 1, [8.409031867980957, -0.7910067439079285]]
[402754, 24, 1, [6.374529838562012, -5.933300495147705]]
[408904, 'popsize', 15, 'queuesize', 0]
[409804, 10, 0, [0.21901069581508636, -0.10606086999177933]]
[409804, 5, 0, [9.939545631408691, -7.309153079986572]]
[409804, 3, 0, [8.172680854797363, -0.13287054002285004]]
[409804, 1, 0, [10.782855987548828, -11.131348609924316]]
[409804, 8, 0, [12.29391098022461, -4.258702278137207]]
[409804, 13, 0, [3.4529788494110107, -11.369061470031738]]
[409804, 20, 0, [8.19897174835205, -0.24473801255226135]]
[409804, 0, 0, [5.495110034942627, -2.199247360229492]]
[409804, 12, 1, [12.376853942871094, -7.8503193855285645]]
[409804, 6, 1, [0.17732158303260803, -8.305343627929688]]
[409804, 4, 1, [12.404898643493652, -0.11864017695188522]]
[409804, 16, 1, [6.711455345153809, -7.622343063354492]]
[409804, 21, 1, [8.117002487182617, -9.372859001159668]]
[409804, 22, 1, [8.049145698547363, -0.6086525321006775]]
[409804, 24, 1, [6.372553825378418, -5.9141974449157715]]
[415954, 'popsize', 15, 'queuesize', 0]
[416754, 10, 0, [0.12343749403953552, -0.1059865802526474]]
[416754, 5, 0, [9.973896026611328, -7.209128379821777]]
[416754, 3, 0, [8.09345531463623, -0.15693390369415283]]
[416754, 1, 0, [10.775500297546387, -11.146944999694824]]
[416754, 8, 0, [12.229185104370117, -4.2053728103637695]]
[416754, 13, 0, [3.428581953048706, -11.368487358093262]]
[416754, 20, 0, [7.951352596282959, -0.13406798243522644]]
[416754, 0, 0, [6.070128440856934, -2.1930654048919678]]
[416754, 12, 1, [12.376855850219727, -7.859254360198975]]
[416754, 6, 1, [0.17197677493095398, -8.291394233703613]]
[416754, 4, 1, [12.4049072265625, -0.1186511293053627]]
[416754, 16, 1, [6.568976879119873, -7.672731399536133]]
[416754, 21, 1, [7.971946716308594, -9.371286392211914]]
[416754, 22, 1, [7.918691158294678, -0.5053116083145142]]
[416754, 24, 1, [6.3791728019714355, -5.923548698425293]]
[422904, 'popsize', 15, 'queuesize', 0]
[423704, 10, 0, [0.111032634973526, -0.10606508702039719]]
[423704, 5, 0, [9.96586799621582, -7.193357944488525]]
[423704, 3, 0, [7.848001956939697, -0.5024017691612244]]
[423704, 1, 0, [10.768006324768066, -11.1655855178833]]
[423704, 8, 0, [12.256865501403809, -3.6462860107421875]]
[423704, 13, 0, [3.4475021362304688, -11.348703384399414]]
[423704, 20, 0, [7.890074253082275, -0.1314239352941513]]
[423704, 0, 0, [6.571094989776611, -2.1271708011627197]]
[423704, 12, 1, [12.376845359802246, -7.863421440124512]]
[423704, 6, 1, [0.12998440861701965, -8.246013641357422]]
[423704, 4, 1, [12.40491008758545, -0.11865860968828201]]
[423704, 16, 1, [6.609436988830566, -7.7040228843688965]]
[423704, 21, 1, [7.905988693237305, -9.333969116210938]]
[423704, 22, 1, [7.631691932678223, -0.48074841499328613]]
[423704, 24, 1, [6.378769874572754, -5.886474132537842]]
[430254, 'popsize', 16, 'queuesize', 0]
[431104, 10, 0, [0.11104075610637665, -0.10605917125940323]]
[431104, 5, 0, [10.124128341674805, -7.3701252937316895]]
[431104, 3, 0, [7.6889495849609375, -0.626775860786438]]
[431104, 1, 0, [10.735640525817871, -11.164998054504395]]
[431104, 8, 0, [12.182104110717773, -3.0752687454223633]]
[431104, 13, 0, [3.394803524017334, -11.383979797363281]]
[431104, 20, 0, [7.522651672363281, -0.28818511962890625]]
[431104, 0, 0, [6.636730670928955, -2.106818675994873]]
[431104, 7, 0, [4.057967662811279, -1.2330371141433716]]
[431104, 12, 1, [12.35937213897705, -7.870779514312744]]
[431104, 6, 1, [0.11776301264762878, -8.297113418579102]]
[431104, 4, 1, [12.404903411865234, -0.11866258829832077]]
[431104, 16, 1, [6.569550037384033, -7.692680835723877]]
[431104, 21, 1, [8.01362133026123, -9.559529304504395]]
[431104, 22, 1, [7.6998209953308105, -0.4923664629459381]]
[431104, 24, 1, [6.418530464172363, -5.841012477874756]]
[438254, 'popsize', 17, 'queuesize', 0]
[439204, 10, 0, [0.11104188859462738, -0.10606293380260468]]
[439204, 5, 0, [10.591521263122559, -7.775393486022949]]
[439204, 3, 0, [7.513025283813477, -0.572584867477417]]
[439204, 1, 0, [10.727599143981934, -11.124008178710938]]
[439204, 8, 0, [11.996407508850098, -2.4647481441497803]]
[439204, 13, 0, [3.4076833724975586, -11.368823051452637]]
[439204, 20, 0, [7.045446872711182, -0.5200765132904053]]
[439204, 0, 0, [6.852054119110107, -2.034174919128418]]
[439204, 7, 0, [4.70043420791626, -1.122800588607788]]
[439204, 23, 0, [6.342768669128418, -3.7612850666046143]]
[439204, 12, 1, [12.313899040222168, -7.904496192932129]]
[439204, 6, 1, [0.15296275913715363, -8.285250663757324]]
[439204, 4, 1, [12.404909133911133, -0.11867497861385345]]
[439204, 16, 1, [6.6484599113464355, -7.726557731628418]]
[439204, 21, 1, [8.096372604370117, -9.152606964111328]]
[439204, 22, 1, [7.357833385467529, -0.5288670659065247]]
[439204, 24, 1, [6.403462886810303, -5.84278678894043]]
[446354, 'popsize', 17, 'queuesize', 0]
[447404, 10, 0, [0.11105653643608093, -0.10605686157941818]]
[447404, 5, 0, [11.198075294494629, -7.842679023742676]]
[447404, 3, 0, [7.140778541564941, -0.6857192516326904]]
[447404, 1, 0, [10.773786544799805, -11.115983009338379]]
[447404, 8, 0, [11.706825256347656, -1.8804879188537598]]
[447404, 13, 0, [3.353419542312622, -11.406485557556152]]
[447404, 20, 0, [6.978308200836182, -0.46524396538734436]]
[447404, 0, 0, [6.779789924621582, -1.7194362878799438]]
[447404, 7, 0, [4.868484973907471, -1.0246621370315552]]
[447404, 23, 0, [6.43251371383667, -3.083631753921509]]
[447404, 12, 1, [12.368179321289062, -7.928926944732666]]
[447404, 6, 1, [0.14329101145267487, -8.284419059753418]]
[447404, 4, 1, [12.404908180236816, -0.11868397891521454]]
[447404, 16, 1, [6.6172308921813965, -7.712853908538818]]
[447404, 21, 1, [7.986596584320068, -8.747047424316406]]
[447404, 22, 1, [7.089977741241455, -0.5519967079162598]]
[447404, 24, 1, [6.372072696685791, -5.879277229309082]]
[454504, 'popsize', 17, 'queuesize', 0]
[455404, 10, 0, [0.11105329543352127, -0.10606212913990021]]
[455404, 5, 0, [11.32431411743164, -7.857163429260254]]
[455404, 3, 0, [6.790838718414307, -0.5965766310691833]]
[455404, 1, 0, [10.782158851623535, -11.167899131774902]]
[455404, 8, 0, [11.747673988342285, -1.8735657930374146]]
[455404, 13, 0, [3.3679158687591553, -11.394020080566406]]
[455404, 20, 0, [6.818273067474365, -0.3746598958969116]]
[455404, 0, 0, [7.200509548187256, -1.8346381187438965]]
[455404, 7, 0, [4.239738464355469, -0.8716551661491394]]
[455404, 23, 0, [6.6022443771362305, -2.4356303215026855]]
[455404, 12, 1, [12.3228759765625, -7.915721893310547]]
[455404, 6, 1, [0.1557299792766571, -8.3167085647583]]
[455404, 4, 1, [12.404918670654297, -0.11870217323303223]]
[455404, 16, 1, [6.464585781097412, -7.948593616485596]]
[455404, 21, 1, [8.039196014404297, -8.625163078308105]]
[455404, 22, 1, [6.930339336395264, -0.5307515263557434]]
[455404, 24, 1, [6.3873491287231445, -5.842783451080322]]
[462754, 'popsize', 17, 'queuesize', 0]
[463704, 10, 0, [0.11106272786855698, -0.1060556173324585]]
[463704, 5, 0, [11.34339427947998, -7.880839824676514]]
[463704, 3, 0, [6.927225589752197, -0.1514267474412918]]
[463704, 1, 0, [10.729958534240723, -11.168000221252441]]
[463704, 8, 0, [12.265512466430664, -2.3114945888519287]]
[463704, 13, 0, [3.3106584548950195, -11.405940055847168]]
[463704, 20, 0, [6.393082141876221, -0.11462419480085373]]
[463704, 0, 0, [7.885598659515381, -1.9162746667861938]]
[463704, 7, 0, [3.5687475204467773, -0.8414469361305237]]
[463704, 23, 0, [6.852540493011475, -1.7859042882919312]]
[463704, 12, 1, [12.368825912475586, -7.931647300720215]]
[463704, 6, 1, [0.12242437154054642, -8.298402786254883]]
[463704, 4, 1, [12.40493392944336, -0.11871760338544846]]
[463704, 16, 1, [6.447778224945068, -7.9595441818237305]]
[463704, 21, 1, [8.07763671875, -8.092225074768066]]
[463704, 22, 1, [6.852303504943848, -0.7931435704231262]]
[463704, 24, 1, [6.369086265563965, -5.8725199699401855]]
[470904, 'popsize', 17, 'queuesize', 0]
[471854, 10, 0, [0.1110651046037674, -0.10606075078248978]]
[471854, 5, 0, [11.508932113647461, -8.118003845214844]]
[471854, 3, 0, [6.947785377502441, -0.12313657999038696]]
[471854, 1, 0, [10.741870880126953, -11.125626564025879]]
[471854, 8, 0, [12.384676933288574, -2.438713312149048]]
[471854, 13, 0, [3.2911884784698486, -11.364741325378418]]
[471854, 20, 0, [6.190271854400635, -0.10399981588125229]]
[471854, 0, 0, [8.561409950256348, -1.8981918096542358]]
[471854, 7, 0, [2.900017499923706, -0.9216261506080627]]
[471854, 23, 0, [6.916983604431152, -1.5806187391281128]]
[471854, 12, 1, [12.388249397277832, -7.828083038330078]]
[471854, 6, 1, [0.14939484000205994, -8.284615516662598]]
[471854, 4, 1, [12.40493392944336, -0.11872923374176025]]
[471854, 16, 1, [6.221832275390625, -7.482093334197998]]
[471854, 21, 1, [8.0769624710083, -7.994410514831543]]
[471854, 22, 1, [6.810765266418457, -0.8340142369270325]]
[471854, 24, 1, [6.380499839782715, -5.877854824066162]]
[478904, 'popsize', 17, 'queuesize', 0]
[479854, 10, 0, [0.11106879264116287, -0.10606129467487335]]
[479854, 5, 0, [11.807315826416016, -8.65396785736084]]
[479854, 3, 0, [6.952356338500977, -0.12314706295728683]]
[479854, 1, 0, [10.78742504119873, -11.135516166687012]]
[479854, 8, 0, [12.385322570800781, -2.470905065536499]]
[479854, 13, 0, [3.3223633766174316, -11.3400297164917]]
[479854, 20, 0, [6.056878566741943, -0.10490672290325165]]
[479854, 0, 0, [9.209105491638184, -1.782853603363037]]
[479854, 7, 0, [2.269217014312744, -1.0987628698349]]
[479854, 23, 0, [7.087299346923828, -1.7009599208831787]]
[479854, 12, 1, [12.39420223236084, -7.708694934844971]]
[479854, 6, 1, [0.10817628353834152, -8.334571838378906]]
[479854, 4, 1, [12.404927253723145, -0.1187380701303482]]
[479854, 16, 1, [5.847249984741211, -6.931591510772705]]
[479854, 21, 1, [8.06075382232666, -7.7100605964660645]]
[479854, 22, 1, [6.844990253448486, -0.7954405546188354]]
[479854, 24, 1, [6.3906731605529785, -5.858980655670166]]
[487004, 'popsize', 17, 'queuesize', 0]
[487954, 10, 0, [0.11106952279806137, -0.10606381297111511]]
[487954, 5, 0, [11.817769050598145, -8.771380424499512]]
[487954, 3, 0, [6.958149433135986, -0.12316145747900009]]
[487954, 1, 0, [10.78336238861084, -11.184940338134766]]
[487954, 8, 0, [12.386680603027344, -2.493382215499878]]
[487954, 13, 0, [3.32019305229187, -11.363495826721191]]
[487954, 20, 0, [5.93523645401001, -0.10564392060041428]]
[487954, 0, 0, [9.843979835510254, -1.5704240798950195]]
[487954, 7, 0, [1.6636406183242798, -1.3882172107696533]]
[487954, 23, 0, [6.915323257446289, -1.839732050895691]]
[487954, 12, 1, [12.393927574157715, -7.599234104156494]]
[487954, 6, 1, [0.1363803744316101, -8.317739486694336]]
[487954, 4, 1, [12.40493106842041, -0.11875104904174805]]
[487954, 16, 1, [5.749569892883301, -6.821147441864014]]
[487954, 21, 1, [8.065153121948242, -7.963525295257568]]
[487954, 22, 1, [6.79680061340332, -0.8536139726638794]]
[487954, 24, 1, [6.4065399169921875, -5.8226637840271]]
[495004, 'popsize', 17, 'queuesize', 0]
[495954, 10, 0, [0.11107635498046875, -0.10606464743614197]]
[495954, 5, 0, [12.205385208129883, -8.752409934997559]]
[495954, 3, 0, [6.964502334594727, -0.12314903736114502]]
[495954, 1, 0, [10.729671478271484, -11.171283721923828]]
[495954, 8, 0, [12.390191078186035, -2.5442240238189697]]
[495954, 13, 0, [3.29807710647583, -11.367115020751953]]
[495954, 20, 0, [5.82626485824585, -0.10606538504362106]]
[495954, 0, 0, [10.3404541015625, -1.3128758668899536]]
[495954, 7, 0, [1.124057650566101, -1.7680248022079468]]
[495954, 23, 0, [6.764756679534912, -1.1904107332229614]]
[495954, 12, 1, [12.394121170043945, -7.488266468048096]]
[495954, 6, 1, [0.1158471554517746, -8.265266418457031]]
[495954, 4, 1, [12.404938697814941, -0.11876767128705978]]
[495954, 16, 1, [5.717615127563477, -6.838340759277344]]
[495954, 21, 1, [8.188673973083496, -7.562559127807617]]
[495954, 22, 1, [6.885794162750244, -0.6559053659439087]]
[495954, 24, 1, [6.405328273773193, -5.820488452911377]]
[503005, 'popsize', 17, 'queuesize', 0]
[503955, 10, 0, [0.11109267175197601, -0.10605662316083908]]
[503955, 5, 0, [12.170650482177734, -8.218463897705078]]
[503955, 3, 0, [6.9692301750183105, -0.12315014004707336]]
[503955, 1, 0, [10.737692832946777, -11.12959098815918]]
[503955, 8, 0, [12.392029762268066, -2.633033037185669]]
[503955, 13, 0, [3.27543568611145, -11.370063781738281]]
[503955, 20, 0, [5.7179670333862305, -0.10604747384786606]]
[503955, 0, 0, [10.340189933776855, -1.2285418510437012]]
[503955, 7, 0, [0.9392644166946411, -1.905167818069458]]
[503955, 23, 0, [6.728211879730225, -0.5592923760414124]]
[503955, 12, 1, [12.38597297668457, -7.486752033233643]]
[503955, 6, 1, [0.11463302373886108, -8.240846633911133]]
[503955, 4, 1, [12.404938697814941, -0.11878540366888046]]
[503955, 16, 1, [5.723743915557861, -6.697706699371338]]
[503955, 21, 1, [8.167705535888672, -7.286021709442139]]
[503955, 22, 1, [6.552197456359863, -0.4732959568500519]]
[503955, 24, 1, [6.383078575134277, -5.854926586151123]]
[511505, 'popsize', 18, 'queuesize', 0]
[512655, 10, 0, [0.1111077144742012, -0.10604924708604813]]
[512655, 5, 0, [12.198478698730469, -8.101977348327637]]
[512655, 3, 0, [6.9778852462768555, -0.12316033244132996]]
[512655, 1, 0, [10.789420127868652, -11.160221099853516]]
[512655, 8, 0, [12.392098426818848, -2.7265231609344482]]
[512655, 13, 0, [3.2892465591430664, -11.360310554504395]]
[512655, 20, 0, [5.601542949676514, -0.10604602098464966]]
[512655, 0, 0, [10.32352352142334, -0.7122294306755066]]
[512655, 7, 0, [1.1755720376968384, -2.3005452156066895]]
[512655, 23, 0, [6.710772514343262, -0.3555963635444641]]
[512655, 15, 0, [8.360513687133789, -1.2309739589691162]]
[512655, 12, 1, [12.342456817626953, -7.523061275482178]]
[512655, 6, 1, [0.11298225075006485, -8.218463897705078]]
[512655, 4, 1, [12.404956817626953, -0.11881069839000702]]
[512655, 16, 1, [5.725571632385254, -6.544471740722656]]
[512655, 21, 1, [8.399834632873535, -7.96787166595459]]
[512655, 22, 1, [6.702908515930176, -0.6761805415153503]]
[512655, 24, 1, [6.414595127105713, -5.825735569000244]]
[520355, 'popsize', 18, 'queuesize', 0]
[521355, 10, 0, [0.11109985411167145, -0.10605747252702713]]
[521355, 5, 0, [11.64659309387207, -8.182535171508789]]
[521355, 3, 0, [6.985046863555908, -0.12319019436836243]]
[521355, 1, 0, [10.734004020690918, -11.19232177734375]]
[521355, 8, 0, [12.392032623291016, -2.8226099014282227]]
[521355, 13, 0, [3.273653984069824, -11.334710121154785]]
[521355, 20, 0, [5.481734752655029, -0.10595036298036575]]
[521355, 0, 0, [10.211933135986328, -0.7252651453018188]]
[521355, 7, 0, [1.6507627964019775, -2.8505444526672363]]
[521355, 23, 0, [7.411293029785156, -0.5688360929489136]]
[521355, 15, 0, [7.642910957336426, -1.11086905002594]]
[521355, 12, 1, [12.3360013961792, -7.514552116394043]]
[521355, 6, 1, [0.10846874862909317, -8.151511192321777]]
[521355, 4, 1, [12.40499496459961, -0.11884179711341858]]
[521355, 16, 1, [6.062167644500732, -6.095066547393799]]
[521355, 21, 1, [8.41031265258789, -8.212479591369629]]
[521355, 22, 1, [6.766275405883789, -0.5452874898910522]]
[521355, 24, 1, [6.409913063049316, -5.804996013641357]]
[528955, 'popsize', 18, 'queuesize', 0]
[529955, 10, 0, [0.11109823733568192, -0.10606400668621063]]
[529955, 5, 0, [11.012748718261719, -8.029367446899414]]
[529955, 3, 0, [6.992298126220703, -0.1231595054268837]]
[529955, 1, 0, [10.737847328186035, -11.133167266845703]]
[529955, 8, 0, [12.392082214355469, -2.9184656143188477]]
[529955, 13, 0, [3.2379918098449707, -11.394159317016602]]
[529955, 20, 0, [5.365597248077393, -0.10607130825519562]]
[529955, 0, 0, [9.507208824157715, -0.7773720026016235]]
[529955, 7, 0, [2.1815106868743896, -3.3134102821350098]]
[529955, 23, 0, [8.06405258178711, -0.8775606751441956]]
[529955, 15, 0, [6.958284854888916, -0.8876544833183289]]
[529955, 12, 1, [12.340659141540527, -7.29918909072876]]
[529955, 6, 1, [0.10788405686616898, -8.055444717407227]]
[529955, 4, 1, [12.404943466186523, -0.11883582174777985]]
[529955, 16, 1, [6.2475666999816895, -5.681517124176025]]
[529955, 21, 1, [8.302239418029785, -8.16278076171875]]
[529955, 22, 1, [6.916241645812988, -0.39392879605293274]]
[529955, 24, 1, [6.43551778793335, -5.816195487976074]]
[537755, 'popsize', 18, 'queuesize', 0]
[538805, 10, 0, [0.11110971122980118, -0.10605734586715698]]
[538805, 5, 0, [10.476311683654785, -7.633275985717773]]
[538805, 3, 0, [6.998205184936523, -0.1231483593583107]]
[538805, 1, 0, [10.777462005615234, -11.179398536682129]]
[538805, 8, 0, [12.392036437988281, -3.0159599781036377]]
[538805, 13, 0, [3.206352710723877, -11.345568656921387]]
[538805, 20, 0, [5.24462890625, -0.10605510324239731]]
[538805, 0, 0, [8.791271209716797, -0.9592903852462769]]
[538805, 7, 0, [2.8056914806365967, -3.69865345954895]]
[538805, 23, 0, [8.681507110595703, -1.2863858938217163]]
[538805, 15, 0, [6.286954879760742, -0.5791186690330505]]
[538805, 12, 1, [12.382266998291016, -7.393128395080566]]
[538805, 6, 1, [0.10788606107234955, -7.95900821685791]]
[538805, 4, 1, [12.404929161071777, -0.11885929107666016]]
[538805, 16, 1, [6.30134391784668, -5.672305107116699]]
[538805, 21, 1, [8.875582695007324, -8.085383415222168]]
[538805, 22, 1, [6.715076923370361, -0.2699616253376007]]
[538805, 24, 1, [6.461994647979736, -5.835563659667969]]
[546205, 'popsize', 18, 'queuesize', 0]
[548705, 7, 0, [2.8052079677581787, -3.732267379760742]]
[548705, 23, 0, [9.285378456115723, -1.8524185419082642]]
[548705, 15, 0, [5.618772029876709, -0.1411704570055008]]
[550005, 'popsize', 3, 'queuesize', 0]
[550205, 7, 0, [2.777194023132324, -3.728689432144165]]
[550205, 23, 0, [9.296140670776367, -1.849098563194275]]
[550205, 15, 0, [5.651901721954346, -0.18661202490329742]]
[551605, 'popsize', 3, 'queuesize', 0]
[551855, 7, 0, [2.746595859527588, -3.800276517868042]]
[551855, 23, 0, [9.298983573913574, -1.7991998195648193]]
[551855, 15, 0, [5.711368560791016, -0.24131105840206146]]
[553205, 'popsize', 3, 'queuesize', 0]
[553405, 7, 0, [2.7156927585601807, -3.8693735599517822]]
[553405, 23, 0, [9.338713645935059, -1.7636364698410034]]
[553405, 15, 0, [5.802725315093994, -0.31035858392715454]]
[554705, 'popsize', 3, 'queuesize', 0]
[554905, 7, 0, [2.739067554473877, -3.8521246910095215]]
[554905, 23, 0, [9.363752365112305, -1.7522013187408447]]
[554905, 15, 0, [5.899168491363525, -0.3775436580181122]]
[556305, 'popsize', 3, 'queuesize', 0]
[556505, 7, 0, [2.7215499877929688, -3.809781312942505]]
[556505, 23, 0, [9.242327690124512, -1.7145758867263794]]
[556505, 15, 0, [6.010037899017334, -0.4499306082725525]]
[557805, 'popsize', 3, 'queuesize', 0]
[558005, 7, 0, [2.6812515258789062, -3.822974681854248]]
[558005, 23, 0, [9.228582382202148, -1.718235969543457]]
[558005, 15, 0, [6.113367557525635, -0.5124249458312988]]
[559305, 'popsize', 3, 'queuesize', 0]
[559505, 7, 0, [2.6900923252105713, -3.864684820175171]]
[559505, 23, 0, [9.25491714477539, -1.7594369649887085]]
[559505, 15, 0, [6.220965385437012, -0.574306309223175]]
[560805, 'popsize', 3, 'queuesize', 0]
[561005, 7, 0, [2.700310468673706, -3.904402256011963]]
[561005, 23, 0, [9.247912406921387, -1.8106402158737183]]
[561005, 15, 0, [6.330881118774414, -0.6332979798316956]]
[562305, 'popsize', 3, 'queuesize', 0]
[562505, 7, 0, [2.7075414657592773, -3.878493547439575]]
[562505, 23, 0, [9.21223258972168, -1.8446106910705566]]
[562505, 15, 0, [6.4335784912109375, -0.6856034398078918]]
[563805, 'popsize', 3, 'queuesize', 0]
[564005, 7, 0, [2.6805031299591064, -3.844191074371338]]
[564005, 23, 0, [9.160909652709961, -1.8474122285842896]]
[564005, 15, 0, [6.53769588470459, -0.7302019000053406]]
[565305, 'popsize', 3, 'queuesize', 0]
[565505, 7, 0, [2.6437339782714844, -3.8680338859558105]]
[565505, 23, 0, [9.120829582214355, -1.8194791078567505]]
[565505, 15, 0, [6.651240348815918, -0.7754133343696594]]
[566805, 'popsize', 3, 'queuesize', 0]
[567005, 7, 0, [2.631765127182007, -3.9228246212005615]]
[567005, 23, 0, [9.106376647949219, -1.7736406326293945]]
[567005, 15, 0, [6.765366554260254, -0.8159543871879578]]
[568305, 'popsize', 3, 'queuesize', 0]
[568505, 7, 0, [2.6234209537506104, -3.9384756088256836]]
[568505, 23, 0, [9.12567138671875, -1.7271738052368164]]
[568505, 15, 0, [6.885313510894775, -0.8552345633506775]]
[569855, 'popsize', 3, 'queuesize', 0]
[570055, 7, 0, [2.65010404586792, -3.9100773334503174]]
[570055, 23, 0, [9.141348838806152, -1.7051531076431274]]
[570055, 15, 0, [6.996439456939697, -0.8872866630554199]]
[571355, 'popsize', 3, 'queuesize', 0]
[571555, 7, 0, [2.6247060298919678, -3.877777576446533]]
[571555, 23, 0, [9.138227462768555, -1.7159063816070557]]
[571555, 15, 0, [7.118568420410156, -0.9164268374443054]]
[572855, 'popsize', 3, 'queuesize', 0]
[573055, 7, 0, [2.5873732566833496, -3.897341012954712]]
[573055, 23, 0, [9.177752494812012, -1.7433372735977173]]
[573055, 15, 0, [7.240166664123535, -0.9418829679489136]]
[574355, 'popsize', 3, 'queuesize', 0]
[574605, 7, 0, [2.60646653175354, -3.9379963874816895]]
[574605, 23, 0, [9.191963195800781, -1.7894387245178223]]
[574605, 15, 0, [7.35602331161499, -0.96201092004776]]
[575955, 'popsize', 3, 'queuesize', 0]
[576205, 7, 0, [2.647394895553589, -3.9196619987487793]]
[576205, 23, 0, [9.168193817138672, -1.8400949239730835]]
[576205, 15, 0, [7.487056732177734, -0.9792749285697937]]
[577555, 'popsize', 3, 'queuesize', 0]
[577855, 7, 0, [2.6329808235168457, -3.876925230026245]]
[577855, 23, 0, [9.117456436157227, -1.8588581085205078]]
[577855, 15, 0, [7.616307258605957, -0.993448793888092]]
[579305, 'popsize', 3, 'queuesize', 0]
[579505, 7, 0, [2.589539051055908, -3.897508144378662]]
[579505, 23, 0, [9.066366195678711, -1.8385193347930908]]
[579505, 15, 0, [7.7415337562561035, -1.000955581665039]]
[580805, 'popsize', 3, 'queuesize', 0]
[581055, 7, 0, [2.5490896701812744, -3.927278757095337]]
[581055, 23, 0, [9.043877601623535, -1.7929385900497437]]
[581055, 15, 0, [7.871335029602051, -1.0035085678100586]]
[582405, 'popsize', 3, 'queuesize', 0]
[582605, 7, 0, [2.5754411220550537, -3.923218250274658]]
[582605, 23, 0, [9.059196472167969, -1.7422243356704712]]
[582605, 15, 0, [7.997196674346924, -1.0023926496505737]]
[583905, 'popsize', 3, 'queuesize', 0]
[584105, 7, 0, [2.5903608798980713, -3.8819377422332764]]
[584105, 23, 0, [9.076675415039062, -1.716156005859375]]
[584105, 15, 0, [8.04155158996582, -0.9969304800033569]]
[585405, 'popsize', 3, 'queuesize', 0]
[585655, 7, 0, [2.552086353302002, -3.861867904663086]]
[585655, 23, 0, [9.008368492126465, -1.7413710355758667]]
[585655, 15, 0, [8.076196670532227, -0.9505590796470642]]
[586955, 'popsize', 3, 'queuesize', 0]
[587155, 7, 0, [2.5288069248199463, -3.8990566730499268]]
[587155, 23, 0, [9.03276538848877, -1.7330219745635986]]
[587155, 15, 0, [8.15131950378418, -0.8540656566619873]]
[588455, 'popsize', 3, 'queuesize', 0]
[588705, 7, 0, [2.5650253295898438, -3.924236297607422]]
[588705, 23, 0, [8.929593086242676, -1.6652981042861938]]
[588705, 15, 0, [8.217902183532715, -0.7627143263816833]]
[590055, 'popsize', 3, 'queuesize', 0]
[590305, 7, 0, [2.5936851501464844, -3.8878157138824463]]
[590305, 23, 0, [8.819883346557617, -1.5865654945373535]]
[590305, 15, 0, [8.288610458374023, -0.6543829441070557]]
[591805, 'popsize', 3, 'queuesize', 0]
[592005, 7, 0, [2.554145336151123, -3.8604896068573]]
[592005, 23, 0, [8.709815979003906, -1.5028595924377441]]
[592005, 15, 0, [8.358145713806152, -0.5397710800170898]]
[593355, 'popsize', 3, 'queuesize', 0]
[593555, 7, 0, [2.532457113265991, -3.897905111312866]]
[593555, 23, 0, [8.684535026550293, -1.474266767501831]]
[593555, 15, 0, [8.420210838317871, -0.4286782741546631]]
[594855, 'popsize', 3, 'queuesize', 0]
[595055, 7, 0, [2.515770435333252, -3.9320943355560303]]
[595055, 23, 0, [8.632329940795898, -1.3810616731643677]]
[595055, 15, 0, [8.479384422302246, -0.3180021643638611]]
[596406, 'popsize', 3, 'queuesize', 0]
[596656, 7, 0, [2.542081594467163, -3.9214470386505127]]
[596656, 23, 0, [8.574934959411621, -1.2642583847045898]]
[596656, 15, 0, [8.537325859069824, -0.20377245545387268]]
[598006, 'popsize', 3, 'queuesize', 0]
[598206, 7, 0, [2.5425572395324707, -3.8765242099761963]]
[598206, 23, 0, [8.519840240478516, -1.14287269115448]]
[598206, 15, 0, [8.5464506149292, -0.1872154325246811]]
[599556, 'popsize', 3, 'queuesize', 0]
[599806, 7, 0, [2.497745990753174, -3.8736612796783447]]
[599806, 23, 0, [8.468080520629883, -1.0184855461120605]]
[599806, 15, 0, [8.500853538513184, -0.28679120540618896]]
[601106, 'popsize', 3, 'queuesize', 0]
[601356, 7, 0, [2.4940922260284424, -3.9173548221588135]]
[601356, 23, 0, [8.423406600952148, -0.9025596976280212]]
[601356, 15, 0, [8.443774223327637, -0.4033638536930084]]
[602656, 'popsize', 3, 'queuesize', 0]
[602856, 7, 0, [2.49641489982605, -3.9566657543182373]]
[602856, 23, 0, [8.379701614379883, -0.7810110449790955]]
[602856, 15, 0, [8.385921478271484, -0.5151758193969727]]
[604256, 'popsize', 3, 'queuesize', 0]
[604456, 7, 0, [2.513054132461548, -3.9350461959838867]]
[604456, 23, 0, [8.36409854888916, -0.7401121258735657]]
[604456, 15, 0, [8.360357284545898, -0.5477105975151062]]
[605756, 'popsize', 3, 'queuesize', 0]
[606006, 7, 0, [2.488184690475464, -3.8978238105773926]]
[606006, 23, 0, [8.357322692871094, -0.7338387966156006]]
[606006, 15, 0, [8.354875564575195, -0.541357159614563]]
[607306, 'popsize', 3, 'queuesize', 0]
[607506, 7, 0, [2.4502687454223633, -3.9178929328918457]]
[607506, 23, 0, [8.350687026977539, -0.7280685305595398]]
[607506, 15, 0, [8.349135398864746, -0.5355225801467896]]
[608906, 'popsize', 3, 'queuesize', 0]
[609156, 7, 0, [2.469419002532959, -3.9586329460144043]]
[609156, 23, 0, [8.343582153320312, -0.7220875024795532]]
[609156, 15, 0, [8.34280014038086, -0.52946937084198]]
[610506, 'popsize', 3, 'queuesize', 0]
[610706, 7, 0, [2.5113308429718018, -3.937059164047241]]
[610706, 23, 0, [8.33694076538086, -0.7158036231994629]]
[610706, 15, 0, [8.336963653564453, -0.5230202078819275]]
[612006, 'popsize', 3, 'queuesize', 0]
[612206, 7, 0, [2.494337558746338, -3.897210121154785]]
[612206, 23, 0, [8.330238342285156, -0.7099116444587708]]
[612206, 15, 0, [8.33130168914795, -0.5173499584197998]]
[613556, 'popsize', 3, 'queuesize', 0]
[613756, 7, 0, [2.454228639602661, -3.910118818283081]]
[613756, 23, 0, [8.323779106140137, -0.7036689519882202]]
[613756, 15, 0, [8.325361251831055, -0.5111374258995056]]
[615056, 'popsize', 3, 'queuesize', 0]
[615306, 7, 0, [2.463636875152588, -3.9528496265411377]]
[615306, 23, 0, [8.316948890686035, -0.6980559825897217]]
[615306, 15, 0, [8.319049835205078, -0.5054323673248291]]
[616656, 'popsize', 3, 'queuesize', 0]
[616856, 7, 0, [2.506871461868286, -3.9448087215423584]]
[616856, 23, 0, [8.310019493103027, -0.6920530200004578]]
[616856, 15, 0, [8.312941551208496, -0.4993923306465149]]
[618156, 'popsize', 3, 'queuesize', 0]
[618356, 7, 0, [2.50168514251709, -3.9026126861572266]]
[618356, 23, 0, [8.303367614746094, -0.6865133047103882]]
[618356, 15, 0, [8.307197570800781, -0.49396321177482605]]
[619656, 'popsize', 3, 'queuesize', 0]
[619856, 7, 0, [2.458308219909668, -3.9035918712615967]]
[619856, 23, 0, [8.296825408935547, -0.6804401278495789]]
[619856, 15, 0, [8.301071166992188, -0.4879316985607147]]
[621256, 'popsize', 3, 'queuesize', 0]
[621456, 7, 0, [2.457197427749634, -3.9502809047698975]]
[621456, 23, 0, [8.289819717407227, -0.6736878156661987]]
[621456, 15, 0, [8.294849395751953, -0.48091408610343933]]
[622756, 'popsize', 3, 'queuesize', 0]
[623006, 7, 0, [2.471602201461792, -3.9656379222869873]]
[623006, 23, 0, [8.283244132995605, -0.6673121452331543]]
[623006, 15, 0, [8.288848876953125, -0.47447410225868225]]
[624306, 'popsize', 3, 'queuesize', 0]
[624556, 7, 0, [2.482149124145508, -3.925036668777466]]
[624556, 23, 0, [8.276290893554688, -0.6604870557785034]]
[624556, 15, 0, [8.283105850219727, -0.46796590089797974]]
[625906, 'popsize', 3, 'queuesize', 0]
[626156, 7, 0, [2.4400784969329834, -3.909458875656128]]
[626156, 23, 0, [8.26972770690918, -0.6540908813476562]]
[626156, 15, 0, [8.277088165283203, -0.46165409684181213]]
[627506, 'popsize', 3, 'queuesize', 0]
[627756, 7, 0, [2.424119472503662, -3.9522950649261475]]
[627756, 23, 0, [8.263004302978516, -0.6474488377571106]]
[627756, 15, 0, [8.271153450012207, -0.4548697769641876]]
[629106, 'popsize', 3, 'queuesize', 0]
[629306, 7, 0, [2.463897466659546, -3.9655611515045166]]
[629306, 23, 0, [8.256315231323242, -0.6407046318054199]]
[629306, 15, 0, [8.265332221984863, -0.4483846127986908]]
[630656, 'popsize', 3, 'queuesize', 0]
[630906, 7, 0, [2.4808361530303955, -3.9245009422302246]]
[630906, 23, 0, [8.249497413635254, -0.6336848735809326]]
[630906, 15, 0, [8.259631156921387, -0.44133007526397705]]
[632206, 'popsize', 3, 'queuesize', 0]
[632406, 7, 0, [2.441472291946411, -3.902242422103882]]
[632406, 23, 0, [8.243132591247559, -0.6265819668769836]]
[632406, 15, 0, [8.254034042358398, -0.4343068301677704]]
[633706, 'popsize', 3, 'queuesize', 0]
[633906, 7, 0, [2.4183096885681152, -3.9385411739349365]]
[633906, 23, 0, [8.236624717712402, -0.6213474869728088]]
[633906, 15, 0, [8.248550415039062, -0.42906856536865234]]
[635206, 'popsize', 3, 'queuesize', 0]
[635406, 7, 0, [2.451693296432495, -3.9665329456329346]]
[635406, 23, 0, [8.23050594329834, -0.6149277687072754]]
[635406, 15, 0, [8.243420600891113, -0.42274200916290283]]
[636706, 'popsize', 3, 'queuesize', 0]
[636906, 7, 0, [2.4824795722961426, -3.9354100227355957]]
[636906, 23, 0, [8.223926544189453, -0.6086739301681519]]
[636906, 15, 0, [8.237821578979492, -0.4164523780345917]]
[638356, 'popsize', 3, 'queuesize', 0]
[638556, 7, 0, [2.449779987335205, -3.902207612991333]]
[638556, 23, 0, [8.21738052368164, -0.6018605828285217]]
[638556, 15, 0, [8.232172012329102, -0.40979403257369995]]
[639856, 'popsize', 3, 'queuesize', 0]
[640056, 7, 0, [2.4188106060028076, -3.9318177700042725]]
[640056, 23, 0, [8.211331367492676, -0.5956210494041443]]
[640056, 15, 0, [8.226940155029297, -0.4036886990070343]]
[641356, 'popsize', 3, 'queuesize', 0]
[641656, 23, 0, [8.204573631286621, -0.5882787704467773]]
[641656, 15, 0, [8.22091293334961, -0.3963867127895355]]
[642556, 'popsize', 2, 'queuesize', 0]
[642806, 15, 0, [8.21702766418457, -0.3926798105239868]]
