[time, indiv, parent1, parent2, gender, brain]
[100, 18, -1, -1, 0, [[array([[-1.65870521, -1.5976494 , -1.9874157 ,  0.66513532,  0.20655522,
         0.98638353],
       [ 1.49977595,  1.38298075, -1.67163155, -0.95489267, -1.2061755 ,
        -0.59281141],
       [ 0.54759001, -0.65985105, -1.04671325,  1.72439019, -0.5114358 ,
         1.56917535],
       [-2.14026869, -0.3239132 , -1.27310814, -0.78077121, -1.66007112,
        -0.24406206],
       [ 0.38146621, -1.80558261, -1.41107121, -1.68250702,  0.07570405,
        -1.96455617],
       [ 1.35707038, -2.44339062,  0.85957475,  0.15199457, -1.88302376,
         1.45365331]]), array([[ 1.9685101 , -0.61540863],
       [-2.42251734,  1.50326513],
       [-0.80166009,  0.29737917],
       [ 2.06541529,  0.55533466],
       [ 1.25486708, -2.01236956],
       [-1.47556853,  2.36442737]])], [array([ 0.08853756,  0.24642686,  0.38457831, -0.10356513, -1.39828858,
        0.56582059]), array([-0.35577027, -0.04386437])]]]
[100, 2, -1, -1, 1, [[array([[-0.1937508 , -0.06562129,  0.67391203,  1.42649401, -1.30765175,
        -1.32180869],
       [ 1.47977656, -0.31948606,  1.51200284, -0.18892399, -1.82215282,
         0.31723619],
       [ 0.50451799, -1.93955015, -0.94529737, -0.14176642,  0.04377992,
        -0.72985426],
       [ 2.19790028,  1.52587609,  1.97990596,  0.88491736, -0.8799221 ,
         2.0644341 ],
       [ 2.44744731, -1.5055997 , -0.68176247, -0.09044668, -2.23994164,
        -1.46749786],
       [-0.49769099,  1.53530772,  0.09190474,  2.27639913, -1.45666938,
         1.56315967]]), array([[ 2.43190209,  1.67865748],
       [-1.0074457 ,  0.77350935],
       [ 1.39784813,  1.38359176],
       [ 1.08069494, -0.09375168],
       [ 1.17221677,  0.19695118],
       [ 0.497377  , -0.60520092]])], [array([ 2.19446927,  0.53949199, -1.80586999, -2.03653731, -1.41985351,
       -2.27222527]), array([1.82242084, 1.23064075])]]]
[100, 17, -1, -1, 0, [[array([[ 2.34324231,  0.48684227,  0.17719467,  2.42300474,  1.96454198,
         0.03035485],
       [ 0.93180415,  1.42579725, -0.76117217,  1.3900715 , -1.29456316,
        -0.07151021],
       [-0.40217615, -2.16891068,  2.25767465,  2.42536782, -2.24732564,
        -2.0360748 ],
       [ 1.5686955 ,  0.86736364, -1.11825114, -2.28573871, -0.11713515,
         1.94598732],
       [ 2.40798304, -1.02123014, -2.12476757,  0.7357433 , -1.95660194,
         0.09520348],
       [-1.78605511, -1.33115748,  0.00878733, -2.07211986,  0.88306376,
        -2.14278611]]), array([[-1.03948141,  1.32277046],
       [ 1.56983405, -0.14003626],
       [-0.9879254 , -1.14144075],
       [ 0.20727004,  0.66531025],
       [-1.42872566,  2.31327433],
       [-2.09346155, -0.5968876 ]])], [array([-1.07238013,  2.362118  ,  1.00032066,  1.22495629, -0.35762637,
        0.62656581]), array([-0.8993524 ,  2.11775087])]]]
[100, 24, -1, -1, 1, [[array([[-0.29741519, -2.23514915, -1.12998468,  0.31130273,  1.29828791,
         1.85182362],
       [ 0.86776702,  0.10268268,  0.89392187,  0.99563066, -0.31358684,
        -0.76331325],
       [ 0.20768117,  0.03718637, -0.45006445,  0.03313776, -2.12576749,
         1.60312798],
       [ 2.41882688, -0.5804693 ,  0.85069115, -0.679675  ,  0.49488775,
        -2.04280726],
       [-0.3768236 ,  0.28818555, -1.79041196, -1.51967975,  1.39618681,
         1.70177402],
       [-1.73274337,  0.06836961,  1.12887062,  1.65460535,  1.07111689,
        -0.13448369]]), array([[-2.42477954,  1.68325351],
       [-0.38291357, -1.19103803],
       [-0.27709604, -1.37754882],
       [-1.20326959,  0.85641348],
       [ 1.30873257, -1.06216836],
       [-1.99389513,  2.29996535]])], [array([-0.0178243 ,  0.4805264 , -0.73804642, -0.71039277, -1.84335313,
        1.31962411]), array([-1.06409404, -0.65304099])]]]
[100, 4, -1, -1, 0, [[array([[ 2.41120534,  0.65022639, -0.20076866,  2.38108022, -1.14645466,
        -0.63788303],
       [ 2.13586087,  0.39733358, -0.21179576,  0.99882122, -0.97572094,
         0.16322761],
       [-1.06479833, -1.63654569,  2.10454965, -1.84240827,  0.34345107,
        -2.11543285],
       [-1.11410516,  1.05709223, -1.38599185, -1.76979324,  0.56107413,
         2.16553288],
       [ 0.6613962 , -1.29735524,  1.47830902, -2.2342909 ,  1.24514881,
         1.36455914],
       [-2.34634129,  2.123618  ,  1.67043002, -0.60392124, -1.09239975,
        -1.49521377]]), array([[ 1.96749618, -2.22371839],
       [ 0.79725937, -0.55887577],
       [ 1.77899062,  0.01806057],
       [-1.41916177,  0.84162872],
       [-0.81279909, -0.76671263],
       [-1.48862222,  1.30215048]])], [array([ 0.49029117,  1.16850672,  0.88570029,  0.21592041,  2.24251799,
       -2.11196111]), array([0.66998551, 0.914985  ])]]]
[100, 11, -1, -1, 1, [[array([[ 2.41642334, -0.32182854, -1.12841646, -1.47596983,  2.25699011,
        -0.75452733],
       [-1.51920786, -1.20188088, -1.93917103, -0.99717423, -0.75558414,
        -2.26309455],
       [ 2.43337506, -0.30626417, -1.83114594,  2.01719688, -1.93260855,
         1.98248541],
       [-1.04738117, -1.39670961, -0.8096382 , -0.38709736, -2.3930049 ,
         1.76001585],
       [-1.97149326, -0.86645775,  1.01682012,  1.32836779,  0.55102762,
         1.37245667],
       [-2.14646741,  1.03498795,  0.12428994,  0.00276042, -1.79390326,
        -1.28204101]]), array([[ 0.05651611,  1.65759295],
       [-1.44557625, -0.28999719],
       [ 0.08297141,  0.04678221],
       [-1.77968731, -0.6336357 ],
       [ 0.60580484,  0.10257868],
       [-1.43512149, -2.34690771]])], [array([0.75557778, 2.23492029, 0.34441402, 0.92570669, 0.82564192,
       1.24462559]), array([-1.27824983, -0.05452812])]]]
[100, 7, -1, -1, 0, [[array([[ 1.53516973,  0.92215424, -1.93943541,  1.92001927,  0.42578983,
        -0.47947385],
       [ 0.59980776, -1.13442989, -2.07509937, -1.52535975,  0.56761806,
         1.07760672],
       [ 1.62266593,  0.81704035, -1.81327494,  0.15745642,  2.19547464,
         1.14478719],
       [ 1.12051588, -1.36448157,  1.79503181,  1.5201879 , -0.64627016,
         2.23048383],
       [-1.31812527,  2.38946923, -2.41649078,  1.58277028,  2.0380584 ,
         0.23403137],
       [ 0.20611558, -1.34218302,  0.82152904,  1.7236866 , -1.56318994,
         1.21737608]]), array([[-0.380688  ,  1.40063436],
       [-0.0649391 ,  0.83920589],
       [-0.55901505,  0.06905733],
       [-0.83105968, -1.04033857],
       [ 2.01051858, -0.838938  ],
       [-0.30768573, -1.9604074 ]])], [array([ 1.123264  ,  0.09984403,  0.70257184, -1.76019727, -0.96245083,
        2.33704125]), array([-1.72606898,  2.03862734])]]]
[100, 5, -1, -1, 1, [[array([[-1.52659675, -2.04390775, -1.2453069 ,  1.36323397, -0.6783855 ,
         1.45744283],
       [-1.63675737, -0.8073117 ,  1.39618271,  1.55134876, -1.24555637,
         1.36926754],
       [-1.14476477,  1.71044749,  1.58875828,  1.15868011,  1.55760916,
        -2.13517292],
       [-0.36654499, -2.20972036,  2.4309586 ,  2.13612832, -1.83626638,
         0.94307611],
       [-0.6721057 ,  1.49907252,  1.39426676, -1.33531296, -2.37989291,
        -1.22695928],
       [-2.40256621, -2.43853401, -1.18511959,  2.41442906,  2.3231311 ,
         1.49726015]]), array([[ 1.08659353, -2.11360452],
       [-1.78806283,  1.61468936],
       [ 1.46590755,  0.08341521],
       [ 1.32505957, -2.15440127],
       [-2.31573564,  0.0443807 ],
       [-2.30855977, -0.09957903]])], [array([ 0.70079767, -1.44973127, -0.04836675, -0.52578329, -1.54983146,
        1.798785  ]), array([-0.12090031,  1.11044262])]]]
[100, 0, -1, -1, 0, [[array([[-2.29221454,  0.02938067, -0.03269654,  0.84652721, -1.53000672,
        -1.9857114 ],
       [-0.89568148, -0.57417626, -1.0061449 , -1.58755943, -1.77339339,
        -1.68012898],
       [-2.1953066 , -0.02537636, -1.84391082,  0.71777637,  2.06658035,
        -1.83657464],
       [ 0.11224362, -0.85655196, -1.84928271,  1.89969859,  0.90574864,
        -1.96769104],
       [-1.6514039 ,  1.10533778, -1.91105764, -0.84126212, -0.87782192,
         1.56767757],
       [ 1.21410044, -0.80046098,  0.33829539, -1.72293802, -0.59292778,
        -1.36960912]]), array([[ 2.1475662 , -1.91730358],
       [ 2.27975103,  0.38055486],
       [ 0.87250925,  0.06855388],
       [ 0.02061298,  0.29230863],
       [ 2.29653195, -0.65883109],
       [ 0.9111162 , -2.26742758]])], [array([-0.68941751, -0.55299391, -0.13764564, -2.41418658,  0.61718401,
        1.233111  ]), array([1.62905188, 1.8314258 ])]]]
[100, 22, -1, -1, 1, [[array([[-1.82148453,  1.35624714,  0.34761569, -1.93886317,  0.21620523,
         0.98642919],
       [ 2.29777603, -1.8836908 , -1.71905864, -1.00663725,  0.42311502,
         1.3955445 ],
       [ 1.61260912, -1.03239411,  0.35333155,  0.92911765, -2.12337303,
         2.09046676],
       [-0.14919542, -2.31485564,  2.10276675, -1.42284771, -1.85656432,
        -1.26952366],
       [ 1.72659118,  1.78325527, -1.36291319, -0.05132084, -0.24105792,
        -1.50141294],
       [-2.12898504, -0.42890232, -2.17834421, -0.12977802, -0.30229361,
        -1.6426506 ]]), array([[-1.77318864,  0.97094285],
       [ 0.94810679, -1.59905233],
       [-0.43675153, -0.3022019 ],
       [ 1.34727953,  0.23056511],
       [ 0.97683657, -0.63630107],
       [ 1.72295262,  2.03343354]])], [array([ 0.19763217, -1.97804969,  0.1876166 ,  1.35946717,  2.04781477,
        1.53262886]), array([-2.28432962,  1.64674064])]]]
[100, 12, -1, -1, 0, [[array([[ 1.18648331, -2.29135976, -0.72003826,  0.69414113,  2.269132  ,
         2.04739104],
       [ 0.66688901,  0.07977543,  1.80391154,  1.09069794, -1.84783154,
        -1.73792564],
       [-1.91792995, -2.28789709, -0.57158043,  0.77037277, -1.95391184,
         0.219865  ],
       [ 0.7042341 , -1.86097482,  1.99678926,  1.17778486,  0.09006798,
        -1.30575892],
       [-1.99523623,  0.20774338, -0.65970179, -1.11059058,  1.15930195,
         1.29167514],
       [ 2.25700972,  0.10824819, -0.53873416,  1.0111051 , -1.57767137,
        -1.92962916]]), array([[ 1.71106655,  1.54681106],
       [-1.08608529,  2.37040842],
       [-0.63840209,  1.99087882],
       [-1.31182552, -2.40952516],
       [ 0.06052481,  1.07944772],
       [-1.52322594, -0.05355915]])], [array([-2.33493   ,  0.76402881, -2.12503434, -1.53435547, -0.71318586,
       -0.18778945]), array([ 2.34544271, -0.87175648])]]]
[100, 1, -1, -1, 1, [[array([[-0.08877046, -1.24884656,  1.24567566,  2.19618558, -2.44234459,
         0.70918193],
       [ 0.96162467, -2.19200231,  0.46785231,  1.25619424,  0.59001888,
        -1.22756335],
       [ 0.91548879,  2.16940999,  1.06282586, -0.95664345, -0.40138545,
        -2.02349932],
       [-0.09400484, -0.99286201, -2.30477253, -0.18070236, -0.25117664,
         1.49923669],
       [-1.71150851,  0.71092608,  1.95315531,  1.27296729,  1.96436671,
         2.38288728],
       [-1.83873222, -0.35406441, -1.85401017,  0.08877573,  0.20311661,
         2.187842  ]]), array([[-1.05165085,  1.26039772],
       [-1.12595347,  0.34995525],
       [ 0.27661501, -1.17566206],
       [-2.29235562, -2.37836517],
       [-2.15269877, -2.13390609],
       [ 0.71714254, -1.01183248]])], [array([-0.0658882 , -1.15902987, -1.89861318, -1.53251011,  0.42733456,
       -1.8890876 ]), array([-0.56957105,  2.30921731])]]]
[100, 13, -1, -1, 0, [[array([[ 0.12274777, -0.5149426 , -2.42551717, -1.81367276,  1.3989635 ,
        -1.32050547],
       [ 0.57194793, -0.08816963,  0.21347706, -0.51606665,  0.81430994,
        -2.07801114],
       [-1.94826726, -0.63778133, -1.49543932,  1.52191187, -0.20750238,
         2.09709899],
       [ 1.17904486, -1.48758969,  0.46345042, -0.08787413,  0.87007542,
         0.82658021],
       [-0.96712281, -1.76858404, -1.30513552, -0.40106874, -2.22048807,
        -1.4258927 ],
       [-1.25325149, -1.4642507 ,  0.2927426 ,  0.73451515, -0.1260664 ,
        -1.70963403]]), array([[-1.16204152,  0.18050057],
       [-1.14207549,  1.16765272],
       [ 0.73307787, -0.71750147],
       [-0.56198949, -1.43299431],
       [ 0.32665523,  0.09215187],
       [ 0.23329703,  2.25004899]])], [array([-2.35525158, -1.35511633, -0.62936858, -0.97807757,  1.4879304 ,
        1.09160797]), array([1.87149113, 0.61363044])]]]
[100, 14, -1, -1, 1, [[array([[ 1.87359229, -2.43132752,  0.15705502, -0.20025631, -2.01008609,
         1.96411556],
       [ 1.96824293,  1.47781238, -0.63972   , -1.16957341,  0.39926685,
         0.8882731 ],
       [-1.17050163,  1.31193574, -2.38606023, -0.80504651, -2.0982027 ,
        -1.74320279],
       [-2.06533926,  0.39617012,  1.00748914,  0.21532033,  1.97973994,
        -0.95626342],
       [-0.07186477,  1.23208669,  2.23250703,  0.67989301, -1.44792555,
        -1.06690928],
       [ 1.3610409 ,  0.52722935,  0.44793237,  1.45700708, -2.09592342,
        -2.29084579]]), array([[-1.99168205, -2.23963888],
       [-0.6175953 ,  0.18185082],
       [ 1.66702561,  0.93020683],
       [ 0.03178844, -2.00252317],
       [ 2.0291335 , -1.13815828],
       [-0.5088308 ,  1.35160553]])], [array([-1.60840035, -1.32749123,  1.11162406,  0.55554319,  2.26813429,
        0.80666737]), array([-0.70728499,  1.33395955])]]]
[100, 21, -1, -1, 0, [[array([[-0.45729573,  0.05822304,  1.67235345,  2.27083287,  1.3871613 ,
         1.33804282],
       [-0.93663066, -0.0414158 , -0.57388601,  1.28865238, -0.24112832,
         0.23985459],
       [-2.23420001, -0.81170954, -1.10907976,  1.18157559, -1.91542491,
        -1.80226043],
       [ 0.09454371,  0.86862195,  1.60569836,  0.35791246, -0.01838541,
         2.10391975],
       [ 1.49278125,  2.01166772,  1.45428773, -1.53002802, -0.75123674,
         1.70386333],
       [ 2.28891275,  2.10112794,  1.27384383, -1.78164225,  0.42967341,
         2.05295875]]), array([[ 1.387954  , -0.44102679],
       [ 0.74288872, -1.76481323],
       [-1.16316645, -1.35894167],
       [ 0.82563938, -1.45730356],
       [-1.16553083, -2.03863781],
       [-0.07581141, -1.33391798]])], [array([ 0.06710545,  2.22993262,  2.34289982, -0.79488423, -0.69155069,
        1.5680556 ]), array([0.48413358, 1.62547849])]]]
[27350, 6, 'birth', 7, 11, 1, [[array([[ 1.53516973,  0.92215424, -1.93943541,  1.92001927,  0.42578983,
        -2.44948974],
       [ 0.59980776, -1.20188088, -1.93917103, -2.44948974,  0.27491235,
        -2.44948974],
       [ 2.43337506, -1.01186759, -1.83114594,  2.01719688, -1.93260855,
         1.98248541],
       [-1.04738117, -1.39670961, -0.8096382 , -0.38709736, -2.3930049 ,
         1.42736976],
       [-1.97149326, -0.86645775,  1.01682012,  1.32836779,  0.55102762,
         1.37245667],
       [-2.14646741,  1.03498795,  0.12428994,  0.00276042, -1.79390326,
        -1.28204101]]), array([[ 0.05651611,  1.41421356],
       [-1.41421356, -0.28999719],
       [ 0.22491239, -1.41421356],
       [-1.41421356, -0.6336357 ],
       [-0.40100588,  0.10257868],
       [-1.41421356, -1.41421356]])], [array([ 0.75557778,  2.23492029,  0.34441402, -2.44948974,  0.82564192,
        1.24462559]), array([-1.27824983,  1.38102099])]]]
[124401, 10, 'birth', 18, 14, 1, [[array([[-1.65870521, -1.5976494 , -1.9874157 , -2.11852663,  0.20655522,
         0.98638353],
       [ 2.44948974,  1.38298075, -1.67163155, -0.95489267, -1.2061755 ,
        -0.59281141],
       [ 2.03681444, -0.65985105, -1.04671325,  1.72439019, -0.5114358 ,
         1.56917535],
       [-2.14026869, -0.3239132 , -1.27310814, -0.78077121, -1.66007112,
        -0.24406206],
       [-2.38221111, -1.80558261, -1.41107121, -1.68250702, -0.34587953,
        -0.07649513],
       [ 1.35707038, -2.44339062,  1.08829036,  1.45700708, -2.09592342,
        -2.29084579]]), array([[-1.41421356, -0.54894362],
       [-0.6175953 ,  1.41421356],
       [ 1.41421356,  1.41421356],
       [ 1.18554504, -1.41421356],
       [ 1.41421356, -1.13815828],
       [-0.57718165,  1.35160553]])], [array([-1.60840035, -1.32749123,  1.11162406,  0.55554319,  2.43340581,
        0.80666737]), array([-0.70728499,  1.33395955])]]]
[342003, 18, 'death']
[342153, 2, 'death']
[342303, 17, 'death']
[342453, 24, 'death']
[342603, 4, 'death']
[342753, 11, 'death']
[342903, 7, 'death']
[343053, 5, 'death']
[343203, 0, 'death']
[343353, 22, 'death']
[343503, 12, 'death']
[343653, 1, 'death']
[343803, 13, 'death']
[343953, 14, 'death']
[344103, 21, 'death']
[348153, 6, 'death']
[348303, 10, 'death']
[348303, 'Extinction!']
