[time, indiv, parent1, parent2, gender, brain]
[100, 2, -1, -1, 0, [[array([[ 1.33298641, -2.40189539, -0.75360484,  1.98749483, -1.88102422,
        -2.1662021 ],
       [-2.27894947,  1.74722242,  1.20780225, -0.18593831,  0.36456003,
         0.903466  ],
       [ 1.67827951, -0.5798169 , -0.79576787,  2.05449314, -2.01470986,
        -2.38314156],
       [-0.29548839, -1.22125778, -2.19204294, -2.04572867, -1.42367941,
         1.91493636],
       [ 0.05879414, -1.7779114 , -2.25073543, -0.95119721, -0.27565483,
         0.33356424],
       [-1.87877097,  2.34858051,  0.31674502, -1.37218519,  1.85697548,
        -1.94807831]]), array([[ 2.12312122, -1.26243495],
       [ 0.5716196 , -2.43002642],
       [-0.90790996,  0.20148598],
       [ 2.44835056,  1.45229504],
       [ 0.11085247, -1.16083282],
       [ 0.21478874, -2.15148822]])], [array([-0.83620391,  0.6843533 ,  0.49726071, -2.36325997,  1.44692604,
       -0.38417954]), array([ 0.62817636, -1.46373523])]]]
[100, 13, -1, -1, 1, [[array([[-0.55753686, -0.99447766, -1.54610078,  0.6632471 ,  1.26771333,
        -2.07165702],
       [-2.13815656, -0.68843268, -0.40329235,  0.65171234,  0.14066458,
         2.35528932],
       [ 1.60850026,  1.74598956,  1.63149178,  0.22482146,  2.27541948,
        -1.76183536],
       [ 2.2863571 ,  0.79897708, -0.19682813, -0.85914862, -1.14091755,
         0.0474777 ],
       [-1.2129778 ,  1.06790862, -0.7853453 , -1.33015063, -1.58684489,
         1.67797163],
       [ 0.94929589, -0.58798905,  1.20961194,  0.46992404,  0.6294932 ,
         0.11638483]]), array([[-1.38175502,  0.55076631],
       [ 1.40188916, -0.84856202],
       [ 0.62061491,  1.84481281],
       [-0.24544739, -0.22632249],
       [-1.54238452, -1.94783957],
       [-2.38941988, -0.34319441]])], [array([-2.28732603,  2.34076168, -1.2777423 , -0.52171055,  0.40386551,
       -0.1187173 ]), array([0.23235513, 0.82062385])]]]
[100, 20, -1, -1, 0, [[array([[-2.19723285,  1.22546556, -1.50919435, -0.43982692,  1.35258489,
        -1.09911501],
       [-1.62813287, -0.09375996, -0.44335773, -0.07223385,  2.42211933,
         0.76765945],
       [-0.39378688,  0.69272915, -1.36370813, -0.55420624, -0.88637259,
        -1.53393968],
       [-0.62199574, -0.78285167,  0.698694  , -0.14240468, -2.07610876,
         0.4804774 ],
       [ 2.19047705, -2.22294704, -1.71667893,  1.29661905,  2.32019877,
        -0.08915016],
       [-1.06981139, -0.32389368,  2.06628813, -0.21957265, -0.54342246,
        -1.66551953]]), array([[0.76362555, 1.21316995],
       [0.09678328, 0.20564572],
       [0.08765599, 0.31420794],
       [1.85189207, 1.84053858],
       [0.02097508, 1.45500715],
       [1.54109238, 0.83327521]])], [array([-2.4396935 , -0.720571  , -1.90580875,  1.94188012,  1.29745421,
        1.54535246]), array([-1.28901832, -0.20959895])]]]
[100, 10, -1, -1, 1, [[array([[ 0.15792439, -0.61269405,  1.42310483, -0.8022972 , -1.34243412,
        -0.04704025],
       [ 1.87141792,  1.21737828, -1.82145417, -0.90319093,  0.4743544 ,
        -1.02870669],
       [ 1.38796182,  0.80529965,  2.04823904,  1.46471259, -0.07684278,
        -0.42964604],
       [-0.00999552,  0.82128618, -0.48862735, -0.87941765, -1.53405154,
        -1.84441944],
       [-0.74940298, -0.82885011,  1.0706821 ,  1.37965602, -0.41111146,
         2.09233598],
       [-1.83332462, -1.79755218, -0.53820567, -2.10182663, -1.74571513,
         2.17856447]]), array([[ 0.32916058, -0.82228318],
       [ 1.72815642,  1.35009347],
       [-0.39511013,  1.57620677],
       [ 1.56356629, -2.33244113],
       [-2.30722419, -1.94901066],
       [-2.05003313, -2.34831956]])], [array([ 2.00033119,  1.77136308, -2.11534149,  0.88662627, -1.03030408,
        0.33948953]), array([ 0.63940316, -0.53941034])]]]
[100, 11, -1, -1, 0, [[array([[ 0.07129072,  1.4156006 ,  2.34262832, -0.93210743,  1.38431612,
         0.0968998 ],
       [-1.26006145, -1.91321073,  1.30968498, -0.21816613, -1.78684839,
         1.92134567],
       [ 1.63655239, -1.04587218,  1.24845088,  2.35555229,  0.19071227,
        -0.42008164],
       [-2.24906039, -0.70453445,  2.2015686 ,  0.16722115, -2.31348247,
        -0.5422046 ],
       [ 0.92218166, -1.72244808, -0.52785781, -1.40997936, -0.04833182,
        -2.02826009],
       [ 2.37090694, -0.85714163,  2.29175024, -2.41124145,  0.10453296,
         0.9602296 ]]), array([[ 2.25607541, -0.114733  ],
       [-1.93607843,  2.14583698],
       [ 1.64954411, -1.68006567],
       [-1.14281542, -1.21443655],
       [ 2.15333128,  0.40360432],
       [-2.09505024,  1.57542554]])], [array([ 1.29687633, -2.33841975,  2.24449351,  1.39732395,  1.77030177,
        1.21693945]), array([ 0.59721677, -0.22293791])]]]
[100, 19, -1, -1, 1, [[array([[-0.48492291,  1.40210188,  0.71032982, -1.03637511, -1.18936987,
         2.21730558],
       [-1.56825801,  1.03670979, -0.07334663, -1.52455545, -1.29558503,
         0.6536775 ],
       [ 2.2249772 ,  0.8347601 ,  0.2673379 , -0.77375315,  0.99715347,
         0.40136061],
       [ 0.41071188,  0.90773527,  1.6444077 , -1.94986199,  0.01478249,
        -2.39513092],
       [-0.75998556,  1.9090238 ,  1.45269697, -1.78308496, -0.53338989,
         0.85743289],
       [-1.92572644, -0.25956243, -1.85195774, -0.89237866,  2.34205611,
         2.16972979]]), array([[ 0.4697079 ,  1.8175011 ],
       [ 1.59416361,  0.64502889],
       [-0.0697261 ,  0.34165109],
       [ 1.61868151,  0.58845903],
       [-1.23753389, -1.95635995],
       [ 1.14258639, -2.41651028]])], [array([-0.19966647, -0.53010702,  2.44503149, -0.84642262,  1.84007701,
        0.82306471]), array([ 0.55562343, -2.27479825])]]]
[100, 8, -1, -1, 0, [[array([[-1.37150597, -1.15556855, -1.233232  , -1.759945  , -2.12253364,
         1.01114744],
       [ 1.52346025, -0.28232276,  2.18730677, -1.99747587, -1.03175054,
         0.97572194],
       [ 0.2691127 , -1.35429597,  1.80719856, -1.96530607,  1.67111875,
         1.2488822 ],
       [-0.61178511, -0.24888637, -1.62491658,  2.19990828,  2.32360463,
         0.351626  ],
       [ 1.19589867, -0.57203997, -2.41111115,  0.17593546,  2.43882199,
        -1.03567013],
       [-0.60471119,  1.11031638, -1.82323011,  0.449354  ,  1.79357622,
         2.28121824]]), array([[-2.32419268e+00, -1.97108320e+00],
       [ 1.30840226e-03,  2.36629848e+00],
       [-6.27871851e-01, -2.32569471e+00],
       [ 1.09689510e+00, -1.71962580e+00],
       [ 4.92729579e-01, -7.21547289e-01],
       [-2.53159418e-01, -1.42582832e+00]])], [array([-0.86495622,  0.77996093,  1.97017875,  0.42560607,  1.30126471,
       -1.68079747]), array([-1.68014463,  0.68566637])]]]
[100, 6, -1, -1, 1, [[array([[-0.77152311,  1.93809083,  0.63816698, -2.17016573,  1.21568971,
         0.55538608],
       [ 1.77625538,  2.27741278,  1.32805058,  0.42378429, -2.40049757,
        -0.88160643],
       [ 1.24389083,  1.89961356, -0.38126276, -2.35614226,  2.20577436,
         1.34574531],
       [ 0.51007518,  2.40644459,  1.60520135,  1.36251448,  1.62317279,
        -1.34111763],
       [ 0.45567169, -1.73709352,  0.73776086, -0.48179683, -0.73403676,
        -0.98342316],
       [ 2.20060147,  0.61046309,  0.21754737,  0.69072387, -0.38814487,
         0.34390307]]), array([[ 2.20397063, -1.401725  ],
       [-0.14691731, -1.33461515],
       [ 2.02778919, -2.29790973],
       [ 1.32651741, -0.13583376],
       [ 1.89881323,  1.37859779],
       [ 1.92690572,  2.0718399 ]])], [array([ 1.44377036,  0.78064037, -2.14847087, -1.09483732, -1.47502656,
       -1.396063  ]), array([1.49979624, 0.4548167 ])]]]
[100, 16, -1, -1, 0, [[array([[ 1.89026309, -1.12152721,  2.31600861, -0.04130134, -2.18803668,
         1.67538497],
       [ 1.4339726 , -1.62804687,  0.93406193, -1.31935268, -0.80022436,
         1.84631615],
       [ 0.65682809, -2.1728499 ,  1.72359814,  0.95485124,  1.80006662,
         0.31912191],
       [ 0.33823105, -0.93522148, -1.62170004, -1.23709523, -0.49862085,
         1.91151047],
       [ 1.55652257, -0.5777063 , -2.04970374, -2.08971429, -1.56979728,
        -0.10111457],
       [-2.15298103,  1.9852902 ,  0.6630923 , -0.78123754,  2.30683505,
        -0.41405992]]), array([[ 0.32556815,  1.20910356],
       [ 1.33344668,  0.54385996],
       [ 2.20334253, -0.84052902],
       [-1.11987166, -1.63072065],
       [-0.30969763, -2.01355396],
       [ 1.29935751,  2.43509475]])], [array([ 0.83407095,  1.80388723, -1.47708536,  0.24877733,  1.15401308,
       -0.8466521 ]), array([-1.69956572,  2.16129709])]]]
[100, 18, -1, -1, 1, [[array([[ 1.24622113, -0.43464519,  1.35511681, -0.97740132, -1.06541123,
        -2.42811587],
       [ 0.82215221, -1.19294041,  0.83080145,  0.03561139, -0.34127492,
        -1.09829037],
       [ 2.09800252,  0.95986278, -0.48652505,  0.29261789, -0.16273588,
        -2.3793846 ],
       [ 1.01053587,  0.49203377,  2.00203323,  1.19352594, -0.58097663,
         0.25167617],
       [ 0.99627107,  1.58808772,  2.44619129, -0.50203424,  0.67423078,
        -2.09118812],
       [-1.28934554, -1.85489659, -0.93404913, -0.30649982, -0.59041134,
         1.73671909]]), array([[-1.01982532, -0.32309787],
       [-0.709702  , -1.18186698],
       [-1.11107406, -0.39518439],
       [-1.58237168,  1.6453251 ],
       [ 1.96094758,  1.42224409],
       [-1.86445828, -1.27122195]])], [array([ 1.60013207,  1.09996096,  1.70933985, -1.13555752,  1.36248039,
        1.90488337]), array([-1.28410825,  0.60515495])]]]
[100, 1, -1, -1, 0, [[array([[ 2.02086076,  1.68696818, -0.6887716 , -2.18145293, -1.44392895,
        -0.63885356],
       [-0.38242091, -1.27962937, -0.92605862,  0.17497517, -0.55723501,
        -2.15666103],
       [-1.41897431, -1.4242571 ,  1.35372875, -1.35829849, -2.36957207,
         0.635395  ],
       [-1.59544408,  0.93104133, -1.34325629,  1.538791  ,  0.11287549,
         0.44501259],
       [-0.22031477, -1.43799218, -0.50699803,  0.75152779, -1.73183411,
         0.81576488],
       [ 1.79715918,  1.08513125,  0.62198339, -1.84670553, -1.04653949,
         0.93051743]]), array([[-0.88675414,  1.14471226],
       [-1.57346292, -0.49987805],
       [ 0.05442809, -1.6904147 ],
       [ 1.38566968,  0.83442685],
       [ 1.71358056,  2.16273072],
       [ 1.22612043, -1.22687379]])], [array([-0.52684038,  0.83463892,  0.12312783,  1.6982153 ,  1.99514912,
       -2.19043811]), array([ 0.79138709, -2.33346175])]]]
[100, 17, -1, -1, 1, [[array([[ 1.51056892, -0.62876653, -1.89691355, -2.29700339,  0.14485988,
        -1.53543405],
       [ 1.75905338,  0.54086798, -0.57746644, -1.22399648, -0.0497058 ,
         0.47301726],
       [-2.27575342, -1.16726187,  2.03690763,  0.95865   , -1.63079326,
        -0.14654342],
       [-0.51507852,  0.51866187,  0.80590888, -2.21148833, -1.37354558,
         2.38943031],
       [ 1.02565871, -1.10711306, -1.77840903,  0.22416629,  1.04419837,
        -1.11347937],
       [ 1.01999044, -1.95630855,  1.95875355, -2.28419017,  0.40627322,
         2.07897731]]), array([[ 0.80917174, -2.31281173],
       [ 1.15986322,  1.18146706],
       [ 0.35133268, -1.80951737],
       [ 0.87802249,  1.26749556],
       [ 0.94717159,  0.75292814],
       [-0.38928066,  2.34536519]])], [array([-2.15648845, -0.10319966,  1.55413492,  1.97913814,  1.30752752,
        2.11183048]), array([-1.92168925, -2.32239345])]]]
[100, 21, -1, -1, 0, [[array([[ 1.74660228,  1.57471265,  1.05987766, -0.59958214,  0.82878276,
        -1.97111187],
       [-0.86232552,  2.25375848, -0.09420327, -0.22479482, -0.64935627,
        -0.9553379 ],
       [ 0.22556783, -2.2393879 ,  1.26456705, -0.39249432, -0.12328813,
         0.92121276],
       [ 0.16278718, -2.14830708, -0.41244003,  0.70685837, -0.42564993,
        -1.33820318],
       [ 0.36094226, -1.13029176, -1.07885908, -2.39605753, -0.42109109,
         0.70108845],
       [-0.8506913 ,  0.16899207, -2.09812313, -1.64900057, -1.36670476,
         1.09881043]]), array([[-1.01920722, -2.44171303],
       [-1.75424301, -0.6138097 ],
       [-1.48882706,  0.34339276],
       [-1.44790473,  0.87408544],
       [-0.85194004, -0.88278869],
       [-1.44815961,  0.62562053]])], [array([-0.85242082,  1.1037065 , -1.397957  , -1.24308778,  2.24339914,
       -1.80694325]), array([-1.34537163,  2.20679453])]]]
[100, 14, -1, -1, 1, [[array([[ 1.02611129,  0.99593839, -1.69585995,  0.02825361, -1.40777917,
         1.82867096],
       [-0.76750384,  0.99351629, -1.86987732,  1.65516863, -0.91987496,
        -1.69882712],
       [ 0.3433236 , -0.33820663,  1.79781529, -1.21465622,  2.35187492,
         0.76307736],
       [-2.21513632,  2.11691132, -2.19277283,  1.41920544,  0.80962324,
        -1.81954046],
       [ 0.82055214,  1.28548514, -0.94454277, -0.81197951,  1.56544769,
        -0.28198987],
       [-0.99140906,  1.28787464,  2.20300813,  0.90734309, -2.08255772,
         2.03682838]]), array([[ 1.27150073,  0.79075066],
       [ 1.19100798, -1.05483382],
       [ 1.92705212,  2.38713408],
       [-1.13327188,  0.70636063],
       [-0.19718297,  0.46406877],
       [-1.36774751,  0.17552944]])], [array([-2.20124218,  2.05087179,  1.89110949,  0.11620574,  0.70606725,
       -1.91701032]), array([ 0.48136392, -1.3359989 ])]]]
[100, 24, -1, -1, 0, [[array([[-1.65103597,  0.82845614, -1.70610556,  0.91571738,  0.15020017,
         0.5907699 ],
       [-1.78197762,  1.72370757,  1.58902664,  2.28618901, -0.53699745,
         1.74021266],
       [ 2.39113488, -1.28574423,  1.50636844,  1.12318755, -1.25530602,
         1.187484  ],
       [ 1.50710682,  1.17829992, -0.02487814, -0.77653087, -0.03627056,
        -2.21569697],
       [-0.90943495,  0.49794362, -0.23011008,  0.05053478,  1.73465886,
         2.16672481],
       [ 1.71000574, -0.47966117, -0.79478226,  1.69003725, -1.46835209,
         0.97997689]]), array([[-1.45532382,  1.7267179 ],
       [-2.20334555,  1.35844474],
       [ 1.05082681, -0.84812853],
       [ 0.31545206, -0.25175201],
       [-0.99124053, -1.39514668],
       [-1.46858736,  1.24415953]])], [array([-0.69905304,  2.18087072, -1.69609882, -0.9872616 , -2.35755218,
        1.67730053]), array([0.16167844, 1.84510224])]]]
[41050, 4, 'birth', 16, 6, 1, [[array([[ 1.89026309, -1.12152721,  2.31600861,  1.16891148, -2.18803668,
         1.67538497],
       [ 1.4339726 , -1.62804687,  0.93406193, -1.31935268, -0.80022436,
         1.84631615],
       [-2.44948974, -2.1728499 ,  1.72359814,  0.95485124,  1.80006662,
         0.31912191],
       [ 0.33823105, -0.93522148, -2.44948974,  1.36251448,  1.62317279,
        -1.34111763],
       [ 0.45567169, -1.73709352,  0.73776086, -0.48179683, -0.73403676,
        -0.45645124],
       [ 2.20060147,  0.61046309,  0.21754737,  0.69072387, -0.38814487,
         0.34390307]]), array([[ 1.41421356, -1.401725  ],
       [-0.14691731, -1.33461515],
       [ 1.41421356, -1.41421356],
       [ 1.32651741, -0.13583376],
       [ 1.41421356,  1.37859779],
       [ 1.41421356,  1.41421356]])], [array([ 1.44377036, -0.29273053, -2.14847087, -1.09483732, -1.47502656,
       -1.396063  ]), array([1.41421356, 0.4548167 ])]]]
[62750, 3, 'birth', 16, 19, 1, [[array([[ 1.89026309, -1.12152721,  2.31600861, -0.04130134, -2.44948974,
         1.67538497],
       [ 1.4339726 , -1.62804687,  0.93406193, -1.31935268, -2.44948974,
         1.84631615],
       [ 0.65682809, -2.1728499 ,  1.72359814, -1.25639615,  1.99672531,
         0.31912191],
       [ 0.33823105, -0.93522148, -1.62170004, -1.23709523, -0.49862085,
         1.91151047],
       [ 1.55652257,  2.44948974, -2.04970374, -2.08971429, -1.56979728,
        -0.10111457],
       [-2.15298103,  1.89621377,  0.6630923 , -0.78123754,  2.30683505,
        -0.41405992]]), array([[ 0.80319071,  1.41421356],
       [ 1.41421356,  0.64502889],
       [-0.0697261 ,  0.34165109],
       [ 1.41421356, -0.03326773],
       [ 0.33877753, -1.41421356],
       [-0.94494138, -1.41421356]])], [array([-0.19966647, -0.53010702,  2.44948974, -0.84642262,  1.84007701,
        0.82306471]), array([ 0.93622653, -1.41421356])]]]
[92200, 9, 'birth', 16, 4, 1, [[array([[ 1.89026309, -1.12152721,  2.31600861, -0.04130134, -2.18803668,
         1.67538497],
       [ 1.4339726 , -1.62804687,  0.93406193, -1.31935268, -0.80022436,
         1.84631615],
       [-2.44948974, -2.1728499 ,  1.72359814,  0.95485124,  1.80006662,
         0.31912191],
       [ 0.33823105, -0.93522148, -2.44948974,  1.36251448,  1.62317279,
        -1.34111763],
       [ 0.45567169, -1.73709352,  0.73776086,  0.78461858, -0.73403676,
        -0.29399533],
       [ 2.20060147,  0.61046309,  0.21754737,  0.69072387, -0.38814487,
         0.34390307]]), array([[ 1.41421356, -1.401725  ],
       [-0.14691731, -1.33461515],
       [ 1.41421356, -1.41421356],
       [ 1.32651741, -0.13583376],
       [ 1.41421356,  1.37859779],
       [ 1.41421356,  1.41421356]])], [array([ 1.44377036, -0.29273053, -2.14847087, -1.09483732, -1.47502656,
       -1.396063  ]), array([1.41421356, 0.4548167 ])]]]
[108351, 22, 'birth', 16, 10, 0, [[array([[ 1.89026309, -1.12152721,  2.03152044, -0.04130134, -2.18803668,
         1.67538497],
       [ 1.4339726 ,  2.30673265,  0.93406193, -1.31935268, -0.80022436,
         1.84631615],
       [ 0.65682809, -2.1728499 , -1.60791661,  0.95485124,  1.80006662,
         0.31912191],
       [ 0.15839918, -0.93522148, -1.62170004, -1.23709523,  2.44948974,
         1.91151047],
       [ 1.55652257, -0.5777063 , -2.04970374, -2.08971429, -1.56979728,
        -0.10111457],
       [-2.15298103,  2.44948974, -0.25533909, -0.78123754,  2.30683505,
        -0.41405992]]), array([[ 0.32556815,  1.20910356],
       [ 1.33344668,  0.54385996],
       [ 1.41421356, -0.14519485],
       [ 1.41421356, -1.41421356],
       [-1.41421356, -1.41421356],
       [-1.41421356, -1.41421356]])], [array([-1.99228487,  1.77136308, -2.11534149,  0.93734134, -1.03030408,
        0.33948953]), array([ 0.94880683, -0.53941034])]]]
[213452, 5, 'birth', 8, 13, 0, [[array([[-1.37150597, -0.94203835, -1.54610078,  2.0037191 ,  1.26771333,
        -2.07165702],
       [-2.13815656, -0.68843268, -0.40329235,  0.65171234,  0.14066458,
         0.85449173],
       [ 1.60850026,  1.74598956,  1.63149178,  0.22482146,  2.27541948,
        -1.49534827],
       [ 2.2863571 ,  0.79897708, -0.19682813, -0.85914862, -1.14091755,
         0.0474777 ],
       [-1.2129778 ,  1.06790862, -0.7853453 , -1.33015063, -1.58684489,
         1.21218135],
       [ 0.94929589, -0.58798905,  1.20961194,  0.46992404,  0.6294932 ,
         0.11638483]]), array([[-1.38175502,  0.55076631],
       [ 1.40188916, -0.84856202],
       [ 0.62061491,  1.41421356],
       [-0.24544739, -0.22632249],
       [-1.41421356, -1.41421356],
       [-1.41421356,  0.33562747]])], [array([-2.28732603,  2.34076168, -1.2777423 , -0.52171055,  0.40386551,
       -0.1187173 ]), array([0.67410878, 0.82062385])]]]
[306803, 7, 'birth', 11, 3, 0, [[array([[ 0.07129072,  1.4156006 ,  2.34262832, -0.93210743,  1.38431612,
         0.0968998 ],
       [-0.80130273, -1.91321073,  1.30968498, -0.21816613, -1.78684839,
         1.92134567],
       [ 2.44948974, -1.04587218,  1.24845088,  2.35555229,  0.19071227,
        -0.42008164],
       [-2.24906039, -0.70453445,  2.2015686 ,  0.16722115, -0.65932453,
        -0.5422046 ],
       [-2.44948974, -1.72244808, -0.78176105,  2.44948974, -0.04833182,
        -2.02826009],
       [ 2.37090694,  2.44948974,  0.6630923 , -0.78123754,  2.30683505,
        -0.41405992]]), array([[ 0.80319071,  1.41421356],
       [ 1.41421356,  0.17136041],
       [-0.0697261 ,  0.34165109],
       [ 1.41421356, -0.03326773],
       [ 0.33877753, -1.41421356],
       [-0.94494138, -1.29001998]])], [array([-0.19966647, -2.22498146,  2.44948974, -0.84642262,  1.84007701,
        0.82306471]), array([ 1.41421356, -0.49815001])]]]
[372953, 2, 'death']
[373103, 13, 'death']
[373253, 20, 'death']
[373403, 10, 'death']
[373553, 11, 'death']
[373703, 19, 'death']
[373853, 8, 'death']
[374003, 6, 'death']
[374153, 16, 'death']
[374303, 18, 'death']
[374453, 1, 'death']
[374603, 17, 'death']
[374753, 21, 'death']
[374903, 14, 'death']
[375053, 24, 'death']
[388403, 4, 'death']
[394103, 3, 'death']
[400253, 9, 'death']
[402704, 22, 'death']
[413254, 5, 'death']
[413404, 7, 'death']
[413404, 'Extinction!']
