[time, indiv, parent1, parent2, gender, brain]
[100, 19, -1, -1, 0, [[array([[ 0.23633599, -2.18710844,  2.1118165 , -1.05429969,  0.77741754,
         0.06637375],
       [ 0.37033588, -0.09121668,  0.99899308, -2.13960891,  0.95489375,
         2.05161917],
       [ 2.14596512,  0.70839162,  2.07164889,  1.43015141, -2.20202168,
        -1.92583991],
       [-0.355727  , -0.53425583,  1.01518387,  1.94997683, -2.15960521,
         1.3571824 ],
       [ 0.17621823, -1.06257051,  1.6157692 , -0.27599629,  1.21172036,
         0.9410994 ],
       [ 0.3878704 ,  1.83513905,  1.86473843,  1.92653678,  2.2652046 ,
         1.22354741]]), array([[-1.30823777, -1.4755366 ],
       [-0.40197294, -1.47533361],
       [-0.05788859,  1.37221807],
       [ 1.5137187 ,  1.01625028],
       [-0.95886025,  1.8017517 ],
       [-1.77026812, -1.13327255]])], [array([-0.13895528, -0.88227457,  0.83899753,  0.17853445, -2.22672922,
       -2.22941176]), array([-0.0725147 , -2.29243539])]]]
[100, 15, -1, -1, 1, [[array([[ 0.13506191,  1.94133886,  1.75090704,  0.57283927, -0.29153381,
         1.08730405],
       [-1.5020015 , -0.56845203,  1.51510226, -0.39549406, -1.47557938,
        -0.78699498],
       [-1.31474876,  2.15122397, -0.2525831 ,  1.28298133, -1.77305394,
        -1.45242708],
       [-2.39164904,  1.78683813, -1.18867722,  2.00805369, -1.05912914,
         0.83073983],
       [-2.22357063,  2.34631074,  0.04537268,  0.09348113, -1.00674953,
         1.72378643],
       [-0.60781053, -0.25926963, -1.42638519, -2.41918901, -1.73190002,
        -2.04792038]]), array([[ 2.09143102,  1.11893002],
       [ 2.29083842,  0.48161404],
       [-1.26297934, -1.63123852],
       [-2.36479707, -0.23819374],
       [-1.61099129, -0.37218799],
       [-2.24053512, -0.2970652 ]])], [array([-2.12450042, -2.13752719,  1.6910578 , -1.2253334 ,  1.30012975,
       -0.19113147]), array([2.4445684 , 0.86564439])]]]
[100, 12, -1, -1, 0, [[array([[ 1.78163854,  0.45270255,  1.32823755, -0.62014237,  1.72355655,
         0.27573798],
       [ 1.70562434, -1.07310853, -0.77220676,  1.98971537, -1.2498162 ,
        -0.33768133],
       [-1.06942687,  2.18262236, -0.98368117, -2.09316026, -0.62435768,
         0.13577416],
       [ 0.01953624, -1.10170965, -1.98527209, -1.72641763,  0.6790156 ,
         1.11690695],
       [ 1.73254883, -1.31679548, -0.32422937, -0.50175697,  0.92441602,
        -0.05685088],
       [ 2.37894062, -0.01708344,  0.92373283, -1.87716783,  0.04701692,
         1.32866256]]), array([[ 0.04489533,  1.62164343],
       [-0.75222282,  1.15756353],
       [ 1.17648146, -1.04788096],
       [ 1.37056545, -1.48567743],
       [ 1.5957019 ,  0.75027267],
       [ 1.17820824, -0.74592957]])], [array([-2.32476473, -0.79479101, -1.85432346,  0.10051734,  1.94440821,
        1.01231274]), array([-1.00823918,  1.20894839])]]]
[100, 0, -1, -1, 1, [[array([[ 2.43761351,  0.14025435,  0.21012142, -0.32342156, -1.19829428,
         1.34251543],
       [-1.97329967, -2.27115959, -1.91083939, -2.2922748 ,  0.39843976,
        -2.07718769],
       [-1.14598288, -1.2235312 ,  2.30048107,  2.14205981, -1.12922814,
        -2.40665063],
       [ 1.0980559 , -1.6488862 , -1.08239504, -0.25740635,  0.30305996,
        -1.69122287],
       [-0.73571407, -0.38755702,  0.89459587, -1.29184332, -1.24205045,
        -0.13170145],
       [ 1.84199988,  2.22735956, -1.19264043, -0.87347537, -1.00058873,
        -0.31545821]]), array([[-0.06729214, -1.73116664],
       [-0.05338399, -1.22068384],
       [-0.46593029, -1.54751363],
       [ 0.16516284, -1.45418793],
       [ 0.09318909, -0.19477997],
       [ 1.71845453,  2.38806293]])], [array([-1.56092941, -1.95752936,  1.11156985, -0.6627368 ,  1.65839654,
       -1.69611278]), array([0.08014472, 0.02422985])]]]
[100, 6, -1, -1, 0, [[array([[ 1.69678655,  1.42171827, -1.74276747,  0.0762211 , -0.80772803,
        -0.12186355],
       [ 0.75042755,  0.8811264 , -0.54302219, -1.99885333, -0.12344341,
         2.28903973],
       [ 1.02763065,  0.71502139, -0.14950603, -2.00245981,  0.70966402,
         1.94503469],
       [ 0.40360956,  2.36278133, -2.37485149, -0.20179569,  0.98412057,
         1.0862382 ],
       [ 1.83193145, -2.29617145, -0.61290999, -2.36241819,  0.37546933,
        -1.57299658],
       [-0.83297812, -1.82009374, -1.88085582,  0.78350293, -2.01889723,
         0.08986069]]), array([[ 1.01650979,  0.92807848],
       [-1.14494542, -1.35651917],
       [-0.17644187, -1.46038263],
       [ 1.24728064, -2.34678889],
       [ 1.10608985, -2.16297546],
       [ 0.32806595, -2.22973139]])], [array([ 1.48976121, -1.8408661 , -0.30432349, -1.9064213 , -0.37092527,
        1.53624394]), array([1.16725575, 0.78554768])]]]
[100, 17, -1, -1, 1, [[array([[ 0.06053549,  0.77807606,  1.2266543 ,  1.69903012,  1.36713764,
         1.25183592],
       [ 2.27045091, -1.34812366,  1.56383747,  1.18509599,  0.51289513,
         0.9973932 ],
       [ 0.11957556,  2.31432533,  0.46174297,  0.39374493,  2.21148966,
        -0.53544926],
       [ 1.39407249, -1.25989032, -1.9032386 ,  2.08775479, -1.39535176,
        -1.49594548],
       [ 1.41753386, -0.41168386, -2.01669456, -1.85934264, -0.64983936,
         0.82611113],
       [ 0.02688917,  0.06437452, -0.21018479, -1.497125  , -1.64509602,
        -0.71530385]]), array([[-0.36355647, -0.47093574],
       [ 0.39899787,  0.57284931],
       [-1.01654164, -0.73972624],
       [-2.35035256, -1.29534339],
       [-2.08747903, -1.11465838],
       [-0.42355989,  0.43966486]])], [array([ 0.40799278, -0.1146426 , -0.16550449, -0.01381593,  1.63236377,
        1.25854523]), array([-2.19623789, -1.55457032])]]]
[100, 22, -1, -1, 0, [[array([[-0.0586571 ,  1.45903162, -1.20360801, -0.11165679, -2.16266622,
        -1.98792026],
       [ 0.63943164, -1.76797932, -2.38717704, -1.25893804, -1.52180761,
        -2.07622323],
       [-2.42106504,  0.06413752, -1.32567586,  1.39869252, -1.26931025,
         1.57077061],
       [-1.60848872, -0.75965413,  0.26015453,  0.93278969,  1.55919667,
        -0.48869563],
       [-2.40148388, -1.36054366, -2.25195385,  0.16829837,  0.29603162,
        -2.38303297],
       [-1.82658135, -1.15044773, -1.38383343, -0.55572162,  1.68984789,
        -2.34396083]]), array([[-0.84321703, -1.93048332],
       [-0.98254823, -0.93851919],
       [-0.87930099,  0.66260087],
       [-0.94452497, -1.43220455],
       [-1.57786232,  2.27281344],
       [-1.88799851,  0.43243227]])], [array([ 1.13173107,  1.18703388,  1.49733203,  2.14052388, -0.51764529,
       -1.2109094 ]), array([-2.37445481,  2.36359207])]]]
[100, 14, -1, -1, 1, [[array([[ 0.71014248,  1.0893072 , -0.27118815,  0.42966961, -0.56297007,
         1.01818328],
       [-0.98032275,  0.44782259, -1.73141257,  1.38383435,  2.24401333,
         2.31381682],
       [-0.22181779,  1.81125552,  0.8436212 ,  0.28114622,  0.25134139,
         0.8974045 ],
       [-0.38991775, -1.4260464 , -0.61349222,  1.22349716, -0.21194791,
        -0.58487974],
       [ 2.11805769,  0.90059529,  1.5015229 , -1.94055136,  1.91595418,
        -1.0851843 ],
       [-1.21669303, -1.89753443, -1.32295693, -0.69954167,  0.81995999,
        -0.57942549]]), array([[-0.47978838, -0.39829831],
       [ 1.38236831, -2.07537114],
       [ 1.02805082,  1.44405427],
       [ 1.51874523, -0.1186533 ],
       [ 0.43658191, -1.19967693],
       [ 2.34736787,  1.34077277]])], [array([ 0.58788596, -0.31265233,  1.58643724, -1.55717481, -0.35613787,
        2.03435006]), array([0.73889233, 1.76760887])]]]
[100, 11, -1, -1, 0, [[array([[ 1.7618722 ,  0.29350605,  1.02426459,  2.15905651, -1.37788775,
        -1.71381731],
       [ 1.97822875, -0.66284934, -1.05434988, -0.7120938 , -2.35651172,
        -0.37595922],
       [ 0.65486436, -0.09540903, -0.51368509, -1.69360123,  0.97990203,
        -1.99764448],
       [ 0.21232399,  1.25490721,  1.25931471, -0.42013756, -0.65458881,
         0.41553955],
       [-2.29422436, -1.98956535, -1.076474  ,  2.27369913, -2.10034041,
         2.02743798],
       [-1.13982589, -2.23328322, -0.82235874, -0.42521549,  0.8852214 ,
         0.86795218]]), array([[-0.04257049, -0.74359531],
       [-1.61425959, -1.02386996],
       [ 1.77396036,  1.87322281],
       [ 2.41034161, -1.33171738],
       [-0.70316904, -1.33835169],
       [ 1.03298263,  0.87886472]])], [array([ 1.23186602,  0.38290677,  0.66857184, -0.55814282, -0.5657946 ,
       -1.05757287]), array([1.01511272, 2.13106642])]]]
[100, 16, -1, -1, 1, [[array([[ 0.79369662,  2.21569248, -1.58470367,  0.27714506, -0.87651226,
         0.72253295],
       [-0.51075161,  1.59767381,  1.62031841, -1.45710625,  0.04492235,
         1.72849329],
       [-1.20179325,  0.29560712, -0.90248047,  1.75652334, -2.35678839,
        -0.09126946],
       [-1.36031707,  0.99432018, -0.31372263,  0.33605099,  0.97100499,
        -0.09117484],
       [ 2.08849385,  2.104896  , -0.59974995, -0.52912865,  1.16748842,
         0.42317588],
       [-2.44659736,  1.08227288, -2.11761043,  1.04740261,  0.7666932 ,
         2.09637713]]), array([[-2.04682528,  1.57577334],
       [ 1.03771332,  1.09832563],
       [ 1.03513468, -0.71408151],
       [ 1.20424509, -2.27324909],
       [-1.15271985,  2.30576479],
       [ 1.95870618, -0.95178288]])], [array([-0.5364054 , -0.59843073,  0.81621162, -1.05307819,  2.22334651,
        0.08101163]), array([1.46435888, 1.73116088])]]]
[100, 9, -1, -1, 0, [[array([[-0.26012202, -1.00061407, -2.14796929, -2.24431556, -0.50372585,
        -0.42236121],
       [-0.0089871 ,  2.25105309,  1.73583934, -1.1205136 , -1.11166749,
        -1.59013446],
       [ 1.95124948,  1.56124995,  1.92884469,  1.58142266,  0.12249461,
        -0.33675963],
       [ 0.88567025, -1.20699425,  1.85016972,  1.99318153, -0.92663701,
         1.42302368],
       [-2.32051318,  1.19751577, -2.11481246, -0.44141671, -0.53455825,
        -1.29024611],
       [ 0.66283623,  2.12973284, -1.79232819, -0.61181184, -0.67472101,
         1.60131735]]), array([[ 0.28170535,  0.55923245],
       [-1.56844097,  0.1994259 ],
       [-0.355419  ,  0.47992233],
       [-0.5807371 ,  0.87201467],
       [-1.69118542, -0.9958634 ],
       [-1.46109628,  2.42429169]])], [array([ 0.84094821,  2.25267772,  1.98100029,  1.16966401,  0.6107704 ,
       -1.91752603]), array([1.61833456, 0.21754782])]]]
[100, 1, -1, -1, 1, [[array([[ 0.25838359, -0.13998298,  1.54782215, -2.25082259, -0.10251283,
         0.4066169 ],
       [-0.79067335,  1.4239965 , -0.90264788,  1.63933016, -2.23255706,
         2.3969798 ],
       [ 2.29818026, -2.31470359, -1.08728495,  0.05470667,  2.10793226,
         0.1232925 ],
       [-0.8715975 ,  1.61562014, -1.31372282, -1.36982852,  2.19303778,
        -0.17146138],
       [-0.92781482, -1.82340044,  2.32040373,  2.31040393, -2.31199017,
         0.77258076],
       [-0.57542705,  1.60928627,  1.91148563, -0.09405663,  1.04042603,
         0.31004896]]), array([[ 1.33701592, -0.56902047],
       [-1.3970108 ,  1.23810622],
       [ 0.56830281, -1.14430451],
       [-1.79467911,  0.9621949 ],
       [ 2.22830139, -1.10120625],
       [-0.03124336, -1.75733547]])], [array([ 0.98658574, -1.84161935,  0.35184793, -1.6795641 ,  2.00257602,
       -0.65277761]), array([ 2.0671484 , -1.45854693])]]]
[100, 7, -1, -1, 0, [[array([[-2.36196831,  2.06368907, -1.32146777, -0.55659024, -0.6707784 ,
         2.24607969],
       [-1.89337719,  1.96525094, -1.04143891, -0.99025078, -0.66098488,
        -0.6729641 ],
       [ 2.41823155, -2.08311899,  2.03189107, -0.79953398, -0.18101334,
         1.59440062],
       [ 1.88229758,  0.9331145 ,  1.31110395,  1.47882945, -2.16878777,
        -0.34834398],
       [-0.98887351, -0.3868137 ,  1.89668363, -0.44288392,  1.77144683,
        -0.71042417],
       [ 0.39091887, -1.3168615 ,  1.80472864, -1.79953744, -1.22904997,
        -1.14993633]]), array([[ 0.94432532, -0.68451232],
       [-1.37521278,  1.89516482],
       [ 1.10349012,  1.94955182],
       [ 2.24248008, -1.10783872],
       [ 2.43758711,  2.23848061],
       [ 1.60454053, -2.22052335]])], [array([-0.75251904,  0.37296493, -1.99155604,  0.55254505, -0.38905403,
        0.57533487]), array([ 1.00785953, -0.39809715])]]]
[100, 2, -1, -1, 1, [[array([[-1.87555404, -2.24156115, -2.16707488,  0.96937067, -0.00952632,
        -1.27232887],
       [-0.3105119 ,  1.66717694, -2.41360385,  0.69391511,  0.13358575,
        -1.72406577],
       [-2.0149017 , -0.9613583 , -0.88720452,  1.50722273,  0.13804004,
         0.11774076],
       [-2.03786164,  0.41084633, -0.87387938, -2.2599153 , -1.79516953,
        -0.445054  ],
       [-0.11749831, -0.17720564,  2.40402991, -1.92760777,  0.65061036,
        -2.19032387],
       [-2.02292703,  1.89367609,  0.7279907 ,  0.02045727,  2.44656708,
        -0.63244926]]), array([[ 2.30266057, -1.24988979],
       [ 0.7369458 ,  1.04285429],
       [ 2.43625186, -0.46915074],
       [-0.82162947,  1.74003405],
       [ 2.04866452,  2.14960407],
       [-2.39056987, -1.97556919]])], [array([-0.06562995,  1.48637849,  1.43889198, -0.45411172,  1.82639645,
        1.47535992]), array([ 0.05061368, -2.02988405])]]]
[100, 10, -1, -1, 0, [[array([[ 1.13721791,  2.05582642, -1.35893594, -2.20460235, -1.39708216,
        -1.48592553],
       [ 1.74632771,  1.42360718, -1.35348643, -2.0315508 , -0.50526585,
         0.82712043],
       [ 1.77585247, -2.12614888,  1.39954369,  1.03086652,  0.15577132,
        -1.08501731],
       [ 1.71259351,  1.74605856,  1.35281151, -1.26116233, -0.36990071,
         0.37850341],
       [ 0.72868073,  0.61080598,  0.84514832, -1.84103101,  0.11179338,
         0.97722978],
       [-0.28130718, -0.33709234,  1.6257721 ,  1.71041695, -0.11266514,
         0.08135442]]), array([[-1.43528552,  0.7292125 ],
       [-1.34889468,  0.80361671],
       [-2.28302103,  1.18711839],
       [ 0.51613799, -0.98367789],
       [-0.88823865,  0.96624901],
       [-1.07309496, -1.73268934]])], [array([ 0.3292095 , -2.4483528 , -1.89544876,  1.37338582, -1.19016717,
       -1.99889731]), array([ 2.1854934 , -0.67960561])]]]
[66100, 13, 'birth', 9, 17, 0, [[array([[-0.26012202, -1.00061407, -2.14796929, -2.24431556, -1.12966572,
        -0.42236121],
       [-0.0089871 ,  2.25105309,  1.73583934, -1.1205136 , -1.11166749,
        -1.59013446],
       [ 1.95124948,  1.56124995,  1.92884469,  1.58142266, -1.87425945,
        -0.33675963],
       [ 0.88567025, -1.20699425,  1.85016972,  1.99318153, -0.88890084,
         1.42302368],
       [-2.32051318,  1.19751577, -2.11481246, -0.44141671, -0.53455825,
        -1.29024611],
       [ 0.66283623,  2.12973284, -1.79232819, -0.61181184, -2.44948974,
         1.60131735]]), array([[ 0.28170535,  0.55923245],
       [-1.41421356,  0.1994259 ],
       [-0.16845047,  0.47992233],
       [-0.5807371 ,  0.87201467],
       [-1.41421356, -0.9958634 ],
       [-1.41421356,  1.41421356]])], [array([ 0.40799278, -0.1146426 , -0.16550449, -0.01381593,  1.69322436,
        1.25854523]), array([-1.41421356, -1.41421356])]]]
[126001, 24, 'birth', 10, 14, 1, [[array([[ 1.13721791,  2.05582642, -1.35893594, -2.20460235, -1.39708216,
        -1.95876826],
       [ 1.74632771,  1.8586642 , -0.81701692, -2.0315508 , -0.50526585,
         0.82712043],
       [-0.79519941, -1.10797236,  0.39944507,  0.28114622,  0.25134139,
         0.8974045 ],
       [-0.38991775, -1.01089276, -0.61349222,  1.22349716, -2.44948974,
        -0.58487974],
       [ 2.11805769,  2.44948974,  1.5015229 , -1.94055136,  1.91595418,
        -1.0851843 ],
       [-1.21669303, -1.89753443, -1.32295693, -0.69954167,  0.81995999,
        -0.57942549]]), array([[-0.47978838, -0.07846015],
       [ 1.38236831, -1.41421356],
       [ 1.02805082,  1.41421356],
       [ 1.09973877, -0.1186533 ],
       [ 0.43658191, -1.19967693],
       [ 1.41421356,  1.41421356]])], [array([ 0.58788596, -0.31265233,  1.58643724, -1.55717481, -0.35613787,
        2.03435006]), array([0.73889233, 1.41421356])]]]
[164051, 23, 'birth', 12, 17, 0, [[array([[ 1.78163854,  0.45270255,  0.42813326, -0.62014237,  1.72355655,
         0.27573798],
       [ 1.70562434, -1.07310853, -0.77220676,  1.98971537, -1.2498162 ,
        -0.33768133],
       [-1.06942687,  2.18262236, -0.98368117, -2.09316026, -0.62435768,
         0.13577416],
       [ 0.01953624, -1.10170965, -1.98527209, -1.72641763,  0.6790156 ,
         1.11690695],
       [ 1.73254883, -1.31679548, -0.32422937,  0.75436469, -0.74366015,
        -1.0119273 ],
       [ 2.37894062, -0.01708344,  0.92373283, -1.87716783,  0.04701692,
         1.32866256]]), array([[-0.36355647, -0.47093574],
       [ 0.39899787,  0.57284931],
       [-0.29257753,  1.06680728],
       [-1.41421356, -1.29534339],
       [-1.41421356, -1.11465838],
       [-0.42355989,  0.43966486]])], [array([ 0.40799278, -2.44948974, -0.16550449, -0.01381593,  1.63236377,
        1.25854523]), array([ 0.41948072, -1.41421356])]]]
[268002, 20, 'birth', 13, 16, 1, [[array([[-0.26012202, -1.00061407, -2.14796929, -2.24431556, -2.20813828,
         1.35856674],
       [-0.0089871 ,  2.25105309,  1.73583934, -1.1205136 , -1.11166749,
        -1.59013446],
       [ 1.95124948,  1.56124995,  1.92884469,  1.58142266, -1.87425945,
        -0.33675963],
       [ 0.88567025, -1.20699425,  1.85016972,  1.99318153, -0.88890084,
         1.42302368],
       [-2.32051318,  1.19751577, -2.11481246, -2.01477564, -0.53455825,
        -1.29024611],
       [ 0.66283623,  2.12973284, -1.79232819, -0.61181184, -2.44948974,
         1.60131735]]), array([[ 0.28170535,  0.55923245],
       [-1.41421356,  0.1994259 ],
       [-1.41421356, -1.41421356],
       [-0.42720641,  0.87201467],
       [-1.41421356, -0.9958634 ],
       [-1.41421356,  1.41421356]])], [array([ 0.40799278, -0.1146426 , -0.16550449, -0.01381593, -0.56792216,
        1.25854523]), array([1.41421356, 1.41421356])]]]
[301203, 21, 'birth', 19, 20, 0, [[array([[ 0.23633599, -2.18710844,  2.1118165 , -0.71575559,  2.44948974,
         0.06637375],
       [-0.0089871 ,  2.25105309,  1.73583934, -1.1205136 , -0.21310919,
        -2.3960948 ],
       [ 1.95124948,  1.56124995,  1.92884469,  1.58142266, -1.87425945,
        -0.33675963],
       [ 1.89523617, -1.20699425,  1.85016972,  1.99318153, -0.88890084,
         1.42302368],
       [-2.32051318,  0.89237737, -2.11481246, -2.01477564, -0.53455825,
        -1.29024611],
       [-2.44948974,  2.12973284, -1.79232819,  1.31500893, -2.44948974,
         2.44948974]]), array([[ 0.28170535,  0.55923245],
       [-1.41421356,  0.1994259 ],
       [-1.41421356, -1.41421356],
       [-0.79981558,  0.87201467],
       [-1.41421356, -0.9958634 ],
       [-1.41421356,  1.41421356]])], [array([ 0.40799278, -0.1146426 , -0.16550449, -0.01381593, -0.56792216,
        1.25854523]), array([0.46736297, 1.41421356])]]]
[310353, 4, 'birth', 9, 20, 1, [[array([[ 1.53105144, -1.00061407, -2.14796929, -2.24431556,  0.63326863,
        -0.42236121],
       [-0.0089871 ,  2.25105309,  1.73583934, -1.1205136 , -1.11166749,
        -1.59013446],
       [ 1.95124948,  1.56124995,  1.92884469,  1.58142266,  0.12249461,
         0.24226143],
       [ 0.88567025, -1.20699425,  1.85016972,  1.99318153, -0.92663701,
         1.42302368],
       [-2.32051318,  2.44948974, -2.11481246, -0.44141671, -0.53455825,
        -1.29024611],
       [ 0.66283623,  2.12973284, -2.44948974,  0.53030144, -0.67472101,
         1.60131735]]), array([[ 0.28170535, -0.66550702],
       [-1.41421356,  0.1994259 ],
       [-1.41421356, -1.41421356],
       [ 0.23842615,  0.87201467],
       [-1.41421356, -1.41421356],
       [-1.41421356,  1.41421356]])], [array([ 0.40799278, -0.1146426 , -0.16550449, -0.01381593, -0.56792216,
        1.25854523]), array([1.41421356, 1.41421356])]]]
[340653, 19, 'death']
[340803, 15, 'death']
[340953, 12, 'death']
[341103, 0, 'death']
[341253, 6, 'death']
[341403, 17, 'death']
[341553, 22, 'death']
[341703, 14, 'death']
[341853, 11, 'death']
[342003, 16, 'death']
[342153, 9, 'death']
[342303, 1, 'death']
[342453, 7, 'death']
[342603, 2, 'death']
[342753, 10, 'death']
[365753, 13, 'death']
[384803, 24, 'death']
[393953, 23, 'death']
[411854, 20, 'death']
[415204, 21, 'death']
[415354, 4, 'death']
[415354, 'Extinction!']
