[time, indiv, gender, coords]
[6900, 'popsize', 15]
[7700, 18, 0, [3.244534730911255, -4.587899208068848]]
[7700, 17, 0, [3.2691397666931152, -9.443273544311523]]
[7700, 4, 0, [10.176956176757812, -4.30777645111084]]
[7700, 7, 0, [3.686556339263916, -1.9617878198623657]]
[7700, 0, 0, [10.205193519592285, -1.9482603073120117]]
[7700, 12, 0, [10.20994758605957, -8.820261001586914]]
[7700, 13, 0, [3.06471848487854, -10.938373565673828]]
[7700, 21, 0, [5.553149223327637, -9.236624717712402]]
[7700, 2, 1, [1.6447994709014893, -10.880044937133789]]
[7700, 24, 1, [5.019211769104004, -7.216547966003418]]
[7700, 11, 1, [5.288422584533691, -2.1710739135742188]]
[7700, 5, 1, [7.511559963226318, -11.017707824707031]]
[7700, 22, 1, [3.0626654624938965, -7.3034987449646]]
[7700, 1, 1, [10.189781188964844, -10.898916244506836]]
[7700, 14, 1, [1.6051867008209229, -4.767653465270996]]
[13550, 'popsize', 15]
[14350, 18, 0, [2.685616970062256, -4.543625831604004]]
[14350, 17, 0, [3.3122475147247314, -9.43777084350586]]
[14350, 4, 0, [10.17462158203125, -4.317307472229004]]
[14350, 7, 0, [3.716999053955078, -1.9439491033554077]]
[14350, 0, 0, [10.224954605102539, -1.9328861236572266]]
[14350, 12, 0, [10.201114654541016, -8.829824447631836]]
[14350, 13, 0, [3.231775999069214, -10.762357711791992]]
[14350, 21, 0, [6.090123176574707, -9.186441421508789]]
[14350, 2, 1, [1.6603643894195557, -10.889549255371094]]
[14350, 24, 1, [5.038876533508301, -7.232635498046875]]
[14350, 11, 1, [4.725056171417236, -2.1480872631073]]
[14350, 5, 1, [7.4946441650390625, -11.035472869873047]]
[14350, 22, 1, [2.5273051261901855, -7.344272613525391]]
[14350, 1, 1, [10.000781059265137, -10.987412452697754]]
[14350, 14, 1, [1.0618813037872314, -4.7232818603515625]]
[19750, 'popsize', 15]
[20550, 18, 0, [2.1694626808166504, -4.473609924316406]]
[20550, 17, 0, [3.3313071727752686, -9.423479080200195]]
[20550, 4, 0, [10.167582511901855, -4.333608627319336]]
[20550, 7, 0, [3.7119839191436768, -1.927467703819275]]
[20550, 0, 0, [10.251618385314941, -1.9149585962295532]]
[20550, 12, 0, [10.184813499450684, -8.840128898620605]]
[20550, 13, 0, [3.5786845684051514, -10.45722770690918]]
[20550, 21, 0, [6.582228183746338, -9.1110258102417]]
[20550, 2, 1, [1.8317766189575195, -10.511246681213379]]
[20550, 24, 1, [5.06660270690918, -7.240739345550537]]
[20550, 11, 1, [4.201562404632568, -2.108090400695801]]
[20550, 5, 1, [7.478880882263184, -11.06433391571045]]
[20550, 22, 1, [2.0477757453918457, -7.411410331726074]]
[20550, 1, 1, [10.243128776550293, -10.979215621948242]]
[20550, 14, 1, [0.5605392456054688, -4.646031856536865]]
[26500, 'popsize', 15]
[27300, 18, 0, [1.6099259853363037, -4.364673614501953]]
[27300, 17, 0, [3.3579699993133545, -9.38772201538086]]
[27300, 4, 0, [10.188133239746094, -4.358500957489014]]
[27300, 7, 0, [3.650280714035034, -1.8384902477264404]]
[27300, 0, 0, [10.274948120117188, -1.9267011880874634]]
[27300, 12, 0, [10.171680450439453, -8.845930099487305]]
[27300, 13, 0, [3.9983081817626953, -10.179521560668945]]
[27300, 21, 0, [7.119901180267334, -8.98692798614502]]
[27300, 2, 1, [2.0725693702697754, -10.004916191101074]]
[27300, 24, 1, [5.094038963317871, -7.230566501617432]]
[27300, 11, 1, [3.780829668045044, -1.9896090030670166]]
[27300, 5, 1, [7.467164039611816, -11.08418083190918]]
[27300, 22, 1, [1.8956058025360107, -7.441215515136719]]
[27300, 1, 1, [10.772588729858398, -10.893915176391602]]
[27300, 14, 1, [0.1233348622918129, -4.551376819610596]]
[33650, 'popsize', 16]
[34500, 18, 0, [1.0350759029388428, -4.206338882446289]]
[34500, 17, 0, [3.3723998069763184, -9.346362113952637]]
[34500, 4, 0, [10.203567504882812, -4.404197692871094]]
[34500, 7, 0, [3.379302501678467, -1.7641191482543945]]
[34500, 0, 0, [10.297921180725098, -1.9501104354858398]]
[34500, 12, 0, [10.158598899841309, -8.831396102905273]]
[34500, 13, 0, [4.522590160369873, -9.911589622497559]]
[34500, 21, 0, [7.543044090270996, -8.889472961425781]]
[34500, 2, 1, [2.2533087730407715, -9.670373916625977]]
[34500, 24, 1, [5.129746913909912, -7.224240303039551]]
[34500, 11, 1, [3.5529167652130127, -1.73357355594635]]
[34500, 5, 1, [7.423714637756348, -11.092185020446777]]
[34500, 22, 1, [1.8446372747421265, -7.459510803222656]]
[34500, 1, 1, [11.309977531433105, -10.69379997253418]]
[34500, 14, 1, [0.12333723157644272, -4.546527862548828]]
[34500, 6, 1, [1.8058576583862305, -9.25855827331543]]
[40900, 'popsize', 16]
[41750, 18, 0, [1.136663794517517, -4.196891784667969]]
[41750, 17, 0, [3.355949878692627, -9.353042602539062]]
[41750, 4, 0, [10.189208984375, -4.442680835723877]]
[41750, 7, 0, [3.4601874351501465, -1.85878586769104]]
[41750, 0, 0, [10.275934219360352, -1.9718472957611084]]
[41750, 12, 0, [10.15335750579834, -8.824469566345215]]
[41750, 13, 0, [5.075126647949219, -9.696337699890137]]
[41750, 21, 0, [7.600668430328369, -8.578163146972656]]
[41750, 2, 1, [2.2514166831970215, -9.502412796020508]]
[41750, 24, 1, [5.165994644165039, -7.201275825500488]]
[41750, 11, 1, [3.7969326972961426, -1.8722245693206787]]
[41750, 5, 1, [7.419835090637207, -11.099637031555176]]
[41750, 22, 1, [1.797407865524292, -7.487164497375488]]
[41750, 1, 1, [11.77631950378418, -10.41466236114502]]
[41750, 14, 1, [0.12333579361438751, -4.541718482971191]]
[41750, 6, 1, [1.8321549892425537, -9.236584663391113]]
[47950, 'popsize', 16]
[48800, 18, 0, [1.2519384622573853, -4.173786163330078]]
[48800, 17, 0, [3.3396427631378174, -9.351929664611816]]
[48800, 4, 0, [10.164097785949707, -4.476075649261475]]
[48800, 7, 0, [3.6065330505371094, -1.8756303787231445]]
[48800, 0, 0, [10.29876708984375, -1.970916986465454]]
[48800, 12, 0, [10.163043975830078, -8.83390998840332]]
[48800, 13, 0, [5.6288251876831055, -9.52967357635498]]
[48800, 21, 0, [7.346213340759277, -8.565010070800781]]
[48800, 2, 1, [2.1056909561157227, -8.939038276672363]]
[48800, 24, 1, [5.188796520233154, -7.163885593414307]]
[48800, 11, 1, [3.8843719959259033, -1.92593514919281]]
[48800, 5, 1, [7.398781776428223, -11.12762451171875]]
[48800, 22, 1, [1.7556657791137695, -7.521740913391113]]
[48800, 1, 1, [12.162210464477539, -10.083584785461426]]
[48800, 14, 1, [0.12334290891885757, -4.537993431091309]]
[48800, 6, 1, [1.8519270420074463, -9.208223342895508]]
[55250, 'popsize', 16]
[56100, 18, 0, [1.1245547533035278, -4.314751625061035]]
[56100, 17, 0, [3.3319733142852783, -9.346918106079102]]
[56100, 4, 0, [10.118252754211426, -4.467936992645264]]
[56100, 7, 0, [3.6102230548858643, -1.8485263586044312]]
[56100, 0, 0, [10.319849014282227, -1.9845889806747437]]
[56100, 12, 0, [10.19404411315918, -8.839263916015625]]
[56100, 13, 0, [6.146518230438232, -9.41646671295166]]
[56100, 21, 0, [7.479400634765625, -8.804224014282227]]
[56100, 2, 1, [1.9860731363296509, -8.332002639770508]]
[56100, 24, 1, [5.177961826324463, -7.140705108642578]]
[56100, 11, 1, [3.9253177642822266, -1.9558382034301758]]
[56100, 5, 1, [7.3807477951049805, -11.162461280822754]]
[56100, 22, 1, [1.720475196838379, -7.564052581787109]]
[56100, 1, 1, [12.375666618347168, -9.871830940246582]]
[56100, 14, 1, [0.12333182245492935, -4.533853530883789]]
[56100, 6, 1, [1.8605858087539673, -9.171916961669922]]
[62300, 'popsize', 16]
[63150, 18, 0, [0.6724196076393127, -4.6252121925354]]
[63150, 17, 0, [3.37566876411438, -9.336328506469727]]
[63150, 4, 0, [10.101278305053711, -4.465858459472656]]
[63150, 7, 0, [3.577159881591797, -1.857349157333374]]
[63150, 0, 0, [10.33519172668457, -1.9976640939712524]]
[63150, 12, 0, [10.208780288696289, -8.878713607788086]]
[63150, 13, 0, [5.843844413757324, -9.269542694091797]]
[63150, 21, 0, [7.711683750152588, -8.759697914123535]]
[63150, 2, 1, [1.9164097309112549, -7.738076686859131]]
[63150, 24, 1, [5.179532051086426, -7.136508941650391]]
[63150, 11, 1, [3.7378933429718018, -1.7974374294281006]]
[63150, 5, 1, [7.372447967529297, -11.174488067626953]]
[63150, 22, 1, [1.7007787227630615, -7.5801682472229]]
[63150, 1, 1, [12.376276016235352, -9.865086555480957]]
[63150, 14, 1, [0.12333188951015472, -4.526923179626465]]
[63150, 6, 1, [1.8742635250091553, -9.138257026672363]]
[69450, 'popsize', 16]
[70300, 18, 0, [0.6247337460517883, -4.682587146759033]]
[70300, 17, 0, [3.320737361907959, -9.343469619750977]]
[70300, 4, 0, [10.103705406188965, -4.448099136352539]]
[70300, 7, 0, [3.5953967571258545, -2.0415663719177246]]
[70300, 0, 0, [10.356681823730469, -2.0107479095458984]]
[70300, 12, 0, [10.224380493164062, -8.899151802062988]]
[70300, 13, 0, [5.2639994621276855, -9.095941543579102]]
[70300, 21, 0, [7.750454902648926, -8.553995132446289]]
[70300, 2, 1, [1.8906404972076416, -7.131178379058838]]
[70300, 24, 1, [5.200986862182617, -7.161521911621094]]
[70300, 11, 1, [3.723348617553711, -1.9650468826293945]]
[70300, 5, 1, [7.354624271392822, -11.210759162902832]]
[70300, 22, 1, [1.6236698627471924, -7.417530059814453]]
[70300, 1, 1, [12.376357078552246, -9.855281829833984]]
[70300, 14, 1, [0.12334195524454117, -4.520237922668457]]
[70300, 6, 1, [1.8744291067123413, -9.143733024597168]]
[76050, 'popsize', 16]
[76900, 18, 0, [0.740617036819458, -4.573051929473877]]
[76900, 17, 0, [3.3528854846954346, -9.363868713378906]]
[76900, 4, 0, [10.110642433166504, -4.463666915893555]]
[76900, 7, 0, [3.4908370971679688, -2.0923104286193848]]
[76900, 0, 0, [10.380559921264648, -2.0171191692352295]]
[76900, 12, 0, [10.227139472961426, -8.895196914672852]]
[76900, 13, 0, [4.749253273010254, -8.904379844665527]]
[76900, 21, 0, [7.502197265625, -8.411763191223145]]
[76900, 2, 1, [1.9132015705108643, -6.576652526855469]]
[76900, 24, 1, [5.216314315795898, -7.154738426208496]]
[76900, 11, 1, [3.619429349899292, -2.1740758419036865]]
[76900, 5, 1, [7.339074611663818, -11.222518920898438]]
[76900, 22, 1, [1.3702008724212646, -7.520047187805176]]
[76900, 1, 1, [12.3763427734375, -9.846868515014648]]
[76900, 14, 1, [0.12322624772787094, -4.514202117919922]]
[76900, 6, 1, [1.8899812698364258, -9.152801513671875]]
[83300, 'popsize', 16]
[84150, 18, 0, [0.6697121262550354, -4.633711814880371]]
[84150, 17, 0, [3.3057544231414795, -9.351180076599121]]
[84150, 4, 0, [10.140165328979492, -4.48812198638916]]
[84150, 7, 0, [3.4669876098632812, -1.9563465118408203]]
[84150, 0, 0, [10.382589340209961, -2.061811923980713]]
[84150, 12, 0, [10.231344223022461, -8.912188529968262]]
[84150, 13, 0, [4.201013565063477, -8.652349472045898]]
[84150, 21, 0, [7.328077793121338, -8.654921531677246]]
[84150, 2, 1, [1.9885069131851196, -5.96679162979126]]
[84150, 24, 1, [5.24322509765625, -7.1688995361328125]]
[84150, 11, 1, [3.1777474880218506, -2.3014354705810547]]
[84150, 5, 1, [7.310615539550781, -11.252110481262207]]
[84150, 22, 1, [0.824884295463562, -7.720213413238525]]
[84150, 1, 1, [12.37635326385498, -9.838983535766602]]
[84150, 14, 1, [0.12333562225103378, -4.508498191833496]]
[84150, 6, 1, [1.9196949005126953, -9.130775451660156]]
[90500, 'popsize', 16]
[91350, 18, 0, [0.6337094902992249, -4.69972038269043]]
[91350, 17, 0, [3.340392589569092, -9.37022876739502]]
[91350, 4, 0, [10.152410507202148, -4.513546943664551]]
[91350, 7, 0, [3.491450548171997, -1.9780137538909912]]
[91350, 0, 0, [10.396126747131348, -2.068716526031494]]
[91350, 12, 0, [10.240528106689453, -8.940861701965332]]
[91350, 13, 0, [3.6748557090759277, -8.361128807067871]]
[91350, 21, 0, [7.542331695556641, -8.835639953613281]]
[91350, 2, 1, [2.111750841140747, -5.371169090270996]]
[91350, 24, 1, [5.268209934234619, -7.160202980041504]]
[91350, 11, 1, [3.2990620136260986, -2.2781283855438232]]
[91350, 5, 1, [7.284602165222168, -11.256718635559082]]
[91350, 22, 1, [0.3117651343345642, -7.974796295166016]]
[91350, 1, 1, [12.37634563446045, -9.830024719238281]]
[91350, 14, 1, [0.12334755808115005, -4.502272605895996]]
[91350, 6, 1, [1.9439246654510498, -9.115663528442383]]
[97600, 'popsize', 16]
[98450, 18, 0, [0.6483644247055054, -4.677452564239502]]
[98450, 17, 0, [3.2746505737304688, -9.362736701965332]]
[98450, 4, 0, [10.146790504455566, -4.563324928283691]]
[98450, 7, 0, [3.435429096221924, -1.7869676351547241]]
[98450, 0, 0, [10.419812202453613, -2.0703933238983154]]
[98450, 12, 0, [10.2293119430542, -8.960779190063477]]
[98450, 13, 0, [3.2439281940460205, -8.090982437133789]]
[98450, 21, 0, [7.726483345031738, -8.710426330566406]]
[98450, 2, 1, [2.2796356678009033, -4.799405097961426]]
[98450, 24, 1, [5.30966329574585, -7.154995918273926]]
[98450, 11, 1, [3.1131529808044434, -2.5829639434814453]]
[98450, 5, 1, [7.247045993804932, -11.281505584716797]]
[98450, 22, 1, [0.12410353124141693, -8.084173202514648]]
[98450, 1, 1, [12.376354217529297, -9.821504592895508]]
[98450, 14, 1, [0.12332753837108612, -4.494750022888184]]
[98450, 6, 1, [1.9140784740447998, -9.09650993347168]]
[104851, 'popsize', 16]
[105701, 18, 0, [0.8005876541137695, -4.916940212249756]]
[105701, 17, 0, [3.3206419944763184, -9.363597869873047]]
[105701, 4, 0, [10.11056137084961, -4.589961051940918]]
[105701, 7, 0, [3.382575511932373, -1.6506427526474]]
[105701, 0, 0, [10.441125869750977, -2.077986717224121]]
[105701, 12, 0, [10.213401794433594, -8.979719161987305]]
[105701, 13, 0, [3.279587984085083, -7.984135627746582]]
[105701, 21, 0, [7.717257022857666, -8.537989616394043]]
[105701, 2, 1, [2.491647720336914, -4.231687545776367]]
[105701, 24, 1, [5.3372368812561035, -7.114284515380859]]
[105701, 11, 1, [2.8102147579193115, -3.059015989303589]]
[105701, 5, 1, [7.2146501541137695, -11.298911094665527]]
[105701, 22, 1, [0.12403225898742676, -8.091751098632812]]
[105701, 1, 1, [12.376357078552246, -9.812814712524414]]
[105701, 14, 1, [0.12333887815475464, -4.488476753234863]]
[105701, 6, 1, [1.7102701663970947, -8.96826457977295]]
[111151, 'popsize', 16]
[112001, 18, 0, [0.5858763456344604, -4.884463310241699]]
[112001, 17, 0, [3.2657828330993652, -9.347417831420898]]
[112001, 4, 0, [10.105146408081055, -4.609377384185791]]
[112001, 7, 0, [3.409346342086792, -1.65536367893219]]
[112001, 0, 0, [10.481305122375488, -2.0774364471435547]]
[112001, 12, 0, [10.193339347839355, -8.96849536895752]]
[112001, 13, 0, [3.5474281311035156, -7.537148952484131]]
[112001, 21, 0, [7.5404953956604, -8.466120719909668]]
[112001, 2, 1, [2.7053279876708984, -3.779407024383545]]
[112001, 24, 1, [5.370917320251465, -7.118167877197266]]
[112001, 11, 1, [2.547616958618164, -3.4493136405944824]]
[112001, 5, 1, [7.207764625549316, -11.304620742797852]]
[112001, 22, 1, [0.12384162843227386, -8.099617958068848]]
[112001, 1, 1, [12.376346588134766, -9.804672241210938]]
[112001, 14, 1, [0.12333016097545624, -4.482484340667725]]
[112001, 6, 1, [1.712335228919983, -8.954034805297852]]
[117401, 'popsize', 16]
[118251, 18, 0, [0.46220964193344116, -4.783884048461914]]
[118251, 17, 0, [3.2975640296936035, -9.332500457763672]]
[118251, 4, 0, [10.103117942810059, -4.626411437988281]]
[118251, 7, 0, [3.424882411956787, -1.6534233093261719]]
[118251, 0, 0, [10.447089195251465, -2.1178884506225586]]
[118251, 12, 0, [10.192322731018066, -8.97442626953125]]
[118251, 13, 0, [3.839890241622925, -7.149057865142822]]
[118251, 21, 0, [7.362035274505615, -8.651433944702148]]
[118251, 2, 1, [2.6516151428222656, -3.7795634269714355]]
[118251, 24, 1, [5.381961345672607, -7.1072678565979]]
[118251, 11, 1, [2.2630198001861572, -3.8493289947509766]]
[118251, 5, 1, [7.185194969177246, -11.331358909606934]]
[118251, 22, 1, [0.12364824116230011, -8.10889720916748]]
[118251, 1, 1, [12.376349449157715, -9.797113418579102]]
[118251, 14, 1, [0.12332329899072647, -4.477298736572266]]
[118251, 6, 1, [1.741613745689392, -8.946733474731445]]
[123501, 'popsize', 16]
[124351, 18, 0, [0.25964754819869995, -4.593545436859131]]
[124351, 17, 0, [3.3329176902770996, -9.332070350646973]]
[124351, 4, 0, [10.10063648223877, -4.638705730438232]]
[124351, 7, 0, [3.3443989753723145, -1.4382296800613403]]
[124351, 0, 0, [10.501033782958984, -2.125969409942627]]
[124351, 12, 0, [10.16537094116211, -8.996516227722168]]
[124351, 13, 0, [4.156352996826172, -6.829703330993652]]
[124351, 21, 0, [7.4536566734313965, -8.85498046875]]
[124351, 2, 1, [2.2972536087036133, -4.0641961097717285]]
[124351, 24, 1, [5.384442329406738, -7.110113620758057]]
[124351, 11, 1, [1.9795942306518555, -4.254145622253418]]
[124351, 5, 1, [7.1910295486450195, -11.344521522521973]]
[124351, 22, 1, [0.12364865839481354, -8.116117477416992]]
[124351, 1, 1, [12.376349449157715, -9.78913688659668]]
[124351, 14, 1, [0.12333878129720688, -4.458761215209961]]
[124351, 6, 1, [1.7810122966766357, -8.93550968170166]]
[129751, 'popsize', 17]
[130651, 18, 0, [0.24368521571159363, -4.570280075073242]]
[130651, 17, 0, [3.3535571098327637, -9.336648941040039]]
[130651, 4, 0, [10.088651657104492, -4.651830196380615]]
[130651, 7, 0, [3.3540050983428955, -1.4204785823822021]]
[130651, 0, 0, [10.498138427734375, -2.1129508018493652]]
[130651, 12, 0, [10.149591445922852, -9.011157035827637]]
[130651, 13, 0, [4.548198223114014, -6.565733432769775]]
[130651, 21, 0, [7.664737701416016, -8.835375785827637]]
[130651, 2, 1, [1.9079450368881226, -4.3678693771362305]]
[130651, 24, 1, [5.400664329528809, -7.101785182952881]]
[130651, 11, 1, [1.6972415447235107, -4.664954662322998]]
[130651, 5, 1, [7.175405025482178, -11.364717483520508]]
[130651, 22, 1, [0.12364443391561508, -8.123395919799805]]
[130651, 1, 1, [12.376348495483398, -9.781216621398926]]
[130651, 14, 1, [0.12372845411300659, -4.426547527313232]]
[130651, 6, 1, [1.7985126972198486, -8.929075241088867]]
[130651, 10, 1, [1.9134771823883057, -7.704074859619141]]
[136201, 'popsize', 17]
[137101, 18, 0, [0.2304210364818573, -4.543705940246582]]
[137101, 17, 0, [3.3691787719726562, -9.319182395935059]]
[137101, 4, 0, [10.078777313232422, -4.66558313369751]]
[137101, 7, 0, [3.4595723152160645, -1.2816932201385498]]
[137101, 0, 0, [10.520440101623535, -2.135868787765503]]
[137101, 12, 0, [10.113109588623047, -9.013113975524902]]
[137101, 13, 0, [5.019513130187988, -6.319923400878906]]
[137101, 21, 0, [7.725909233093262, -8.653332710266113]]
[137101, 2, 1, [1.9850051403045654, -4.394860744476318]]
[137101, 24, 1, [5.410775184631348, -7.096312522888184]]
[137101, 11, 1, [1.3819568157196045, -5.093114376068115]]
[137101, 5, 1, [7.18271541595459, -11.381746292114258]]
[137101, 22, 1, [0.12364636361598969, -8.131429672241211]]
[137101, 1, 1, [12.37634563446045, -9.773752212524414]]
[137101, 14, 1, [0.12464630603790283, -4.399562358856201]]
[137101, 6, 1, [1.806281328201294, -8.894264221191406]]
[137101, 10, 1, [2.406425714492798, -7.5701751708984375]]
[142851, 'popsize', 17]
[143751, 18, 0, [0.22108343243598938, -4.5173211097717285]]
[143751, 17, 0, [3.3825271129608154, -9.315105438232422]]
[143751, 4, 0, [10.064666748046875, -4.672353744506836]]
[143751, 7, 0, [3.6313400268554688, -0.8306004405021667]]
[143751, 0, 0, [10.492029190063477, -2.138246774673462]]
[143751, 12, 0, [10.090714454650879, -9.025586128234863]]
[143751, 13, 0, [5.531189918518066, -6.102311134338379]]
[143751, 21, 0, [7.509796142578125, -8.481576919555664]]
[143751, 2, 1, [2.111196279525757, -4.326971530914307]]
[143751, 24, 1, [5.451426982879639, -7.0899529457092285]]
[143751, 11, 1, [1.0561778545379639, -5.519003868103027]]
[143751, 5, 1, [7.171950340270996, -11.386307716369629]]
[143751, 22, 1, [0.12364580482244492, -8.139174461364746]]
[143751, 1, 1, [12.376355171203613, -9.765867233276367]]
[143751, 14, 1, [0.12468260526657104, -4.383753776550293]]
[143751, 6, 1, [1.821941614151001, -8.885848999023438]]
[143751, 10, 1, [2.7438254356384277, -7.349235534667969]]
[149551, 'popsize', 17]
[150451, 18, 0, [0.21660640835762024, -4.501023769378662]]
[150451, 17, 0, [3.3973212242126465, -9.313921928405762]]
[150451, 4, 0, [10.055130004882812, -4.688663482666016]]
[150451, 7, 0, [3.798564910888672, -0.37087780237197876]]
[150451, 0, 0, [10.520671844482422, -2.143566846847534]]
[150451, 12, 0, [10.065369606018066, -9.019536972045898]]
[150451, 13, 0, [6.056813716888428, -5.922153472900391]]
[150451, 21, 0, [7.309229850769043, -8.669502258300781]]
[150451, 2, 1, [2.4342832565307617, -4.618705749511719]]
[150451, 24, 1, [5.469695091247559, -7.063033103942871]]
[150451, 11, 1, [0.7295474410057068, -5.936143398284912]]
[150451, 5, 1, [7.150864601135254, -11.414178848266602]]
[150451, 22, 1, [0.12364040315151215, -8.146875381469727]]
[150451, 1, 1, [12.376359939575195, -9.758955001831055]]
[150451, 14, 1, [0.12471793591976166, -4.365339279174805]]
[150451, 6, 1, [1.8507051467895508, -8.862018585205078]]
[150451, 10, 1, [2.6208713054656982, -7.623137474060059]]
[156151, 'popsize', 17]
[157051, 18, 0, [0.21059556305408478, -4.481829643249512]]
[157051, 17, 0, [3.424175262451172, -9.32284164428711]]
[157051, 4, 0, [10.050671577453613, -4.70236349105835]]
[157051, 7, 0, [3.919964551925659, -0.12001649290323257]]
[157051, 0, 0, [10.489703178405762, -2.1842970848083496]]
[157051, 12, 0, [10.049295425415039, -9.046013832092285]]
[157051, 13, 0, [6.589953422546387, -5.786046504974365]]
[157051, 21, 0, [7.419454097747803, -8.881474494934082]]
[157051, 2, 1, [2.835036516189575, -4.982154369354248]]
[157051, 24, 1, [5.491645336151123, -7.054623603820801]]
[157051, 11, 1, [0.39435338973999023, -6.351550102233887]]
[157051, 5, 1, [7.1633429527282715, -11.407258033752441]]
[157051, 22, 1, [0.1236414909362793, -8.15479850769043]]
[157051, 1, 1, [12.376334190368652, -9.75218677520752]]
[157051, 14, 1, [0.12482458353042603, -4.34293794631958]]
[157051, 6, 1, [1.8678995370864868, -8.839943885803223]]
[157051, 10, 1, [2.5280890464782715, -8.124372482299805]]
[162701, 'popsize', 17]
[163601, 18, 0, [0.20431950688362122, -4.462949275970459]]
[163601, 17, 0, [3.457873582839966, -9.330767631530762]]
[163601, 4, 0, [10.039861679077148, -4.713115692138672]]
[163601, 7, 0, [3.938196897506714, -0.11867205798625946]]
[163601, 0, 0, [10.509767532348633, -2.1671905517578125]]
[163601, 12, 0, [10.025025367736816, -9.064287185668945]]
[163601, 13, 0, [7.134657859802246, -5.681951999664307]]
[163601, 21, 0, [7.67199182510376, -8.801295280456543]]
[163601, 2, 1, [2.879523754119873, -4.973415374755859]]
[163601, 24, 1, [5.502849102020264, -7.038163185119629]]
[163601, 11, 1, [0.5000730752944946, -6.20738410949707]]
[163601, 5, 1, [7.155980587005615, -11.421857833862305]]
[163601, 22, 1, [0.12364400923252106, -8.162233352661133]]
[163601, 1, 1, [12.376346588134766, -9.745606422424316]]
[163601, 14, 1, [0.12489183247089386, -4.32131290435791]]
[163601, 6, 1, [1.8807706832885742, -8.817651748657227]]
[163601, 10, 1, [2.6568782329559326, -8.545411109924316]]
[169051, 'popsize', 17]
[169951, 18, 0, [0.19894351065158844, -4.44234037399292]]
[169951, 17, 0, [3.417954206466675, -9.283397674560547]]
[169951, 4, 0, [10.044225692749023, -4.7443976402282715]]
[169951, 7, 0, [3.967280626296997, -0.11578939855098724]]
[169951, 0, 0, [10.539294242858887, -2.1538519859313965]]
[169951, 12, 0, [10.005270957946777, -9.095531463623047]]
[169951, 13, 0, [7.6665449142456055, -5.604487419128418]]
[169951, 21, 0, [7.668027400970459, -8.558862686157227]]
[169951, 2, 1, [2.424811840057373, -4.787228584289551]]
[169951, 24, 1, [5.518562316894531, -7.03354024887085]]
[169951, 11, 1, [0.38200849294662476, -6.370863437652588]]
[169951, 5, 1, [7.139118194580078, -11.418621063232422]]
[169951, 22, 1, [0.12364939600229263, -8.169868469238281]]
[169951, 1, 1, [12.376348495483398, -9.738654136657715]]
[169951, 14, 1, [0.1249062791466713, -4.297060489654541]]
[169951, 6, 1, [1.8966528177261353, -8.792048454284668]]
[169951, 10, 1, [2.718135356903076, -8.518905639648438]]
[175201, 'popsize', 17]
[176101, 18, 0, [0.1932617723941803, -4.418911933898926]]
[176101, 17, 0, [3.4388556480407715, -9.362104415893555]]
[176101, 4, 0, [10.037771224975586, -4.7630462646484375]]
[176101, 7, 0, [3.983464479446411, -0.11237512528896332]]
[176101, 0, 0, [10.55903434753418, -2.1592836380004883]]
[176101, 12, 0, [10.005901336669922, -9.133806228637695]]
[176101, 13, 0, [8.175759315490723, -5.548313617706299]]
[176101, 21, 0, [7.49529504776001, -8.484731674194336]]
[176101, 2, 1, [1.9533475637435913, -4.5899553298950195]]
[176101, 24, 1, [5.528869152069092, -7.025676727294922]]
[176101, 11, 1, [0.34315621852874756, -6.4272308349609375]]
[176101, 5, 1, [7.097132682800293, -11.412485122680664]]
[176101, 22, 1, [0.12364725768566132, -8.177732467651367]]
[176101, 1, 1, [12.376359939575195, -9.731348037719727]]
[176101, 14, 1, [0.12485168129205704, -4.2708563804626465]]
[176101, 6, 1, [1.9113142490386963, -8.779519081115723]]
[176101, 10, 1, [3.146535873413086, -8.286568641662598]]
[181551, 'popsize', 17]
[182451, 18, 0, [0.18732598423957825, -4.394515037536621]]
[182451, 17, 0, [3.3826751708984375, -9.353509902954102]]
[182451, 4, 0, [10.034329414367676, -4.771359443664551]]
[182451, 7, 0, [4.0171332359313965, -0.122855544090271]]
[182451, 0, 0, [10.58293628692627, -2.1654489040374756]]
[182451, 12, 0, [10.016355514526367, -9.154498100280762]]
[182451, 13, 0, [8.60020923614502, -5.4395647048950195]]
[182451, 21, 0, [7.315396785736084, -8.670248985290527]]
[182451, 2, 1, [1.4786300659179688, -4.354588985443115]]
[182451, 24, 1, [5.537674903869629, -6.999885559082031]]
[182451, 11, 1, [0.31933456659317017, -6.464984893798828]]
[182451, 5, 1, [6.971291542053223, -11.368938446044922]]
[182451, 22, 1, [0.12365017831325531, -8.184957504272461]]
[182451, 1, 1, [12.37635612487793, -9.724742889404297]]
[182451, 14, 1, [0.1249079555273056, -4.24385929107666]]
[182451, 6, 1, [1.9244022369384766, -8.767379760742188]]
[182451, 10, 1, [3.571977138519287, -8.032033920288086]]
[188201, 'popsize', 17]
[189101, 18, 0, [0.1793087273836136, -4.365457534790039]]
[189101, 17, 0, [3.4150943756103516, -9.355005264282227]]
[189101, 4, 0, [10.023069381713867, -4.768174648284912]]
[189101, 7, 0, [4.037965297698975, -0.12038566172122955]]
[189101, 0, 0, [10.545807838439941, -2.196394205093384]]
[189101, 12, 0, [10.038629531860352, -9.226245880126953]]
[189101, 13, 0, [8.961029052734375, -5.193517684936523]]
[189101, 21, 0, [7.457949161529541, -8.888246536254883]]
[189101, 2, 1, [1.482966661453247, -4.462605953216553]]
[189101, 24, 1, [5.556838035583496, -6.968208312988281]]
[189101, 11, 1, [0.28526195883750916, -6.514930725097656]]
[189101, 5, 1, [6.877616882324219, -11.324281692504883]]
[189101, 22, 1, [0.12364991754293442, -8.19347095489502]]
[189101, 1, 1, [12.376337051391602, -9.716389656066895]]
[189101, 14, 1, [0.12485371530056, -4.211795330047607]]
[189101, 6, 1, [1.9521777629852295, -8.75265121459961]]
[189101, 10, 1, [4.002216815948486, -7.733999729156494]]
[194701, 'popsize', 17]
[195601, 18, 0, [0.16915538907051086, -4.33159065246582]]
[195601, 17, 0, [3.4549307823181152, -9.375405311584473]]
[195601, 4, 0, [10.02090835571289, -4.773390769958496]]
[195601, 7, 0, [4.053326606750488, -0.12033889442682266]]
[195601, 0, 0, [10.574230194091797, -2.1820178031921387]]
[195601, 12, 0, [10.018571853637695, -9.263823509216309]]
[195601, 13, 0, [8.847428321838379, -5.4288859367370605]]
[195601, 21, 0, [7.69260311126709, -8.786192893981934]]
[195601, 2, 1, [1.7339099645614624, -4.952519416809082]]
[195601, 24, 1, [5.580207347869873, -6.9599714279174805]]
[195601, 11, 1, [0.2279401272535324, -6.596169471740723]]
[195601, 5, 1, [6.848544120788574, -11.35340404510498]]
[195601, 22, 1, [0.1236458420753479, -8.20046329498291]]
[195601, 1, 1, [12.376351356506348, -9.707497596740723]]
[195601, 14, 1, [0.12428337335586548, -4.173359394073486]]
[195601, 6, 1, [1.9609813690185547, -8.739476203918457]]
[195601, 10, 1, [4.053840160369873, -7.649546146392822]]
[201302, 'popsize', 17]
[202202, 18, 0, [0.16006450355052948, -4.28945255279541]]
[202202, 17, 0, [3.4103400707244873, -9.332322120666504]]
[202202, 4, 0, [10.025331497192383, -4.78655481338501]]
[202202, 7, 0, [4.072073459625244, -0.12023723125457764]]
[202202, 0, 0, [10.604650497436523, -2.1869332790374756]]
[202202, 12, 0, [9.993810653686523, -9.265606880187988]]
[202202, 13, 0, [8.576120376586914, -5.903208255767822]]
[202202, 21, 0, [7.6958417892456055, -8.604360580444336]]
[202202, 2, 1, [1.9511058330535889, -5.463808536529541]]
[202202, 24, 1, [5.60205602645874, -6.960282802581787]]
[202202, 11, 1, [0.3289188742637634, -6.440237522125244]]
[202202, 5, 1, [6.822086334228516, -11.363980293273926]]
[202202, 22, 1, [0.12363821268081665, -8.207345008850098]]
[202202, 1, 1, [12.376341819763184, -9.699956893920898]]
[202202, 14, 1, [0.1241854876279831, -4.130124092102051]]
[202202, 6, 1, [1.9885814189910889, -8.72895622253418]]
[202202, 10, 1, [3.583408832550049, -7.7828545570373535]]
[207802, 'popsize', 17]
[208702, 18, 0, [0.1517535001039505, -4.248556613922119]]
[208702, 17, 0, [3.434860944747925, -9.332918167114258]]
[208702, 4, 0, [10.025359153747559, -4.792294502258301]]
[208702, 7, 0, [4.086450099945068, -0.1416817158460617]]
[208702, 0, 0, [10.623796463012695, -2.1996493339538574]]
[208702, 12, 0, [9.993179321289062, -9.255497932434082]]
[208702, 13, 0, [8.28190803527832, -6.362364768981934]]
[208702, 21, 0, [7.527540683746338, -8.49870491027832]]
[208702, 2, 1, [2.1252310276031494, -5.987157821655273]]
[208702, 24, 1, [5.608985900878906, -6.954789638519287]]
[208702, 11, 1, [0.1941593587398529, -6.662341117858887]]
[208702, 5, 1, [6.799504280090332, -11.364219665527344]]
[208702, 22, 1, [0.12364932149648666, -8.215557098388672]]
[208702, 1, 1, [12.376362800598145, -9.691844940185547]]
[208702, 14, 1, [0.12394740432500839, -4.088530540466309]]
[208702, 6, 1, [1.996061086654663, -8.702873229980469]]
[208702, 10, 1, [3.162161350250244, -7.979414463043213]]
[214302, 'popsize', 17]
[215202, 18, 0, [0.14302445948123932, -4.204188823699951]]
[215202, 17, 0, [3.447995662689209, -9.335323333740234]]
[215202, 4, 0, [10.029092788696289, -4.804879665374756]]
[215202, 7, 0, [4.0938215255737305, -0.16069598495960236]]
[215202, 0, 0, [10.605111122131348, -2.250145196914673]]
[215202, 12, 0, [9.994603157043457, -9.267195701599121]]
[215202, 13, 0, [7.965390205383301, -6.805010795593262]]
[215202, 21, 0, [7.335357666015625, -8.645051002502441]]
[215202, 2, 1, [2.2622694969177246, -6.521564483642578]]
[215202, 24, 1, [5.633171081542969, -6.948641300201416]]
[215202, 11, 1, [0.1540282815694809, -6.729465484619141]]
[215202, 5, 1, [6.785142421722412, -11.367581367492676]]
[215202, 22, 1, [0.12364362180233002, -8.223471641540527]]
[215202, 1, 1, [12.376354217529297, -9.683444023132324]]
[215202, 14, 1, [0.1233600527048111, -4.041166305541992]]
[215202, 6, 1, [2.0241708755493164, -8.702047348022461]]
[215202, 10, 1, [2.9489800930023193, -8.20423698425293]]
[220652, 'popsize', 17]
[221552, 18, 0, [0.13663043081760406, -4.154367923736572]]
[221552, 17, 0, [3.4659435749053955, -9.326501846313477]]
[221552, 4, 0, [10.025604248046875, -4.813422203063965]]
[221552, 7, 0, [4.085991382598877, -0.19373078644275665]]
[221552, 0, 0, [10.626449584960938, -2.2789368629455566]]
[221552, 12, 0, [9.998106002807617, -9.286417961120605]]
[221552, 13, 0, [7.650820255279541, -7.200844764709473]]
[221552, 21, 0, [7.425312042236328, -8.825703620910645]]
[221552, 2, 1, [2.3694844245910645, -7.047580718994141]]
[221552, 24, 1, [5.655097484588623, -6.934075355529785]]
[221552, 11, 1, [0.16985400021076202, -6.761582851409912]]
[221552, 5, 1, [6.779350280761719, -11.38474178314209]]
[221552, 22, 1, [0.12364580482244492, -8.230093002319336]]
[221552, 1, 1, [12.37634563446045, -9.674880027770996]]
[221552, 14, 1, [0.12334360927343369, -3.992616653442383]]
[221552, 6, 1, [2.050417423248291, -8.704070091247559]]
[221552, 10, 1, [2.8647730350494385, -7.95340633392334]]
[226802, 'popsize', 17]
[227702, 18, 0, [0.1315540075302124, -4.105373382568359]]
[227702, 17, 0, [3.5081238746643066, -9.313043594360352]]
[227702, 4, 0, [10.022370338439941, -4.841835021972656]]
[227702, 7, 0, [4.0745978355407715, -0.13331519067287445]]
[227702, 0, 0, [10.643199920654297, -2.229984998703003]]
[227702, 12, 0, [9.962812423706055, -9.302032470703125]]
[227702, 13, 0, [7.322426795959473, -7.557273864746094]]
[227702, 21, 0, [7.624087333679199, -8.827959060668945]]
[227702, 2, 1, [2.4467084407806396, -7.562313079833984]]
[227702, 24, 1, [5.6797637939453125, -6.928991794586182]]
[227702, 11, 1, [0.33665353059768677, -6.576760292053223]]
[227702, 5, 1, [6.759881019592285, -11.393839836120605]]
[227702, 22, 1, [0.12364695221185684, -8.237228393554688]]
[227702, 1, 1, [12.376357078552246, -9.667481422424316]]
[227702, 14, 1, [0.12333913892507553, -3.9432854652404785]]
[227702, 6, 1, [2.0712485313415527, -8.71639347076416]]
[227702, 10, 1, [2.62605357170105, -7.502863883972168]]
[232952, 'popsize', 17]
[233852, 18, 0, [0.13084113597869873, -4.068787574768066]]
[233852, 17, 0, [3.5412681102752686, -9.313117027282715]]
[233852, 4, 0, [10.016654014587402, -4.87783145904541]]
[233852, 7, 0, [4.118504524230957, -0.11909414827823639]]
[233852, 0, 0, [10.680501937866211, -2.2414183616638184]]
[233852, 12, 0, [9.910945892333984, -9.32689094543457]]
[233852, 13, 0, [6.965367794036865, -7.8760552406311035]]
[233852, 21, 0, [7.763671875, -8.658784866333008]]
[233852, 2, 1, [2.483933210372925, -7.904107570648193]]
[233852, 24, 1, [5.700924873352051, -6.925065517425537]]
[233852, 11, 1, [0.4495845437049866, -6.4325151443481445]]
[233852, 5, 1, [6.723133087158203, -11.398357391357422]]
[233852, 22, 1, [0.123637855052948, -8.244504928588867]]
[233852, 1, 1, [12.376360893249512, -9.658941268920898]]
[233852, 14, 1, [0.12333665788173676, -3.9079513549804688]]
[233852, 6, 1, [2.0960323810577393, -8.711077690124512]]
[233852, 10, 1, [2.3264834880828857, -7.131427764892578]]
[239152, 'popsize', 17]
[240052, 18, 0, [0.1303468495607376, -4.0332932472229]]
[240052, 17, 0, [3.5601532459259033, -9.30140495300293]]
[240052, 4, 0, [10.012227058410645, -4.894980430603027]]
[240052, 7, 0, [4.131623268127441, -0.2720193862915039]]
[240052, 0, 0, [10.643598556518555, -2.2667269706726074]]
[240052, 12, 0, [9.859868049621582, -9.352082252502441]]
[240052, 13, 0, [6.57956075668335, -8.181862831115723]]
[240052, 21, 0, [7.691778659820557, -8.466180801391602]]
[240052, 2, 1, [2.5118184089660645, -7.860395908355713]]
[240052, 24, 1, [5.728569984436035, -6.932117462158203]]
[240052, 11, 1, [0.4022063612937927, -6.490538120269775]]
[240052, 5, 1, [6.722898006439209, -11.394481658935547]]
[240052, 22, 1, [0.12365736812353134, -8.25200366973877]]
[240052, 1, 1, [12.376351356506348, -9.65147590637207]]
[240052, 14, 1, [0.12333868443965912, -3.8723902702331543]]
[240052, 6, 1, [2.113823413848877, -8.692268371582031]]
[240052, 10, 1, [2.0499603748321533, -6.9859795570373535]]
[245602, 'popsize', 17]
[246502, 18, 0, [0.12951865792274475, -3.9898324012756348]]
[246502, 17, 0, [3.5841541290283203, -9.2819242477417]]
[246502, 4, 0, [10.009645462036133, -4.900673866271973]]
[246502, 7, 0, [4.124122142791748, -0.24146954715251923]]
[246502, 0, 0, [10.6691255569458, -2.2555978298187256]]
[246502, 12, 0, [9.835531234741211, -9.360953330993652]]
[246502, 13, 0, [6.152351379394531, -8.480944633483887]]
[246502, 21, 0, [7.447295188903809, -8.58031940460205]]
[246502, 2, 1, [2.7609012126922607, -7.674259185791016]]
[246502, 24, 1, [5.744830131530762, -6.924630641937256]]
[246502, 11, 1, [0.4997691214084625, -6.367337226867676]]
[246502, 5, 1, [6.710694313049316, -11.398133277893066]]
[246502, 22, 1, [0.12363811582326889, -8.260027885437012]]
[246502, 1, 1, [12.376351356506348, -9.644243240356445]]
[246502, 14, 1, [0.12334010750055313, -3.829139232635498]]
[246502, 6, 1, [2.1232352256774902, -8.68233585357666]]
[246502, 10, 1, [1.971840500831604, -7.089641571044922]]
[253152, 'popsize', 17]
[254052, 18, 0, [0.12877343595027924, -3.9362270832061768]]
[254052, 17, 0, [3.603442668914795, -9.309835433959961]]
[254052, 4, 0, [10.049681663513184, -4.902557849884033]]
[254052, 7, 0, [4.131167888641357, -0.12255905568599701]]
[254052, 0, 0, [10.687570571899414, -2.2690634727478027]]
[254052, 12, 0, [9.80411148071289, -9.362594604492188]]
[254052, 13, 0, [5.612957954406738, -8.81589126586914]]
[254052, 21, 0, [7.5841193199157715, -8.832991600036621]]
[254052, 2, 1, [2.6559319496154785, -7.138467311859131]]
[254052, 24, 1, [5.778487682342529, -6.890506744384766]]
[254052, 11, 1, [0.5185078382492065, -6.34359884262085]]
[254052, 5, 1, [6.691645622253418, -11.440205574035645]]
[254052, 22, 1, [0.1236448660492897, -8.268896102905273]]
[254052, 1, 1, [12.376357078552246, -9.633662223815918]]
[254052, 14, 1, [0.1233239620923996, -3.7756094932556152]]
[254052, 6, 1, [2.1436429023742676, -8.68248176574707]]
[254052, 10, 1, [1.9977390766143799, -7.079170227050781]]
[260752, 'popsize', 17]
[261652, 18, 0, [0.12816864252090454, -3.889646053314209]]
[261652, 17, 0, [3.65160870552063, -9.310579299926758]]
[261652, 4, 0, [10.056868553161621, -4.942943572998047]]
[261652, 7, 0, [4.13395881652832, -0.13640402257442474]]
[261652, 0, 0, [10.706008911132812, -2.2816638946533203]]
[261652, 12, 0, [9.801507949829102, -9.369597434997559]]
[261652, 13, 0, [5.241024971008301, -9.164155006408691]]
[261652, 21, 0, [7.773285865783691, -8.552927017211914]]
[261652, 2, 1, [2.4346184730529785, -6.535849571228027]]
[261652, 24, 1, [5.787015438079834, -6.877530574798584]]
[261652, 11, 1, [0.33426228165626526, -6.593606472015381]]
[261652, 5, 1, [6.648911476135254, -11.466437339782715]]
[261652, 22, 1, [0.12364289909601212, -8.277342796325684]]
[261652, 1, 1, [12.376348495483398, -9.625722885131836]]
[261652, 14, 1, [0.1233304962515831, -3.7288832664489746]]
[261652, 6, 1, [2.117143154144287, -8.670999526977539]]
[261652, 10, 1, [2.20585298538208, -6.759191989898682]]
[268002, 'popsize', 17]
[268902, 18, 0, [0.1281384527683258, -3.846433639526367]]
[268902, 17, 0, [3.599903106689453, -9.331938743591309]]
[268902, 4, 0, [10.041924476623535, -4.981944561004639]]
[268902, 7, 0, [4.211803913116455, -0.18087854981422424]]
[268902, 0, 0, [10.693289756774902, -2.3124661445617676]]
[268902, 12, 0, [9.81328010559082, -9.383642196655273]]
[268902, 13, 0, [5.032706260681152, -9.741198539733887]]
[268902, 21, 0, [7.528533935546875, -8.483375549316406]]
[268902, 2, 1, [2.3164758682250977, -6.1263909339904785]]
[268902, 24, 1, [5.784372806549072, -6.873213768005371]]
[268902, 11, 1, [0.26348865032196045, -6.693394660949707]]
[268902, 5, 1, [6.6243391036987305, -11.497276306152344]]
[268902, 22, 1, [0.12363468110561371, -8.286256790161133]]
[268902, 1, 1, [12.376347541809082, -9.616216659545898]]
[268902, 14, 1, [0.12332955747842789, -3.686310291290283]]
[268902, 6, 1, [2.112211227416992, -8.6778564453125]]
[268902, 10, 1, [2.4408020973205566, -6.226151466369629]]
[275552, 'popsize', 17]
[276452, 18, 0, [0.12829457223415375, -3.800196409225464]]
[276452, 17, 0, [3.5696349143981934, -9.280138969421387]]
[276452, 4, 0, [9.997037887573242, -5.0097551345825195]]
[276452, 7, 0, [4.302597999572754, -0.14590835571289062]]
[276452, 0, 0, [10.71876335144043, -2.31477689743042]]
[276452, 12, 0, [9.819717407226562, -9.407371520996094]]
[276452, 13, 0, [4.776850700378418, -10.327085494995117]]
[276452, 21, 0, [7.5080156326293945, -8.703399658203125]]
[276452, 2, 1, [2.3979854583740234, -6.132871627807617]]
[276452, 24, 1, [5.7911224365234375, -6.9095458984375]]
[276452, 11, 1, [0.20800714194774628, -6.778738498687744]]
[276452, 5, 1, [6.6035919189453125, -11.517812728881836]]
[276452, 22, 1, [0.12365033477544785, -8.2958402633667]]
[276452, 1, 1, [12.376346588134766, -9.60646915435791]]
[276452, 14, 1, [0.12333080917596817, -3.6394944190979004]]
[276452, 6, 1, [2.111525058746338, -8.688373565673828]]
[276452, 10, 1, [2.418062686920166, -5.974003314971924]]
[283052, 'popsize', 17]
[283952, 18, 0, [0.12820950150489807, -3.756129503250122]]
[283952, 17, 0, [3.60833477973938, -9.292597770690918]]
[283952, 4, 0, [9.979427337646484, -5.003218650817871]]
[283952, 7, 0, [4.313793182373047, -0.18889713287353516]]
[283952, 0, 0, [10.74133586883545, -2.316845417022705]]
[283952, 12, 0, [9.838552474975586, -9.435796737670898]]
[283952, 13, 0, [4.480166435241699, -10.88362979888916]]
[283952, 21, 0, [7.7678399085998535, -8.763564109802246]]
[283952, 2, 1, [2.428868532180786, -6.138075351715088]]
[283952, 24, 1, [5.833127498626709, -6.925328254699707]]
[283952, 11, 1, [0.35289615392684937, -6.573110103607178]]
[283952, 5, 1, [6.548712253570557, -11.520938873291016]]
[283952, 22, 1, [0.12364085018634796, -8.304892539978027]]
[283952, 1, 1, [12.376337051391602, -9.598085403442383]]
[283952, 14, 1, [0.12332959473133087, -3.5957958698272705]]
[283952, 6, 1, [2.156334638595581, -8.681507110595703]]
[283952, 10, 1, [2.27885103225708, -6.205691337585449]]
[290052, 'popsize', 17]
[290952, 18, 0, [0.12829548120498657, -3.7125163078308105]]
[290952, 17, 0, [3.54998517036438, -9.265716552734375]]
[290952, 4, 0, [9.982766151428223, -5.001820087432861]]
[290952, 7, 0, [4.344628810882568, -0.15270307660102844]]
[290952, 0, 0, [10.758545875549316, -2.327777624130249]]
[290952, 12, 0, [9.845457077026367, -9.451630592346191]]
[290952, 13, 0, [4.16880464553833, -11.380966186523438]]
[290952, 21, 0, [7.859223365783691, -8.543133735656738]]
[290952, 2, 1, [2.3502933979034424, -6.0742878913879395]]
[290952, 24, 1, [5.864703178405762, -6.937202453613281]]
[290952, 11, 1, [0.20367160439491272, -6.7892889976501465]]
[290952, 5, 1, [6.501769065856934, -11.538138389587402]]
[290952, 22, 1, [0.12364038079977036, -8.313055038452148]]
[290952, 1, 1, [12.376334190368652, -9.589887619018555]]
[290952, 14, 1, [0.12333893775939941, -3.5523502826690674]]
[290952, 6, 1, [2.1626157760620117, -8.648588180541992]]
[290952, 10, 1, [2.4631638526916504, -6.170888423919678]]
[297452, 'popsize', 17]
[298353, 18, 0, [0.1282559633255005, -3.6683623790740967]]
[298353, 17, 0, [3.612379789352417, -9.278182029724121]]
[298353, 4, 0, [10.018811225891113, -5.014161586761475]]
[298353, 7, 0, [4.3371477127075195, -0.18157309293746948]]
[298353, 0, 0, [10.771024703979492, -2.3416073322296143]]
[298353, 12, 0, [9.832962036132812, -9.486645698547363]]
[298353, 13, 0, [3.8168609142303467, -11.870771408081055]]
[298353, 21, 0, [7.680829048156738, -8.400663375854492]]
[298353, 2, 1, [2.370119571685791, -6.0446977615356445]]
[298353, 24, 1, [5.917953968048096, -6.915614128112793]]
[298353, 11, 1, [0.3741271495819092, -6.586893558502197]]
[298353, 5, 1, [6.47467565536499, -11.541921615600586]]
[298353, 22, 1, [0.1236468106508255, -8.321330070495605]]
[298353, 1, 1, [12.376349449157715, -9.581449508666992]]
[298353, 14, 1, [0.12342628091573715, -3.5085060596466064]]
[298353, 6, 1, [2.1751255989074707, -8.605011940002441]]
[298353, 10, 1, [2.431570053100586, -5.889392852783203]]
[305103, 'popsize', 17]
[306003, 18, 0, [0.12826776504516602, -3.6219322681427]]
[306003, 17, 0, [3.5642166137695312, -9.296243667602539]]
[306003, 4, 0, [10.034647941589355, -5.057608604431152]]
[306003, 7, 0, [4.379669666290283, -0.18900832533836365]]
[306003, 0, 0, [10.76457691192627, -2.37168550491333]]
[306003, 12, 0, [9.794493675231934, -9.521846771240234]]
[306003, 13, 0, [3.4449825286865234, -12.339766502380371]]
[306003, 21, 0, [7.456311225891113, -8.590703964233398]]
[306003, 2, 1, [2.3965706825256348, -5.89566707611084]]
[306003, 24, 1, [5.94638729095459, -6.877701759338379]]
[306003, 11, 1, [0.4215855002403259, -6.522918701171875]]
[306003, 5, 1, [6.431584358215332, -11.544881820678711]]
[306003, 22, 1, [0.12364568561315536, -8.32968521118164]]
[306003, 1, 1, [12.37634563446045, -9.571481704711914]]
[306003, 14, 1, [0.1233343631029129, -3.4610610008239746]]
[306003, 6, 1, [2.210414171218872, -8.552216529846191]]
[306003, 10, 1, [2.3627536296844482, -5.7142109870910645]]
[312603, 'popsize', 17]
[313503, 18, 0, [0.12812665104866028, -3.577300548553467]]
[313503, 17, 0, [3.5255725383758545, -9.2684326171875]]
[313503, 4, 0, [10.016374588012695, -5.112786293029785]]
[313503, 7, 0, [4.445609092712402, -0.12351598590612411]]
[313503, 0, 0, [10.794509887695312, -2.3679137229919434]]
[313503, 12, 0, [9.740358352661133, -9.55817985534668]]
[313503, 13, 0, [3.4225871562957764, -12.376672744750977]]
[313503, 21, 0, [7.652997016906738, -8.797369956970215]]
[313503, 2, 1, [2.4127392768859863, -5.751595973968506]]
[313503, 24, 1, [5.967312812805176, -6.834224700927734]]
[313503, 11, 1, [0.24637672305107117, -6.763458251953125]]
[313503, 5, 1, [6.414206504821777, -11.575872421264648]]
[313503, 22, 1, [0.12364757061004639, -8.338682174682617]]
[313503, 1, 1, [12.37635326385498, -9.562068939208984]]
[313503, 14, 1, [0.12333004176616669, -3.4168403148651123]]
[313503, 6, 1, [2.2174744606018066, -8.524731636047363]]
[313503, 10, 1, [2.257514238357544, -5.665359973907471]]
[320203, 'popsize', 17]
[321103, 18, 0, [0.12814149260520935, -3.5320334434509277]]
[321103, 17, 0, [3.561335802078247, -9.265558242797852]]
[321103, 4, 0, [9.985074043273926, -5.122000217437744]]
[321103, 7, 0, [4.467825412750244, -0.1439143717288971]]
[321103, 0, 0, [10.812467575073242, -2.3814337253570557]]
[321103, 12, 0, [9.73468017578125, -9.564697265625]]
[321103, 13, 0, [3.4142391681671143, -12.376679420471191]]
[321103, 21, 0, [7.872602939605713, -8.585932731628418]]
[321103, 2, 1, [2.308985710144043, -5.583138465881348]]
[321103, 24, 1, [5.940523147583008, -6.816241264343262]]
[321103, 11, 1, [0.3789427578449249, -6.5696306228637695]]
[321103, 5, 1, [6.395357608795166, -11.624595642089844]]
[321103, 22, 1, [0.12364111840724945, -8.347902297973633]]
[321103, 1, 1, [12.37635612487793, -9.553558349609375]]
[321103, 14, 1, [0.1233278140425682, -3.3715100288391113]]
[321103, 6, 1, [2.188509225845337, -8.502260208129883]]
[321103, 10, 1, [2.2809674739837646, -5.42650842666626]]
[327703, 'popsize', 17]
[328603, 18, 0, [0.12821947038173676, -3.488346815109253]]
[328603, 17, 0, [3.514331102371216, -9.26859188079834]]
[328603, 4, 0, [10.013513565063477, -5.112203598022461]]
[328603, 7, 0, [4.442856311798096, -0.12443578243255615]]
[328603, 0, 0, [10.831311225891113, -2.3932952880859375]]
[328603, 12, 0, [9.754796028137207, -9.573225021362305]]
[328603, 13, 0, [3.406263828277588, -12.376666069030762]]
[328603, 21, 0, [7.660384178161621, -8.383207321166992]]
[328603, 2, 1, [2.375441074371338, -5.4916558265686035]]
[328603, 24, 1, [5.959359169006348, -6.825438022613525]]
[328603, 11, 1, [0.4205958843231201, -6.509761810302734]]
[328603, 5, 1, [6.353030204772949, -11.645805358886719]]
[328603, 22, 1, [0.12363912165164948, -8.355875968933105]]
[328603, 1, 1, [12.376350402832031, -9.544492721557617]]
[328603, 14, 1, [0.12332285940647125, -3.327768325805664]]
[328603, 6, 1, [2.180636167526245, -8.50062370300293]]
[328603, 10, 1, [2.2653138637542725, -5.371696949005127]]
[335053, 'popsize', 17]
[335953, 18, 0, [0.12819015979766846, -3.440911054611206]]
[335953, 17, 0, [3.490842819213867, -9.216432571411133]]
[335953, 4, 0, [10.028902053833008, -5.126861095428467]]
[335953, 7, 0, [4.50633430480957, -0.11252468824386597]]
[335953, 0, 0, [10.81346607208252, -2.428656816482544]]
[335953, 12, 0, [9.731542587280273, -9.573897361755371]]
[335953, 13, 0, [3.39884877204895, -12.376677513122559]]
[335953, 21, 0, [7.465181827545166, -8.565414428710938]]
[335953, 2, 1, [2.3314948081970215, -5.338226795196533]]
[335953, 24, 1, [5.9846720695495605, -6.821097373962402]]
[335953, 11, 1, [0.25750526785850525, -6.7539496421813965]]
[335953, 5, 1, [6.310189247131348, -11.676607131958008]]
[335953, 22, 1, [0.1236429214477539, -8.365134239196777]]
[335953, 1, 1, [12.376331329345703, -9.535629272460938]]
[335953, 14, 1, [0.1233314499258995, -3.2802398204803467]]
[335953, 6, 1, [2.208200216293335, -8.500483512878418]]
[335953, 10, 1, [2.3467133045196533, -5.1792192459106445]]
[341853, 'popsize', 17]
[344253, 6, 1, [2.256075382232666, -8.438920974731445]]
[344253, 10, 1, [2.360255718231201, -5.0844011306762695]]
[345103, 'popsize', 2]
[345253, 6, 1, [2.2598938941955566, -8.405942916870117]]
[345253, 10, 1, [2.370600938796997, -5.083600044250488]]
[346053, 'popsize', 2]
[346203, 6, 1, [2.2420525550842285, -8.38502025604248]]
[346203, 10, 1, [2.380096912384033, -5.083732604980469]]
[347003, 'popsize', 2]
[347153, 6, 1, [2.2199487686157227, -8.385526657104492]]
[347153, 10, 1, [2.387861728668213, -5.084784507751465]]
[348003, 'popsize', 2]
[348253, 10, 1, [2.398963451385498, -5.086134910583496]]
