[time, indiv, gender, coords]
[6900, 'popsize', 15]
[7700, 2, 0, [2.080456495285034, -10.794583320617676]]
[7700, 20, 0, [7.866272926330566, -6.982054233551025]]
[7700, 11, 0, [5.635842800140381, -2.145951271057129]]
[7700, 8, 0, [9.914385795593262, -6.6932783126831055]]
[7700, 16, 0, [7.118127346038818, -8.795036315917969]]
[7700, 1, 0, [10.121652603149414, -10.92502498626709]]
[7700, 21, 0, [5.582466125488281, -9.249100685119629]]
[7700, 24, 0, [5.007082939147949, -7.177790641784668]]
[7700, 13, 1, [3.218299388885498, -10.889974594116211]]
[7700, 10, 1, [1.8537559509277344, -7.430886745452881]]
[7700, 19, 1, [7.363118648529053, -5.015816688537598]]
[7700, 6, 1, [2.1751058101654053, -9.241405487060547]]
[7700, 18, 1, [3.6206066608428955, -4.578115940093994]]
[7700, 17, 1, [3.6159443855285645, -9.448202133178711]]
[7700, 14, 1, [1.8335660696029663, -4.75201416015625]]
[13650, 'popsize', 15]
[14450, 2, 0, [2.63742733001709, -10.70919418334961]]
[14450, 20, 0, [8.424837112426758, -6.930203437805176]]
[14450, 11, 0, [5.646513938903809, -2.1670849323272705]]
[14450, 8, 0, [9.342793464660645, -6.653739929199219]]
[14450, 16, 0, [6.5524001121521, -8.758533477783203]]
[14450, 1, 0, [10.314702987670898, -10.966586112976074]]
[14450, 21, 0, [6.13945198059082, -9.226926803588867]]
[14450, 24, 0, [5.0141143798828125, -7.17748498916626]]
[14450, 13, 1, [3.2029731273651123, -10.9188871383667]]
[14450, 10, 1, [2.3108811378479004, -7.187169075012207]]
[14450, 19, 1, [7.050502777099609, -5.360132217407227]]
[14450, 6, 1, [2.696406364440918, -9.192195892333984]]
[14450, 18, 1, [3.818833827972412, -4.522168159484863]]
[14450, 17, 1, [4.162465572357178, -9.422880172729492]]
[14450, 14, 1, [1.9279998540878296, -4.482907295227051]]
[20050, 'popsize', 15]
[20850, 2, 0, [3.1365160942077637, -10.594132423400879]]
[20850, 20, 0, [8.961950302124023, -6.860719203948975]]
[20850, 11, 0, [5.646579742431641, -2.1922364234924316]]
[20850, 8, 0, [8.802773475646973, -6.585801601409912]]
[20850, 16, 0, [6.012892246246338, -8.693306922912598]]
[20850, 1, 0, [10.748310089111328, -11.250136375427246]]
[20850, 21, 0, [6.6394758224487305, -9.180879592895508]]
[20850, 24, 0, [5.020713806152344, -7.167261600494385]]
[20850, 13, 1, [3.1860311031341553, -10.941755294799805]]
[20850, 10, 1, [2.791832208633423, -6.992529392242432]]
[20850, 19, 1, [6.799776554107666, -5.743622779846191]]
[20850, 6, 1, [3.18048095703125, -9.090697288513184]]
[20850, 18, 1, [3.8230602741241455, -4.524557113647461]]
[20850, 17, 1, [4.676605701446533, -9.364773750305176]]
[20850, 14, 1, [2.0205276012420654, -3.968032121658325]]
[26750, 'popsize', 15]
[27550, 2, 0, [3.65594744682312, -10.429966926574707]]
[27550, 20, 0, [9.511101722717285, -6.763374328613281]]
[27550, 11, 0, [5.653885364532471, -2.21677827835083]]
[27550, 8, 0, [8.247049331665039, -6.487537384033203]]
[27550, 16, 0, [5.460374355316162, -8.594404220581055]]
[27550, 1, 0, [11.162457466125488, -11.580376625061035]]
[27550, 21, 0, [7.1862688064575195, -9.08909797668457]]
[27550, 24, 0, [5.0489420890808105, -7.174439907073975]]
[27550, 13, 1, [3.1823153495788574, -10.97035026550293]]
[27550, 10, 1, [3.3078808784484863, -6.834083557128906]]
[27550, 19, 1, [6.548268795013428, -6.196340084075928]]
[27550, 6, 1, [3.6795058250427246, -8.926492691040039]]
[27550, 18, 1, [3.818655014038086, -4.544123649597168]]
[27550, 17, 1, [5.212662696838379, -9.261953353881836]]
[27550, 14, 1, [2.0947418212890625, -3.4097282886505127]]
[33450, 'popsize', 15]
[34250, 2, 0, [3.3208816051483154, -10.550373077392578]]
[34250, 20, 0, [10.060792922973633, -6.636077880859375]]
[34250, 11, 0, [5.666767597198486, -2.2443413734436035]]
[34250, 8, 0, [7.6935930252075195, -6.358618259429932]]
[34250, 16, 0, [4.910654544830322, -8.458623886108398]]
[34250, 1, 0, [11.529333114624023, -11.958372116088867]]
[34250, 21, 0, [7.3184814453125, -9.100200653076172]]
[34250, 24, 0, [5.068599224090576, -7.174477577209473]]
[34250, 13, 1, [3.1666245460510254, -11.014776229858398]]
[34250, 10, 1, [3.8398945331573486, -6.708917140960693]]
[34250, 19, 1, [6.333629131317139, -6.682403564453125]]
[34250, 6, 1, [4.174959659576416, -8.703984260559082]]
[34250, 18, 1, [3.8896286487579346, -4.4947896003723145]]
[34250, 17, 1, [5.725363731384277, -9.123991966247559]]
[34250, 14, 1, [2.136610507965088, -2.9656784534454346]]
[40200, 'popsize', 15]
[41000, 2, 0, [3.6108665466308594, -10.445337295532227]]
[41000, 20, 0, [10.59962272644043, -6.480177402496338]]
[41000, 11, 0, [5.6809186935424805, -2.276378870010376]]
[41000, 8, 0, [7.144993782043457, -6.190698146820068]]
[41000, 16, 0, [4.7264299392700195, -8.344781875610352]]
[41000, 1, 0, [11.850128173828125, -12.362419128417969]]
[41000, 21, 0, [7.021136283874512, -9.533223152160645]]
[41000, 24, 0, [5.075201988220215, -7.17403507232666]]
[41000, 13, 1, [3.1491808891296387, -11.054783821105957]]
[41000, 10, 1, [4.372516632080078, -6.626731872558594]]
[41000, 19, 1, [6.135981559753418, -7.177438259124756]]
[41000, 6, 1, [4.617250442504883, -8.45994758605957]]
[41000, 18, 1, [4.298949718475342, -4.215761661529541]]
[41000, 17, 1, [6.248517990112305, -8.935285568237305]]
[41000, 14, 1, [2.03190016746521, -2.9602773189544678]]
[47550, 'popsize', 16]
[48400, 2, 0, [3.6638665199279785, -10.425259590148926]]
[48400, 20, 0, [11.177107810974121, -6.270991325378418]]
[48400, 11, 0, [5.715277671813965, -2.3426496982574463]]
[48400, 8, 0, [7.001080513000488, -6.128330230712891]]
[48400, 16, 0, [4.962804794311523, -8.021162033081055]]
[48400, 1, 0, [11.854114532470703, -12.375868797302246]]
[48400, 21, 0, [6.931430816650391, -9.7407808303833]]
[48400, 24, 0, [5.126285076141357, -7.195858001708984]]
[48400, 13, 1, [3.126516103744507, -11.08897876739502]]
[48400, 10, 1, [4.971805572509766, -6.590505123138428]]
[48400, 19, 1, [6.112880229949951, -7.3515625]]
[48400, 6, 1, [4.650901794433594, -8.419439315795898]]
[48400, 18, 1, [4.728326320648193, -3.901764392852783]]
[48400, 17, 1, [6.802416801452637, -8.702470779418945]]
[48400, 14, 1, [1.4874879121780396, -2.741555690765381]]
[48400, 4, 1, [10.112811088562012, -4.360678672790527]]
[54650, 'popsize', 16]
[55500, 2, 0, [3.712998151779175, -10.408432960510254]]
[55500, 20, 0, [11.692537307739258, -6.036919116973877]]
[55500, 11, 0, [5.5849223136901855, -2.4480268955230713]]
[55500, 8, 0, [7.15395450592041, -6.278112411499023]]
[55500, 16, 0, [5.358826637268066, -7.665250301361084]]
[55500, 1, 0, [11.863052368164062, -12.375955581665039]]
[55500, 21, 0, [6.770591735839844, -10.084787368774414]]
[55500, 24, 0, [5.156142234802246, -7.177430629730225]]
[55500, 13, 1, [3.078361988067627, -11.108993530273438]]
[55500, 10, 1, [5.560075759887695, -6.617757320404053]]
[55500, 19, 1, [6.081523895263672, -7.360282897949219]]
[55500, 6, 1, [4.6672515869140625, -8.478275299072266]]
[55500, 18, 1, [5.159697532653809, -3.578974485397339]]
[55500, 17, 1, [7.304670810699463, -8.429559707641602]]
[55500, 14, 1, [0.9725916981697083, -2.595154285430908]]
[55500, 4, 1, [9.572637557983398, -4.573168754577637]]
[61850, 'popsize', 16]
[62700, 2, 0, [3.7480130195617676, -10.396430969238281]]
[62700, 20, 0, [12.210577964782715, -5.766599655151367]]
[62700, 11, 0, [5.269171714782715, -2.7845895290374756]]
[62700, 8, 0, [7.297475337982178, -6.76178503036499]]
[62700, 16, 0, [5.831456184387207, -7.359261512756348]]
[62700, 1, 0, [11.873255729675293, -12.37617301940918]]
[62700, 21, 0, [6.626966953277588, -10.561562538146973]]
[62700, 24, 0, [5.192386150360107, -7.145216464996338]]
[62700, 13, 1, [3.0364928245544434, -11.121527671813965]]
[62700, 10, 1, [6.140092849731445, -6.704820156097412]]
[62700, 19, 1, [6.018563270568848, -7.381692409515381]]
[62700, 6, 1, [5.091638565063477, -8.354047775268555]]
[62700, 18, 1, [5.549530029296875, -3.262692928314209]]
[62700, 17, 1, [7.791804313659668, -8.100335121154785]]
[62700, 14, 1, [0.44189149141311646, -2.488098382949829]]
[62700, 4, 1, [9.144848823547363, -4.8631486892700195]]
[68850, 'popsize', 17]
[69750, 2, 0, [3.3877081871032715, -10.537763595581055]]
[69750, 20, 0, [12.262417793273926, -5.708537578582764]]
[69750, 11, 0, [5.255871772766113, -2.8139865398406982]]
[69750, 8, 0, [7.417461395263672, -7.32580041885376]]
[69750, 16, 0, [6.295938968658447, -7.152873992919922]]
[69750, 1, 0, [11.88288688659668, -12.376348495483398]]
[69750, 21, 0, [6.593817234039307, -10.637746810913086]]
[69750, 24, 0, [5.229447364807129, -7.1129961013793945]]
[69750, 13, 1, [3.0001678466796875, -11.147418022155762]]
[69750, 10, 1, [6.6944379806518555, -6.843770503997803]]
[69750, 19, 1, [6.222756385803223, -7.436608791351318]]
[69750, 6, 1, [5.476506233215332, -8.210627555847168]]
[69750, 18, 1, [5.918562889099121, -2.943875551223755]]
[69750, 17, 1, [8.225752830505371, -7.773240566253662]]
[69750, 14, 1, [0.12485474348068237, -2.4609856605529785]]
[69750, 4, 1, [8.857107162475586, -5.216348171234131]]
[69750, 3, 1, [1.9115915298461914, -2.1540427207946777]]
[75900, 'popsize', 17]
[76800, 2, 0, [3.680471897125244, -10.425838470458984]]
[76800, 20, 0, [12.262292861938477, -5.691047191619873]]
[76800, 11, 0, [5.459288597106934, -2.982901096343994]]
[76800, 8, 0, [7.509273529052734, -7.610596656799316]]
[76800, 16, 0, [6.86203670501709, -7.008876800537109]]
[76800, 1, 0, [11.890896797180176, -12.376357078552246]]
[76800, 21, 0, [6.194993495941162, -10.926717758178711]]
[76800, 24, 0, [5.264215469360352, -7.121547698974609]]
[76800, 13, 1, [2.968824863433838, -11.166053771972656]]
[76800, 10, 1, [7.2269721031188965, -7.021361351013184]]
[76800, 19, 1, [6.457618713378906, -7.4012861251831055]]
[76800, 6, 1, [5.449026107788086, -8.229340553283691]]
[76800, 18, 1, [6.200819492340088, -2.678701162338257]]
[76800, 17, 1, [8.616464614868164, -7.451176643371582]]
[76800, 14, 1, [0.12362611293792725, -2.4276814460754395]]
[76800, 4, 1, [8.61312198638916, -5.707789421081543]]
[76800, 3, 1, [1.802290678024292, -2.096341133117676]]
[83500, 'popsize', 17]
[84400, 2, 0, [3.7316787242889404, -10.408968925476074]]
[84400, 20, 0, [12.382058143615723, -5.606719017028809]]
[84400, 11, 0, [5.426680564880371, -3.0292820930480957]]
[84400, 8, 0, [7.447014808654785, -8.130693435668945]]
[84400, 16, 0, [7.496097564697266, -6.901346683502197]]
[84400, 1, 0, [11.900426864624023, -12.376350402832031]]
[84400, 21, 0, [5.828359603881836, -11.251625061035156]]
[84400, 24, 0, [5.254806041717529, -7.11465311050415]]
[84400, 13, 1, [2.9982917308807373, -11.14221477508545]]
[84400, 10, 1, [7.784897804260254, -7.2634077072143555]]
[84400, 19, 1, [6.925464630126953, -7.332620143890381]]
[84400, 6, 1, [5.553910732269287, -8.167770385742188]]
[84400, 18, 1, [5.733658790588379, -2.7257046699523926]]
[84400, 17, 1, [9.052022933959961, -7.046665191650391]]
[84400, 14, 1, [0.12283927202224731, -2.4102189540863037]]
[84400, 4, 1, [8.447334289550781, -6.29132604598999]]
[84400, 3, 1, [2.0086669921875, -2.630028486251831]]
[91250, 'popsize', 17]
[92150, 2, 0, [3.327387571334839, -10.56649112701416]]
[92150, 20, 0, [12.394445419311523, -5.515191078186035]]
[92150, 11, 0, [5.696877479553223, -3.07338285446167]]
[92150, 8, 0, [7.55954647064209, -8.369943618774414]]
[92150, 16, 0, [8.1354341506958, -6.848893165588379]]
[92150, 1, 0, [11.909588813781738, -12.376362800598145]]
[92150, 21, 0, [5.525012016296387, -11.490480422973633]]
[92150, 24, 0, [5.277200698852539, -7.1385650634765625]]
[92150, 13, 1, [2.9830679893493652, -11.207529067993164]]
[92150, 10, 1, [8.320822715759277, -7.573477745056152]]
[92150, 19, 1, [6.919249534606934, -7.372671604156494]]
[92150, 6, 1, [6.188906669616699, -8.11712646484375]]
[92150, 18, 1, [5.090010643005371, -2.8094654083251953]]
[92150, 17, 1, [9.445329666137695, -6.6208600997924805]]
[92150, 14, 1, [0.12318845838308334, -2.400038242340088]]
[92150, 4, 1, [8.391958236694336, -6.903960227966309]]
[92150, 3, 1, [2.0825700759887695, -3.1753127574920654]]
[99450, 'popsize', 18]
[100401, 2, 0, [3.68285870552063, -10.424315452575684]]
[100401, 20, 0, [12.393949508666992, -5.401541709899902]]
[100401, 11, 0, [5.675826549530029, -3.1408791542053223]]
[100401, 8, 0, [7.490777492523193, -8.339609146118164]]
[100401, 16, 0, [8.579397201538086, -6.951988220214844]]
[100401, 1, 0, [11.919204711914062, -12.376363754272461]]
[100401, 21, 0, [5.907462120056152, -11.627214431762695]]
[100401, 24, 0, [5.348412990570068, -7.127469539642334]]
[100401, 13, 1, [2.929185390472412, -11.255952835083008]]
[100401, 10, 1, [8.350576400756836, -7.486147880554199]]
[100401, 19, 1, [6.699397087097168, -7.54379415512085]]
[100401, 6, 1, [6.631110191345215, -8.027584075927734]]
[100401, 18, 1, [4.613186836242676, -2.8834848403930664]]
[100401, 17, 1, [9.828003883361816, -6.1540446281433105]]
[100401, 14, 1, [0.12317679077386856, -2.3895297050476074]]
[100401, 4, 1, [8.405102729797363, -7.049149990081787]]
[100401, 3, 1, [2.0008463859558105, -3.784183979034424]]
[100401, 9, 1, [5.205960273742676, -10.847928047180176]]
[107351, 'popsize', 18]
[108301, 2, 0, [3.289970874786377, -10.588327407836914]]
[108301, 20, 0, [12.3939790725708, -5.29494571685791]]
[108301, 11, 0, [5.521255970001221, -3.04445219039917]]
[108301, 8, 0, [6.845808506011963, -8.1605863571167]]
[108301, 16, 0, [8.247146606445312, -6.964341163635254]]
[108301, 1, 0, [11.928388595581055, -12.376355171203613]]
[108301, 21, 0, [6.431293487548828, -11.785313606262207]]
[108301, 24, 0, [5.366717338562012, -7.096749782562256]]
[108301, 13, 1, [2.894641876220703, -11.262885093688965]]
[108301, 10, 1, [8.112356185913086, -6.8911333084106445]]
[108301, 19, 1, [6.841854095458984, -7.650580406188965]]
[108301, 6, 1, [6.653634548187256, -7.890446662902832]]
[108301, 18, 1, [4.6359663009643555, -3.2166314125061035]]
[108301, 17, 1, [10.199634552001953, -5.659862995147705]]
[108301, 14, 1, [0.1042424887418747, -2.3270840644836426]]
[108301, 4, 1, [8.34314250946045, -6.8558244705200195]]
[108301, 3, 1, [1.771885633468628, -4.330789089202881]]
[108301, 9, 1, [5.320765018463135, -11.136077880859375]]
[115151, 'popsize', 19]
[116151, 2, 0, [3.6080703735351562, -10.46104907989502]]
[116151, 20, 0, [12.393991470336914, -5.190626621246338]]
[116151, 11, 0, [5.417873382568359, -2.962374448776245]]
[116151, 8, 0, [6.232329368591309, -7.963092803955078]]
[116151, 16, 0, [8.059234619140625, -6.745628356933594]]
[116151, 1, 0, [11.937838554382324, -12.376360893249512]]
[116151, 21, 0, [6.960878849029541, -11.91672134399414]]
[116151, 24, 0, [5.348302841186523, -7.077513694763184]]
[116151, 22, 0, [3.2752604484558105, -7.326390743255615]]
[116151, 13, 1, [2.8798556327819824, -11.281209945678711]]
[116151, 10, 1, [8.130912780761719, -6.561914920806885]]
[116151, 19, 1, [6.9881463050842285, -7.746330261230469]]
[116151, 6, 1, [6.767443656921387, -7.254930019378662]]
[116151, 18, 1, [4.530307292938232, -3.8128395080566406]]
[116151, 17, 1, [10.535944938659668, -5.139172077178955]]
[116151, 14, 1, [0.13599750399589539, -2.377023220062256]]
[116151, 4, 1, [8.223109245300293, -6.740833282470703]]
[116151, 3, 1, [1.5213333368301392, -4.740452766418457]]
[116151, 9, 1, [5.455336570739746, -10.801091194152832]]
[122901, 'popsize', 19]
[123901, 2, 0, [3.656660795211792, -10.439888000488281]]
[123901, 20, 0, [12.393997192382812, -5.087541580200195]]
[123901, 11, 0, [5.392642021179199, -3.0224359035491943]]
[123901, 8, 0, [5.623796463012695, -7.730752468109131]]
[123901, 16, 0, [8.038054466247559, -6.683001518249512]]
[123901, 1, 0, [11.947986602783203, -12.376348495483398]]
[123901, 21, 0, [7.118680000305176, -11.933804512023926]]
[123901, 24, 0, [5.358275890350342, -7.104107856750488]]
[123901, 22, 0, [3.3157706260681152, -7.290251731872559]]
[123901, 13, 1, [2.9023938179016113, -11.337634086608887]]
[123901, 10, 1, [8.148542404174805, -6.536629676818848]]
[123901, 19, 1, [6.98232364654541, -7.726329803466797]]
[123901, 6, 1, [6.826447486877441, -6.7588324546813965]]
[123901, 18, 1, [4.4785943031311035, -4.450919151306152]]
[123901, 17, 1, [10.84477424621582, -4.582680702209473]]
[123901, 14, 1, [0.1744014471769333, -2.244765520095825]]
[123901, 4, 1, [8.191221237182617, -6.709225654602051]]
[123901, 3, 1, [1.4214938879013062, -4.986623287200928]]
[123901, 9, 1, [5.645873546600342, -10.19580364227295]]
[130901, 'popsize', 19]
[131901, 2, 0, [3.7491211891174316, -10.397801399230957]]
[131901, 20, 0, [12.394024848937988, -4.979604721069336]]
[131901, 11, 0, [5.379765510559082, -3.0371012687683105]]
[131901, 8, 0, [5.008617401123047, -7.454531192779541]]
[131901, 16, 0, [8.026153564453125, -6.56658411026001]]
[131901, 1, 0, [11.95958137512207, -12.37635326385498]]
[131901, 21, 0, [7.376580715179443, -11.979604721069336]]
[131901, 24, 0, [5.415881156921387, -7.126755714416504]]
[131901, 22, 0, [3.594719648361206, -7.143916130065918]]
[131901, 13, 1, [2.8770575523376465, -11.41213321685791]]
[131901, 10, 1, [8.180636405944824, -6.453677177429199]]
[131901, 19, 1, [7.170542240142822, -7.680996894836426]]
[131901, 6, 1, [6.78372049331665, -6.785521507263184]]
[131901, 18, 1, [4.516076564788818, -4.405925273895264]]
[131901, 17, 1, [11.118762969970703, -3.9792850017547607]]
[131901, 14, 1, [0.15169236063957214, -2.0748534202575684]]
[131901, 4, 1, [8.150298118591309, -6.707313537597656]]
[131901, 3, 1, [1.5075961351394653, -4.91901159286499]]
[131901, 9, 1, [5.716990947723389, -9.547469139099121]]
[139401, 'popsize', 19]
[140401, 2, 0, [3.3284435272216797, -10.591636657714844]]
[140401, 20, 0, [12.393967628479004, -4.863874435424805]]
[140401, 11, 0, [5.420369625091553, -3.0250048637390137]]
[140401, 8, 0, [4.364118576049805, -7.130982875823975]]
[140401, 16, 0, [8.015625953674316, -6.538783073425293]]
[140401, 1, 0, [11.970407485961914, -12.376355171203613]]
[140401, 21, 0, [7.365689277648926, -12.07305908203125]]
[140401, 24, 0, [5.455572605133057, -7.074862480163574]]
[140401, 22, 0, [3.326632022857666, -7.258450984954834]]
[140401, 13, 1, [2.791163921356201, -11.440009117126465]]
[140401, 10, 1, [8.195475578308105, -6.474896430969238]]
[140401, 19, 1, [7.294413089752197, -7.653822422027588]]
[140401, 6, 1, [6.617186546325684, -6.540126800537109]]
[140401, 18, 1, [4.597775459289551, -3.699984073638916]]
[140401, 17, 1, [11.371097564697266, -3.307814359664917]]
[140401, 14, 1, [0.2140738070011139, -1.845113754272461]]
[140401, 4, 1, [8.129643440246582, -6.694819450378418]]
[140401, 3, 1, [2.0404226779937744, -4.67229700088501]]
[140401, 9, 1, [5.649093151092529, -9.300439834594727]]
[147751, 'popsize', 19]
[148751, 2, 0, [3.6748340129852295, -10.414410591125488]]
[148751, 20, 0, [12.39396858215332, -4.75155782699585]]
[148751, 11, 0, [5.450008392333984, -3.1026463508605957]]
[148751, 8, 0, [4.106083869934082, -7.280584812164307]]
[148751, 16, 0, [8.012578010559082, -6.514359474182129]]
[148751, 1, 0, [11.980292320251465, -12.37635612487793]]
[148751, 21, 0, [7.292463779449463, -12.21249008178711]]
[148751, 24, 0, [5.441156387329102, -7.069796562194824]]
[148751, 22, 0, [3.6425483226776123, -7.121861934661865]]
[148751, 13, 1, [2.7818856239318848, -11.462997436523438]]
[148751, 10, 1, [8.202972412109375, -6.495638847351074]]
[148751, 19, 1, [7.2707719802856445, -7.3923444747924805]]
[148751, 6, 1, [6.92264461517334, -6.507714748382568]]
[148751, 18, 1, [4.631194114685059, -3.0041279792785645]]
[148751, 17, 1, [11.561515808105469, -2.70280122756958]]
[148751, 14, 1, [0.1956898421049118, -1.9055954217910767]]
[148751, 4, 1, [8.15485954284668, -6.7631707191467285]]
[148751, 3, 1, [2.658599615097046, -4.609524726867676]]
[148751, 9, 1, [5.617457389831543, -9.331624984741211]]
[155201, 'popsize', 19]
[156201, 2, 0, [3.3434650897979736, -10.591927528381348]]
[156201, 20, 0, [12.393954277038574, -4.650976181030273]]
[156201, 11, 0, [5.4371113777160645, -3.135762929916382]]
[156201, 8, 0, [4.010970115661621, -7.905499458312988]]
[156201, 16, 0, [8.012777328491211, -6.493171691894531]]
[156201, 1, 0, [11.988733291625977, -12.376349449157715]]
[156201, 21, 0, [6.958681583404541, -12.162341117858887]]
[156201, 24, 0, [5.480491638183594, -7.085832118988037]]
[156201, 22, 0, [3.4548161029815674, -7.203112602233887]]
[156201, 13, 1, [2.776240587234497, -11.5149564743042]]
[156201, 10, 1, [8.20257568359375, -6.515384674072266]]
[156201, 19, 1, [7.575201988220215, -7.145707130432129]]
[156201, 6, 1, [7.070331573486328, -6.638236045837402]]
[156201, 18, 1, [4.610976219177246, -2.3868465423583984]]
[156201, 17, 1, [11.704950332641602, -2.1587026119232178]]
[156201, 14, 1, [0.13922536373138428, -1.8028978109359741]]
[156201, 4, 1, [7.928062438964844, -6.638841152191162]]
[156201, 3, 1, [3.2122206687927246, -4.699614524841309]]
[156201, 9, 1, [5.604623794555664, -9.376885414123535]]
[163151, 'popsize', 19]
[164151, 2, 0, [3.2249298095703125, -10.663022994995117]]
[164151, 20, 0, [12.39394760131836, -4.543394565582275]]
[164151, 11, 0, [5.427406311035156, -3.1491751670837402]]
[164151, 8, 0, [3.903099536895752, -8.571436882019043]]
[164151, 16, 0, [8.05055046081543, -6.480166435241699]]
[164151, 1, 0, [11.998860359191895, -12.376358985900879]]
[164151, 21, 0, [6.428986549377441, -12.157773971557617]]
[164151, 24, 0, [5.537981986999512, -7.097129821777344]]
[164151, 22, 0, [3.8740687370300293, -6.793128967285156]]
[164151, 13, 1, [2.721545696258545, -11.57918643951416]]
[164151, 10, 1, [8.228801727294922, -6.548903465270996]]
[164151, 19, 1, [7.691341400146484, -7.090198516845703]]
[164151, 6, 1, [7.181815147399902, -6.74679708480835]]
[164151, 18, 1, [4.546975612640381, -1.7330204248428345]]
[164151, 17, 1, [11.8333101272583, -1.6261558532714844]]
[164151, 14, 1, [0.10788065195083618, -1.5761663913726807]]
[164151, 4, 1, [7.8558549880981445, -6.655962944030762]]
[164151, 3, 1, [3.424506664276123, -4.809284687042236]]
[164151, 9, 1, [5.571867942810059, -9.432199478149414]]
[171401, 'popsize', 19]
[172401, 2, 0, [3.5703094005584717, -10.481294631958008]]
[172401, 20, 0, [12.39395523071289, -4.430054664611816]]
[172401, 11, 0, [5.471677303314209, -3.1395649909973145]]
[172401, 8, 0, [3.7810840606689453, -9.260157585144043]]
[172401, 16, 0, [8.060917854309082, -6.458403587341309]]
[172401, 1, 0, [12.009089469909668, -12.376344680786133]]
[172401, 21, 0, [6.024381160736084, -12.19260311126709]]
[172401, 24, 0, [5.594088554382324, -7.0343918800354]]
[172401, 22, 0, [4.045790672302246, -6.637248992919922]]
[172401, 13, 1, [2.660762071609497, -11.600183486938477]]
[172401, 10, 1, [8.21621322631836, -6.570363521575928]]
[172401, 19, 1, [7.475180625915527, -6.624204158782959]]
[172401, 6, 1, [6.918538570404053, -7.168499946594238]]
[172401, 18, 1, [4.428164005279541, -1.0573936700820923]]
[172401, 17, 1, [11.971579551696777, -1.0143930912017822]]
[172401, 14, 1, [0.14028924703598022, -1.5187232494354248]]
[172401, 4, 1, [7.867838382720947, -6.644287109375]]
[172401, 3, 1, [3.6907799243927, -4.520533561706543]]
[172401, 9, 1, [5.494963645935059, -9.466934204101562]]
[178651, 'popsize', 19]
[179651, 2, 0, [3.2229390144348145, -10.659849166870117]]
[179651, 20, 0, [12.393973350524902, -4.332430362701416]]
[179651, 11, 0, [5.478779315948486, -3.1814801692962646]]
[179651, 8, 0, [3.6483097076416016, -9.861461639404297]]
[179651, 16, 0, [8.073925971984863, -6.441867828369141]]
[179651, 1, 0, [12.017524719238281, -12.376359939575195]]
[179651, 21, 0, [6.214482307434082, -12.291521072387695]]
[179651, 24, 0, [5.615771293640137, -7.037779808044434]]
[179651, 22, 0, [3.7486069202423096, -6.796750068664551]]
[179651, 13, 1, [2.6191906929016113, -11.61870002746582]]
[179651, 10, 1, [8.200002670288086, -6.585822105407715]]
[179651, 19, 1, [7.314691066741943, -6.341102600097656]]
[179651, 6, 1, [6.870952606201172, -7.139386177062988]]
[179651, 18, 1, [4.281254768371582, -0.4681667387485504]]
[179651, 17, 1, [12.054165840148926, -0.4633665680885315]]
[179651, 14, 1, [0.143337681889534, -1.5162720680236816]]
[179651, 4, 1, [7.8206467628479, -6.5949530601501465]]
[179651, 3, 1, [4.068249702453613, -4.233920574188232]]
[179651, 9, 1, [5.47805643081665, -9.469903945922852]]
[187201, 'popsize', 19]
[188201, 2, 0, [3.1310153007507324, -10.708806991577148]]
[188201, 20, 0, [12.393990516662598, -4.217350482940674]]
[188201, 11, 0, [5.437636852264404, -3.247776746749878]]
[188201, 8, 0, [3.4503371715545654, -10.559788703918457]]
[188201, 16, 0, [8.094066619873047, -6.428824424743652]]
[188201, 1, 0, [12.027542114257812, -12.376352310180664]]
[188201, 21, 0, [6.15952730178833, -12.31983757019043]]
[188201, 24, 0, [5.596117973327637, -7.070603370666504]]
[188201, 22, 0, [3.7044899463653564, -6.391685485839844]]
[188201, 13, 1, [2.60958194732666, -11.64427661895752]]
[188201, 10, 1, [8.18092155456543, -6.599185943603516]]
[188201, 19, 1, [7.279692649841309, -6.3836541175842285]]
[188201, 6, 1, [6.8588995933532715, -6.4393110275268555]]
[188201, 18, 1, [4.127649784088135, -0.11743585765361786]]
[188201, 17, 1, [12.107830047607422, -0.12466311454772949]]
[188201, 14, 1, [0.14012308418750763, -1.553279161453247]]
[188201, 4, 1, [7.626076698303223, -6.440474510192871]]
[188201, 3, 1, [4.654624938964844, -4.037674903869629]]
[188201, 9, 1, [5.492157459259033, -9.506636619567871]]
[195801, 'popsize', 19]
[196801, 2, 0, [3.0239100456237793, -10.765987396240234]]
[196801, 20, 0, [12.393994331359863, -4.103145599365234]]
[196801, 11, 0, [5.430043697357178, -3.2196433544158936]]
[196801, 8, 0, [3.2118449211120605, -11.249013900756836]]
[196801, 16, 0, [8.116642951965332, -6.421053886413574]]
[196801, 1, 0, [12.037717819213867, -12.376348495483398]]
[196801, 21, 0, [6.012689113616943, -12.38869571685791]]
[196801, 24, 0, [5.67298698425293, -7.0804877281188965]]
[196801, 22, 0, [3.509378433227539, -5.733947277069092]]
[196801, 13, 1, [2.5423221588134766, -11.70903491973877]]
[196801, 10, 1, [8.158114433288574, -6.607797145843506]]
[196801, 19, 1, [7.254467964172363, -6.350502967834473]]
[196801, 6, 1, [6.780702114105225, -5.9713850021362305]]
[196801, 18, 1, [4.060744285583496, -0.12649476528167725]]
[196801, 17, 1, [12.170494079589844, -0.12256058305501938]]
[196801, 14, 1, [0.1347704827785492, -1.5765187740325928]]
[196801, 4, 1, [7.643564701080322, -6.417999267578125]]
[196801, 3, 1, [5.240329265594482, -4.005356788635254]]
[196801, 9, 1, [5.079442501068115, -9.517147064208984]]
[204202, 'popsize', 19]
[205202, 2, 0, [3.385308027267456, -10.571634292602539]]
[205202, 20, 0, [12.394025802612305, -3.989553451538086]]
[205202, 11, 0, [5.15445613861084, -3.2472407817840576]]
[205202, 8, 0, [3.043511390686035, -11.578031539916992]]
[205202, 16, 0, [8.13925838470459, -6.415510654449463]]
[205202, 1, 0, [12.048531532287598, -12.376358032226562]]
[205202, 21, 0, [5.957600116729736, -12.359648704528809]]
[205202, 24, 0, [5.70832633972168, -7.019474029541016]]
[205202, 22, 0, [3.3987460136413574, -5.618710994720459]]
[205202, 13, 1, [2.4825801849365234, -11.729021072387695]]
[205202, 10, 1, [8.1317138671875, -6.606697082519531]]
[205202, 19, 1, [7.2976179122924805, -6.371931076049805]]
[205202, 6, 1, [6.58074951171875, -5.9478960037231445]]
[205202, 18, 1, [3.8158321380615234, -0.4671252369880676]]
[205202, 17, 1, [12.187908172607422, -0.12212654203176498]]
[205202, 14, 1, [0.13153965771198273, -1.6190351247787476]]
[205202, 4, 1, [7.51511287689209, -6.836373805999756]]
[205202, 3, 1, [5.132188320159912, -4.272589683532715]]
[205202, 9, 1, [4.529332160949707, -9.59066390991211]]
[212402, 'popsize', 19]
[213402, 2, 0, [3.0086734294891357, -10.788010597229004]]
[213402, 20, 0, [12.39397144317627, -3.8780453205108643]]
[213402, 11, 0, [5.2498650550842285, -3.189877986907959]]
[213402, 8, 0, [2.5814461708068848, -11.882492065429688]]
[213402, 16, 0, [8.161702156066895, -6.416338920593262]]
[213402, 1, 0, [12.0596284866333, -12.37634563446045]]
[213402, 21, 0, [5.940900802612305, -12.361363410949707]]
[213402, 24, 0, [5.681819915771484, -7.055968284606934]]
[213402, 22, 0, [3.126396656036377, -5.61453914642334]]
[213402, 13, 1, [2.4272007942199707, -11.74246597290039]]
[213402, 10, 1, [8.106294631958008, -6.599303245544434]]
[213402, 19, 1, [7.272424221038818, -6.417684078216553]]
[213402, 6, 1, [6.431022644042969, -5.948577404022217]]
[213402, 18, 1, [3.631622314453125, -0.960959255695343]]
[213402, 17, 1, [12.20760726928711, -0.12053386121988297]]
[213402, 14, 1, [0.1333824098110199, -1.6609731912612915]]
[213402, 4, 1, [7.501032829284668, -7.083902835845947]]
[213402, 3, 1, [5.163766860961914, -4.206509590148926]]
[213402, 9, 1, [4.859370231628418, -9.847841262817383]]
[220352, 'popsize', 20]
[221402, 2, 0, [2.916930675506592, -10.849363327026367]]
[221402, 20, 0, [12.394027709960938, -3.7712299823760986]]
[221402, 11, 0, [5.34030818939209, -3.2188639640808105]]
[221402, 8, 0, [2.2813291549682617, -12.03137493133545]]
[221402, 16, 0, [8.1841402053833, -6.426545143127441]]
[221402, 1, 0, [12.070521354675293, -12.376349449157715]]
[221402, 21, 0, [5.979002952575684, -12.387632369995117]]
[221402, 24, 0, [5.711961269378662, -7.087207794189453]]
[221402, 22, 0, [3.130108118057251, -5.587377071380615]]
[221402, 5, 0, [7.506793022155762, -11.00704288482666]]
[221402, 13, 1, [2.407240152359009, -11.762370109558105]]
[221402, 10, 1, [8.082642555236816, -6.588564872741699]]
[221402, 19, 1, [7.235013484954834, -6.436125755310059]]
[221402, 6, 1, [6.416593074798584, -6.024907112121582]]
[221402, 18, 1, [3.5196914672851562, -1.5288054943084717]]
[221402, 17, 1, [12.228424072265625, -0.12049156427383423]]
[221402, 14, 1, [0.12715968489646912, -1.7093929052352905]]
[221402, 4, 1, [7.4644012451171875, -7.1225128173828125]]
[221402, 3, 1, [5.003142833709717, -4.390535354614258]]
[221402, 9, 1, [5.44052791595459, -10.144767761230469]]
[227502, 'popsize', 20]
[228552, 2, 0, [2.8617634773254395, -10.885337829589844]]
[228552, 20, 0, [12.394051551818848, -3.6754562854766846]]
[228552, 11, 0, [5.352456092834473, -3.228783369064331]]
[228552, 8, 0, [2.059464931488037, -11.998640060424805]]
[228552, 16, 0, [8.201446533203125, -6.43884801864624]]
[228552, 1, 0, [12.078908920288086, -12.37635612487793]]
[228552, 21, 0, [6.086739540100098, -12.394266128540039]]
[228552, 24, 0, [5.769134044647217, -7.073918342590332]]
[228552, 22, 0, [3.278532028198242, -5.265536308288574]]
[228552, 5, 0, [7.492241859436035, -11.030012130737305]]
[228552, 13, 1, [2.399156093597412, -11.793184280395508]]
[228552, 10, 1, [8.065016746520996, -6.572872161865234]]
[228552, 19, 1, [7.206376075744629, -6.452333927154541]]
[228552, 6, 1, [6.6005682945251465, -6.064967155456543]]
[228552, 18, 1, [3.4617412090301514, -2.058434009552002]]
[228552, 17, 1, [12.247745513916016, -0.120355024933815]]
[228552, 14, 1, [0.1271744668483734, -1.7784961462020874]]
[228552, 4, 1, [7.380702972412109, -6.87911319732666]]
[228552, 3, 1, [5.022191524505615, -4.38140344619751]]
[228552, 9, 1, [5.897183418273926, -10.283185958862305]]
[234602, 'popsize', 20]
[235652, 2, 0, [2.362419605255127, -11.17090129852295]]
[235652, 20, 0, [12.330789566040039, -3.679248809814453]]
[235652, 11, 0, [5.376097679138184, -3.2417492866516113]]
[235652, 8, 0, [1.8903229236602783, -11.851300239562988]]
[235652, 16, 0, [8.21426773071289, -6.453549385070801]]
[235652, 1, 0, [12.088690757751465, -12.376340866088867]]
[235652, 21, 0, [6.1824798583984375, -12.393994331359863]]
[235652, 24, 0, [5.800233364105225, -7.023964881896973]]
[235652, 22, 0, [3.4366729259490967, -4.7928147315979]]
[235652, 5, 0, [7.4756269454956055, -11.067471504211426]]
[235652, 13, 1, [2.3669376373291016, -11.825639724731445]]
[235652, 10, 1, [8.052287101745605, -6.555272102355957]]
[235652, 19, 1, [7.179743766784668, -6.429940223693848]]
[235652, 6, 1, [6.742579460144043, -6.104615211486816]]
[235652, 18, 1, [3.453770160675049, -2.6229240894317627]]
[235652, 17, 1, [12.268084526062012, -0.12027622759342194]]
[235652, 14, 1, [0.11563831567764282, -1.7013593912124634]]
[235652, 4, 1, [7.305467128753662, -6.806464195251465]]
[235652, 3, 1, [5.043303966522217, -4.353787422180176]]
[235652, 9, 1, [5.863107681274414, -10.31727409362793]]
[241702, 'popsize', 20]
[242752, 2, 0, [2.210344076156616, -11.250181198120117]]
[242752, 20, 0, [12.404866218566895, -3.464388370513916]]
[242752, 11, 0, [4.978483200073242, -3.141496181488037]]
[242752, 8, 0, [1.8316787481307983, -11.635189056396484]]
[242752, 16, 0, [8.227497100830078, -6.465395450592041]]
[242752, 1, 0, [12.098060607910156, -12.376357078552246]]
[242752, 21, 0, [6.278456211090088, -12.393980026245117]]
[242752, 24, 0, [5.8272504806518555, -6.9974541664123535]]
[242752, 22, 0, [3.401737928390503, -4.7478790283203125]]
[242752, 5, 0, [7.453402519226074, -11.116530418395996]]
[242752, 13, 1, [2.3316562175750732, -11.85108757019043]]
[242752, 10, 1, [8.0480375289917, -6.5334014892578125]]
[242752, 19, 1, [7.251094818115234, -6.567849159240723]]
[242752, 6, 1, [6.74918270111084, -6.134108066558838]]
[242752, 18, 1, [3.4932453632354736, -3.177375078201294]]
[242752, 17, 1, [12.286191940307617, -0.11998400837182999]]
[242752, 14, 1, [0.11589626967906952, -1.6772559881210327]]
[242752, 4, 1, [7.150815010070801, -6.690199375152588]]
[242752, 3, 1, [5.06552267074585, -4.328946590423584]]
[242752, 9, 1, [5.897774696350098, -10.413918495178223]]
[248802, 'popsize', 20]
[249852, 2, 0, [2.020749807357788, -11.348088264465332]]
[249852, 20, 0, [12.40471076965332, -3.2149574756622314]]
[249852, 11, 0, [4.596930027008057, -3.0064401626586914]]
[249852, 8, 0, [1.8680660724639893, -11.470657348632812]]
[249852, 16, 0, [8.234655380249023, -6.482480049133301]]
[249852, 1, 0, [12.108108520507812, -12.376349449157715]]
[249852, 21, 0, [6.374611854553223, -12.393991470336914]]
[249852, 24, 0, [5.844280242919922, -6.968327522277832]]
[249852, 22, 0, [2.9880940914154053, -4.450321674346924]]
[249852, 5, 0, [7.441102504730225, -11.168405532836914]]
[249852, 13, 1, [2.2676644325256348, -11.885942459106445]]
[249852, 10, 1, [8.04556655883789, -6.511180877685547]]
[249852, 19, 1, [7.241990566253662, -6.893797397613525]]
[249852, 6, 1, [6.563340663909912, -6.5384345054626465]]
[249852, 18, 1, [3.582256317138672, -3.7353579998016357]]
[249852, 17, 1, [12.306726455688477, -0.11839310824871063]]
[249852, 14, 1, [0.11435643583536148, -1.6508266925811768]]
[249852, 4, 1, [7.103541374206543, -6.710396766662598]]
[249852, 3, 1, [5.075584888458252, -4.290621757507324]]
[249852, 9, 1, [5.960195064544678, -10.599152565002441]]
[255902, 'popsize', 20]
[256952, 2, 0, [1.9911493062973022, -11.335343360900879]]
[256952, 20, 0, [12.404770851135254, -2.944335460662842]]
[256952, 11, 0, [4.699609279632568, -3.4301044940948486]]
[256952, 8, 0, [1.8360780477523804, -11.45108413696289]]
[256952, 16, 0, [8.237997055053711, -6.501887321472168]]
[256952, 1, 0, [12.115234375, -12.376349449157715]]
[256952, 21, 0, [6.471724033355713, -12.394265174865723]]
[256952, 24, 0, [5.852614879608154, -6.955355167388916]]
[256952, 22, 0, [2.612971544265747, -4.249953269958496]]
[256952, 5, 0, [7.402822017669678, -11.209189414978027]]
[256952, 13, 1, [2.236035108566284, -11.903276443481445]]
[256952, 10, 1, [8.047260284423828, -6.4879326820373535]]
[256952, 19, 1, [7.343687534332275, -6.7057976722717285]]
[256952, 6, 1, [6.411005973815918, -7.0762457847595215]]
[256952, 18, 1, [3.719958543777466, -4.2906107902526855]]
[256952, 17, 1, [12.335264205932617, -0.1403888761997223]]
[256952, 14, 1, [0.11271713674068451, -1.6273670196533203]]
[256952, 4, 1, [7.05584716796875, -6.7414045333862305]]
[256952, 3, 1, [4.801550388336182, -4.4544501304626465]]
[256952, 9, 1, [5.981644153594971, -10.62946605682373]]
[263102, 'popsize', 20]
[264152, 2, 0, [1.9599285125732422, -11.325521469116211]]
[264152, 20, 0, [12.404587745666504, -2.6796538829803467]]
[264152, 11, 0, [4.790036201477051, -4.028191566467285]]
[264152, 8, 0, [1.8040034770965576, -11.440223693847656]]
[264152, 16, 0, [8.234354019165039, -6.52099084854126]]
[264152, 1, 0, [12.123884201049805, -12.37635612487793]]
[264152, 21, 0, [6.570700645446777, -12.393978118896484]]
[264152, 24, 0, [5.848495006561279, -6.96427059173584]]
[264152, 22, 0, [2.4289891719818115, -4.27878475189209]]
[264152, 5, 0, [7.365706443786621, -11.212831497192383]]
[264152, 13, 1, [2.2213072776794434, -11.92892074584961]]
[264152, 10, 1, [8.05064868927002, -6.467009544372559]]
[264152, 19, 1, [7.299009799957275, -6.680173397064209]]
[264152, 6, 1, [6.321803092956543, -7.652563571929932]]
[264152, 18, 1, [3.8931660652160645, -4.829518795013428]]
[264152, 17, 1, [12.354996681213379, -0.13634951412677765]]
[264152, 14, 1, [0.1090463399887085, -1.5729936361312866]]
[264152, 4, 1, [7.028110504150391, -6.751844882965088]]
[264152, 3, 1, [4.347919464111328, -4.645595073699951]]
[264152, 9, 1, [5.960506916046143, -10.662940979003906]]
[270202, 'popsize', 20]
[271252, 2, 0, [1.9287395477294922, -11.315420150756836]]
[271252, 20, 0, [12.404887199401855, -2.41320538520813]]
[271252, 11, 0, [4.770145416259766, -4.196730613708496]]
[271252, 8, 0, [1.7720730304718018, -11.429094314575195]]
[271252, 16, 0, [8.226980209350586, -6.539591312408447]]
[271252, 1, 0, [12.133376121520996, -12.376350402832031]]
[271252, 21, 0, [6.6657843589782715, -12.393959045410156]]
[271252, 24, 0, [5.867202281951904, -6.9742608070373535]]
[271252, 22, 0, [2.1183741092681885, -4.140003204345703]]
[271252, 5, 0, [7.306456089019775, -11.244654655456543]]
[271252, 13, 1, [2.200143814086914, -11.959390640258789]]
[271252, 10, 1, [8.059303283691406, -6.447786808013916]]
[271252, 19, 1, [7.461504936218262, -6.51760721206665]]
[271252, 6, 1, [6.293003082275391, -7.761533260345459]]
[271252, 18, 1, [3.9010415077209473, -5.318962097167969]]
[271252, 17, 1, [12.35057544708252, -0.12459399551153183]]
[271252, 14, 1, [0.10791175067424774, -1.49606192111969]]
[271252, 4, 1, [6.9668426513671875, -6.834738254547119]]
[271252, 3, 1, [4.28768253326416, -4.711880683898926]]
[271252, 9, 1, [6.011078834533691, -10.62789249420166]]
[277302, 'popsize', 20]
[278352, 2, 0, [1.898010492324829, -11.30534553527832]]
[278352, 20, 0, [12.339987754821777, -2.370009660720825]]
[278352, 11, 0, [4.641293525695801, -4.3963799476623535]]
[278352, 8, 0, [1.7404706478118896, -11.417561531066895]]
[278352, 16, 0, [8.215587615966797, -6.557450771331787]]
[278352, 1, 0, [12.143013000488281, -12.376352310180664]]
[278352, 21, 0, [6.761249542236328, -12.393972396850586]]
[278352, 24, 0, [5.878508567810059, -6.9983062744140625]]
[278352, 22, 0, [1.5765810012817383, -3.9218764305114746]]
[278352, 5, 0, [7.28335428237915, -11.242313385009766]]
[278352, 13, 1, [2.175426959991455, -11.978428840637207]]
[278352, 10, 1, [8.072580337524414, -6.430368900299072]]
[278352, 19, 1, [7.619691371917725, -6.584636688232422]]
[278352, 6, 1, [6.347113609313965, -7.741954803466797]]
[278352, 18, 1, [3.756467342376709, -5.89058780670166]]
[278352, 17, 1, [12.358986854553223, -0.11680211126804352]]
[278352, 14, 1, [0.10797788947820663, -1.4198172092437744]]
[278352, 4, 1, [6.9055962562561035, -6.954093933105469]]
[278352, 3, 1, [4.436171531677246, -4.7911577224731445]]
[278352, 9, 1, [6.132935047149658, -10.52241325378418]]
[284402, 'popsize', 20]
[285452, 2, 0, [1.866459846496582, -11.29444408416748]]
[285452, 20, 0, [12.40321159362793, -2.179462194442749]]
[285452, 11, 0, [4.453188419342041, -4.4240217208862305]]
[285452, 8, 0, [1.7083666324615479, -11.405679702758789]]
[285452, 16, 0, [8.19968032836914, -6.571315765380859]]
[285452, 1, 0, [12.151782989501953, -12.376340866088867]]
[285452, 21, 0, [6.810288906097412, -12.36128044128418]]
[285452, 24, 0, [5.926842212677002, -7.013583183288574]]
[285452, 22, 0, [1.3371179103851318, -3.800447463989258]]
[285452, 5, 0, [7.2636895179748535, -11.230012893676758]]
[285452, 13, 1, [2.1867287158966064, -12.001169204711914]]
[285452, 10, 1, [8.088567733764648, -6.416001796722412]]
[285452, 19, 1, [7.775914192199707, -6.6575798988342285]]
[285452, 6, 1, [6.31211519241333, -7.790787696838379]]
[285452, 18, 1, [3.653899669647217, -6.478940010070801]]
[285452, 17, 1, [12.364252090454102, -0.1391584277153015]]
[285452, 14, 1, [0.10795240104198456, -1.3424274921417236]]
[285452, 4, 1, [6.735464572906494, -7.1311750411987305]]
[285452, 3, 1, [4.457562446594238, -4.7803874015808105]]
[285452, 9, 1, [6.128459453582764, -10.518523216247559]]
[291502, 'popsize', 20]
[292552, 2, 0, [1.8371756076812744, -11.282065391540527]]
[292552, 20, 0, [12.337821960449219, -2.13504695892334]]
[292552, 11, 0, [4.294376850128174, -4.437716007232666]]
[292552, 8, 0, [1.677544355392456, -11.391164779663086]]
[292552, 16, 0, [8.182733535766602, -6.580126762390137]]
[292552, 1, 0, [12.159120559692383, -12.376352310180664]]
[292552, 21, 0, [6.654585838317871, -12.309823036193848]]
[292552, 24, 0, [5.968721866607666, -7.011953830718994]]
[292552, 22, 0, [1.098901629447937, -3.2475032806396484]]
[292552, 5, 0, [7.252533912658691, -11.2387113571167]]
[292552, 13, 1, [2.17057466506958, -12.031195640563965]]
[292552, 10, 1, [8.104934692382812, -6.405625343322754]]
[292552, 19, 1, [7.752363681793213, -6.700528621673584]]
[292552, 6, 1, [6.270358085632324, -7.832967281341553]]
[292552, 18, 1, [3.5929102897644043, -7.072733402252197]]
[292552, 17, 1, [12.313633918762207, -0.12162221968173981]]
[292552, 14, 1, [0.10792358219623566, -1.2681227922439575]]
[292552, 4, 1, [6.668618202209473, -7.2338151931762695]]
[292552, 3, 1, [4.473643779754639, -4.772347927093506]]
[292552, 9, 1, [6.0443854331970215, -10.506916046142578]]
[298603, 'popsize', 20]
[299653, 2, 0, [1.8088493347167969, -11.269362449645996]]
[299653, 20, 0, [12.404733657836914, -1.9407272338867188]]
[299653, 11, 0, [4.298279762268066, -4.476587295532227]]
[299653, 8, 0, [1.6481122970581055, -11.376791954040527]]
[299653, 16, 0, [8.163290023803711, -6.586564064025879]]
[299653, 1, 0, [12.167879104614258, -12.376348495483398]]
[299653, 21, 0, [6.349145889282227, -12.175321578979492]]
[299653, 24, 0, [6.002562999725342, -6.9927215576171875]]
[299653, 22, 0, [0.9098566174507141, -2.676239013671875]]
[299653, 5, 0, [7.234748840332031, -11.26270866394043]]
[299653, 13, 1, [2.1324081420898438, -12.063286781311035]]
[299653, 10, 1, [8.124799728393555, -6.399399757385254]]
[299653, 19, 1, [7.745494842529297, -6.483162879943848]]
[299653, 6, 1, [6.415147304534912, -7.775384426116943]]
[299653, 18, 1, [3.5808844566345215, -7.657645225524902]]
[299653, 17, 1, [12.313653945922852, -0.11978723108768463]]
[299653, 14, 1, [0.1079145222902298, -1.1931670904159546]]
[299653, 4, 1, [6.578341007232666, -7.371846675872803]]
[299653, 3, 1, [4.613668441772461, -4.557276248931885]]
[299653, 9, 1, [5.854992866516113, -10.503663063049316]]
[305703, 'popsize', 20]
[306753, 2, 0, [1.7802133560180664, -11.257078170776367]]
[306753, 20, 0, [12.337949752807617, -1.898346185684204]]
[306753, 11, 0, [4.378828048706055, -4.65674352645874]]
[306753, 8, 0, [1.6184114217758179, -11.362715721130371]]
[306753, 16, 0, [8.142842292785645, -6.589287757873535]]
[306753, 1, 0, [12.176854133605957, -12.376351356506348]]
[306753, 21, 0, [6.202712059020996, -12.186643600463867]]
[306753, 24, 0, [6.029827117919922, -6.9700608253479]]
[306753, 22, 0, [0.7615493535995483, -2.0944156646728516]]
[306753, 5, 0, [7.224947929382324, -11.29103946685791]]
[306753, 13, 1, [2.090838670730591, -12.099447250366211]]
[306753, 10, 1, [8.146463394165039, -6.397796630859375]]
[306753, 19, 1, [7.568570137023926, -6.913784980773926]]
[306753, 6, 1, [6.958928108215332, -7.558707237243652]]
[306753, 18, 1, [3.61956524848938, -8.254562377929688]]
[306753, 17, 1, [12.353891372680664, -0.1414230614900589]]
[306753, 14, 1, [0.10792132467031479, -1.1178584098815918]]
[306753, 4, 1, [6.551560878753662, -7.400446891784668]]
[306753, 3, 1, [4.519698143005371, -4.864466667175293]]
[306753, 9, 1, [5.816242218017578, -10.520995140075684]]
[313203, 'popsize', 21]
[314303, 2, 0, [1.7501121759414673, -11.242738723754883]]
[314303, 20, 0, [12.297624588012695, -1.9711027145385742]]
[314303, 11, 0, [4.509762763977051, -5.061962127685547]]
[314303, 8, 0, [1.5872993469238281, -11.347061157226562]]
[314303, 16, 0, [8.120626449584961, -6.587042808532715]]
[314303, 1, 0, [12.185873031616211, -12.376358032226562]]
[314303, 21, 0, [6.041636943817139, -12.190003395080566]]
[314303, 24, 0, [6.054694175720215, -6.937625885009766]]
[314303, 22, 0, [0.6749468445777893, -1.5929089784622192]]
[314303, 5, 0, [7.201445579528809, -11.348272323608398]]
[314303, 7, 0, [4.028512954711914, -1.9143028259277344]]
[314303, 13, 1, [2.0345778465270996, -12.140605926513672]]
[314303, 10, 1, [8.168806076049805, -6.401836395263672]]
[314303, 19, 1, [7.525254249572754, -6.816472053527832]]
[314303, 6, 1, [6.9669623374938965, -7.6275506019592285]]
[314303, 18, 1, [3.675189971923828, -8.701025009155273]]
[314303, 17, 1, [12.352744102478027, -0.1242309957742691]]
[314303, 14, 1, [0.10796993970870972, -1.0372650623321533]]
[314303, 4, 1, [6.5307512283325195, -7.417901039123535]]
[314303, 3, 1, [4.499554634094238, -5.292519569396973]]
[314303, 9, 1, [5.748857498168945, -10.542388916015625]]
[320653, 'popsize', 21]
[321753, 2, 0, [1.722100853919983, -11.227171897888184]]
[321753, 20, 0, [12.396116256713867, -1.6439059972763062]]
[321753, 11, 0, [4.544245719909668, -5.425931453704834]]
[321753, 8, 0, [1.5577683448791504, -11.329086303710938]]
[321753, 16, 0, [8.098062515258789, -6.581143856048584]]
[321753, 1, 0, [12.195161819458008, -12.37635612487793]]
[321753, 21, 0, [5.692944526672363, -12.200521469116211]]
[321753, 24, 0, [6.05276346206665, -6.906970977783203]]
[321753, 22, 0, [0.6742749810218811, -1.6209758520126343]]
[321753, 5, 0, [7.147997856140137, -11.383085250854492]]
[321753, 7, 0, [4.644656181335449, -1.85787034034729]]
[321753, 13, 1, [1.9911231994628906, -12.156063079833984]]
[321753, 10, 1, [8.191295623779297, -6.413767337799072]]
[321753, 19, 1, [7.494063377380371, -6.4556097984313965]]
[321753, 6, 1, [6.915283203125, -7.768190860748291]]
[321753, 18, 1, [3.5808632373809814, -8.869203567504883]]
[321753, 17, 1, [12.338356018066406, -0.12350182235240936]]
[321753, 14, 1, [0.1079026311635971, -0.9575191736221313]]
[321753, 4, 1, [6.471563816070557, -7.430903434753418]]
[321753, 3, 1, [4.6392998695373535, -5.601325511932373]]
[321753, 9, 1, [5.734096527099609, -10.533493995666504]]
[328103, 'popsize', 21]
[329203, 2, 0, [1.6932367086410522, -11.21201229095459]]
[329203, 20, 0, [12.395588874816895, -1.5128870010375977]]
[329203, 11, 0, [4.528213977813721, -5.56026029586792]]
[329203, 8, 0, [1.5274256467819214, -11.311727523803711]]
[329203, 16, 0, [8.077675819396973, -6.572742462158203]]
[329203, 1, 0, [12.20527458190918, -12.376346588134766]]
[329203, 21, 0, [5.221301078796387, -12.309198379516602]]
[329203, 24, 0, [6.045074939727783, -6.9330291748046875]]
[329203, 22, 0, [0.6690657138824463, -1.6527830362319946]]
[329203, 5, 0, [7.103704929351807, -11.417094230651855]]
[329203, 7, 0, [5.259647369384766, -1.763959288597107]]
[329203, 13, 1, [1.9718592166900635, -12.181293487548828]]
[329203, 10, 1, [8.209898948669434, -6.434423923492432]]
[329203, 19, 1, [7.242182731628418, -6.780616760253906]]
[329203, 6, 1, [6.890293121337891, -7.772435188293457]]
[329203, 18, 1, [3.33628511428833, -9.431553840637207]]
[329203, 17, 1, [12.305152893066406, -0.11745701730251312]]
[329203, 14, 1, [0.10792677104473114, -0.8793748617172241]]
[329203, 4, 1, [6.445773124694824, -7.5514678955078125]]
[329203, 3, 1, [4.678056716918945, -5.626761436462402]]
[329203, 9, 1, [5.747564792633057, -10.54997444152832]]
[335553, 'popsize', 21]
[336653, 2, 0, [1.6647037267684937, -11.197127342224121]]
[336653, 20, 0, [12.17968463897705, -1.7530977725982666]]
[336653, 11, 0, [4.531137943267822, -5.68858003616333]]
[336653, 8, 0, [1.4976568222045898, -11.294676780700684]]
[336653, 16, 0, [8.061041831970215, -6.559157371520996]]
[336653, 1, 0, [12.213506698608398, -12.376363754272461]]
[336653, 21, 0, [4.89340877532959, -12.393326759338379]]
[336653, 24, 0, [6.0549726486206055, -6.935960292816162]]
[336653, 22, 0, [0.7374133467674255, -1.6919742822647095]]
[336653, 5, 0, [7.077101707458496, -11.429109573364258]]
[336653, 7, 0, [5.855193614959717, -1.644348382949829]]
[336653, 13, 1, [1.938701868057251, -12.211294174194336]]
[336653, 10, 1, [8.222005844116211, -6.455983638763428]]
[336653, 19, 1, [6.972805023193359, -7.299376487731934]]
[336653, 6, 1, [6.500157833099365, -7.686820983886719]]
[336653, 18, 1, [3.1290619373321533, -10.016660690307617]]
[336653, 17, 1, [12.344748497009277, -0.13487759232521057]]
[336653, 14, 1, [0.10796438157558441, -0.7987809777259827]]
[336653, 4, 1, [6.315822124481201, -7.715701103210449]]
[336653, 3, 1, [4.680240154266357, -5.6369123458862305]]
[336653, 9, 1, [5.705014228820801, -10.482272148132324]]
[343003, 'popsize', 21]
[344103, 2, 0, [1.6377410888671875, -11.18018913269043]]
[344103, 20, 0, [12.157896995544434, -1.7818663120269775]]
[344103, 11, 0, [4.528397560119629, -5.6928300857543945]]
[344103, 8, 0, [1.469551920890808, -11.275649070739746]]
[344103, 16, 0, [8.047581672668457, -6.543314456939697]]
[344103, 1, 0, [12.22213363647461, -12.376351356506348]]
[344103, 21, 0, [4.930527687072754, -12.3656587600708]]
[344103, 24, 0, [6.0719194412231445, -6.938754081726074]]
[344103, 22, 0, [0.987259566783905, -1.7713651657104492]]
[344103, 5, 0, [7.053759574890137, -11.460612297058105]]
[344103, 7, 0, [6.459255218505859, -1.5150141716003418]]
[344103, 13, 1, [1.9378249645233154, -12.250761985778809]]
[344103, 10, 1, [8.228120803833008, -6.480417728424072]]
[344103, 19, 1, [6.817373752593994, -7.640605926513672]]
[344103, 6, 1, [6.575412750244141, -7.671024322509766]]
[344103, 18, 1, [2.963581085205078, -10.613313674926758]]
[344103, 17, 1, [12.332064628601074, -0.13924594223499298]]
[344103, 14, 1, [0.10795231908559799, -0.7202047109603882]]
[344103, 4, 1, [6.464070796966553, -7.749481201171875]]
[344103, 3, 1, [4.680232524871826, -5.64957332611084]]
[344103, 9, 1, [5.740107536315918, -10.366914749145508]]
[350453, 'popsize', 21]
[351553, 2, 0, [1.6102533340454102, -11.162814140319824]]
[351553, 20, 0, [12.069413185119629, -1.8952611684799194]]
[351553, 11, 0, [4.447716236114502, -5.715847969055176]]
[351553, 8, 0, [1.441241979598999, -11.256604194641113]]
[351553, 16, 0, [8.043615341186523, -6.5208892822265625]]
[351553, 1, 0, [12.23210334777832, -12.3763427734375]]
[351553, 21, 0, [5.096161842346191, -12.40083122253418]]
[351553, 24, 0, [6.113785743713379, -6.932528495788574]]
[351553, 22, 0, [0.9774152040481567, -1.8185617923736572]]
[351553, 5, 0, [7.0207672119140625, -11.484292984008789]]
[351553, 7, 0, [6.833414554595947, -1.6176592111587524]]
[351553, 13, 1, [1.8950303792953491, -12.284873008728027]]
[351553, 10, 1, [8.23371410369873, -6.5018310546875]]
[351553, 19, 1, [6.870211601257324, -7.790772438049316]]
[351553, 6, 1, [6.823166847229004, -7.5469770431518555]]
[351553, 18, 1, [2.842984914779663, -11.222210884094238]]
[351553, 17, 1, [12.347660064697266, -0.12849017977714539]]
[351553, 14, 1, [0.10789098590612411, -0.6381036043167114]]
[351553, 4, 1, [6.6997575759887695, -7.729976654052734]]
[351553, 3, 1, [4.863480091094971, -5.959437370300293]]
[351553, 9, 1, [5.862191200256348, -10.521649360656738]]
[357903, 'popsize', 21]
[359003, 2, 0, [1.5846192836761475, -11.144359588623047]]
[359003, 20, 0, [12.145853996276855, -1.7926547527313232]]
[359003, 11, 0, [4.4653825759887695, -5.735987663269043]]
[359003, 8, 0, [1.4143136739730835, -11.235557556152344]]
[359003, 16, 0, [8.045248031616211, -6.498045444488525]]
[359003, 1, 0, [12.241765022277832, -12.376340866088867]]
[359003, 21, 0, [5.184418678283691, -12.360904693603516]]
[359003, 24, 0, [6.145739555358887, -6.883215427398682]]
[359003, 22, 0, [0.7426348924636841, -1.63186514377594]]
[359003, 5, 0, [7.0213494300842285, -11.54318618774414]]
[359003, 7, 0, [7.150005340576172, -2.1488518714904785]]
[359003, 13, 1, [1.8463881015777588, -12.312273025512695]]
[359003, 10, 1, [8.234975814819336, -6.522836208343506]]
[359003, 19, 1, [6.8497819900512695, -7.936424255371094]]
[359003, 6, 1, [6.770277500152588, -7.515545845031738]]
[359003, 18, 1, [2.8129944801330566, -11.417847633361816]]
[359003, 17, 1, [12.394047737121582, -0.1120864748954773]]
[359003, 14, 1, [0.10793448984622955, -0.557970404624939]]
[359003, 4, 1, [6.680095672607422, -7.794893741607666]]
[359003, 3, 1, [4.939096450805664, -6.036807060241699]]
[359003, 9, 1, [5.843392848968506, -10.454296112060547]]
[365353, 'popsize', 21]
[366453, 2, 0, [1.558111548423767, -11.126348495483398]]
[366453, 20, 0, [11.786691665649414, -2.2561631202697754]]
[366453, 11, 0, [4.456032752990723, -5.807234764099121]]
[366453, 8, 0, [1.3869138956069946, -11.216207504272461]]
[366453, 16, 0, [8.048955917358398, -6.478548526763916]]
[366453, 1, 0, [12.251734733581543, -12.376351356506348]]
[366453, 21, 0, [5.040563583374023, -12.303771018981934]]
[366453, 24, 0, [6.178977966308594, -6.8621697425842285]]
[366453, 22, 0, [0.49709758162498474, -1.437220811843872]]
[366453, 5, 0, [6.981692314147949, -11.588897705078125]]
[366453, 7, 0, [7.51387882232666, -2.653388261795044]]
[366453, 13, 1, [1.8131752014160156, -12.337267875671387]]
[366453, 10, 1, [8.229259490966797, -6.542741298675537]]
[366453, 19, 1, [6.802313804626465, -7.933371543884277]]
[366453, 6, 1, [6.4097394943237305, -7.519861698150635]]
[366453, 18, 1, [2.603294849395752, -11.823171615600586]]
[366453, 17, 1, [12.393980026245117, -0.11203068494796753]]
[366453, 14, 1, [0.10793115943670273, -0.4807218015193939]]
[366453, 4, 1, [6.685685157775879, -7.774449348449707]]
[366453, 3, 1, [4.921872138977051, -5.850165843963623]]
[366453, 9, 1, [5.804287910461426, -10.252753257751465]]
[372803, 'popsize', 21]
[375403, 22, 0, [0.492527574300766, -1.4971027374267578]]
[375403, 5, 0, [6.910582065582275, -11.61279582977295]]
[375403, 7, 0, [8.01005744934082, -3.2068378925323486]]
[375403, 4, 1, [6.813936710357666, -7.669053554534912]]
[375403, 3, 1, [4.989434242248535, -5.9688825607299805]]
[375403, 9, 1, [5.799527168273926, -10.264041900634766]]
[377253, 'popsize', 6]
[377603, 22, 0, [0.5050337314605713, -1.5044444799423218]]
[377603, 5, 0, [6.90893030166626, -11.605215072631836]]
[377603, 7, 0, [8.136674880981445, -3.3357110023498535]]
[377603, 4, 1, [6.821020603179932, -7.6086249351501465]]
[377603, 3, 1, [5.015295505523682, -6.118886470794678]]
[377603, 9, 1, [5.903557777404785, -10.229235649108887]]
[379453, 'popsize', 6]
[379803, 22, 0, [0.5750361680984497, -1.5134092569351196]]
[379803, 5, 0, [6.921525001525879, -11.640737533569336]]
[379803, 7, 0, [8.258604049682617, -3.4542346000671387]]
[379803, 4, 1, [6.880148887634277, -7.644564628601074]]
[379803, 3, 1, [5.032837867736816, -6.288484573364258]]
[379803, 9, 1, [6.056736946105957, -10.130626678466797]]
[381653, 'popsize', 6]
[382003, 22, 0, [0.587908923625946, -1.5435817241668701]]
[382003, 5, 0, [6.869420051574707, -11.63504695892334]]
[382003, 7, 0, [8.369034767150879, -3.5548768043518066]]
[382003, 4, 1, [6.89053201675415, -7.6555328369140625]]
[382003, 3, 1, [5.037985324859619, -6.46500301361084]]
[382003, 9, 1, [6.20117712020874, -10.026325225830078]]
[383853, 'popsize', 6]
[384203, 22, 0, [0.570452868938446, -1.5601123571395874]]
[384203, 5, 0, [6.878842353820801, -11.629180908203125]]
[384203, 7, 0, [8.344472885131836, -3.643073558807373]]
[384203, 4, 1, [6.826409339904785, -7.663931369781494]]
[384203, 3, 1, [5.027817726135254, -6.639718055725098]]
[384203, 9, 1, [6.341230392456055, -9.91501522064209]]
[386053, 'popsize', 6]
[386403, 22, 0, [0.5732143521308899, -1.5458400249481201]]
[386403, 5, 0, [6.886891841888428, -11.664551734924316]]
[386403, 7, 0, [8.319121360778809, -3.82653546333313]]
[386403, 4, 1, [6.734612941741943, -7.665036201477051]]
[386403, 3, 1, [5.002283573150635, -6.812699794769287]]
[386403, 9, 1, [6.4658074378967285, -9.80681324005127]]
[388253, 'popsize', 6]
[388703, 22, 0, [0.6002672910690308, -1.5732321739196777]]
[388703, 5, 0, [6.840123653411865, -11.663766860961914]]
[388703, 7, 0, [8.295289993286133, -4.013657569885254]]
[388703, 3, 1, [4.9609694480896, -6.985970497131348]]
[388703, 9, 1, [6.593935489654541, -9.681979179382324]]
[390253, 'popsize', 5]
[390553, 22, 0, [0.5766225457191467, -1.5959447622299194]]
[390553, 5, 0, [6.845335960388184, -11.654321670532227]]
[390553, 7, 0, [8.276834487915039, -4.166382789611816]]
[390553, 3, 1, [4.915085315704346, -7.1231560707092285]]
[390553, 9, 1, [6.6988043785095215, -9.570276260375977]]
[392103, 'popsize', 5]
[392403, 22, 0, [0.5703843235969543, -1.5876036882400513]]
[392403, 5, 0, [6.867839813232422, -11.696592330932617]]
[392403, 7, 0, [8.260236740112305, -4.318676471710205]]
[392403, 3, 1, [4.87904691696167, -7.209022521972656]]
[392403, 9, 1, [6.789816379547119, -9.46503734588623]]
[393953, 'popsize', 5]
[394353, 22, 0, [0.5858083963394165, -1.5958564281463623]]
[394353, 5, 0, [6.824754238128662, -11.700967788696289]]
[394353, 7, 0, [8.245588302612305, -4.472932815551758]]
[394353, 9, 1, [6.887239933013916, -9.340853691101074]]
[395603, 'popsize', 4]
[395853, 22, 0, [0.58359694480896, -1.6234604120254517]]
[395853, 5, 0, [6.810186862945557, -11.689912796020508]]
[395853, 7, 0, [8.234736442565918, -4.5990118980407715]]
[395853, 9, 1, [6.953709602355957, -9.248702049255371]]
[397103, 'popsize', 4]
[397353, 22, 0, [0.5582815408706665, -1.6412467956542969]]
[397353, 5, 0, [6.818392753601074, -11.690415382385254]]
[397353, 7, 0, [8.225943565368652, -4.724795818328857]]
[397353, 9, 1, [7.022881984710693, -9.145710945129395]]
[398604, 'popsize', 4]
[398853, 22, 0, [0.551289439201355, -1.635154366493225]]
[398853, 5, 0, [6.818958282470703, -11.715008735656738]]
[398853, 7, 0, [8.219156265258789, -4.850708484649658]]
[398853, 9, 1, [7.070461273193359, -9.095329284667969]]
[400104, 'popsize', 4]
[400454, 22, 0, [0.5554999113082886, -1.631609559059143]]
[400454, 5, 0, [6.7852373123168945, -11.726861953735352]]
[400454, 7, 0, [8.214083671569824, -4.985397815704346]]
[401404, 'popsize', 3]
[401604, 22, 0, [0.5690747499465942, -1.6438859701156616]]
[401604, 5, 0, [6.7611212730407715, -11.717000961303711]]
[401604, 7, 0, [8.21187686920166, -5.0817670822143555]]
[402554, 'popsize', 3]
[402854, 5, 0, [6.75771427154541, -11.712370872497559]]
[402854, 7, 0, [8.210869789123535, -5.186727046966553]]
[403504, 'popsize', 2]
[403654, 5, 0, [6.766087532043457, -11.710213661193848]]
[403654, 7, 0, [8.211450576782227, -5.254155158996582]]
[404304, 'popsize', 2]
[404454, 5, 0, [6.78133487701416, -11.722707748413086]]
[404454, 7, 0, [8.212739944458008, -5.322508811950684]]
[405104, 'popsize', 2]
[405254, 5, 0, [6.779969215393066, -11.741559982299805]]
[405254, 7, 0, [8.214515686035156, -5.388558387756348]]
[405904, 'popsize', 2]
[406054, 5, 0, [6.770955562591553, -11.74752140045166]]
[406054, 7, 0, [8.216870307922363, -5.454628944396973]]
[406704, 'popsize', 2]
[406854, 5, 0, [6.75321102142334, -11.75102424621582]]
[406854, 7, 0, [8.219120025634766, -5.521700859069824]]
[407504, 'popsize', 2]
[407654, 5, 0, [6.733847141265869, -11.746374130249023]]
[407654, 7, 0, [8.221860885620117, -5.585705757141113]]
[408304, 'popsize', 2]
[408454, 5, 0, [6.728912353515625, -11.743573188781738]]
[408454, 7, 0, [8.224686622619629, -5.6528096199035645]]
[409104, 'popsize', 2]
[409254, 5, 0, [6.7282819747924805, -11.743407249450684]]
[409254, 7, 0, [8.228656768798828, -5.719890117645264]]
[409904, 'popsize', 2]
[410054, 5, 0, [6.730276584625244, -11.741556167602539]]
[410054, 7, 0, [8.23306941986084, -5.787442207336426]]
[410704, 'popsize', 2]
[410854, 5, 0, [6.751560211181641, -11.753582954406738]]
[410854, 7, 0, [8.237865447998047, -5.854740619659424]]
[411504, 'popsize', 2]
[411654, 5, 0, [6.7549285888671875, -11.776754379272461]]
[411654, 7, 0, [8.243021011352539, -5.921410083770752]]
[412304, 'popsize', 2]
[412454, 5, 0, [6.743633270263672, -11.786890983581543]]
[412454, 7, 0, [8.248783111572266, -5.988303184509277]]
[413104, 'popsize', 2]
[413354, 7, 0, [8.255971908569336, -6.064362525939941]]
