[time, indiv, gender, coords]
[6300, 'popsize', 15]
[7100, 19, 0, [7.474917411804199, -4.9094133377075195]]
[7100, 12, 0, [9.883119583129883, -8.841500282287598]]
[7100, 6, 0, [1.4795770645141602, -9.246042251586914]]
[7100, 22, 0, [3.348723888397217, -7.267124176025391]]
[7100, 11, 0, [5.6417436599731445, -2.1705665588378906]]
[7100, 9, 0, [5.197415351867676, -10.938648223876953]]
[7100, 7, 0, [3.958686351776123, -1.9581146240234375]]
[7100, 10, 0, [1.7534425258636475, -7.48949670791626]]
[7100, 15, 1, [8.011816024780273, -2.0509307384490967]]
[7100, 0, 1, [10.179292678833008, -2.0023553371429443]]
[7100, 17, 1, [3.6434836387634277, -9.451419830322266]]
[7100, 14, 1, [1.5641862154006958, -4.772784233093262]]
[7100, 16, 1, [7.1560869216918945, -8.797220230102539]]
[7100, 1, 1, [10.201003074645996, -10.913667678833008]]
[7100, 2, 1, [1.5954101085662842, -10.824843406677246]]
[12750, 'popsize', 15]
[13550, 19, 0, [7.242640495300293, -5.238256454467773]]
[13550, 12, 0, [9.336420059204102, -8.810483932495117]]
[13550, 6, 0, [0.9402615427970886, -9.23394775390625]]
[13550, 22, 0, [3.339892864227295, -7.2950005531311035]]
[13550, 11, 0, [5.627042770385742, -2.1206324100494385]]
[13550, 9, 0, [5.134307861328125, -10.94919490814209]]
[13550, 7, 0, [4.392862796783447, -2.171787738800049]]
[13550, 10, 0, [2.06614089012146, -7.189825534820557]]
[13550, 15, 1, [8.556961059570312, -2.0370638370513916]]
[13550, 0, 1, [10.40139389038086, -1.9063422679901123]]
[13550, 17, 1, [4.178994178771973, -9.430421829223633]]
[13550, 14, 1, [1.0356085300445557, -4.747553825378418]]
[13550, 16, 1, [6.612983703613281, -8.774125099182129]]
[13550, 1, 1, [10.17526626586914, -10.920442581176758]]
[13550, 2, 1, [1.569162368774414, -10.806608200073242]]
[18850, 'popsize', 15]
[19650, 19, 0, [6.960179805755615, -5.654220104217529]]
[19650, 12, 0, [8.821086883544922, -8.752206802368164]]
[19650, 6, 0, [0.43270158767700195, -9.219686508178711]]
[19650, 22, 0, [3.3226382732391357, -7.319230079650879]]
[19650, 11, 0, [5.570592880249023, -2.170041561126709]]
[19650, 9, 0, [5.2204718589782715, -10.491413116455078]]
[19650, 7, 0, [4.691327095031738, -2.520594358444214]]
[19650, 10, 0, [2.0623602867126465, -7.333634853363037]]
[19650, 15, 1, [9.065364837646484, -1.9960777759552002]]
[19650, 0, 1, [10.619139671325684, -1.758431077003479]]
[19650, 17, 1, [4.668914794921875, -9.386852264404297]]
[19650, 14, 1, [0.529880166053772, -4.701369285583496]]
[19650, 16, 1, [6.104886054992676, -8.722070693969727]]
[19650, 1, 1, [10.158641815185547, -10.93636703491211]]
[19650, 2, 1, [1.580791711807251, -10.792764663696289]]
[25500, 'popsize', 15]
[26300, 19, 0, [6.6381049156188965, -6.066414833068848]]
[26300, 12, 0, [8.265932083129883, -8.660499572753906]]
[26300, 6, 0, [0.12404938042163849, -9.196374893188477]]
[26300, 22, 0, [3.2915923595428467, -7.338316440582275]]
[26300, 11, 0, [5.502102851867676, -2.385587215423584]]
[26300, 9, 0, [5.446915149688721, -10.046280860900879]]
[26300, 7, 0, [4.831453800201416, -3.001657724380493]]
[26300, 10, 0, [2.076141834259033, -7.374525547027588]]
[26300, 15, 1, [9.61794376373291, -1.9256912469863892]]
[26300, 0, 1, [10.62382984161377, -1.87412428855896]]
[26300, 17, 1, [5.136514186859131, -9.32963752746582]]
[26300, 14, 1, [0.12377442419528961, -4.637337684631348]]
[26300, 16, 1, [5.55146598815918, -8.626703262329102]]
[26300, 1, 1, [10.149991989135742, -10.948610305786133]]
[26300, 2, 1, [1.5760252475738525, -10.79440689086914]]
[32300, 'popsize', 15]
[33100, 19, 0, [6.580635070800781, -6.134658336639404]]
[33100, 12, 0, [7.708069801330566, -8.528753280639648]]
[33100, 6, 0, [0.1233329027891159, -9.187039375305176]]
[33100, 22, 0, [3.258073329925537, -7.3791937828063965]]
[33100, 11, 0, [5.514866828918457, -2.417599678039551]]
[33100, 9, 0, [5.777571201324463, -9.69768238067627]]
[33100, 7, 0, [4.753117561340332, -3.502068281173706]]
[33100, 10, 0, [1.8965364694595337, -7.337941646575928]]
[33100, 15, 1, [9.96009635925293, -1.8960447311401367]]
[33100, 0, 1, [10.773557662963867, -1.8072140216827393]]
[33100, 17, 1, [5.437771320343018, -9.342748641967773]]
[33100, 14, 1, [0.12334239482879639, -4.628396511077881]]
[33100, 16, 1, [4.990757465362549, -8.494684219360352]]
[33100, 1, 1, [10.13149642944336, -10.969127655029297]]
[33100, 2, 1, [1.592309832572937, -10.763205528259277]]
[39050, 'popsize', 15]
[39850, 19, 0, [6.612329006195068, -6.166963577270508]]
[39850, 12, 0, [7.162937164306641, -8.368282318115234]]
[39850, 6, 0, [0.12333951145410538, -9.180774688720703]]
[39850, 22, 0, [3.230440616607666, -7.417118072509766]]
[39850, 11, 0, [5.600200653076172, -2.5184004306793213]]
[39850, 9, 0, [5.919770240783691, -9.550661087036133]]
[39850, 7, 0, [4.633230686187744, -4.008166790008545]]
[39850, 10, 0, [1.8551098108291626, -7.290014743804932]]
[39850, 15, 1, [9.723816871643066, -2.2210991382598877]]
[39850, 0, 1, [10.686789512634277, -1.8854038715362549]]
[39850, 17, 1, [5.602911472320557, -9.134930610656738]]
[39850, 14, 1, [0.12333936989307404, -4.622279167175293]]
[39850, 16, 1, [4.443441867828369, -8.3306303024292]]
[39850, 1, 1, [10.112622261047363, -10.982309341430664]]
[39850, 2, 1, [1.596962571144104, -10.785331726074219]]
[45750, 'popsize', 15]
[46550, 19, 0, [6.195321083068848, -6.378627300262451]]
[46550, 12, 0, [6.629151821136475, -8.176169395446777]]
[46550, 6, 0, [0.12334279716014862, -9.175300598144531]]
[46550, 22, 0, [3.235064744949341, -7.442387580871582]]
[46550, 11, 0, [5.81466007232666, -2.5864758491516113]]
[46550, 9, 0, [6.1028971672058105, -9.32204818725586]]
[46550, 7, 0, [4.552188396453857, -4.54311466217041]]
[46550, 10, 0, [1.8576406240463257, -7.013424873352051]]
[46550, 15, 1, [9.461824417114258, -2.663269519805908]]
[46550, 0, 1, [10.965616226196289, -1.9348434209823608]]
[46550, 17, 1, [5.327627182006836, -9.018579483032227]]
[46550, 14, 1, [0.12333600223064423, -4.617934226989746]]
[46550, 16, 1, [3.9109044075012207, -8.144622802734375]]
[46550, 1, 1, [10.088624954223633, -10.985366821289062]]
[46550, 2, 1, [1.5849467515945435, -10.73681354522705]]
[52450, 'popsize', 15]
[53250, 19, 0, [5.667018413543701, -6.571017265319824]]
[53250, 12, 0, [6.112382411956787, -7.955375671386719]]
[53250, 6, 0, [0.12333347648382187, -9.170028686523438]]
[53250, 22, 0, [3.2306113243103027, -7.491841793060303]]
[53250, 11, 0, [5.7502665519714355, -2.588651657104492]]
[53250, 9, 0, [6.318496227264404, -9.041284561157227]]
[53250, 7, 0, [4.497714042663574, -5.091296195983887]]
[53250, 10, 0, [1.8173192739486694, -6.76239538192749]]
[53250, 15, 1, [9.230944633483887, -3.1300623416900635]]
[53250, 0, 1, [11.033551216125488, -1.9664525985717773]]
[53250, 17, 1, [5.244536399841309, -9.25844955444336]]
[53250, 14, 1, [0.12333937734365463, -4.611464500427246]]
[53250, 16, 1, [3.3868727684020996, -7.930563926696777]]
[53250, 1, 1, [10.066804885864258, -10.984537124633789]]
[53250, 2, 1, [1.6206340789794922, -10.710620880126953]]
[59200, 'popsize', 15]
[60000, 19, 0, [5.131758689880371, -6.7336249351501465]]
[60000, 12, 0, [5.6112141609191895, -7.702168941497803]]
[60000, 6, 0, [0.12333371490240097, -9.165165901184082]]
[60000, 22, 0, [3.212212324142456, -7.521348476409912]]
[60000, 11, 0, [5.7292022705078125, -2.614872455596924]]
[60000, 9, 0, [6.046175003051758, -9.202383041381836]]
[60000, 7, 0, [4.484650611877441, -5.650326728820801]]
[60000, 10, 0, [1.7603464126586914, -6.49004602432251]]
[60000, 15, 1, [9.032998085021973, -3.651031017303467]]
[60000, 0, 1, [11.056408882141113, -2.034604549407959]]
[60000, 17, 1, [5.490442752838135, -9.342931747436523]]
[60000, 14, 1, [0.12333980947732925, -4.606428623199463]]
[60000, 16, 1, [2.8740737438201904, -7.689319610595703]]
[60000, 1, 1, [10.043500900268555, -11.013444900512695]]
[60000, 2, 1, [1.6471989154815674, -10.715401649475098]]
[65250, 'popsize', 15]
[66050, 19, 0, [5.059323310852051, -6.77547550201416]]
[66050, 12, 0, [5.1713337898254395, -7.443312168121338]]
[66050, 6, 0, [0.12334136664867401, -9.160139083862305]]
[66050, 22, 0, [3.1836724281311035, -7.5601301193237305]]
[66050, 11, 0, [5.751242637634277, -2.5518977642059326]]
[66050, 9, 0, [5.655900955200195, -9.363029479980469]]
[66050, 7, 0, [4.516929626464844, -6.147566795349121]]
[66050, 10, 0, [1.7682634592056274, -6.5159711837768555]]
[66050, 15, 1, [8.883463859558105, -4.1351213455200195]]
[66050, 0, 1, [11.25205135345459, -2.11877703666687]]
[66050, 17, 1, [5.613208770751953, -9.156679153442383]]
[66050, 14, 1, [0.12334374338388443, -4.600600242614746]]
[66050, 16, 1, [2.4313273429870605, -7.455873012542725]]
[66050, 1, 1, [10.017007827758789, -11.059200286865234]]
[66050, 2, 1, [1.6144956350326538, -10.683477401733398]]
[71300, 'popsize', 16]
[72150, 19, 0, [5.200802803039551, -6.809084415435791]]
[72150, 12, 0, [4.990710258483887, -7.321850776672363]]
[72150, 6, 0, [0.12332942336797714, -9.15593147277832]]
[72150, 22, 0, [3.1709349155426025, -7.568609714508057]]
[72150, 11, 0, [5.747304439544678, -2.6283650398254395]]
[72150, 9, 0, [5.326280117034912, -9.4133882522583]]
[72150, 7, 0, [4.574117183685303, -6.649319648742676]]
[72150, 10, 0, [1.5902783870697021, -6.363851547241211]]
[72150, 13, 0, [3.237805128097534, -10.891203880310059]]
[72150, 15, 1, [8.75950813293457, -4.618248462677002]]
[72150, 0, 1, [11.302096366882324, -2.173017978668213]]
[72150, 17, 1, [5.498349189758301, -8.96292495727539]]
[72150, 14, 1, [0.12334414571523666, -4.594422340393066]]
[72150, 16, 1, [1.9959325790405273, -7.187861442565918]]
[72150, 1, 1, [9.978669166564941, -11.100568771362305]]
[72150, 2, 1, [1.6287187337875366, -10.672174453735352]]
[77300, 'popsize', 16]
[78150, 19, 0, [5.483134746551514, -6.961979866027832]]
[78150, 12, 0, [4.944148063659668, -7.26447057723999]]
[78150, 6, 0, [0.12332214415073395, -9.150863647460938]]
[78150, 22, 0, [3.143383502960205, -7.598439693450928]]
[78150, 11, 0, [5.760657787322998, -2.5470268726348877]]
[78150, 9, 0, [5.3049798011779785, -9.457144737243652]]
[78150, 7, 0, [4.6658854484558105, -7.144168853759766]]
[78150, 10, 0, [1.1856509447097778, -6.056847095489502]]
[78150, 13, 0, [3.347933530807495, -10.639787673950195]]
[78150, 15, 1, [8.659623146057129, -5.107514381408691]]
[78150, 0, 1, [11.3512544631958, -2.2356338500976562]]
[78150, 17, 1, [5.259390830993652, -9.028104782104492]]
[78150, 14, 1, [0.12334237992763519, -4.589230060577393]]
[78150, 16, 1, [1.5836126804351807, -6.8917036056518555]]
[78150, 1, 1, [9.954854011535645, -11.129510879516602]]
[78150, 2, 1, [1.6159608364105225, -10.69971752166748]]
[83250, 'popsize', 16]
[84100, 19, 0, [5.5294599533081055, -7.161316871643066]]
[84100, 12, 0, [4.917242527008057, -7.20034122467041]]
[84100, 6, 0, [0.12333370745182037, -9.145748138427734]]
[84100, 22, 0, [3.1175525188446045, -7.6219048500061035]]
[84100, 11, 0, [5.844624996185303, -2.4890646934509277]]
[84100, 9, 0, [5.488162994384766, -9.416219711303711]]
[84100, 7, 0, [4.746073246002197, -7.618643760681152]]
[84100, 10, 0, [0.809563159942627, -5.7262773513793945]]
[84100, 13, 0, [3.1303036212921143, -10.251055717468262]]
[84100, 15, 1, [8.581266403198242, -5.5923542976379395]]
[84100, 0, 1, [11.580653190612793, -2.1447513103485107]]
[84100, 17, 1, [5.249605178833008, -9.256685256958008]]
[84100, 14, 1, [0.1233365535736084, -4.582093238830566]]
[84100, 16, 1, [1.1990362405776978, -6.576944828033447]]
[84100, 1, 1, [9.95103645324707, -11.14390754699707]]
[84100, 2, 1, [1.581202745437622, -10.675742149353027]]
[89450, 'popsize', 16]
[90300, 19, 0, [5.60488224029541, -7.5003252029418945]]
[90300, 12, 0, [4.9115986824035645, -7.129253387451172]]
[90300, 6, 0, [0.12332956492900848, -9.140625953674316]]
[90300, 22, 0, [3.107024669647217, -7.6342453956604]]
[90300, 11, 0, [5.805907249450684, -2.4893298149108887]]
[90300, 9, 0, [5.448151588439941, -9.504024505615234]]
[90300, 7, 0, [4.816879749298096, -8.133645057678223]]
[90300, 10, 0, [0.44541770219802856, -5.3625264167785645]]
[90300, 13, 0, [3.0130391120910645, -10.182754516601562]]
[90300, 15, 1, [8.518549919128418, -6.099213123321533]]
[90300, 0, 1, [11.728798866271973, -2.14857816696167]]
[90300, 17, 1, [5.414997100830078, -9.318716049194336]]
[90300, 14, 1, [0.12333667278289795, -4.575554847717285]]
[90300, 16, 1, [0.8222403526306152, -6.232285499572754]]
[90300, 1, 1, [9.95872974395752, -11.148889541625977]]
[90300, 2, 1, [1.5760546922683716, -10.702604293823242]]
[95450, 'popsize', 16]
[96300, 19, 0, [5.643963813781738, -7.481450080871582]]
[96300, 12, 0, [4.927839756011963, -7.061636924743652]]
[96300, 6, 0, [0.12333675473928452, -9.136372566223145]]
[96300, 22, 0, [3.022167444229126, -7.772452354431152]]
[96300, 11, 0, [5.790838241577148, -2.528784990310669]]
[96300, 9, 0, [5.409496784210205, -9.523818969726562]]
[96300, 7, 0, [4.923898696899414, -8.628549575805664]]
[96300, 10, 0, [0.15761978924274445, -5.044889450073242]]
[96300, 13, 0, [3.2035670280456543, -10.16806411743164]]
[96300, 15, 1, [8.49309253692627, -6.5779852867126465]]
[96300, 0, 1, [11.606767654418945, -2.042747735977173]]
[96300, 17, 1, [5.594120979309082, -9.213793754577637]]
[96300, 14, 1, [0.12333659082651138, -4.569764137268066]]
[96300, 16, 1, [0.47207751870155334, -5.864592552185059]]
[96300, 1, 1, [9.915098190307617, -11.168684959411621]]
[96300, 2, 1, [1.552213430404663, -10.752470016479492]]
[101451, 'popsize', 16]
[102301, 19, 0, [5.657097339630127, -7.469699859619141]]
[102301, 12, 0, [4.938279628753662, -7.016692161560059]]
[102301, 6, 0, [0.12333599478006363, -9.131425857543945]]
[102301, 22, 0, [2.7914860248565674, -8.148134231567383]]
[102301, 11, 0, [5.751148700714111, -2.5013017654418945]]
[102301, 9, 0, [5.3863420486450195, -9.545486450195312]]
[102301, 7, 0, [5.061317443847656, -9.111043930053711]]
[102301, 10, 0, [0.18561439216136932, -4.997894763946533]]
[102301, 13, 0, [3.700767993927002, -10.124658584594727]]
[102301, 15, 1, [8.49771499633789, -7.073712348937988]]
[102301, 0, 1, [11.64822769165039, -2.1351757049560547]]
[102301, 17, 1, [5.578255653381348, -8.98592758178711]]
[102301, 14, 1, [0.12334052473306656, -4.563333511352539]]
[102301, 16, 1, [0.14474211633205414, -5.476326942443848]]
[102301, 1, 1, [9.888166427612305, -11.204377174377441]]
[102301, 2, 1, [1.522354245185852, -10.721208572387695]]
[107501, 'popsize', 16]
[108351, 19, 0, [5.751344203948975, -7.592366695404053]]
[108351, 12, 0, [5.07525110244751, -7.230924129486084]]
[108351, 6, 0, [0.12333790957927704, -9.125391006469727]]
[108351, 22, 0, [2.631385564804077, -8.450840950012207]]
[108351, 11, 0, [5.722496032714844, -2.543678045272827]]
[108351, 9, 0, [5.37835693359375, -9.595416069030762]]
[108351, 7, 0, [5.219320297241211, -9.577703475952148]]
[108351, 10, 0, [0.2994025647640228, -4.875234127044678]]
[108351, 13, 0, [4.000799655914307, -10.085211753845215]]
[108351, 15, 1, [8.522096633911133, -7.578009128570557]]
[108351, 0, 1, [11.54539680480957, -2.0089125633239746]]
[108351, 17, 1, [5.352000713348389, -8.910246849060059]]
[108351, 14, 1, [0.12333812564611435, -4.5565385818481445]]
[108351, 16, 1, [0.1322544515132904, -5.463700294494629]]
[108351, 1, 1, [9.873947143554688, -11.204504013061523]]
[108351, 2, 1, [1.547787070274353, -10.728784561157227]]
[113451, 'popsize', 16]
[114301, 19, 0, [5.869656562805176, -7.9164838790893555]]
[114301, 12, 0, [5.393518924713135, -7.617769718170166]]
[114301, 6, 0, [0.12333059310913086, -9.12104606628418]]
[114301, 22, 0, [2.6202588081359863, -8.484834671020508]]
[114301, 11, 0, [5.731126308441162, -2.5081145763397217]]
[114301, 9, 0, [5.403383255004883, -9.524931907653809]]
[114301, 7, 0, [5.420360565185547, -9.694164276123047]]
[114301, 10, 0, [0.15065613389015198, -5.160944938659668]]
[114301, 13, 0, [4.081535816192627, -10.004085540771484]]
[114301, 15, 1, [8.567157745361328, -8.064935684204102]]
[114301, 0, 1, [11.554450035095215, -2.1173653602600098]]
[114301, 17, 1, [5.194310188293457, -9.093559265136719]]
[114301, 14, 1, [0.12333165109157562, -4.550963878631592]]
[114301, 16, 1, [0.31781795620918274, -5.426245212554932]]
[114301, 1, 1, [9.850263595581055, -11.201380729675293]]
[114301, 2, 1, [1.5239187479019165, -10.756166458129883]]
[119401, 'popsize', 16]
[120251, 19, 0, [5.82729434967041, -7.946253776550293]]
[120251, 12, 0, [5.6720871925354, -8.017019271850586]]
[120251, 6, 0, [0.12332985550165176, -9.116558074951172]]
[120251, 22, 0, [2.5863664150238037, -8.516133308410645]]
[120251, 11, 0, [5.733320236206055, -2.464256763458252]]
[120251, 9, 0, [5.550145149230957, -9.303267478942871]]
[120251, 7, 0, [5.686763763427734, -9.42338752746582]]
[120251, 10, 0, [0.1718728244304657, -4.918105125427246]]
[120251, 13, 0, [4.008492469787598, -9.743246078491211]]
[120251, 15, 1, [8.632013320922852, -8.55838394165039]]
[120251, 0, 1, [11.534051895141602, -1.9521524906158447]]
[120251, 17, 1, [5.294562339782715, -9.303230285644531]]
[120251, 14, 1, [0.12333805859088898, -4.546172618865967]]
[120251, 16, 1, [0.14247439801692963, -5.385575294494629]]
[120251, 1, 1, [9.822370529174805, -11.202412605285645]]
[120251, 2, 1, [1.4908332824707031, -10.775590896606445]]
[125101, 'popsize', 16]
[125951, 19, 0, [5.718523025512695, -7.895703315734863]]
[125951, 12, 0, [5.901523113250732, -8.334612846374512]]
[125951, 6, 0, [0.1233309656381607, -9.11180305480957]]
[125951, 22, 0, [2.582533359527588, -8.539620399475098]]
[125951, 11, 0, [5.787333965301514, -2.5397937297821045]]
[125951, 9, 0, [5.623204708099365, -9.128728866577148]]
[125951, 7, 0, [5.9831366539001465, -9.174885749816895]]
[125951, 10, 0, [0.2203919142484665, -4.693545818328857]]
[125951, 13, 0, [3.7748093605041504, -9.418357849121094]]
[125951, 15, 1, [8.719253540039062, -9.020180702209473]]
[125951, 0, 1, [11.458027839660645, -2.056248188018799]]
[125951, 17, 1, [5.447270393371582, -9.317112922668457]]
[125951, 14, 1, [0.12333273887634277, -4.5306901931762695]]
[125951, 16, 1, [0.39200589060783386, -5.536966800689697]]
[125951, 1, 1, [9.769819259643555, -11.214301109313965]]
[125951, 2, 1, [1.4547226428985596, -10.740500450134277]]
[131351, 'popsize', 17]
[132251, 19, 0, [5.716141700744629, -7.984395503997803]]
[132251, 12, 0, [6.367697715759277, -8.315645217895508]]
[132251, 6, 0, [0.12333045899868011, -9.106239318847656]]
[132251, 22, 0, [2.562110424041748, -8.584548950195312]]
[132251, 11, 0, [5.764647483825684, -2.5040762424468994]]
[132251, 9, 0, [5.703324317932129, -9.138440132141113]]
[132251, 7, 0, [6.323104381561279, -8.870392799377441]]
[132251, 10, 0, [0.29503077268600464, -4.9754133224487305]]
[132251, 13, 0, [3.6959285736083984, -9.379490852355957]]
[132251, 15, 1, [8.845155715942383, -9.512914657592773]]
[132251, 0, 1, [11.549981117248535, -1.842246651649475]]
[132251, 17, 1, [5.507943153381348, -9.14826774597168]]
[132251, 14, 1, [0.12333674728870392, -4.522822380065918]]
[132251, 16, 1, [0.8432575464248657, -5.783133506774902]]
[132251, 1, 1, [9.744895935058594, -11.230097770690918]]
[132251, 2, 1, [1.4487377405166626, -10.773673057556152]]
[132251, 24, 1, [5.164525508880615, -7.298866271972656]]
[137701, 'popsize', 17]
[138601, 19, 0, [5.749353885650635, -7.903082370758057]]
[138601, 12, 0, [6.374217987060547, -8.452112197875977]]
[138601, 6, 0, [0.1233331561088562, -9.099955558776855]]
[138601, 22, 0, [2.548414468765259, -8.61320972442627]]
[138601, 11, 0, [5.814216136932373, -2.85178804397583]]
[138601, 9, 0, [5.812441825866699, -9.0408296585083]]
[138601, 7, 0, [6.6654253005981445, -8.51626205444336]]
[138601, 10, 0, [0.3325762450695038, -5.229215145111084]]
[138601, 13, 0, [3.901358127593994, -9.469099998474121]]
[138601, 15, 1, [9.013199806213379, -10.01346492767334]]
[138601, 0, 1, [11.437807083129883, -1.7094287872314453]]
[138601, 17, 1, [5.43769645690918, -9.040541648864746]]
[138601, 14, 1, [0.12333168834447861, -4.517370223999023]]
[138601, 16, 1, [1.2653661966323853, -6.064227104187012]]
[138601, 1, 1, [9.710182189941406, -11.237349510192871]]
[138601, 2, 1, [1.4111369848251343, -10.815595626831055]]
[138601, 24, 1, [5.321383476257324, -7.8047895431518555]]
[144001, 'popsize', 17]
[144901, 19, 0, [5.746764183044434, -7.800175666809082]]
[144901, 12, 0, [6.032763481140137, -8.812431335449219]]
[144901, 6, 0, [0.1233346238732338, -9.095088005065918]]
[144901, 22, 0, [2.529622793197632, -8.665314674377441]]
[144901, 11, 0, [5.884556770324707, -3.257389545440674]]
[144901, 9, 0, [5.833187103271484, -9.063959121704102]]
[144901, 7, 0, [6.96151876449585, -8.168608665466309]]
[144901, 10, 0, [0.3581817150115967, -5.234020709991455]]
[144901, 13, 0, [4.3076581954956055, -9.621806144714355]]
[144901, 15, 1, [9.216845512390137, -10.490541458129883]]
[144901, 0, 1, [11.5171537399292, -1.7705001831054688]]
[144901, 17, 1, [5.4027814865112305, -9.02023983001709]]
[144901, 14, 1, [0.12314814329147339, -4.512181758880615]]
[144901, 16, 1, [1.67633855342865, -6.38287878036499]]
[144901, 1, 1, [9.699437141418457, -11.268962860107422]]
[144901, 2, 1, [1.3662983179092407, -10.812739372253418]]
[144901, 24, 1, [5.475043296813965, -8.189175605773926]]
[150301, 'popsize', 17]
[151201, 19, 0, [5.868007659912109, -7.945427894592285]]
[151201, 12, 0, [5.788754463195801, -9.07137680053711]]
[151201, 6, 0, [0.12333742529153824, -9.089227676391602]]
[151201, 22, 0, [2.497837781906128, -8.702438354492188]]
[151201, 11, 0, [5.848147392272949, -3.2171733379364014]]
[151201, 9, 0, [5.569295406341553, -9.0853271484375]]
[151201, 7, 0, [7.2536420822143555, -7.786055564880371]]
[151201, 10, 0, [0.40609946846961975, -5.1609272956848145]]
[151201, 13, 0, [4.283974647521973, -9.640701293945312]]
[151201, 15, 1, [9.470104217529297, -10.958984375]]
[151201, 0, 1, [11.360289573669434, -1.7013721466064453]]
[151201, 17, 1, [5.3697099685668945, -9.00992202758789]]
[151201, 14, 1, [0.12333367019891739, -4.506520748138428]]
[151201, 16, 1, [2.0739669799804688, -6.729517936706543]]
[151201, 1, 1, [9.657378196716309, -11.289507865905762]]
[151201, 2, 1, [1.355970859527588, -10.74971866607666]]
[151201, 24, 1, [5.2676615715026855, -7.714226722717285]]
[156451, 'popsize', 17]
[157351, 19, 0, [5.91135311126709, -8.06013298034668]]
[157351, 12, 0, [5.613132953643799, -9.14023494720459]]
[157351, 6, 0, [0.12333482503890991, -9.08440113067627]]
[157351, 22, 0, [2.4734842777252197, -8.744791984558105]]
[157351, 11, 0, [5.810886859893799, -3.2228341102600098]]
[157351, 9, 0, [5.577939987182617, -8.961874008178711]]
[157351, 7, 0, [7.5153985023498535, -7.392697811126709]]
[157351, 10, 0, [0.5088105201721191, -5.058344841003418]]
[157351, 13, 0, [4.3185601234436035, -9.69727611541748]]
[157351, 15, 1, [9.792400360107422, -11.298587799072266]]
[157351, 0, 1, [11.444234848022461, -1.7618430852890015]]
[157351, 17, 1, [5.317953586578369, -9.003421783447266]]
[157351, 14, 1, [0.1233295202255249, -4.500021934509277]]
[157351, 16, 1, [2.1266114711761475, -6.983201503753662]]
[157351, 1, 1, [9.590412139892578, -11.342264175415039]]
[157351, 2, 1, [1.3472357988357544, -10.785690307617188]]
[157351, 24, 1, [5.078501224517822, -7.22967004776001]]
[163101, 'popsize', 17]
[164001, 19, 0, [6.122219562530518, -8.472002983093262]]
[164001, 12, 0, [5.426807403564453, -9.027654647827148]]
[164001, 6, 0, [0.12333084642887115, -9.078920364379883]]
[164001, 22, 0, [2.438476800918579, -8.773463249206543]]
[164001, 11, 0, [5.79464054107666, -3.177370309829712]]
[164001, 9, 0, [5.593506813049316, -8.938090324401855]]
[164001, 7, 0, [7.78235387802124, -6.9107561111450195]]
[164001, 10, 0, [0.46437913179397583, -5.617782115936279]]
[164001, 13, 0, [4.550715446472168, -9.81175422668457]]
[164001, 15, 1, [10.160918235778809, -11.644132614135742]]
[164001, 0, 1, [11.283838272094727, -1.6766939163208008]]
[164001, 17, 1, [5.234230995178223, -9.024718284606934]]
[164001, 14, 1, [0.12334158271551132, -4.4939775466918945]]
[164001, 16, 1, [1.7324577569961548, -7.339236259460449]]
[164001, 1, 1, [9.588764190673828, -11.370970726013184]]
[164001, 2, 1, [1.318224549293518, -10.811677932739258]]
[164001, 24, 1, [4.900757312774658, -6.698297023773193]]
[169751, 'popsize', 18]
[170701, 19, 0, [6.2570414543151855, -8.834988594055176]]
[170701, 12, 0, [5.22984504699707, -9.025555610656738]]
[170701, 6, 0, [0.12333375215530396, -9.072954177856445]]
[170701, 22, 0, [2.405729055404663, -8.802964210510254]]
[170701, 11, 0, [5.740058422088623, -3.1696038246154785]]
[170701, 9, 0, [5.485437393188477, -9.002676963806152]]
[170701, 7, 0, [8.016918182373047, -6.410653591156006]]
[170701, 10, 0, [0.471851646900177, -5.914915084838867]]
[170701, 13, 0, [4.531555652618408, -9.830333709716797]]
[170701, 23, 0, [5.57546329498291, -4.808488368988037]]
[170701, 15, 1, [10.508456230163574, -11.969733238220215]]
[170701, 0, 1, [11.34211540222168, -1.7900960445404053]]
[170701, 17, 1, [5.039342880249023, -9.141945838928223]]
[170701, 14, 1, [0.123335100710392, -4.48687744140625]]
[170701, 16, 1, [1.325403094291687, -7.6907219886779785]]
[170701, 1, 1, [9.571527481079102, -11.389535903930664]]
[170701, 2, 1, [1.2702300548553467, -10.814400672912598]]
[170701, 24, 1, [4.749758720397949, -6.1582159996032715]]
[176451, 'popsize', 18]
[177401, 19, 0, [6.128469944000244, -8.39923095703125]]
[177401, 12, 0, [5.012470722198486, -9.210907936096191]]
[177401, 6, 0, [0.12333115190267563, -9.068166732788086]]
[177401, 22, 0, [2.387464761734009, -8.842290878295898]]
[177401, 11, 0, [5.606629371643066, -3.2350382804870605]]
[177401, 9, 0, [5.607546806335449, -8.829374313354492]]
[177401, 7, 0, [8.210930824279785, -5.888720989227295]]
[177401, 10, 0, [0.4826121926307678, -5.820980548858643]]
[177401, 13, 0, [4.357264518737793, -9.72655200958252]]
[177401, 23, 0, [6.1241326332092285, -4.736268043518066]]
[177401, 15, 1, [10.856766700744629, -12.309844017028809]]
[177401, 0, 1, [11.40443229675293, -1.884442687034607]]
[177401, 17, 1, [5.1347150802612305, -9.381603240966797]]
[177401, 14, 1, [0.12334152311086655, -4.479946136474609]]
[177401, 16, 1, [0.9307349920272827, -8.006147384643555]]
[177401, 1, 1, [9.551802635192871, -11.429574012756348]]
[177401, 2, 1, [1.273870825767517, -10.753755569458008]]
[177401, 24, 1, [4.620367527008057, -5.610685348510742]]
[183251, 'popsize', 18]
[184201, 19, 0, [5.962855339050293, -7.877572059631348]]
[184201, 12, 0, [5.188629150390625, -9.394991874694824]]
[184201, 6, 0, [0.1233375072479248, -9.06236457824707]]
[184201, 22, 0, [2.365145444869995, -8.879270553588867]]
[184201, 11, 0, [5.342311859130859, -3.1922130584716797]]
[184201, 9, 0, [5.489151477813721, -8.912145614624023]]
[184201, 7, 0, [8.368319511413574, -5.339539051055908]]
[184201, 10, 0, [0.524466335773468, -5.25750732421875]]
[184201, 13, 0, [4.531973838806152, -9.559893608093262]]
[184201, 23, 0, [6.679652214050293, -4.614352703094482]]
[184201, 15, 1, [11.02230453491211, -12.393746376037598]]
[184201, 0, 1, [11.644994735717773, -1.522510290145874]]
[184201, 17, 1, [5.381074905395508, -9.182300567626953]]
[184201, 14, 1, [0.12333692610263824, -4.473394870758057]]
[184201, 16, 1, [0.5117958784103394, -8.320167541503906]]
[184201, 1, 1, [9.510480880737305, -11.449905395507812]]
[184201, 2, 1, [1.2693424224853516, -10.803494453430176]]
[184201, 24, 1, [4.518280506134033, -5.048460483551025]]
[189801, 'popsize', 18]
[190751, 19, 0, [5.772120952606201, -7.3642425537109375]]
[190751, 12, 0, [5.217428207397461, -9.300874710083008]]
[190751, 6, 0, [0.12333200126886368, -9.056586265563965]]
[190751, 22, 0, [2.388481616973877, -8.692083358764648]]
[190751, 11, 0, [5.285102367401123, -3.209693431854248]]
[190751, 9, 0, [5.42512321472168, -8.943267822265625]]
[190751, 7, 0, [8.48340892791748, -4.797514915466309]]
[190751, 10, 0, [0.5526084303855896, -5.024041652679443]]
[190751, 13, 0, [4.62420129776001, -9.07537841796875]]
[190751, 23, 0, [7.211942195892334, -4.469335556030273]]
[190751, 15, 1, [11.117440223693848, -12.394039154052734]]
[190751, 0, 1, [11.901671409606934, -1.1361727714538574]]
[190751, 17, 1, [5.319517135620117, -9.06352424621582]]
[190751, 14, 1, [0.12333457171916962, -4.467163562774658]]
[190751, 16, 1, [0.42333000898361206, -8.47635555267334]]
[190751, 1, 1, [9.468624114990234, -11.479787826538086]]
[190751, 2, 1, [1.2371995449066162, -10.767446517944336]]
[190751, 24, 1, [4.443328857421875, -4.503727436065674]]
[196451, 'popsize', 18]
[197401, 19, 0, [5.543486595153809, -6.870165824890137]]
[197401, 12, 0, [5.215165138244629, -9.265493392944336]]
[197401, 6, 0, [0.12333103269338608, -9.051436424255371]]
[197401, 22, 0, [2.3319554328918457, -8.525079727172852]]
[197401, 11, 0, [5.236339569091797, -3.2351067066192627]]
[197401, 9, 0, [5.467136383056641, -8.88192081451416]]
[197401, 7, 0, [8.565359115600586, -4.243361949920654]]
[197401, 10, 0, [0.5686393976211548, -5.041998386383057]]
[197401, 13, 0, [4.492441654205322, -8.687145233154297]]
[197401, 23, 0, [7.745015621185303, -4.2905120849609375]]
[197401, 15, 1, [11.206439971923828, -12.393987655639648]]
[197401, 0, 1, [12.074495315551758, -0.9976814985275269]]
[197401, 17, 1, [5.3319268226623535, -8.768025398254395]]
[197401, 14, 1, [0.12333329021930695, -4.460905075073242]]
[197401, 16, 1, [0.7276069521903992, -8.886037826538086]]
[197401, 1, 1, [9.448290824890137, -11.502097129821777]]
[197401, 2, 1, [1.2575080394744873, -10.79417610168457]]
[197401, 24, 1, [4.395448684692383, -3.9484260082244873]]
[203202, 'popsize', 18]
[204152, 19, 0, [5.303310871124268, -6.3502302169799805]]
[204152, 12, 0, [5.211030006408691, -9.230978012084961]]
[204152, 6, 0, [0.12333512306213379, -9.046092987060547]]
[204152, 22, 0, [2.2664084434509277, -7.971827030181885]]
[204152, 11, 0, [5.192427635192871, -3.2501277923583984]]
[204152, 9, 0, [5.503561973571777, -8.916879653930664]]
[204152, 7, 0, [8.616004943847656, -3.692157745361328]]
[204152, 10, 0, [0.34409457445144653, -4.8539252281188965]]
[204152, 13, 0, [4.486076831817627, -8.791116714477539]]
[204152, 23, 0, [8.273780822753906, -4.082034111022949]]
[204152, 15, 1, [11.29765796661377, -12.393962860107422]]
[204152, 0, 1, [12.16814136505127, -1.0857902765274048]]
[204152, 17, 1, [5.740477561950684, -8.443503379821777]]
[204152, 14, 1, [0.12334539741277695, -4.453188419342041]]
[204152, 16, 1, [0.9850039482116699, -9.388167381286621]]
[204152, 1, 1, [9.426477432250977, -11.529361724853516]]
[204152, 2, 1, [1.2611143589019775, -10.714361190795898]]
[204152, 24, 1, [4.3825578689575195, -3.3821868896484375]]
[210102, 'popsize', 18]
[211052, 19, 0, [5.184805393218994, -5.993434429168701]]
[211052, 12, 0, [5.2048749923706055, -9.199543952941895]]
[211052, 6, 0, [0.1233343631029129, -9.040494918823242]]
[211052, 22, 0, [2.2095141410827637, -7.599310874938965]]
[211052, 11, 0, [5.126646518707275, -3.4915173053741455]]
[211052, 9, 0, [5.451608180999756, -8.939627647399902]]
[211052, 7, 0, [8.783699989318848, -3.1643753051757812]]
[211052, 10, 0, [0.12776443362236023, -4.686441421508789]]
[211052, 13, 0, [4.507420063018799, -8.880603790283203]]
[211052, 23, 0, [8.791858673095703, -3.8394618034362793]]
[211052, 15, 1, [11.391229629516602, -12.393962860107422]]
[211052, 0, 1, [12.025667190551758, -0.9779644012451172]]
[211052, 17, 1, [6.140313625335693, -8.112581253051758]]
[211052, 14, 1, [0.12333960831165314, -4.4468159675598145]]
[211052, 16, 1, [1.2094871997833252, -9.92918586730957]]
[211052, 1, 1, [9.41819953918457, -11.554113388061523]]
[211052, 2, 1, [1.261657476425171, -10.736727714538574]]
[211052, 24, 1, [4.408890724182129, -2.8216652870178223]]
[216902, 'popsize', 18]
[217852, 19, 0, [5.347570419311523, -6.18908166885376]]
[217852, 12, 0, [5.1967363357543945, -9.168486595153809]]
[217852, 6, 0, [0.12333419173955917, -9.036020278930664]]
[217852, 22, 0, [2.133420467376709, -7.498228549957275]]
[217852, 11, 0, [5.08698034286499, -3.481118679046631]]
[217852, 9, 0, [5.268801689147949, -8.917716026306152]]
[217852, 7, 0, [8.929036140441895, -2.612250804901123]]
[217852, 10, 0, [0.19700931012630463, -4.625787734985352]]
[217852, 13, 0, [4.487102031707764, -8.929197311401367]]
[217852, 23, 0, [9.278273582458496, -3.577113628387451]]
[217852, 15, 1, [11.485878944396973, -12.39426326751709]]
[217852, 0, 1, [12.106317520141602, -1.020050287246704]]
[217852, 17, 1, [6.54754638671875, -7.740818977355957]]
[217852, 14, 1, [0.1232331395149231, -4.440026760101318]]
[217852, 16, 1, [1.3859882354736328, -10.475958824157715]]
[217852, 1, 1, [9.397666931152344, -11.58171272277832]]
[217852, 2, 1, [1.2502126693725586, -10.671834945678711]]
[217852, 24, 1, [4.469454765319824, -2.2687594890594482]]
[223502, 'popsize', 18]
[224452, 19, 0, [4.924074649810791, -6.131265163421631]]
[224452, 12, 0, [5.184575080871582, -9.13291072845459]]
[224452, 6, 0, [0.12333743274211884, -9.029905319213867]]
[224452, 22, 0, [2.2155086994171143, -7.530317783355713]]
[224452, 11, 0, [5.177624225616455, -3.543525218963623]]
[224452, 9, 0, [5.323753356933594, -8.988916397094727]]
[224452, 7, 0, [9.026756286621094, -2.071760892868042]]
[224452, 10, 0, [0.3236181437969208, -4.511303424835205]]
[224452, 13, 0, [4.519346714019775, -9.167108535766602]]
[224452, 23, 0, [9.389592170715332, -3.5146141052246094]]
[224452, 15, 1, [11.575026512145996, -12.393978118896484]]
[224452, 0, 1, [11.943081855773926, -0.9713004231452942]]
[224452, 17, 1, [6.899672031402588, -7.375373840332031]]
[224452, 14, 1, [0.12333426624536514, -4.43416690826416]]
[224452, 16, 1, [1.5196919441223145, -10.570333480834961]]
[224452, 1, 1, [9.363819122314453, -11.607001304626465]]
[224452, 2, 1, [1.2499719858169556, -10.695566177368164]]
[224452, 24, 1, [4.552570343017578, -1.734758973121643]]
[230002, 'popsize', 18]
[230952, 19, 0, [4.979666709899902, -6.217437744140625]]
[230952, 12, 0, [5.170432090759277, -9.085543632507324]]
[230952, 6, 0, [0.12333645671606064, -9.024004936218262]]
[230952, 22, 0, [2.2921383380889893, -7.633033752441406]]
[230952, 11, 0, [5.2184247970581055, -3.6164309978485107]]
[230952, 9, 0, [5.350079536437988, -9.052607536315918]]
[230952, 7, 0, [9.08779525756836, -1.5310189723968506]]
[230952, 10, 0, [0.28503742814064026, -4.515103340148926]]
[230952, 13, 0, [4.505513668060303, -9.200824737548828]]
[230952, 23, 0, [9.855091094970703, -3.362753391265869]]
[230952, 15, 1, [11.662607192993164, -12.393964767456055]]
[230952, 0, 1, [11.991938591003418, -1.064823865890503]]
[230952, 17, 1, [7.230064392089844, -6.996365547180176]]
[230952, 14, 1, [0.12332028150558472, -4.415595531463623]]
[230952, 16, 1, [1.8049415349960327, -10.136625289916992]]
[230952, 1, 1, [9.33686637878418, -11.619297981262207]]
[230952, 2, 1, [1.2501040697097778, -10.626619338989258]]
[230952, 24, 1, [4.6614766120910645, -1.21421217918396]]
[236502, 'popsize', 18]
[237452, 19, 0, [5.1157026290893555, -6.261562347412109]]
[237452, 12, 0, [5.157619953155518, -9.041478157043457]]
[237452, 6, 0, [0.12333055585622787, -9.018331527709961]]
[237452, 22, 0, [2.4384210109710693, -7.758154392242432]]
[237452, 11, 0, [5.232729434967041, -3.6453990936279297]]
[237452, 9, 0, [5.333859443664551, -9.087803840637207]]
[237452, 7, 0, [9.114706039428711, -0.9955040216445923]]
[237452, 10, 0, [0.26323696970939636, -4.512453079223633]]
[237452, 13, 0, [4.400840759277344, -8.9041109085083]]
[237452, 23, 0, [10.362936973571777, -3.162929058074951]]
[237452, 15, 1, [11.749670028686523, -12.393957138061523]]
[237452, 0, 1, [11.956772804260254, -1.162715196609497]]
[237452, 17, 1, [7.49221658706665, -6.865367889404297]]
[237452, 14, 1, [0.12331923097372055, -4.391366958618164]]
[237452, 16, 1, [2.1147332191467285, -9.763303756713867]]
[237452, 1, 1, [9.318303108215332, -11.630860328674316]]
[237452, 2, 1, [1.2613412141799927, -10.679938316345215]]
[237452, 24, 1, [4.801595211029053, -0.7027390599250793]]
[243252, 'popsize', 18]
[244202, 19, 0, [4.924330711364746, -6.392830848693848]]
[244202, 12, 0, [5.121706485748291, -9.041887283325195]]
[244202, 6, 0, [0.12332586199045181, -9.012709617614746]]
[244202, 22, 0, [2.5940980911254883, -7.8442888259887695]]
[244202, 11, 0, [5.246668815612793, -3.681300401687622]]
[244202, 9, 0, [5.219733715057373, -9.186040878295898]]
[244202, 7, 0, [9.246634483337402, -0.4845496118068695]]
[244202, 10, 0, [0.2364494353532791, -4.5013298988342285]]
[244202, 13, 0, [4.290001392364502, -8.792159080505371]]
[244202, 23, 0, [10.810765266418457, -2.9597690105438232]]
[244202, 15, 1, [11.840612411499023, -12.393978118896484]]
[244202, 0, 1, [11.987211227416992, -1.2395024299621582]]
[244202, 17, 1, [7.5865583419799805, -7.1555304527282715]]
[244202, 14, 1, [0.1233338937163353, -4.363306045532227]]
[244202, 16, 1, [2.4927759170532227, -9.406717300415039]]
[244202, 1, 1, [9.301182746887207, -11.653512954711914]]
[244202, 2, 1, [1.2163231372833252, -10.699166297912598]]
[244202, 24, 1, [4.983492851257324, -0.206769660115242]]
[251152, 'popsize', 18]
[252102, 19, 0, [4.552231788635254, -6.584761142730713]]
[252102, 12, 0, [5.114428997039795, -8.989518165588379]]
[252102, 6, 0, [0.1233319640159607, -9.005130767822266]]
[252102, 22, 0, [2.694833278656006, -7.906314849853516]]
[252102, 11, 0, [5.249152183532715, -3.740187883377075]]
[252102, 9, 0, [5.368942737579346, -9.060341835021973]]
[252102, 7, 0, [9.469606399536133, -0.1172911673784256]]
[252102, 10, 0, [0.20425502955913544, -4.477365970611572]]
[252102, 13, 0, [4.20418119430542, -8.963531494140625]]
[252102, 23, 0, [10.447537422180176, -3.156964063644409]]
[252102, 15, 1, [11.947595596313477, -12.393959045410156]]
[252102, 0, 1, [11.99882698059082, -1.3232849836349487]]
[252102, 17, 1, [7.333898067474365, -7.128659248352051]]
[252102, 14, 1, [0.12335486710071564, -4.329143524169922]]
[252102, 16, 1, [2.98457670211792, -9.074869155883789]]
[252102, 1, 1, [9.284139633178711, -11.701184272766113]]
[252102, 2, 1, [1.1848201751708984, -10.681490898132324]]
[252102, 24, 1, [5.025958061218262, -0.12333983182907104]]
[259152, 'popsize', 18]
[260102, 19, 0, [4.727175712585449, -6.7846269607543945]]
[260102, 12, 0, [5.055628299713135, -8.946934700012207]]
[260102, 6, 0, [0.12334033101797104, -8.998941421508789]]
[260102, 22, 0, [2.7174720764160156, -7.737842559814453]]
[260102, 11, 0, [5.390050411224365, -3.8338425159454346]]
[260102, 9, 0, [5.2133893966674805, -9.042216300964355]]
[260102, 7, 0, [9.502925872802734, -0.11531861871480942]]
[260102, 10, 0, [0.1765841543674469, -4.443930149078369]]
[260102, 13, 0, [4.163053512573242, -8.988713264465332]]
[260102, 23, 0, [9.892328262329102, -3.463088274002075]]
[260102, 15, 1, [12.055882453918457, -12.39394760131836]]
[260102, 0, 1, [11.965014457702637, -1.3780497312545776]]
[260102, 17, 1, [7.420604705810547, -6.852114677429199]]
[260102, 14, 1, [0.12331843376159668, -4.291436195373535]]
[260102, 16, 1, [3.5595595836639404, -8.785931587219238]]
[260102, 1, 1, [9.212026596069336, -11.736394882202148]]
[260102, 2, 1, [1.1779863834381104, -10.617435455322266]]
[260102, 24, 1, [5.034059047698975, -0.12333571910858154]]
[267002, 'popsize', 18]
[267952, 19, 0, [5.016484260559082, -7.382836818695068]]
[267952, 12, 0, [5.0293450355529785, -8.889979362487793]]
[267952, 6, 0, [0.12334144115447998, -8.991514205932617]]
[267952, 22, 0, [2.7066378593444824, -7.5929083824157715]]
[267952, 11, 0, [5.496601581573486, -3.9235565662384033]]
[267952, 9, 0, [5.1711578369140625, -9.021604537963867]]
[267952, 7, 0, [9.528854370117188, -0.11383350938558578]]
[267952, 10, 0, [0.15302591025829315, -4.404587268829346]]
[267952, 13, 0, [4.21904182434082, -8.650839805603027]]
[267952, 23, 0, [9.413433074951172, -3.782996416091919]]
[267952, 15, 1, [12.160809516906738, -12.393960952758789]]
[267952, 0, 1, [12.029889106750488, -1.458132028579712]]
[267952, 17, 1, [7.6788153648376465, -6.977487087249756]]
[267952, 14, 1, [0.12333345413208008, -4.251255989074707]]
[267952, 16, 1, [4.064994812011719, -8.564852714538574]]
[267952, 1, 1, [9.168740272521973, -11.740494728088379]]
[267952, 2, 1, [1.1967395544052124, -10.6304292678833]]
[267952, 24, 1, [5.042535781860352, -0.12333586066961288]]
[275252, 'popsize', 19]
[276252, 19, 0, [5.198315143585205, -7.79944372177124]]
[276252, 12, 0, [4.989092826843262, -8.815530776977539]]
[276252, 6, 0, [0.12334172427654266, -8.982770919799805]]
[276252, 22, 0, [2.722839832305908, -7.617505073547363]]
[276252, 11, 0, [5.4834699630737305, -3.9888980388641357]]
[276252, 9, 0, [5.133426189422607, -8.939374923706055]]
[276252, 7, 0, [9.569791793823242, -0.11090804636478424]]
[276252, 10, 0, [0.13999538123607635, -4.365232467651367]]
[276252, 13, 0, [4.38408899307251, -8.427576065063477]]
[276252, 23, 0, [9.028900146484375, -4.162638187408447]]
[276252, 15, 1, [12.272368431091309, -12.39395523071289]]
[276252, 0, 1, [12.002849578857422, -1.5724139213562012]]
[276252, 17, 1, [7.437146186828613, -7.336824893951416]]
[276252, 14, 1, [0.12329002469778061, -4.21115779876709]]
[276252, 16, 1, [4.227851867675781, -8.402161598205566]]
[276252, 1, 1, [9.13962173461914, -11.745966911315918]]
[276252, 2, 1, [1.1435303688049316, -10.650900840759277]]
[276252, 24, 1, [5.05054235458374, -0.12334196269512177]]
[276252, 20, 1, [7.25073766708374, -7.356087684631348]]
[283602, 'popsize', 19]
[284602, 19, 0, [5.250701427459717, -7.749789237976074]]
[284602, 12, 0, [4.950001239776611, -8.756967544555664]]
[284602, 6, 0, [0.12332707643508911, -8.975289344787598]]
[284602, 22, 0, [2.773469924926758, -7.446630954742432]]
[284602, 11, 0, [5.495824337005615, -3.972871780395508]]
[284602, 9, 0, [5.150760650634766, -8.923095703125]]
[284602, 7, 0, [9.661444664001465, -0.10793443024158478]]
[284602, 10, 0, [0.13987864553928375, -4.340189456939697]]
[284602, 13, 0, [4.488173484802246, -8.29898738861084]]
[284602, 23, 0, [8.67356014251709, -4.693129539489746]]
[284602, 15, 1, [12.38536548614502, -12.393943786621094]]
[284602, 0, 1, [12.375543594360352, -1.4312694072723389]]
[284602, 17, 1, [7.061702728271484, -7.740735054016113]]
[284602, 14, 1, [0.12328632920980453, -4.186005592346191]]
[284602, 16, 1, [4.349886894226074, -8.21688175201416]]
[284602, 1, 1, [9.12025260925293, -11.777310371398926]]
[284602, 2, 1, [1.1185606718063354, -10.616411209106445]]
[284602, 24, 1, [5.060164928436279, -0.12333575636148453]]
[284602, 20, 1, [6.723145961761475, -7.749575138092041]]
[291752, 'popsize', 19]
[292752, 19, 0, [5.44714879989624, -8.279163360595703]]
[292752, 12, 0, [4.9136857986450195, -8.717103958129883]]
[292752, 6, 0, [0.1233326643705368, -8.968710899353027]]
[292752, 22, 0, [2.6969680786132812, -7.528217315673828]]
[292752, 11, 0, [5.399205207824707, -3.9722743034362793]]
[292752, 9, 0, [5.1981892585754395, -8.835365295410156]]
[292752, 7, 0, [9.745681762695312, -0.10793076455593109]]
[292752, 10, 0, [0.13986308872699738, -4.315485954284668]]
[292752, 13, 0, [4.492068767547607, -8.353229522705078]]
[292752, 23, 0, [8.376646995544434, -5.263340473175049]]
[292752, 15, 1, [12.388948440551758, -12.393945693969727]]
[292752, 0, 1, [12.397923469543457, -1.2135144472122192]]
[292752, 17, 1, [6.729132652282715, -8.287848472595215]]
[292752, 14, 1, [0.12329443544149399, -4.161056995391846]]
[292752, 16, 1, [4.5666327476501465, -8.190638542175293]]
[292752, 1, 1, [9.071066856384277, -11.82902717590332]]
[292752, 2, 1, [1.0940078496932983, -10.597967147827148]]
[292752, 24, 1, [5.069718360900879, -0.12334183603525162]]
[292752, 20, 1, [6.1566877365112305, -8.113685607910156]]
[300153, 'popsize', 19]
[301153, 19, 0, [5.562125205993652, -8.714343070983887]]
[301153, 12, 0, [4.869807243347168, -8.680091857910156]]
[301153, 6, 0, [0.12333150207996368, -8.961820602416992]]
[301153, 22, 0, [2.622405529022217, -7.716975212097168]]
[301153, 11, 0, [5.460363864898682, -3.9821763038635254]]
[301153, 9, 0, [5.24026346206665, -8.71845817565918]]
[301153, 7, 0, [9.828330039978027, -0.10793502628803253]]
[301153, 10, 0, [0.13988570868968964, -4.291154861450195]]
[301153, 13, 0, [4.250921726226807, -8.439518928527832]]
[301153, 23, 0, [8.098834991455078, -5.900391578674316]]
[301153, 15, 1, [12.38893985748291, -12.393949508666992]]
[301153, 0, 1, [12.374513626098633, -1.017364263534546]]
[301153, 17, 1, [6.415068626403809, -8.906847953796387]]
[301153, 14, 1, [0.12329127639532089, -4.136765003204346]]
[301153, 16, 1, [4.619420528411865, -8.224427223205566]]
[301153, 1, 1, [9.014240264892578, -11.828721046447754]]
[301153, 2, 1, [1.097198724746704, -10.528153419494629]]
[301153, 24, 1, [5.08030891418457, -0.12334345281124115]]
[301153, 20, 1, [5.543000221252441, -8.451807022094727]]
[309253, 'popsize', 20]
[310303, 19, 0, [5.530735969543457, -8.696793556213379]]
[310303, 12, 0, [4.556305408477783, -8.628454208374023]]
[310303, 6, 0, [0.12332985550165176, -8.954230308532715]]
[310303, 22, 0, [2.5767664909362793, -7.7247419357299805]]
[310303, 11, 0, [5.424057960510254, -4.072815895080566]]
[310303, 9, 0, [5.0816473960876465, -8.846380233764648]]
[310303, 7, 0, [9.920318603515625, -0.10796502977609634]]
[310303, 10, 0, [0.13990911841392517, -4.264341354370117]]
[310303, 13, 0, [4.305312633514404, -8.584066390991211]]
[310303, 23, 0, [7.861775875091553, -6.60425329208374]]
[310303, 21, 0, [4.333704471588135, -8.820226669311523]]
[310303, 15, 1, [12.388935089111328, -12.39394760131836]]
[310303, 0, 1, [12.269998550415039, -1.0792723894119263]]
[310303, 17, 1, [6.135467529296875, -9.588955879211426]]
[310303, 14, 1, [0.12328790128231049, -4.110236167907715]]
[310303, 16, 1, [5.012862205505371, -7.725971221923828]]
[310303, 1, 1, [9.02927303314209, -11.864900588989258]]
[310303, 2, 1, [1.1233512163162231, -10.514326095581055]]
[310303, 24, 1, [5.091587543487549, -0.1233399286866188]]
[310303, 20, 1, [5.201567649841309, -8.732579231262207]]
[316953, 'popsize', 21]
[318053, 19, 0, [5.335307598114014, -8.672707557678223]]
[318053, 12, 0, [3.9998531341552734, -8.637216567993164]]
[318053, 6, 0, [0.12333967536687851, -8.948478698730469]]
[318053, 22, 0, [2.6096761226654053, -7.7664971351623535]]
[318053, 11, 0, [5.465727806091309, -4.0631184577941895]]
[318053, 9, 0, [5.035475730895996, -8.654324531555176]]
[318053, 7, 0, [10.000017166137695, -0.10792922973632812]]
[318053, 10, 0, [0.13965502381324768, -4.242686748504639]]
[318053, 13, 0, [3.9601569175720215, -8.476574897766113]]
[318053, 23, 0, [7.702213287353516, -7.207396507263184]]
[318053, 21, 0, [3.85530161857605, -9.108482360839844]]
[318053, 15, 1, [12.388928413391113, -12.393948554992676]]
[318053, 0, 1, [12.310277938842773, -1.1495416164398193]]
[318053, 17, 1, [5.938229560852051, -10.1946439743042]]
[318053, 14, 1, [0.12328833341598511, -4.08832311630249]]
[318053, 16, 1, [5.580430030822754, -7.478341579437256]]
[318053, 1, 1, [8.98335075378418, -11.906025886535645]]
[318053, 2, 1, [1.1084425449371338, -10.567595481872559]]
[318053, 24, 1, [5.100429058074951, -0.1233372688293457]]
[318053, 20, 1, [5.142971992492676, -8.765756607055664]]
[318053, 4, 1, [10.183960914611816, -4.31874942779541]]
[324853, 'popsize', 21]
[325953, 19, 0, [5.376859188079834, -8.683117866516113]]
[325953, 12, 0, [3.3337929248809814, -8.585801124572754]]
[325953, 6, 0, [0.12333618104457855, -8.942683219909668]]
[325953, 22, 0, [2.5850746631622314, -7.847226142883301]]
[325953, 11, 0, [5.371861457824707, -4.087655544281006]]
[325953, 9, 0, [4.828155040740967, -8.501373291015625]]
[325953, 7, 0, [10.079734802246094, -0.10790159553289413]]
[325953, 10, 0, [0.13980504870414734, -4.219101428985596]]
[325953, 13, 0, [4.0320210456848145, -8.567079544067383]]
[325953, 23, 0, [7.576051235198975, -7.817258358001709]]
[325953, 21, 0, [3.5028507709503174, -9.471109390258789]]
[325953, 15, 1, [12.388912200927734, -12.393954277038574]]
[325953, 0, 1, [12.300732612609863, -1.2270004749298096]]
[325953, 17, 1, [5.779026985168457, -10.84130573272705]]
[325953, 14, 1, [0.12328334897756577, -4.0646867752075195]]
[325953, 16, 1, [6.187424182891846, -7.270580291748047]]
[325953, 1, 1, [8.924721717834473, -11.930742263793945]]
[325953, 2, 1, [1.0498988628387451, -10.614264488220215]]
[325953, 24, 1, [5.110626697540283, -0.12334339320659637]]
[325953, 20, 1, [4.925835609436035, -8.644840240478516]]
[325953, 4, 1, [10.285301208496094, -4.2993879318237305]]
[332803, 'popsize', 21]
[333903, 19, 0, [5.320342063903809, -8.68165111541748]]
[333903, 12, 0, [2.674499988555908, -8.492271423339844]]
[333903, 6, 0, [0.12334450334310532, -8.936208724975586]]
[333903, 22, 0, [2.5218513011932373, -7.882560729980469]]
[333903, 11, 0, [5.410558700561523, -4.10335111618042]]
[333903, 9, 0, [4.943285942077637, -8.4339017868042]]
[333903, 7, 0, [10.158814430236816, -0.10789674520492554]]
[333903, 10, 0, [0.13978877663612366, -4.196201801300049]]
[333903, 13, 0, [4.188479423522949, -8.638769149780273]]
[333903, 23, 0, [7.491458892822266, -8.451456069946289]]
[333903, 21, 0, [3.1887097358703613, -9.985943794250488]]
[333903, 15, 1, [12.388915061950684, -12.39394760131836]]
[333903, 0, 1, [12.249185562133789, -1.2865344285964966]]
[333903, 17, 1, [5.654594898223877, -11.49845027923584]]
[333903, 14, 1, [0.12329715490341187, -4.042205333709717]]
[333903, 16, 1, [6.394057750701904, -7.178671836853027]]
[333903, 1, 1, [8.872825622558594, -11.945672988891602]]
[333903, 2, 1, [1.0129177570343018, -10.579554557800293]]
[333903, 24, 1, [5.1189799308776855, -0.12333351373672485]]
[333903, 20, 1, [4.801121234893799, -8.55845832824707]]
[333903, 4, 1, [10.719905853271484, -4.106541633605957]]
[340503, 'popsize', 21]
[343103, 13, 0, [4.118358135223389, -8.551325798034668]]
[343103, 23, 0, [7.428953647613525, -9.209672927856445]]
[343103, 21, 0, [2.8646743297576904, -10.636545181274414]]
[343103, 24, 1, [5.129095554351807, -0.1233321875333786]]
[343103, 20, 1, [5.088311195373535, -8.354555130004883]]
[343103, 4, 1, [10.540929794311523, -4.006289482116699]]
[345003, 'popsize', 6]
[345353, 13, 0, [4.128145217895508, -8.498064994812012]]
[345353, 23, 0, [7.419492244720459, -9.399454116821289]]
[345353, 21, 0, [2.788754940032959, -10.809592247009277]]
[345353, 24, 1, [5.131507396697998, -0.12333440780639648]]
[345353, 20, 1, [5.111847877502441, -8.346708297729492]]
[345353, 4, 1, [10.605175971984863, -4.015817642211914]]
[347353, 'popsize', 6]
[347703, 13, 0, [4.1359429359436035, -8.478116035461426]]
[347703, 23, 0, [7.414005279541016, -9.596921920776367]]
[347703, 21, 0, [2.715287923812866, -10.98716926574707]]
[347703, 24, 1, [5.133546352386475, -0.12333408743143082]]
[347703, 20, 1, [5.129643440246582, -8.342155456542969]]
[347703, 4, 1, [10.77186393737793, -4.0594987869262695]]
[349703, 'popsize', 6]
[350053, 13, 0, [4.243385314941406, -8.555644989013672]]
[350053, 23, 0, [7.412837982177734, -9.79196548461914]]
[350053, 21, 0, [2.644606351852417, -11.172329902648926]]
[350053, 24, 1, [5.136382102966309, -0.1233375072479248]]
[350053, 20, 1, [5.147510051727295, -8.338963508605957]]
[350053, 4, 1, [10.943166732788086, -4.058133125305176]]
[352003, 'popsize', 6]
[352353, 13, 0, [4.410536289215088, -8.610599517822266]]
[352353, 23, 0, [7.417038917541504, -9.98559284210205]]
[352353, 21, 0, [2.5827040672302246, -11.348142623901367]]
[352353, 24, 1, [5.138768196105957, -0.12332779169082642]]
[352353, 20, 1, [5.165956974029541, -8.336263656616211]]
[352353, 4, 1, [11.104816436767578, -4.0140275955200195]]
[354203, 'popsize', 6]
[354553, 13, 0, [4.579275131225586, -8.632768630981445]]
[354553, 23, 0, [7.425743103027344, -10.17142391204834]]
[354553, 21, 0, [2.523571252822876, -11.520977020263672]]
[354553, 24, 1, [5.141770839691162, -0.12333838641643524]]
[354553, 20, 1, [5.186262130737305, -8.334794998168945]]
[354553, 4, 1, [11.24301528930664, -3.9338717460632324]]
[356453, 'popsize', 6]
[356803, 13, 0, [4.753242492675781, -8.623514175415039]]
[356803, 23, 0, [7.438750267028809, -10.359833717346191]]
[356803, 21, 0, [2.4665770530700684, -11.693238258361816]]
[356803, 24, 1, [5.1440534591674805, -0.12333329021930695]]
[356803, 20, 1, [5.203091144561768, -8.33443832397461]]
[356803, 4, 1, [11.34488582611084, -3.8333232402801514]]
[358753, 'popsize', 6]
[359103, 13, 0, [4.877371788024902, -8.601909637451172]]
[359103, 23, 0, [7.455370903015137, -10.551745414733887]]
[359103, 21, 0, [2.409087896347046, -11.876081466674805]]
[359103, 24, 1, [5.146449565887451, -0.12333177030086517]]
[359103, 20, 1, [5.221443176269531, -8.334765434265137]]
[359103, 4, 1, [11.426691055297852, -3.7060043811798096]]
[361003, 'popsize', 6]
[361353, 13, 0, [4.951309680938721, -8.572029113769531]]
[361353, 23, 0, [7.475003242492676, -10.740110397338867]]
[361353, 21, 0, [2.3555541038513184, -12.057018280029297]]
[361353, 24, 1, [5.149022102355957, -0.12333716452121735]]
[361353, 20, 1, [5.239790916442871, -8.3365478515625]]
[361353, 4, 1, [11.477778434753418, -3.5653579235076904]]
[363353, 'popsize', 6]
[363703, 13, 0, [5.002835273742676, -8.572538375854492]]
[363703, 23, 0, [7.489481449127197, -10.896097183227539]]
[363703, 21, 0, [2.30438494682312, -12.240234375]]
[363703, 24, 1, [5.151549339294434, -0.12334038317203522]]
[363703, 20, 1, [5.2588934898376465, -8.339776992797852]]
[363703, 4, 1, [11.495161056518555, -3.4149575233459473]]
[365603, 'popsize', 6]
[366053, 23, 0, [7.465170383453369, -11.00227165222168]]
[366053, 21, 0, [2.2579727172851562, -12.377427101135254]]
[366053, 24, 1, [5.15483283996582, -0.12333989143371582]]
[366053, 20, 1, [5.27768611907959, -8.343343734741211]]
[366053, 4, 1, [11.47695541381836, -3.2686448097229004]]
[367603, 'popsize', 5]
[367903, 23, 0, [7.436180114746094, -11.109729766845703]]
[367903, 21, 0, [2.2350428104400635, -12.36595630645752]]
[367903, 24, 1, [5.15650749206543, -0.12334293127059937]]
[367903, 20, 1, [5.292430400848389, -8.347384452819824]]
[367903, 4, 1, [11.436570167541504, -3.1491246223449707]]
[369503, 'popsize', 5]
[369803, 23, 0, [7.4219207763671875, -11.156830787658691]]
[369803, 21, 0, [2.20896053314209, -12.316448211669922]]
[369803, 24, 1, [5.158712387084961, -0.12333518266677856]]
[369803, 20, 1, [5.307912826538086, -8.352760314941406]]
[369803, 4, 1, [11.371275901794434, -3.0385332107543945]]
[371403, 'popsize', 5]
[371703, 23, 0, [7.4460039138793945, -11.213808059692383]]
[371703, 21, 0, [2.1711370944976807, -12.332296371459961]]
[371703, 24, 1, [5.1604485511779785, -0.12333917617797852]]
[371703, 20, 1, [5.323955535888672, -8.358678817749023]]
[371703, 4, 1, [11.279691696166992, -2.9338645935058594]]
[373303, 'popsize', 5]
[373603, 23, 0, [7.500791072845459, -11.281026840209961]]
[373603, 21, 0, [2.161972761154175, -12.367449760437012]]
[373603, 24, 1, [5.162558078765869, -0.12334217131137848]]
[373603, 20, 1, [5.338494300842285, -8.364654541015625]]
[373603, 4, 1, [11.168318748474121, -2.849687099456787]]
[375153, 'popsize', 5]
[375453, 23, 0, [7.5748443603515625, -11.303511619567871]]
[375453, 21, 0, [2.1644835472106934, -12.366246223449707]]
[375453, 24, 1, [5.164734363555908, -0.12334023416042328]]
[375453, 20, 1, [5.3496503829956055, -8.369709968566895]]
[375453, 4, 1, [11.04541015625, -2.7912659645080566]]
[377003, 'popsize', 5]
[377303, 23, 0, [7.661022186279297, -11.291791915893555]]
[377303, 21, 0, [2.168017625808716, -12.364629745483398]]
[377303, 24, 1, [5.167220592498779, -0.1233353242278099]]
[377303, 20, 1, [5.362600326538086, -8.376715660095215]]
[377303, 4, 1, [10.955138206481934, -2.7645227909088135]]
[378903, 'popsize', 5]
[379203, 23, 0, [7.737469673156738, -11.243720054626465]]
[379203, 21, 0, [2.1729767322540283, -12.362863540649414]]
[379203, 24, 1, [5.169384002685547, -0.12333834171295166]]
[379203, 20, 1, [5.375376224517822, -8.384322166442871]]
[379203, 4, 1, [10.823145866394043, -2.70743989944458]]
[380853, 'popsize', 5]
[381153, 23, 0, [7.784458160400391, -11.175873756408691]]
[381153, 21, 0, [2.1788952350616455, -12.360952377319336]]
[381153, 24, 1, [5.171767711639404, -0.12333021312952042]]
[381153, 20, 1, [5.388125419616699, -8.392354965209961]]
[381153, 4, 1, [10.68951416015625, -2.659095048904419]]
[382803, 'popsize', 5]
[383103, 23, 0, [7.801166534423828, -11.084216117858887]]
[383103, 21, 0, [2.1860439777374268, -12.359283447265625]]
[383103, 24, 1, [5.17354679107666, -0.12333796918392181]]
[383103, 20, 1, [5.401126861572266, -8.402047157287598]]
[383103, 4, 1, [10.54732608795166, -2.6414666175842285]]
[384653, 'popsize', 5]
[385053, 23, 0, [7.770166873931885, -10.991422653198242]]
[385053, 21, 0, [2.1982197761535645, -12.35885238647461]]
[385053, 20, 1, [5.412725925445557, -8.41102409362793]]
[385053, 4, 1, [10.405590057373047, -2.6556103229522705]]
[386303, 'popsize', 4]
[386553, 23, 0, [7.718924522399902, -10.960115432739258]]
[386553, 21, 0, [2.2153236865997314, -12.362836837768555]]
[386553, 20, 1, [5.420553684234619, -8.417930603027344]]
[386553, 4, 1, [10.301226615905762, -2.687819480895996]]
[387803, 'popsize', 4]
[388053, 23, 0, [7.660714626312256, -10.951467514038086]]
[388053, 21, 0, [2.2362377643585205, -12.375561714172363]]
[388053, 20, 1, [5.428691387176514, -8.425126075744629]]
[388053, 4, 1, [10.205084800720215, -2.738407611846924]]
[389303, 'popsize', 4]
[389553, 23, 0, [7.596660614013672, -10.970666885375977]]
[389553, 21, 0, [2.203260660171509, -12.396191596984863]]
[389553, 20, 1, [5.436716079711914, -8.43301010131836]]
[389553, 4, 1, [10.111943244934082, -2.801227331161499]]
[390803, 'popsize', 4]
[391053, 23, 0, [7.538267612457275, -10.999094009399414]]
[391053, 21, 0, [2.1747689247131348, -12.383828163146973]]
[391053, 20, 1, [5.444323539733887, -8.441271781921387]]
[391053, 4, 1, [10.041218757629395, -2.864478349685669]]
[392303, 'popsize', 4]
[392553, 23, 0, [7.483351707458496, -11.049310684204102]]
[392553, 21, 0, [2.169511318206787, -12.373639106750488]]
[392553, 20, 1, [5.452244281768799, -8.450185775756836]]
[392553, 4, 1, [9.980368614196777, -2.9396870136260986]]
[393803, 'popsize', 4]
[394153, 21, 0, [2.1592748165130615, -12.353452682495117]]
[394153, 20, 1, [5.460635662078857, -8.460416793823242]]
[394153, 4, 1, [9.9325590133667, -3.0165107250213623]]
[395103, 'popsize', 3]
[395303, 21, 0, [2.138526678085327, -12.330150604248047]]
[395303, 20, 1, [5.466419696807861, -8.468562126159668]]
[395303, 4, 1, [9.889341354370117, -3.0713894367218018]]
[396303, 'popsize', 3]
[396503, 21, 0, [2.1124863624572754, -12.33349895477295]]
[396503, 20, 1, [5.472118854522705, -8.476690292358398]]
[396503, 4, 1, [9.84860897064209, -3.116966724395752]]
[397503, 'popsize', 3]
[397704, 21, 0, [2.085392951965332, -12.351011276245117]]
[397704, 20, 1, [5.4779133796691895, -8.48530387878418]]
[397704, 4, 1, [9.785542488098145, -3.17813777923584]]
[398754, 'popsize', 3]
[398954, 21, 0, [2.079263687133789, -12.375345230102539]]
[398954, 20, 1, [5.4829511642456055, -8.493352890014648]]
[398954, 4, 1, [9.717320442199707, -3.249272108078003]]
[399904, 'popsize', 3]
[400104, 21, 0, [2.0826077461242676, -12.376126289367676]]
[400104, 20, 1, [5.4877119064331055, -8.501818656921387]]
[400104, 4, 1, [9.657281875610352, -3.3022255897521973]]
[401054, 'popsize', 3]
[401254, 21, 0, [2.0843005180358887, -12.37588119506836]]
[401254, 20, 1, [5.492444038391113, -8.510732650756836]]
[401254, 4, 1, [9.601344108581543, -3.3572356700897217]]
[402254, 'popsize', 3]
[402454, 21, 0, [2.0859103202819824, -12.375404357910156]]
[402454, 20, 1, [5.497010707855225, -8.519514083862305]]
[402454, 4, 1, [9.54885196685791, -3.4149086475372314]]
[403454, 'popsize', 3]
[403654, 21, 0, [2.087337017059326, -12.374799728393555]]
[403654, 20, 1, [5.500935077667236, -8.52777099609375]]
[403654, 4, 1, [9.50532054901123, -3.4782748222351074]]
[404604, 'popsize', 3]
[404804, 21, 0, [2.089115858078003, -12.37425708770752]]
[404804, 20, 1, [5.504749774932861, -8.536130905151367]]
[404804, 4, 1, [9.478222846984863, -3.522785186767578]]
[405754, 'popsize', 3]
[405954, 21, 0, [2.0908102989196777, -12.373617172241211]]
[405954, 20, 1, [5.508225440979004, -8.545010566711426]]
[405954, 4, 1, [9.44167423248291, -3.5503172874450684]]
[406954, 'popsize', 3]
[407154, 21, 0, [2.0925955772399902, -12.372976303100586]]
[407154, 20, 1, [5.5115156173706055, -8.553926467895508]]
[407154, 4, 1, [9.367112159729004, -3.5938045978546143]]
[408104, 'popsize', 3]
[408304, 21, 0, [2.0940136909484863, -12.372252464294434]]
[408304, 20, 1, [5.514308929443359, -8.562405586242676]]
[408304, 4, 1, [9.287137985229492, -3.6499645709991455]]
[409304, 'popsize', 3]
[409504, 21, 0, [2.0961244106292725, -12.371525764465332]]
[409504, 20, 1, [5.517136096954346, -8.571820259094238]]
[409504, 4, 1, [9.20312786102295, -3.708035707473755]]
[410554, 'popsize', 3]
[410754, 21, 0, [2.098018169403076, -12.370718002319336]]
[410754, 20, 1, [5.519418716430664, -8.580867767333984]]
[410754, 4, 1, [9.122220993041992, -3.7615222930908203]]
[411704, 'popsize', 3]
[412004, 21, 0, [2.10014009475708, -12.369841575622559]]
[412004, 4, 1, [9.055085182189941, -3.8160483837127686]]
[412654, 'popsize', 2]
[412804, 21, 0, [2.1014256477355957, -12.369254112243652]]
[412804, 4, 1, [9.01159381866455, -3.8576102256774902]]
[413454, 'popsize', 2]
[413604, 21, 0, [2.102778434753418, -12.368701934814453]]
[413604, 4, 1, [8.972658157348633, -3.896841049194336]]
[414254, 'popsize', 2]
[414404, 21, 0, [2.1041102409362793, -12.368143081665039]]
[414404, 4, 1, [8.939093589782715, -3.9379031658172607]]
[415054, 'popsize', 2]
[415304, 4, 1, [8.905942916870117, -3.987959623336792]]
