[time, indiv, parent1, parent2, gender, brain]
[200, 22, -1, -1, 0, [[array([[ 0.0319215 , -2.17280811, -0.07724884, -1.58366741, -1.49470492,
         0.23783392],
       [-0.24925208,  0.49594131,  0.98397792,  0.69808418,  0.49131445,
         1.38323643],
       [-1.82229225, -1.52844787,  1.66499106, -0.21888587,  0.21933512,
         0.11733669],
       [-1.2650795 , -0.55072881, -0.47019567,  1.23653868,  0.50713991,
         0.67757691],
       [-0.47764613, -2.27300994,  1.89346837,  1.05118412, -1.97881578,
        -1.78885548],
       [-0.86793433,  1.94413297,  1.68743296,  0.07178678, -2.3247072 ,
        -1.30852003]]), array([[-0.22943539,  1.06829975],
       [-0.64400305, -1.58822483],
       [ 1.67451441,  1.73387097],
       [-0.60452048, -0.32997367],
       [ 0.93349607,  0.14117215],
       [ 0.92719652, -0.50656808]])], [array([ 0.5126266 ,  2.15001917, -1.40427997,  0.7804141 , -0.85663086,
        1.29375485]), array([2.12184505, 1.85750974])]]]
[200, 16, -1, -1, 1, [[array([[-2.3271378 ,  1.85472369, -0.70907928,  1.23434524, -0.34747567,
        -0.35654232],
       [-0.7504099 , -1.42847669, -0.93443677, -1.53129231,  0.31713134,
        -0.86653705],
       [ 2.41378076,  0.89395007,  0.46671626,  0.24053422, -1.73478377,
         0.79171177],
       [ 1.54630344,  0.01417044, -0.81546892,  1.78055807,  0.37400214,
         2.24935271],
       [ 2.20248454, -2.06974377,  0.65437939,  2.21628498,  0.13069129,
         2.00151512],
       [-1.65694047,  1.53158268,  0.0441977 ,  2.42077843,  2.36474513,
         0.08393005]]), array([[-0.96577927, -1.214305  ],
       [ 0.22794133,  2.4150554 ],
       [ 0.58577742,  1.71274186],
       [ 2.20773041,  1.92590361],
       [ 0.61798966, -1.33547405],
       [-1.06973341, -1.50831522]])], [array([-1.66898699, -0.08024816, -1.76161581, -1.33180987,  0.10883784,
       -2.31316425]), array([ 0.2252857, -0.5662369])]]]
[200, 0, -1, -1, 0, [[array([[-0.26721549,  1.98444896,  0.75499931,  2.10697343,  1.38803968,
         0.90613567],
       [ 0.61812738,  1.14244446, -1.98513839, -1.16637082, -0.39904086,
        -1.26224476],
       [-0.62572107,  0.52526208,  1.89975778, -0.94120725,  2.1973786 ,
         0.70850776],
       [ 0.36176975, -0.36119419,  0.2231118 ,  1.36440862, -1.14828446,
         1.6696256 ],
       [ 1.13965986, -0.56550549, -0.26368095,  1.65487728, -2.00396969,
        -2.21373766],
       [-1.3085502 , -1.23275886,  1.13425443, -1.94506815,  1.95461861,
        -1.28458107]]), array([[-0.53547819, -0.04381577],
       [-0.36994144, -1.06587639],
       [-0.308785  , -2.10152875],
       [-1.02695302,  0.32692485],
       [-1.01813012,  2.15280497],
       [ 2.25728535, -1.15368864]])], [array([-0.07010044, -1.72085025, -1.57785167, -2.05489085, -0.3545679 ,
       -1.96865146]), array([-0.97838423,  0.60360688])]]]
[200, 7, -1, -1, 1, [[array([[-1.28751811,  1.66351975,  0.93406458,  1.33099058, -1.0708756 ,
        -1.74273684],
       [ 2.06240017, -1.00726669,  1.52193361, -2.09946349,  1.16733637,
        -0.40584392],
       [ 1.49003819,  1.31358665,  1.76122856, -1.73160935, -1.80414459,
         0.9609622 ],
       [ 1.31749727,  1.76807121,  2.41031629, -2.3126278 , -1.58995718,
        -0.55013064],
       [ 0.39384808, -0.97737064,  2.16551765,  0.00656458, -1.08618352,
        -1.11483756],
       [ 2.06467827, -1.85845018, -1.13399092, -2.04014294,  0.37214935,
         0.60130117]]), array([[ 0.47632211, -1.61029034],
       [ 1.87767754, -2.2294377 ],
       [-1.13326198, -0.51903376],
       [-1.3058259 , -0.14245516],
       [ 1.50594168,  1.78945268],
       [-1.61115239, -0.45107032]])], [array([ 0.98012168,  2.01800777,  1.02746187,  0.84359411,  0.67829571,
       -0.33262551]), array([-2.01106088, -0.9442745 ])]]]
[200, 11, -1, -1, 0, [[array([[-2.28696079,  0.4634738 ,  0.80855458,  0.29661901, -0.96669433,
         1.97182259],
       [ 1.96443431, -0.99435401,  1.86239039,  0.65774468, -1.76486299,
         1.0927777 ],
       [ 1.16022829,  1.84013422, -0.3904846 ,  0.80153573, -0.77211107,
        -0.33269035],
       [ 0.15742729,  2.31582519, -1.76902173, -0.14547916,  0.19599133,
         1.21152272],
       [-0.31322815, -2.18241897,  2.02726646, -1.23003795,  1.38737574,
        -1.66994698],
       [-0.99071229,  0.9251686 , -1.97719854, -0.80758659,  1.04246277,
         1.01007872]]), array([[-2.04418155,  1.25525864],
       [ 2.06548161, -0.40494745],
       [ 2.09310734,  0.22852246],
       [ 1.97946444, -0.92298601],
       [ 1.95153664, -0.73214224],
       [-2.25818153, -0.71667635]])], [array([ 1.08440614,  1.62272264, -0.60387792, -0.73055163,  0.96603104,
       -2.16953223]), array([-1.9700898 ,  1.63505745])]]]
[200, 1, -1, -1, 1, [[array([[ 2.39686397, -1.6648851 ,  1.26052101,  0.60256684,  1.24009976,
         0.04278745],
       [-1.08760675, -0.68798372, -2.12331661, -0.24183153, -1.64032772,
         1.44162448],
       [ 1.22041017, -0.70807314,  1.82075918, -2.44374375, -0.27773879,
         0.78146626],
       [-2.09371201, -0.62416159, -0.15609738, -0.54200881, -1.12948544,
         0.68344597],
       [ 2.37556745, -1.23379477,  1.07663662, -1.0242456 ,  0.0047939 ,
         1.24829296],
       [ 1.6379903 , -1.46669765, -0.54429153,  1.50849982, -1.49751176,
         1.83921337]]), array([[ 1.74944304, -1.45848097],
       [-0.01555588, -0.57389439],
       [ 0.92818268,  2.20367873],
       [ 1.27673649, -0.1014955 ],
       [ 0.56675867, -1.54772258],
       [ 1.72871837, -0.42703899]])], [array([ 0.38271305, -1.20188346, -0.61580015, -0.09445172,  0.17048592,
        1.80223299]), array([ 1.28183921, -1.69952274])]]]
[200, 2, -1, -1, 0, [[array([[ 0.68575052, -2.23815298, -0.49629481, -2.38044982,  1.85770833,
        -0.75668899],
       [-0.80247339, -2.13454487, -1.47918419,  1.98863235,  0.43839653,
        -2.28646992],
       [-0.91696719, -0.29802135,  0.38637665,  0.07673873,  1.08559695,
        -1.30903004],
       [ 1.24765229,  1.08713888, -1.40775347, -0.29333256,  0.77236091,
        -1.12963164],
       [-0.56594937,  0.93408105, -0.04348976,  2.16903371, -0.02186548,
         2.42589683],
       [-0.24830229,  1.12964277,  0.18849716,  0.06013645, -1.80882062,
        -0.61766667]]), array([[ 1.34022863, -0.77562382],
       [-2.32910412,  2.10865857],
       [ 0.91694816, -0.55733936],
       [ 2.2095771 ,  0.8811861 ],
       [-0.59755285, -1.87373323],
       [ 2.35447419,  0.04087258]])], [array([-0.20022013,  1.42609681, -2.1127178 ,  0.79998983, -2.20480174,
       -0.98370098]), array([-1.19181314, -1.02685689])]]]
[200, 24, -1, -1, 1, [[array([[ 0.72165728,  1.11075987,  1.40014303, -0.57338148, -1.93874465,
         1.11800269],
       [ 0.17614139, -1.29951454, -0.57282139, -0.7404999 ,  1.28284285,
         1.7745937 ],
       [-1.89904639,  1.08497048,  2.15668081, -1.49160858, -0.10071497,
        -1.14274597],
       [-0.03134052,  0.81754551,  0.95318852,  1.22998408,  0.21944331,
        -2.3812188 ],
       [ 1.59659561, -0.17632357,  0.39536059, -0.47210299, -1.97937874,
        -2.30075326],
       [-0.79857113, -1.92599901,  1.13494198, -1.13286427, -2.07668289,
         2.0269956 ]]), array([[ 2.44391828, -0.11583708],
       [ 0.40547871,  2.08052552],
       [ 0.02117039, -1.32838655],
       [ 0.56490481,  0.92098363],
       [ 0.61644562, -2.38166657],
       [-0.96143173, -0.29076796]])], [array([-1.05114094, -2.31044962,  0.281327  ,  1.24756454, -1.77086703,
       -0.23360815]), array([-2.04188768, -2.29370936])]]]
[200, 12, -1, -1, 0, [[array([[ 1.95610739, -0.24091819,  0.27990853,  1.76286655,  0.87880556,
        -2.01526704],
       [ 1.84416001, -0.07542222, -2.29355192, -2.0053522 , -0.63594618,
        -1.97885006],
       [-0.52207   , -1.78905504,  1.68563063, -0.08537032, -2.01094853,
        -0.4441353 ],
       [ 0.58385217,  1.8383982 , -1.98457965, -0.63317742, -1.08115799,
        -2.17072128],
       [ 1.8662265 ,  1.5168614 ,  1.52036833,  1.20208893,  1.40541027,
         1.31535487],
       [ 0.97107829, -0.74111479,  2.36685895,  1.33579918, -2.14324794,
         1.63849021]]), array([[ 2.39184804,  2.29485351],
       [ 1.76296388,  0.66171286],
       [-1.20375718,  0.56641747],
       [ 2.3478609 , -2.00801146],
       [ 0.20708188,  1.72257769],
       [-1.84591985, -0.79898104]])], [array([-1.99030722,  1.34249097,  2.22782319, -0.77961347, -1.96143603,
        0.11284371]), array([1.38883639, 2.28281153])]]]
[200, 5, -1, -1, 1, [[array([[-0.81767934,  0.82267225,  2.15482091, -0.93657862,  1.51285918,
         0.23919135],
       [ 0.40282753,  1.33993186,  0.64133628, -2.31331861,  0.74238725,
         0.56751637],
       [ 1.07627108, -0.1303758 ,  0.80279683, -0.12675041,  0.18868373,
         0.49368587],
       [ 1.75230221, -1.90306713,  1.75254309,  1.73949118, -1.41967403,
        -1.30078556],
       [ 1.70914187, -0.17889865, -0.1441529 ,  1.92274634, -1.71002237,
         2.23975256],
       [ 0.55159591, -1.34028247,  1.26589144,  2.32382955, -1.64814936,
        -1.56780829]]), array([[ 0.74373297, -0.04083214],
       [ 2.02475275, -2.30518156],
       [-0.01465149,  1.80461239],
       [ 0.5186132 , -0.88640618],
       [-1.75319544, -1.31806643],
       [-0.92555254,  1.41208275]])], [array([ 0.57265408,  0.51239806, -0.96348722,  1.83335139, -0.18051504,
       -1.72760899]), array([1.26857837, 0.05588419])]]]
[200, 17, -1, -1, 0, [[array([[ 0.50921004, -1.13794079, -1.23506792,  0.57556419,  2.27616415,
         0.72769548],
       [ 1.12330654, -1.36244197,  1.07984558, -1.82142125, -0.67617174,
        -0.76989405],
       [-1.25526673,  0.86057168, -1.64418259, -1.88954802,  1.50378102,
         1.55896719],
       [ 1.71838134, -0.6524252 , -2.36299542, -1.92507215,  1.24916603,
        -0.71839005],
       [-1.91598913,  0.14874719,  0.53992196, -0.74254816,  1.91513236,
        -1.77185022],
       [ 2.09659616,  0.39577247, -1.63446815, -2.42815325,  1.19260172,
        -0.33901674]]), array([[-0.82640907,  1.7041293 ],
       [-0.24602224, -1.49697822],
       [-0.33474802, -0.87153917],
       [-0.70707261,  1.44797979],
       [ 0.66566899, -1.15974462],
       [ 2.17490442, -0.30450647]])], [array([-1.74625838,  1.15212816,  1.55696523, -1.58508282, -0.88235288,
       -0.71014364]), array([-2.17466562,  1.5685777 ])]]]
[200, 19, -1, -1, 1, [[array([[-2.44070113,  0.53273725, -0.40351087,  0.40512728, -2.35630173,
        -0.26839201],
       [-0.25313282, -0.64856124, -1.60497591,  0.65516548, -1.22695621,
         1.60041504],
       [ 0.36337166,  0.2799128 ,  0.62504586,  1.11367581, -1.54906028,
        -1.20648673],
       [-2.05937464,  0.80936756,  1.38130412,  0.97195845,  1.94861913,
        -1.78616127],
       [ 1.69063283, -0.03482275, -0.34926966,  2.08660793, -2.30007273,
        -1.31444661],
       [ 0.8560318 ,  0.49572659, -1.74103584,  2.06456201, -2.15706609,
         1.44783866]]), array([[ 1.64317043,  0.73188641],
       [ 1.25181542, -2.36748858],
       [ 0.83375216, -0.39911049],
       [-0.40629446, -1.86872396],
       [ 0.66400572,  2.44244364],
       [ 1.29544821,  0.97548753]])], [array([ 0.41953838,  1.26384934,  1.46463164, -2.40193978,  1.46593807,
       -0.01147875]), array([-0.36446036,  0.37720888])]]]
[200, 18, -1, -1, 0, [[array([[ 1.78018415,  1.43609334,  1.21459256, -2.31149676, -0.63419857,
        -1.40363136],
       [-1.7223548 , -1.94916058,  2.27745465,  0.53400615,  2.42360238,
         0.10318525],
       [-1.1471233 ,  1.56419686,  2.01436938, -0.42034131, -0.68615719,
         0.72326038],
       [-0.79749019,  0.26594392, -0.91899481, -1.36727021, -0.79533642,
         0.31442806],
       [-1.15472755, -1.48769176, -1.85684329,  1.21900301, -0.15280056,
         1.85979788],
       [ 0.40811367, -1.72479793, -1.17031783,  0.71354229, -1.93615739,
         1.8088876 ]]), array([[-0.76888059, -0.21308356],
       [ 1.73473791,  0.30321175],
       [-0.39452175,  0.93600281],
       [ 0.44234603,  0.08607066],
       [ 0.5276612 , -0.82668617],
       [ 0.07926946,  1.22124375]])], [array([ 1.66452999, -1.98874431,  1.6654589 , -0.69223483,  1.82134853,
        0.37559646]), array([-2.34936883,  0.73919513])]]]
[200, 4, -1, -1, 1, [[array([[ 1.81612009,  1.79235255,  1.70635543, -1.89465853, -0.91952524,
         0.48422793],
       [-0.57382204,  1.48297553,  0.03767437, -0.44206093,  1.30555881,
         2.19600013],
       [-0.84821233,  1.23145292,  1.33978737,  1.3377486 ,  2.19345761,
         1.9723465 ],
       [ 1.35631095, -2.28505801, -2.43283789,  0.61671621, -1.82139541,
        -0.58373134],
       [ 1.35872384,  0.61623061,  1.55983373,  0.84432554, -1.70707669,
        -0.62549333],
       [ 2.05964326, -0.85465537,  1.32686507, -0.31792933, -0.69626617,
         0.5083734 ]]), array([[ 0.47236662, -2.31563912],
       [ 1.54481342,  0.65345804],
       [-2.15130543,  2.08254577],
       [ 1.31532597, -0.31762796],
       [ 0.07928294, -1.36805805],
       [ 0.14645125, -0.75812872]])], [array([ 1.57972659,  2.37828434, -2.05829789, -0.92328765, -1.91699088,
       -0.27392214]), array([ 1.36299604, -0.38295754])]]]
[200, 21, -1, -1, 0, [[array([[-0.97928033,  0.18052633, -0.59007021, -0.42075265, -1.8620874 ,
         1.90665476],
       [-2.03700409, -2.28529912,  1.94336814, -0.91439193, -0.02377456,
        -0.31467531],
       [-0.75146046,  1.83470836,  0.87033556, -1.9819109 ,  2.09036321,
        -1.28854883],
       [ 0.94043026, -2.13582705,  0.42771619,  1.1539892 , -1.45427612,
         1.72072461],
       [-1.6080779 , -1.91374015, -2.05909007,  0.29870412,  2.11201276,
         0.93911971],
       [-2.36179336, -0.88797497, -0.72778422,  0.62238717,  0.02913671,
        -2.10670413]]), array([[-0.97103531,  1.92291854],
       [ 1.62857856, -0.3487768 ],
       [ 0.90044981, -1.48470758],
       [-2.43443709,  0.27116057],
       [ 2.21278584, -2.42795343],
       [-1.71126322,  0.61770594]])], [array([ 2.12054823,  1.80404931,  2.13779577, -0.23526063, -0.21686244,
        0.93578147]), array([-1.77184002, -1.54741593])]]]
[200, 14, -1, -1, 1, [[array([[ 1.88059518, -1.06126054, -2.17518552, -2.23674558, -0.59102746,
        -0.13109543],
       [-1.40108425,  2.10121108,  1.36017561,  0.14257982, -2.18262379,
        -1.59922314],
       [ 0.13015893,  1.42487936,  0.65870561, -0.94826834, -1.11461543,
        -0.71488708],
       [-1.53947209,  1.50347104,  2.34605956, -1.70126871, -2.30477966,
         2.36338305],
       [ 0.34810941,  1.96070088,  1.02110989, -1.87668768,  1.54320294,
         1.37327049],
       [-1.8001713 , -1.98479981,  0.52271429, -0.29973487, -2.08332113,
        -1.18150375]]), array([[-2.32691038, -2.42843827],
       [-0.01765113,  2.12520675],
       [-1.91293086, -0.22826325],
       [-0.96302404, -0.86543579],
       [-1.23624266, -0.32532895],
       [-0.38503035, -2.16549255]])], [array([-0.42316469, -0.09893963, -1.48859935,  0.2331465 ,  0.85610239,
        1.18238016]), array([0.99424951, 0.76841574])]]]
[200, 15, -1, -1, 0, [[array([[ 0.50045878, -1.90823741, -0.99679089,  0.19310395,  1.2410306 ,
        -0.01268736],
       [ 0.28777673,  0.07778384, -1.27440319,  1.21285449,  2.12208511,
         0.45713381],
       [-0.52948911, -1.97268841, -0.02877223,  1.34038805, -2.06125478,
         0.35655396],
       [ 2.2572508 , -0.03870402,  2.13302893,  0.44464343,  0.85678209,
        -1.60416369],
       [-0.50167464, -2.41178296,  2.07379255, -0.12198715, -1.00639986,
         1.67551732],
       [-0.95125292, -0.13250428, -1.157962  , -1.06009729, -1.77302912,
         1.9347066 ]]), array([[ 2.10976771, -1.73881598],
       [-1.62210063, -1.28458811],
       [ 1.22853736, -1.47734426],
       [-0.39205222,  1.22012621],
       [ 0.12424454, -0.43071379],
       [-1.01258638,  0.53180669]])], [array([ 0.09052897, -0.0247059 ,  2.20707998,  0.03091646,  2.40013024,
       -0.48226625]), array([ 1.31684352, -1.36559248])]]]
[200, 20, -1, -1, 1, [[array([[-2.08781429,  2.37143911, -2.37806515, -1.01309792, -2.03109395,
         1.12979758],
       [-1.4267048 , -1.640036  ,  2.39721755, -1.32217596, -2.05209459,
        -1.99439353],
       [-1.50988001, -1.28691276, -0.24105123,  0.72204592,  0.88396891,
         0.96258931],
       [ 0.98155735, -1.32669835, -2.17449642, -0.23415453, -1.46868094,
         2.39152285],
       [ 1.4178332 , -1.01552341,  2.1217203 , -1.51530189, -2.26576261,
         1.01653872],
       [-1.03340794,  1.30590471,  1.0425341 , -0.56610806,  2.25910462,
         0.95549434]]), array([[-1.16184211, -0.10508595],
       [ 0.25919624, -0.99154949],
       [-0.11177219,  2.36221788],
       [-0.80746653,  0.39569596],
       [ 0.85394978, -0.0713844 ],
       [-1.27505133, -1.34794217]])], [array([ 2.15578154,  1.24031398, -0.75414221,  0.27360261,  1.88880413,
       -1.47112221]), array([1.42154921, 0.05740208])]]]
[200, 10, -1, -1, 0, [[array([[ 1.71217181,  0.75957573,  2.39557444,  0.85596013, -0.56074254,
        -0.49683193],
       [-1.25533825,  2.09868709, -2.07262098, -1.42718745, -2.16685043,
        -1.57945164],
       [-0.88714564,  0.6887782 ,  0.8001797 ,  0.86448999,  0.9057706 ,
        -1.6295614 ],
       [-2.26969758,  1.90752746, -0.7283192 , -1.01158717,  0.51004862,
        -0.63746929],
       [ 1.72523151, -0.96155167,  0.41717548,  0.25376807, -2.3075379 ,
         0.83381706],
       [-1.200483  ,  1.5019995 , -1.68251253, -0.79218922,  1.15216417,
        -1.62291493]]), array([[-0.89137357, -1.53199882],
       [ 0.26681124,  2.24390107],
       [-1.12755251, -1.98513249],
       [-0.35663453, -0.12201066],
       [-0.99257585, -0.7185528 ],
       [ 0.19055571, -0.75901246]])], [array([-1.51196834e+00, -2.00977228e+00,  1.38478674e-03, -2.95535041e-01,
        7.26947556e-01, -1.75493918e-02]), array([1.52292781, 0.62495079])]]]
[200, 8, -1, -1, 1, [[array([[-1.16172251,  2.03255772, -0.3658224 , -1.22033533, -1.94098631,
         1.68543768],
       [ 0.22866391,  0.83696807, -0.32602679,  0.19289225,  0.75306271,
         1.19048395],
       [-1.29152743,  2.20069481,  1.08044296,  1.74987415,  2.3269155 ,
        -1.4686558 ],
       [ 1.11938707,  0.1585969 ,  0.46326189, -0.19665752,  1.72288297,
         1.64847526],
       [ 2.30978439, -0.80268851,  1.46371586, -1.59778272, -0.43956801,
        -1.53996645],
       [ 1.42858159, -2.31645854,  0.93308052,  0.94988936, -0.74026669,
         1.78837125]]), array([[-1.90561945, -2.31821829],
       [ 2.25916061, -2.18765858],
       [ 2.02242898,  2.15084352],
       [ 1.94900849,  0.04844223],
       [-2.33202493, -2.09073833],
       [-1.05891319, -0.36811298]])], [array([-2.41339301,  0.83171272,  0.56413617,  1.87445447, -2.27740663,
       -1.28136058]), array([2.24815076, 0.49960948])]]]
[80050, 23, 'birth', 17, 24, 1, [[array([[ 0.50921004, -1.13794079, -1.23506792,  2.44948974,  2.27616415,
         0.72769548],
       [ 1.12330654, -1.36244197,  1.07984558, -1.82142125, -1.50939738,
         2.44948974],
       [-1.25526673,  0.86057168, -0.78864699, -2.32533971,  2.08347919,
         1.55896719],
       [ 2.44948974, -0.6524252 , -2.36299542, -1.92507215,  1.24916603,
        -0.71839005],
       [-1.91598913,  0.14874719,  0.53992196, -0.74254816,  1.91513236,
        -1.77185022],
       [ 2.09659616,  0.39577247, -1.79268619, -1.28343536, -2.4065699 ,
        -0.33901674]]), array([[-0.82640907,  1.41421356],
       [-0.24602224, -1.41421356],
       [-0.33474802, -0.87153917],
       [ 0.80419753,  1.41421356],
       [ 0.66566899, -1.41421356],
       [ 1.41421356, -0.30450647]])], [array([-1.74625838, -2.31044962,  0.281327  ,  1.24756454, -1.77086703,
       -0.23360815]), array([-1.41421356, -1.41421356])]]]
[146301, 3, 'birth', 22, 14, 1, [[array([[ 0.0319215 , -1.2284513 , -0.07724884, -1.58366741, -1.49470492,
         0.23783392],
       [ 2.44948974,  0.49594131,  0.98397792,  0.69808418,  0.49131445,
         1.38323643],
       [-1.82229225, -1.52844787,  1.66499106, -2.37264792,  0.21933512,
         0.11733669],
       [-1.2650795 , -0.55072881, -0.47019567,  1.23653868,  0.10936062,
         0.67757691],
       [ 1.41619854, -0.8755502 ,  1.89346837,  2.44948974, -1.97881578,
        -1.78885548],
       [-0.86793433,  2.44948974,  1.68743296,  0.07178678, -2.44948974,
        -1.30852003]]), array([[-0.22943539,  1.06829975],
       [-0.64400305, -1.41421356],
       [ 1.41421356,  1.41421356],
       [-0.60452048, -0.32997367],
       [ 0.93349607,  0.14117215],
       [ 0.92719652,  1.41421356]])], [array([ 0.5126266 ,  1.87641951, -1.40427997,  0.2331465 ,  0.85610239,
        1.18238016]), array([0.99424951, 0.76841574])]]]
[176201, 13, 'birth', 11, 23, 1, [[array([[-2.28696079,  0.4634738 ,  0.80855458,  0.29661901, -0.96669433,
         0.76651414],
       [ 2.44948974,  0.23315318,  2.44948974,  0.65774468, -1.76486299,
         1.0927777 ],
       [ 1.16022829,  1.84013422, -2.44948974,  0.80153573, -0.77211107,
        -0.33269035],
       [ 0.15742729,  2.31582519, -1.76902173,  1.0529815 ,  0.19599133,
         1.21152272],
       [-0.31322815, -2.18241897,  2.02726646, -1.23003795,  1.38737574,
        -1.66994698],
       [-0.99071229,  0.9251686 , -1.97719854, -0.80758659,  1.04246277,
         1.01007872]]), array([[-1.41421356,  1.25525864],
       [ 1.41421356, -1.41421356],
       [ 1.41421356,  0.22852246],
       [ 1.41421356,  1.41421356],
       [ 0.66566899,  0.36124598],
       [ 1.41421356, -0.30450647]])], [array([-1.74625838, -2.31044962,  0.281327  ,  1.24756454, -2.44948974,
       -0.23360815]), array([-1.41421356, -0.78182322])]]]
[232402, 9, 'birth', 12, 23, 1, [[array([[ 1.95610739, -0.24091819,  0.18206867,  1.76286655,  2.44948974,
        -2.01526704],
       [ 1.84416001, -0.07542222, -2.29355192, -2.0053522 , -0.63594618,
        -1.97885006],
       [-1.25526673,  0.86057168, -0.78864699, -2.32533971,  2.08347919,
         1.55896719],
       [ 2.44948974,  0.79042269, -2.36299542, -1.92507215,  1.24916603,
        -2.44948974],
       [-1.91598913,  0.14874719,  0.53992196, -0.74254816,  1.91513236,
        -1.77185022],
       [ 2.09659616,  0.9791862 , -2.44948974, -1.28343536, -2.4065699 ,
        -0.33901674]]), array([[-0.82640907,  0.0770463 ],
       [-0.24602224, -1.41421356],
       [-0.33474802,  1.41421356],
       [ 0.80419753,  1.41421356],
       [ 0.66566899, -1.41421356],
       [ 1.41421356, -0.30450647]])], [array([-1.74625838, -2.31044962,  0.281327  ,  1.24756454, -1.77086703,
       -0.23360815]), array([-1.41421356, -1.41421356])]]]
[287402, 6, 'birth', 17, 9, 1, [[array([[ 1.79407081, -1.13794079, -1.23506792,  0.57556419,  0.57783015,
         0.72769548],
       [-1.25093454, -1.36244197,  2.05907756, -1.82142125, -0.67617174,
        -0.76989405],
       [-2.27512091,  0.12560983, -1.64418259, -2.44948974,  1.50378102,
         1.55896719],
       [ 1.71838134, -0.6524252 , -2.36299542, -1.92507215, -1.19488945,
        -0.71839005],
       [-1.91598913,  0.14874719,  0.53992196, -2.44948974,  1.91513236,
        -1.77185022],
       [ 2.09659616,  2.44948974, -2.44948974, -2.35616568, -2.4065699 ,
        -0.23606089]]), array([[-0.82640907,  0.0770463 ],
       [-0.24602224, -1.41421356],
       [-0.33474802,  1.41421356],
       [ 0.80419753,  1.41421356],
       [ 0.66566899, -1.41421356],
       [ 1.41421356, -0.30450647]])], [array([-0.09314433, -2.31044962,  0.281327  ,  1.24756454, -1.77086703,
       -0.23360815]), array([-1.41421356, -0.51663254])]]]
[900709, 22, 'death']
[901009, 16, 'death']
[901309, 0, 'death']
[901609, 7, 'death']
[901909, 11, 'death']
[902159, 1, 'death']
[902459, 2, 'death']
[902759, 24, 'death']
[903059, 12, 'death']
[903359, 5, 'death']
[903659, 17, 'death']
[903959, 19, 'death']
[904259, 18, 'death']
[904559, 4, 'death']
[904859, 21, 'death']
[905159, 14, 'death']
[905459, 15, 'death']
[905759, 20, 'death']
[906059, 10, 'death']
[906359, 8, 'death']
[907009, 4, 'birth', 22, 1, 0, [[array([[ 2.44948974, -2.17280811, -0.07724884, -1.58366741, -1.49470492,
        -2.44948974],
       [-0.24925208,  0.49594131,  0.98397792, -2.44948974,  0.49131445,
         1.38323643],
       [-0.9679898 , -1.52844787,  1.66499106, -0.21888587, -0.27773879,
         0.78146626],
       [-2.09371201, -0.62416159, -0.15609738, -2.44948974, -1.12948544,
        -1.5183715 ],
       [ 2.37556745, -1.23379477,  1.07663662, -1.0242456 , -1.64531347,
        -1.57891508],
       [ 1.6379903 , -2.44948974, -0.54429153,  1.50849982,  1.55486981,
         1.83921337]]), array([[ 1.41421356, -1.41421356],
       [-0.01555588, -1.41421356],
       [ 0.92818268,  1.41421356],
       [ 1.27673649, -0.1014955 ],
       [ 0.56675867, -1.41421356],
       [ 1.41421356, -1.13356787]])], [array([ 0.38271305, -1.20188346, -0.61580015,  0.43206868,  2.44948974,
        2.44948974]), array([ 1.28183921, -1.41421356])]]]
[907009, 24, 'birth', 10, 16, 0, [[array([[ 1.71217181,  0.75957573,  2.39557444,  2.44948974, -0.56074254,
        -0.17859045],
       [-1.25533825,  2.09868709, -2.07262098, -1.42718745, -2.16685043,
        -1.57945164],
       [-0.88714564,  0.6887782 ,  0.8001797 ,  0.24053422,  0.06216249,
         0.79171177],
       [ 1.54630344,  0.01417044, -0.81546892,  1.78055807,  0.37400214,
         2.24935271],
       [ 2.20248454, -1.67258524,  0.65437939,  2.21628498,  0.13069129,
         2.00151512],
       [-1.65694047,  1.53158268,  0.0441977 ,  2.42077843,  2.36474513,
         0.08393005]]), array([[-0.96577927, -1.214305  ],
       [ 0.22794133,  1.41421356],
       [ 1.41421356,  1.41421356],
       [ 1.41421356,  1.41421356],
       [ 0.61798966,  0.68282901],
       [-1.06973341, -1.41421356]])], [array([-2.44948974, -0.08024816, -1.76161581, -1.33180987,  0.10883784,
       -2.31316425]), array([ 0.2252857, -0.5662369])]]]
[907009, 2, 'birth', 18, 16, 1, [[array([[ 2.44948974,  1.43609334,  1.21459256, -2.31149676, -0.63419857,
         2.44948974],
       [-1.7223548 , -2.44948974,  2.27745465,  2.44948974,  2.42360238,
         0.10318525],
       [-0.20131205,  2.44948974,  2.44948974, -0.42034131, -2.44948974,
         0.72326038],
       [-1.91612193,  0.26594392, -0.91899481, -1.36727021, -0.79533642,
         0.31442806],
       [-1.15472755, -2.44948974, -1.85684329,  1.21900301, -0.15280056,
         1.85979788],
       [ 0.40811367, -1.72479793, -1.17031783,  0.71354229, -1.93615739,
         1.8088876 ]]), array([[-0.76888059, -0.21308356],
       [ 1.41421356,  0.30321175],
       [-0.39452175,  0.93600281],
       [ 0.44234603,  0.08607066],
       [ 0.5276612 , -0.82668617],
       [ 0.07926946,  1.22124375]])], [array([ 1.66452999, -1.98874431,  2.44948974, -0.69223483,  1.82134853,
        2.44948974]), array([ 0.2252857, -0.5662369])]]]
[937259, 23, 'death']
[959659, 3, 'death']
[960509, 17, 'birth', 24, 2, 1, [[array([[-1.43059485,  0.75957573,  2.39557444,  2.44948974, -0.56074254,
        -0.17859045],
       [-1.25533825,  2.09868709, -2.07262098, -1.42718745, -2.16685043,
        -1.57945164],
       [-0.88714564,  0.6887782 ,  0.8001797 ,  0.24053422,  1.18955936,
         0.79171177],
       [-1.55212949,  0.01417044, -0.81546892,  1.51979076,  0.37400214,
         2.24935271],
       [ 2.20248454, -1.67258524,  0.65437939,  2.21628498,  0.13069129,
         2.00151512],
       [-1.65694047,  1.53158268,  0.0441977 ,  2.42077843,  2.36474513,
        -2.44948974]]), array([[ 1.41421356, -1.214305  ],
       [ 0.22794133,  1.41421356],
       [ 1.41421356,  1.41421356],
       [-0.60226596, -1.41421356],
       [ 0.5276612 , -0.82668617],
       [-1.41421356,  1.22124375]])], [array([ 1.66452999, -1.98874431,  2.44948974, -0.69223483,  1.82134853,
        0.32071767]), array([ 0.2252857, -0.5662369])]]]
[970509, 13, 'death']
[980009, 9, 'death']
[990759, 6, 'death']
[1101461, 4, 'death']
[1101761, 24, 'death']
[1102061, 2, 'death']
[1102461, 17, 'death']
[1102461, 'Extinction!']
