[time, indiv, parent1, parent2, gender, brain]
[150, 0, -1, -1, 0, [[array([[-1.76617144,  0.212976  ,  1.8461542 ,  2.04582404, -1.71865307,
        -1.16077952],
       [-0.28460167, -0.26774596,  0.88598144,  0.86098031, -2.01153573,
         1.65432972],
       [-0.18418335, -0.72483424, -2.01237028,  0.66713497, -2.33375048,
         0.21315951],
       [-1.01950044,  0.65442303,  0.03023787,  1.0082907 , -0.62734144,
         0.88514727],
       [-0.20713925, -0.09022645, -2.02885343,  0.77291822,  0.88009883,
         0.7364497 ],
       [-1.09754554,  0.45396248, -1.52390172,  0.32277144, -0.0175964 ,
         0.74058633]]), array([[-1.02061281, -1.8933516 ],
       [-1.07413923,  0.65502081],
       [ 1.61854371,  0.23348851],
       [ 0.01883148, -0.17544722],
       [-0.69416368, -0.99337761],
       [ 2.16281514, -1.51431594]])], [array([-2.15930743, -1.84758094,  0.3469194 , -1.14481901,  0.75998915,
        1.96987116]), array([0.02115812, 0.90484957])]]]
[150, 20, -1, -1, 1, [[array([[ 1.40567151, -2.10371676,  2.40184806,  0.9193312 , -0.66362037,
         1.75800007],
       [ 2.00757251,  2.32137909,  1.27060051,  1.34972588, -1.02652785,
        -1.13696389],
       [-2.42870737, -1.45026877, -2.03005165, -2.06226278,  0.26753723,
         2.40190865],
       [-0.34614945, -0.03229268, -0.27172594, -0.78333049,  2.23873633,
         1.46193773],
       [ 2.34162591, -2.33417746,  1.57044722, -0.97576111,  1.56945273,
         1.04896384],
       [-0.95452636, -2.12696473, -2.36922697, -1.86308847,  1.01087212,
         1.18106797]]), array([[ 1.65348746,  1.62895535],
       [ 0.47494008,  0.65319126],
       [ 1.82346643, -1.63732795],
       [ 1.70879225, -1.0688702 ],
       [-1.02275973, -0.16837992],
       [-1.68631637,  0.08765099]])], [array([ 0.30276174, -0.58976469,  1.21482739, -2.31434846, -2.05888635,
        0.71157679]), array([1.13152808, 1.26535171])]]]
[150, 12, -1, -1, 0, [[array([[ 0.14866219, -2.30043238, -2.34917761, -2.42591402,  1.9275188 ,
        -1.60156468],
       [-1.0326365 , -1.80376051,  2.18187623, -0.02771899, -0.98508146,
        -2.42000544],
       [-0.80769301, -1.60991636, -2.42341403, -1.63667997,  0.80637209,
        -2.21293892],
       [ 2.39584392,  0.19866155, -1.98264887,  0.44365004, -1.47027526,
         0.40066528],
       [ 0.14323808, -0.16547418, -2.11944199,  0.78944648,  1.28938793,
         0.65514279],
       [-0.19856115, -1.31005031, -1.1047465 ,  0.44640199,  1.13140887,
         0.09186368]]), array([[-0.68448834, -1.96514004],
       [ 0.83324295, -1.24601871],
       [-0.5670403 ,  1.13150821],
       [-1.33257435, -0.26924366],
       [-0.24602736, -1.1868963 ],
       [-1.01580203, -0.78855365]])], [array([-0.04808463, -1.82892484, -2.0252331 ,  2.34321232, -1.56750692,
        2.0127271 ]), array([-1.52437037,  2.07535313])]]]
[150, 11, -1, -1, 1, [[array([[ 1.36315894, -0.89030346, -1.70918587, -0.62434054,  1.82452575,
         1.58940682],
       [-1.24145746,  0.01385781, -2.37042487, -1.35753621,  2.37278552,
         0.2805595 ],
       [ 0.60502177,  1.08534686, -0.0317289 ,  0.9332023 , -0.90579135,
        -1.93333292],
       [ 1.38008866, -0.06640244,  2.12926717,  1.12027761,  0.21137718,
        -1.05333366],
       [ 2.44860971,  1.50962563, -1.14078379, -0.34337279,  0.5899143 ,
        -1.48727659],
       [ 2.34457736,  0.17058927, -1.46759417, -0.2729184 ,  0.74169687,
        -0.88243715]]), array([[ 1.59050152, -1.18698713],
       [-0.81417667,  1.63241674],
       [ 1.87581072,  2.43719874],
       [-2.26034605,  1.99885647],
       [-0.0428874 , -2.34208181],
       [ 0.33857513,  0.3851837 ]])], [array([ 0.04943141, -2.10827787, -2.07371232, -1.46178618,  0.506868  ,
        1.77502463]), array([-1.93829449, -1.95194455])]]]
[150, 10, -1, -1, 0, [[array([[ 2.03646886e-03, -1.43061203e+00, -2.38983884e+00,
        -2.43775055e+00,  3.12891972e-01,  7.82539520e-01],
       [-4.80470272e-01, -1.64314629e+00,  2.32179216e+00,
        -2.27227272e+00, -2.29971135e+00,  2.36034581e-01],
       [ 1.50033463e+00,  1.94646477e+00, -1.14429598e+00,
        -2.24166461e+00,  1.40432292e+00,  1.93062353e-01],
       [ 6.00623061e-01, -2.08525615e+00,  9.82371663e-01,
        -2.37977452e+00, -5.21981713e-01,  9.28139167e-01],
       [ 5.19845277e-01,  1.73096859e+00,  2.23523117e+00,
         7.97685987e-01,  1.36553742e+00, -1.42547327e+00],
       [-8.51486089e-01,  1.93067915e+00, -1.88015679e+00,
        -7.79092934e-01, -2.01901408e+00, -1.72121055e+00]]), array([[ 0.3374616 ,  0.5389928 ],
       [ 0.93752704,  0.24218842],
       [-0.57966079,  1.63071958],
       [-0.43076016,  1.15255377],
       [-0.19813144,  1.4594388 ],
       [ 0.57421456, -2.23622809]])], [array([-0.09969108,  1.01423907, -0.58996128,  0.87386599, -2.36412944,
        1.29096685]), array([2.33016953, 0.08010944])]]]
[150, 16, -1, -1, 1, [[array([[-0.38324902,  0.36340854,  2.31576426,  2.0813673 , -1.53880126,
         1.59143439],
       [ 2.36759159,  1.36543197, -0.4167995 ,  2.05220692, -1.86542098,
        -2.44059221],
       [-2.19631542, -0.98726646,  0.8620777 ,  2.24551777,  1.04655122,
        -0.64602793],
       [ 0.64730966,  1.14488747,  0.11384943,  1.94884433,  1.25427331,
        -2.13888905],
       [ 1.2551741 ,  0.83669085, -1.87912156,  2.13937091, -1.40338218,
         1.28577444],
       [ 0.60265192, -2.09360074,  2.31127751,  1.69107476,  1.5484476 ,
         0.43255475]]), array([[-2.20758086, -1.15680376],
       [ 0.33525475,  0.63606736],
       [ 0.19785099,  1.30803392],
       [ 1.32670219, -0.51974826],
       [-0.11202347, -2.2291895 ],
       [-1.19172297, -2.26746976]])], [array([-2.03997707,  0.15725639,  2.28009869,  1.02770735,  0.25261431,
       -0.09588676]), array([-0.55030454,  2.07890852])]]]
[150, 14, -1, -1, 0, [[array([[-0.5655788 ,  0.87345297,  1.68186706,  2.17094699,  0.31515751,
        -0.63256945],
       [-1.88946303,  0.91993692,  1.28033562, -1.84188812,  0.67729204,
        -1.63339667],
       [-0.45874791, -1.5761049 ,  1.10361991, -1.01502982,  0.53030283,
        -1.55427034],
       [-0.43964714,  1.73159432,  1.5827333 , -1.56860575,  0.03480604,
        -0.89914577],
       [-0.46783756, -1.22637556, -1.65401131,  1.61040094,  2.18439144,
         1.31187582],
       [ 1.64111118, -1.88711952, -2.29449016, -0.05701772,  0.36678402,
        -2.33879836]]), array([[-1.39183866, -1.84800844],
       [ 1.23243776,  0.93477361],
       [ 1.67477387,  2.28561918],
       [ 0.6097886 ,  1.04583135],
       [-2.21338567,  0.6564216 ],
       [-0.53107799,  2.30693781]])], [array([ 1.8579179 ,  2.17593841, -0.13673256,  1.11728678, -1.82524784,
        2.33654567]), array([ 1.78269941, -0.07846193])]]]
[150, 13, -1, -1, 1, [[array([[ 1.34966596, -0.20492429,  1.48828648,  0.32606083, -1.79351184,
        -0.00813701],
       [ 1.99710532,  0.81365655, -0.92366514, -2.30344361,  0.15266364,
         1.6916743 ],
       [ 1.94465486,  1.78484706, -1.55633885, -2.26229694,  2.18843247,
        -2.05992203],
       [-1.15057085, -1.85468053,  2.41186415, -2.30409543, -1.95526982,
        -0.69960878],
       [-2.24457625,  1.55119369,  0.25280104, -1.62958762,  2.29614426,
         0.35522484],
       [-1.6410287 ,  1.14465534,  0.25835913, -1.82572802, -0.03853789,
        -0.54979949]]), array([[-0.45864297, -1.85240143],
       [ 1.1682859 , -1.49478454],
       [-0.66382942,  1.43631044],
       [ 2.1022013 ,  0.65713047],
       [-0.98671471,  1.44530227],
       [ 0.88894654,  1.60575007]])], [array([ 1.13147473, -2.19174842,  0.24956477, -1.15417002, -1.65442947,
       -1.39116029]), array([-2.13326751,  0.23153404])]]]
[150, 17, -1, -1, 0, [[array([[ 2.07893062,  0.56213613, -0.87954821, -1.44406178, -1.85860486,
         1.27974253],
       [ 1.37876018, -0.24809759,  1.28656948, -0.27170445, -0.03395009,
        -0.04959634],
       [ 0.96019473, -0.56736956, -1.5576961 ,  2.291171  , -1.47968268,
         1.04958334],
       [ 0.47924047, -1.09854045, -1.52016597, -1.13376994, -1.89691379,
         1.28185446],
       [-0.78339792, -0.61847202, -2.08018604,  1.7358634 , -1.45035135,
        -2.34023449],
       [ 2.25297094, -0.88951851,  1.24380544,  1.2788304 , -0.74217062,
        -1.1091631 ]]), array([[ 1.3066897 , -0.37632043],
       [-1.99814041,  2.09521261],
       [ 0.43845667,  2.01070516],
       [ 1.15055105, -1.14403987],
       [ 1.35608438, -0.64576672],
       [ 1.58955708,  0.65395688]])], [array([-1.61950042, -0.74387425, -0.32473373, -0.05136743, -1.75623836,
        1.6385366 ]), array([ 2.09459432, -1.99789096])]]]
[150, 3, -1, -1, 1, [[array([[ 2.33986959e+00, -4.45338502e-01, -1.12524200e+00,
         1.55634409e+00,  1.01490976e+00, -1.55982141e+00],
       [-2.12992093e+00,  1.91471765e+00,  1.23771973e+00,
        -2.39384468e+00, -1.59983318e+00, -1.44384036e+00],
       [ 2.07666391e+00, -1.78685536e+00, -2.34830597e-01,
         2.09398647e+00, -8.37823726e-01,  1.85396577e-03],
       [ 1.12690373e+00,  1.75747091e+00,  1.43870187e+00,
        -1.53308974e+00, -1.92332142e+00, -9.31726143e-02],
       [-1.64448938e+00, -2.08284394e+00,  3.44894266e-02,
         1.13299700e+00,  1.87168994e-01, -1.40835988e+00],
       [-1.14132670e-01,  8.41452042e-01, -1.99632335e+00,
         2.35937448e+00, -1.97311669e+00, -6.02327789e-01]]), array([[ 0.4717507 , -1.87981867],
       [ 1.92918196, -0.30673296],
       [-1.0975089 , -0.79250685],
       [-0.20084302, -1.99532145],
       [ 0.1702765 ,  0.04599391],
       [-2.39719855,  0.92766489]])], [array([ 0.44727686, -1.36189871,  1.47782743,  1.54321454, -1.88880094,
        1.10508035]), array([-0.00182247,  0.56540758])]]]
[150, 24, -1, -1, 0, [[array([[-0.72432841,  0.38271815, -0.66758226, -2.38030594, -0.26273373,
         0.71553815],
       [-0.87334348,  0.20920231, -1.59787709,  2.2633788 ,  0.56663604,
         1.99246754],
       [-2.43274805,  2.05061874,  1.82889974, -1.82057622, -1.07419962,
         1.06163173],
       [-2.32942069, -2.10934712,  0.54793015,  2.43363268, -0.94318239,
         0.22951041],
       [ 1.63655799, -2.43872265,  1.74019517, -1.94033499, -1.27811241,
        -1.84559553],
       [-2.3484308 ,  0.03408281, -0.53900035,  0.50719073,  1.4874153 ,
        -1.11137087]]), array([[ 0.50106955,  1.69917559],
       [ 0.29585716, -1.38941535],
       [ 0.06876525, -1.1766153 ],
       [-0.76648969, -0.52766726],
       [ 0.83677789, -0.5231771 ],
       [-0.61300259,  2.33596102]])], [array([-1.57827657,  0.08820271, -1.87518337, -1.20619351,  0.02550939,
       -2.3929412 ]), array([-1.03922247, -1.32134993])]]]
[150, 21, -1, -1, 1, [[array([[-0.5277358 , -2.11328414, -1.1171139 , -0.16927034, -2.3709295 ,
         2.19755544],
       [-1.73782969, -0.96376179,  1.19585991,  0.27337513, -2.14577905,
        -0.70322906],
       [ 2.39160767, -1.13294429,  0.20542168, -0.80069313,  0.04658893,
         1.37826863],
       [-2.13428727, -2.24161923, -1.59779531, -1.88094638, -0.45160661,
         1.52440575],
       [-0.17554587,  2.06411949,  2.03894397,  0.30595456, -1.87948385,
         1.36673001],
       [ 1.56823931, -0.85292213,  1.66264483, -2.38002865, -0.59113721,
        -0.34532122]]), array([[ 2.33671124, -1.74834868],
       [-1.258258  ,  1.22178661],
       [ 2.17533887, -0.02881813],
       [-2.04301756,  1.12515022],
       [-1.59259216, -0.61344628],
       [ 1.84463156,  1.49894282]])], [array([ 1.59286689,  2.02786615, -2.08180847,  0.30202906,  0.17425413,
        2.11877001]), array([1.277705  , 1.34333969])]]]
[150, 5, -1, -1, 0, [[array([[-1.3067578 ,  2.0038213 , -1.32538103,  2.2465521 ,  2.42381918,
         1.16914483],
       [-1.63779679,  2.342609  ,  1.34592445,  2.24411951, -0.46020961,
         1.17546455],
       [-1.13334953, -0.90513353,  1.66019102,  1.03118429, -2.2455154 ,
        -1.95744878],
       [ 0.07137832, -0.91519139, -1.32286157, -0.3413623 , -1.10131985,
         1.14853878],
       [ 2.4478259 , -2.30059798,  1.20062788, -1.11359092,  1.73962588,
        -0.73129046],
       [ 1.37095346, -1.45184474, -0.79424879, -1.73696075,  0.13217977,
         2.22390276]]), array([[-0.85136467,  0.47516197],
       [-1.41275775,  2.22949366],
       [ 2.28727809, -2.32969304],
       [ 1.17053166,  1.84049378],
       [ 1.25888534,  0.28127986],
       [-1.28993186, -2.06781711]])], [array([-0.62046715, -2.12275215,  1.68014223,  0.38531895,  0.94324733,
        2.31985155]), array([-0.14364074, -1.32912036])]]]
[150, 19, -1, -1, 1, [[array([[-2.37950227,  2.1266284 , -0.47365721,  1.8678845 , -1.35061653,
        -1.19820969],
       [-0.45142352,  1.07546739,  2.36710583, -1.03742266,  2.4056338 ,
         1.82071537],
       [-0.24726912,  0.44467038, -0.04045819, -0.1716219 , -1.37528053,
        -1.15634   ],
       [-0.2850128 , -2.20502534,  0.67049488, -0.67589645,  0.09548582,
         2.17246846],
       [-1.67566594,  1.22081955,  0.05018031, -2.40146381, -2.13353348,
         2.37148155],
       [ 1.17100585, -0.60342387, -0.86132204, -0.3507661 , -1.86537348,
        -0.63185815]]), array([[-0.32157891, -0.09120838],
       [ 2.39759324, -2.15467008],
       [-1.10516362,  1.8258756 ],
       [-0.93787758, -0.16718359],
       [ 0.22784379, -0.7166106 ],
       [-1.62745681, -0.24047889]])], [array([ 0.83836109,  0.28896446,  1.9095413 ,  2.07795641,  0.21246694,
       -1.27809983]), array([-0.76379119, -0.20308747])]]]
[150, 22, -1, -1, 0, [[array([[-0.3818816 , -0.73350006, -2.20865476, -0.90374448, -0.55618524,
        -1.55707478],
       [-1.83732602,  2.16319381,  2.2664927 , -1.06987214,  1.07189465,
         0.88616944],
       [-1.55066589, -1.13436567, -1.69969876,  0.61701892, -1.44378409,
        -0.13830326],
       [ 2.01280301,  0.98534734, -0.06054491, -1.20333972,  1.21342366,
         1.15352784],
       [-0.77342295, -1.09467061,  2.38745756, -1.05915176,  0.94505794,
         1.90533161],
       [-1.81686548, -1.30340167,  0.28062502,  1.65150718,  1.01594678,
         1.76115902]]), array([[-1.54085556,  1.42090757],
       [-1.37315328,  0.28437771],
       [ 1.45858112,  2.03119422],
       [-1.39629753, -0.00869199],
       [ 0.79642254,  0.56740623],
       [-1.67084697,  1.37763735]])], [array([ 0.01563392, -0.53473796,  1.08631393, -1.94543551,  0.62669659,
       -1.60152956]), array([ 1.18269369, -1.47143137])]]]
[150, 23, -1, -1, 1, [[array([[-0.44624556,  2.43226616,  0.13094205,  0.9903739 , -0.63760011,
        -1.78952701],
       [-0.23896761, -1.97503678,  1.048169  ,  0.80007538,  1.30345154,
         1.37972029],
       [-1.6953309 , -1.01799198, -2.04971585,  0.46483616, -2.33443327,
         1.33980095],
       [-1.83227484,  1.02700883, -0.98658079, -0.854457  ,  1.56557037,
         1.96073283],
       [-2.37288118,  1.08859339, -1.71624789,  1.9919101 , -2.27726738,
         1.75750478],
       [ 0.21646395, -1.6809794 ,  1.99959476,  1.17648549,  1.37065884,
         1.21260751]]), array([[ 0.15349823, -0.65243744],
       [ 0.06850288, -2.43875218],
       [ 1.8453224 , -0.51870188],
       [-1.94927271, -1.47545435],
       [-1.42546204,  0.22153386],
       [ 2.3614567 , -0.1484954 ]])], [array([ 0.74935543,  0.72902365,  0.92781655, -1.14280755,  1.0777136 ,
       -0.25118678]), array([-0.08976524, -0.12637767])]]]
[150, 18, -1, -1, 0, [[array([[ 0.74118235,  1.42660209, -0.910762  , -0.3568542 ,  1.00077808,
        -0.39218821],
       [ 2.19446109,  2.07379252, -1.66028554, -1.81488388, -2.39925168,
         2.03978418],
       [-0.90565974, -2.17786889, -1.37752871, -0.86601566, -2.16798974,
         1.33995301],
       [-1.03599033,  1.4618209 , -0.31190909, -0.86805013,  0.78461168,
         0.02383509],
       [ 2.21165655, -1.25206368,  0.43114787,  1.95841483,  0.00912582,
        -2.35079171],
       [-1.24405355,  0.3272335 , -2.25449285,  2.41270262,  1.03086324,
         0.87006567]]), array([[ 0.62348674, -1.44001889],
       [ 0.06182511,  0.370461  ],
       [-1.77173911, -1.26817117],
       [-1.74833533,  1.46042865],
       [ 2.30558088, -1.40995798],
       [-1.80366774, -2.34656467]])], [array([ 0.87434289, -0.92453751, -0.05759439,  1.12257839,  2.07438392,
       -2.3248395 ]), array([-1.52538028,  0.7343695 ])]]]
[150, 15, -1, -1, 1, [[array([[ 0.91283093, -0.75720037,  1.0195379 ,  0.39095262,  2.15303643,
         2.26627838],
       [-1.14959746,  1.29001341,  1.10380625, -1.02829154, -1.39551024,
         0.62758107],
       [-0.62587521, -0.74459061,  1.62482127, -1.29816515,  0.8667431 ,
        -0.77495504],
       [ 0.97997239,  0.70344832, -0.7543355 ,  1.63220023, -1.34133804,
         0.06494768],
       [ 0.60016422, -0.08635086, -1.24915145,  1.01163213,  0.86788587,
         1.61210842],
       [ 1.16879254, -0.03331347,  0.08002151,  0.4134225 ,  1.00166743,
         0.1459539 ]]), array([[ 2.03821317, -1.33445179],
       [-0.98811201, -1.38959428],
       [-1.8388357 ,  1.5345687 ],
       [-0.82550954,  0.05320025],
       [-0.90512768,  2.07333639],
       [ 0.83338149, -1.95796906]])], [array([ 1.58374753, -1.33013228, -2.16643248, -0.85516328,  0.04975666,
        1.3322522 ]), array([ 1.73009574, -1.64229456])]]]
[150, 8, -1, -1, 0, [[array([[ 1.62101774, -1.72559972, -1.52732627,  2.10730425, -2.16744188,
        -1.98837776],
       [-0.44717586, -0.38290919, -2.16546772,  0.44830411, -1.53118769,
         0.16857886],
       [-2.33731799,  0.08227956,  1.94588442,  0.5520228 , -1.44749007,
         1.43984457],
       [ 1.48598515,  0.98288469, -0.76842304,  2.00201526, -1.95391129,
        -0.7992794 ],
       [-2.10577743,  0.44399552, -0.63823726, -1.82245281, -0.97370403,
        -0.77310492],
       [ 1.08478292,  1.52304338, -0.38013843, -2.25412161,  1.06945934,
        -2.38946103]]), array([[ 2.37969056,  1.48708916],
       [-1.28063602, -0.3382186 ],
       [-2.14406197,  1.54418595],
       [-1.26992288,  0.42772068],
       [ 2.27465417, -2.05332871],
       [-0.98377912,  1.95040984]])], [array([ 1.5119239 , -1.73720257,  2.4293036 ,  1.07052776,  0.18357981,
        1.3043201 ]), array([ 0.34979943, -2.43176403])]]]
[150, 2, -1, -1, 1, [[array([[-0.74825622, -0.6407606 ,  0.87402772,  2.29483519,  2.13397667,
        -2.05355703],
       [ 1.82180759,  0.3305062 , -0.47899378,  1.38412783,  1.58469903,
        -0.43802825],
       [ 1.38058847,  2.08460243, -1.88162439,  2.06390422,  1.83202618,
        -2.1172323 ],
       [-1.95536739,  2.19793922, -0.55839532,  1.0404272 , -0.14588762,
         1.17475659],
       [ 2.05621894, -2.13597181, -0.05204541, -2.07507061, -1.77290136,
        -1.8742738 ],
       [ 0.73732254, -2.31248743,  2.24656756, -0.82618087,  0.59408002,
        -1.68696855]]), array([[-1.14024637,  1.61285101],
       [-2.38480639, -0.912019  ],
       [-1.22660268,  1.44597577],
       [-1.28718367, -1.78905233],
       [-2.07007006,  1.4601153 ],
       [-0.56464033,  1.56793564]])], [array([-2.32067556,  0.15950663, -0.62784694,  1.88845921,  0.44000501,
        1.78062814]), array([ 2.32063052, -1.50267496])]]]
[50450, 7, 'birth', 0, 15, 1, [[array([[-1.76617144,  0.212976  ,  1.65739115,  2.04582404, -1.71865307,
        -1.16077952],
       [-0.28460167, -0.26774596,  0.88598144, -1.02829154, -2.44948974,
         0.62758107],
       [-0.16725966, -0.74459061,  1.62482127, -0.70462491,  0.8667431 ,
        -0.77495504],
       [ 0.97997239,  0.70344832, -1.37065551,  1.63220023, -1.34133804,
         0.06494768],
       [ 0.60016422, -0.08635086, -1.24915145,  1.01163213,  0.86788587,
         1.61210842],
       [ 1.16879254, -0.03331347,  1.03195815, -2.44948974, -0.31992368,
         2.44948974]]), array([[ 1.41421356, -1.33445179],
       [-0.98811201, -1.38959428],
       [-1.41421356,  1.36127023],
       [-0.82550954,  0.05320025],
       [-1.33255192,  1.41421356],
       [-1.41421356, -1.41421356]])], [array([ 1.58374753, -1.33013228, -2.16643248, -0.85516328,  0.04975666,
       -0.23583729]), array([ 1.41421356, -1.41421356])]]]
[50450, 6, 'birth', 8, 20, 0, [[array([[ 1.62101774, -1.72559972, -1.52732627,  0.20130375, -2.16744188,
        -1.98837776],
       [-0.44717586, -0.38290919, -2.16546772,  0.44830411, -1.53118769,
         0.16857886],
       [-2.33731799,  0.08227956,  1.94588442,  0.5520228 , -1.44749007,
         1.43984457],
       [-0.37378993,  0.98288469,  0.84256424,  2.00201526, -1.95391129,
        -2.44948974],
       [-2.10577743, -2.44948974,  1.57044722, -0.97576111,  1.56945273,
         2.44948974],
       [-0.95452636, -2.12696473, -2.36922697, -1.86308847,  2.44948974,
         1.18106797]]), array([[ 1.41421356,  1.41421356],
       [ 0.47494008,  0.65319126],
       [ 1.41421356, -1.41421356],
       [ 1.41421356, -1.0688702 ],
       [-1.02275973, -0.16837992],
       [-1.41421356,  0.08765099]])], [array([ 0.30276174, -1.17914728,  1.21482739, -2.31434846, -2.05888635,
        0.71157679]), array([1.13152808, 1.26535171])]]]
[111601, 4, 'birth', 6, 2, 1, [[array([[ 1.62101774, -1.72559972, -1.52732627,  0.20130375, -2.16744188,
        -1.98837776],
       [-0.44717586, -0.38290919, -2.16546772,  0.47228832, -1.53118769,
         0.16857886],
       [-2.33731799,  0.08227956,  1.94588442,  0.5520228 , -1.44749007,
         1.43984457],
       [-1.95536739,  2.19793922, -0.55839532,  1.06850988, -0.14588762,
         1.17475659],
       [ 2.05621894, -2.13597181, -0.05204541, -2.07507061, -1.77290136,
        -1.8742738 ],
       [ 1.61961834, -2.31248743,  2.24656756, -0.82618087,  0.59408002,
        -2.3944057 ]]), array([[-1.14024637,  1.41421356],
       [-1.41421356, -0.912019  ],
       [-1.22660268,  1.41421356],
       [-1.28718367, -1.41421356],
       [-1.41421356,  1.41421356],
       [-0.56464033,  1.41421356]])], [array([-0.74396337, -2.44948974, -0.62784694,  1.88845921,  0.44000501,
        1.78062814]), array([ 1.41421356, -1.41421356])]]]
[228902, 9, 'birth', 18, 21, 1, [[array([[ 0.74118235,  1.42660209, -0.910762  , -0.22050667,  1.00077808,
        -0.39218821],
       [ 2.19446109,  2.07379252, -1.66028554, -1.81488388, -2.39925168,
         2.03978418],
       [-0.37745203, -2.17786889, -1.37752871, -0.86601566, -2.44948974,
         1.33995301],
       [-1.03599033, -2.24161923, -1.59779531, -1.88094638, -0.45160661,
         1.52440575],
       [-0.17554587,  1.6953823 , -0.11680887,  0.30595456, -1.87948385,
         1.36673001],
       [ 2.13718656, -0.85292213,  1.66264483, -2.38002865, -0.59113721,
         1.5784752 ]]), array([[ 1.41421356, -1.41421356],
       [-1.258258  ,  1.22178661],
       [ 1.41421356, -0.02881813],
       [-1.41421356,  1.12515022],
       [-1.41421356,  0.71097943],
       [ 1.41421356,  1.41421356]])], [array([ 1.59286689,  2.02786615, -2.08180847,  0.30202906,  0.17425413,
        0.65589252]), array([1.277705  , 1.34333969])]]]
[395253, 1, 'birth', 8, 3, 0, [[array([[ 1.62101774, -1.72559972, -1.52732627,  2.10730425, -2.16744188,
        -1.98837776],
       [-0.44717586, -0.38290919, -2.44948974,  0.44830411, -1.53118769,
         0.16857886],
       [-2.33731799,  0.08227956,  1.94588442,  0.5520228 , -1.44749007,
         1.43984457],
       [ 1.48598515,  0.98288469, -2.44948974,  2.00201526, -1.95391129,
        -0.7992794 ],
       [ 1.1041659 ,  0.44399552, -0.63823726, -1.82245281,  1.00253615,
        -0.77310492],
       [ 1.08478292,  2.22892106, -0.38013843, -2.25412161,  1.06945934,
        -2.38946103]]), array([[ 0.4717507 , -1.41421356],
       [ 1.41421356, -0.30673296],
       [-1.0975089 , -0.79250685],
       [-0.20084302, -1.41421356],
       [ 0.1702765 ,  0.04599391],
       [-1.41421356,  0.92766489]])], [array([ 2.44948974, -1.36189871,  1.47782743,  1.54321454, -1.88880094,
        1.10508035]), array([-0.00182247,  0.56540758])]]]
[543705, 0, 'death']
[543855, 20, 'death']
[544005, 12, 'death']
[544155, 11, 'death']
[544305, 10, 'death']
[544455, 16, 'death']
[544605, 14, 'death']
[544755, 13, 'death']
[544905, 17, 'death']
[545055, 3, 'death']
[545205, 24, 'death']
[545355, 21, 'death']
[545505, 5, 'death']
[545655, 19, 'death']
[545805, 22, 'death']
[545955, 23, 'death']
[546105, 18, 'death']
[546255, 15, 'death']
[546405, 8, 'death']
[546555, 2, 'death']
[558655, 7, 'death']
[558805, 6, 'death']
[567955, 4, 'death']
[579655, 9, 'death']
[579855, 1, 'death']
[579855, 'Extinction!']
