[time, indiv, parent1, parent2, gender, brain]
[200, 16, -1, -1, 0, [[array([[-2.36637743,  2.08684523,  2.31167003,  0.8924839 , -0.28037261,
        -0.00720691],
       [-2.08024995, -0.13276243,  0.06856699,  1.51484874, -0.08904348,
        -0.95041365],
       [-0.06882149, -0.0055905 ,  2.44557137,  0.52755698, -1.51711076,
        -1.2496256 ],
       [-0.77054924, -2.43275707, -1.36469544, -2.110293  , -0.1307229 ,
         0.95960412],
       [-0.99211588,  0.92336711, -0.23154406, -1.50640324, -2.10643699,
        -1.32473161],
       [ 2.07321364, -1.50478841, -1.75216496,  0.42176181, -2.04065737,
        -1.73371992]]), array([[ 0.31981725,  0.36727965],
       [ 2.13816471,  1.14926275],
       [ 1.63309495,  1.87230813],
       [-0.12459717,  0.52852897],
       [-2.37151814,  2.04677793],
       [ 1.58888554, -2.3460646 ]])], [array([ 1.05307984, -0.67855068, -1.70040844, -2.39544684,  0.12988241,
       -0.97487476]), array([-0.53217784, -1.97026748])]]]
[200, 8, -1, -1, 1, [[array([[-1.21556679, -0.99144291,  0.91170187,  0.92053225, -0.44017783,
        -0.72348076],
       [-1.90074577, -0.86176904, -1.8585686 , -0.19183407,  0.8261837 ,
        -0.30391167],
       [-1.99267161,  0.68840093,  0.85926896, -1.48076355,  1.55206197,
         0.21081563],
       [-2.11017957, -0.548091  , -0.73674466,  0.02139346, -1.65598729,
         1.89232802],
       [ 0.89591922,  0.65400387,  0.28999852,  2.10519927,  1.8938067 ,
         2.42590495],
       [-0.3495607 ,  2.21023397,  1.8240049 , -0.26772996,  2.28466492,
        -0.77751271]]), array([[-0.57408285, -0.82244019],
       [-1.03523632, -0.41405387],
       [ 0.06270326, -0.22880808],
       [-1.74294137, -1.59056192],
       [ 0.89473103, -0.7083531 ],
       [ 1.26424177, -1.97699288]])], [array([ 0.45093504,  1.90640718,  1.28588351,  1.76049482,  1.93339337,
       -2.35808813]), array([1.95454016, 0.24248365])]]]
[200, 9, -1, -1, 0, [[array([[ 0.16610137, -2.34022458, -1.47254094,  1.6646379 ,  0.54784565,
        -0.40548755],
       [-1.36506527, -2.052903  , -0.11445693,  0.57936219,  1.96975836,
        -1.03208148],
       [ 2.44614335,  0.77609209,  1.22932247, -2.33388386,  0.89506898,
         0.29968442],
       [-2.17898564, -0.05152651, -2.19085252, -1.81815295,  0.68488616,
        -0.71905637],
       [ 2.06049762, -1.89138862, -0.04346023, -0.18583407,  1.98629285,
         0.64100174],
       [ 2.42004972,  0.37052007, -1.84014821, -2.06532285, -1.28296314,
         2.0289401 ]]), array([[-2.08451125, -2.20425232],
       [ 0.32416078, -0.30367182],
       [-1.22444903,  0.31604098],
       [-0.31390638, -1.85265842],
       [-1.01201953, -1.53308902],
       [ 2.04689313, -0.66509743]])], [array([-1.40303748,  1.88886916,  1.64997772, -0.33084947,  1.73357346,
        0.9837485 ]), array([ 0.70044169, -0.83152966])]]]
[200, 10, -1, -1, 1, [[array([[ 0.61420921, -2.20631853,  1.91136564,  0.8182392 , -0.47819979,
        -0.11968169],
       [ 1.86562802, -0.26945163,  0.19704795,  0.05501409, -1.07795553,
         0.11378901],
       [-2.24920461,  0.60326922,  0.11235217, -0.7837879 ,  0.13859443,
         1.94337552],
       [-0.50970537, -0.52397118,  1.56366595, -2.00330597,  1.34511925,
        -0.39366862],
       [ 0.96593075,  0.1934984 ,  2.22749971, -0.83330476, -0.62380668,
        -0.78268516],
       [-1.32631569,  1.59201136, -0.19571505,  1.33417761,  1.10265171,
        -2.42418541]]), array([[-0.32512666, -2.36577946],
       [-2.0622929 , -1.20269937],
       [-1.87249855,  1.81897213],
       [-0.44695831,  0.96604614],
       [ 0.70279286, -0.46385615],
       [-1.89544995, -0.56392425]])], [array([ 0.20692169,  1.50212428,  1.66083956, -1.83006792, -0.39236263,
        0.4904638 ]), array([-2.14076482, -1.86440581])]]]
[200, 20, -1, -1, 0, [[array([[ 0.87733143, -1.45005471, -1.17174946, -1.39708682,  2.44402914,
        -1.83624343],
       [ 2.42429308, -0.02781044, -1.63203204, -2.10232543, -1.5420231 ,
         0.83011363],
       [-2.039264  , -0.08774181, -2.21366695, -0.17636425,  0.67857988,
         1.37398515],
       [-0.09266062,  2.36416695,  0.60575999,  0.86765663,  0.27536413,
         1.6322628 ],
       [-1.86817639, -1.8037278 ,  1.87256656,  1.29661361, -2.40283693,
        -0.24351309],
       [ 1.38749132, -1.13616438,  1.48924847, -1.67971878, -1.10870564,
        -1.65463021]]), array([[-0.41128504, -1.51875381],
       [-0.80138685,  0.08819004],
       [ 0.11698382, -0.89726849],
       [-0.767288  , -0.9755279 ],
       [ 2.19252959, -2.41792821],
       [-1.87776564, -1.53126685]])], [array([ 0.11892214,  2.3103836 ,  1.66742588,  0.03930138, -1.3649005 ,
        2.2538062 ]), array([-1.19931727, -1.26667585])]]]
[200, 15, -1, -1, 1, [[array([[ 0.79699649,  0.63946773, -0.1036091 ,  1.54611687,  1.62527302,
         0.58887735],
       [-0.03639546, -0.30094733, -1.77770295,  0.66820584, -2.22368299,
        -2.2548244 ],
       [-1.16647857,  1.7831161 ,  0.12044499,  1.07869596, -1.90613826,
         0.87671994],
       [ 1.18159496, -1.80299659, -2.22166939, -1.22619125, -1.29048728,
         0.22476096],
       [ 0.80599985,  0.87081862, -0.93001382,  2.42139131, -0.87075082,
        -1.21945072],
       [-0.35528102, -1.21354525,  0.70471787, -2.43808981, -1.34673777,
         1.2119925 ]]), array([[-0.79674812,  2.33780023],
       [-0.94788459,  1.96181891],
       [-0.49381641,  1.92449539],
       [ 2.38242678, -1.81164022],
       [ 0.58310881, -1.14650808],
       [ 1.94381206,  1.99943967]])], [array([-0.43374037,  0.94120557,  0.40493704,  0.94823503,  1.43285161,
       -0.32987131]), array([-1.21753134, -1.06621346])]]]
[200, 14, -1, -1, 0, [[array([[ 0.70815366,  2.03348082, -0.87991616,  0.65278653, -0.15008646,
         1.84983131],
       [ 2.42338952,  1.27373244, -0.38169654, -0.72847589, -1.41945084,
         1.32887087],
       [ 0.64475086,  0.97017221, -0.8008138 , -1.50067825, -0.75518028,
         0.66429582],
       [ 1.64369028, -0.03313822, -1.11980175, -0.8364823 , -2.08189925,
         1.93898812],
       [-0.9675576 , -1.83656166, -0.83331775, -1.87992794,  1.88138508,
        -2.16316994],
       [ 1.96297061,  0.51221615, -0.22018825, -1.7918989 , -0.89161649,
         1.53869233]]), array([[ 2.38708933,  0.11384426],
       [ 0.49941049, -2.13454022],
       [-1.61078414, -0.5589813 ],
       [ 0.49337558, -2.2538316 ],
       [ 2.37338398,  1.75731967],
       [ 0.35287453,  1.5444627 ]])], [array([-1.04634883, -0.07060327,  0.75272948, -2.44808886, -0.81134186,
       -2.03112003]), array([1.87359854, 0.77906425])]]]
[200, 23, -1, -1, 1, [[array([[-0.24364907, -1.54934885,  0.68556557, -2.15800308, -0.05013584,
         1.99601915],
       [-1.21521282, -0.90798827, -1.09628575,  2.25235639, -0.27198011,
        -0.42463498],
       [ 1.83459327, -0.63557397,  1.21247726, -1.65621024, -1.2043249 ,
        -0.23420555],
       [-2.35840947, -0.33155359, -1.39525151, -0.21956112, -2.37083256,
         2.17206301],
       [-1.45800034,  0.53911208,  0.56497585,  2.24449561,  1.8187023 ,
        -0.07403874],
       [ 1.67491087,  1.55709012,  1.37491669, -1.56819799,  0.95275792,
         1.59876215]]), array([[-2.27339677, -0.49578573],
       [-0.50391783, -1.6759568 ],
       [-0.32823975,  1.84137957],
       [-0.34805319,  0.61802122],
       [ 1.87493687,  1.12215314],
       [-0.93922464,  1.87575842]])], [array([ 2.415408  ,  1.72096597,  2.36774712, -2.2983347 , -0.37651652,
       -0.13165476]), array([1.40491881, 0.19942445])]]]
[200, 19, -1, -1, 0, [[array([[-1.19231241, -0.02786716,  2.08871414, -0.46328142, -0.45768875,
        -1.29708616],
       [-1.92001035,  0.53437191,  1.76514913, -1.73030066, -2.236322  ,
         0.16113492],
       [-1.0103392 ,  0.62924346,  0.95070725, -2.38807211,  2.18050408,
        -2.06129   ],
       [-2.17508287, -1.49410526,  1.94348253,  1.93415979,  1.33962536,
         2.06769816],
       [ 1.96325806, -1.37543069,  2.07912669,  1.38371631, -0.3231479 ,
        -0.98347402],
       [ 2.08381765, -0.55533226,  1.7450825 ,  0.14496704,  1.85003328,
        -0.77865514]]), array([[ 1.99936391,  1.41729458],
       [ 0.30855383,  0.8997066 ],
       [ 0.78700745,  0.64475603],
       [-1.82332931,  1.10124554],
       [-2.06592608, -2.09052945],
       [ 1.39878608, -1.80460753]])], [array([ 1.31141202,  1.42677992, -2.04883833,  1.23142511,  0.46791287,
       -0.82682936]), array([-1.79045587, -2.13017543])]]]
[200, 13, -1, -1, 1, [[array([[ 1.22261324, -0.98657569,  1.72273946, -2.00322971, -1.49233887,
         0.19635749],
       [ 0.46064943,  0.19275681,  0.15331943,  1.32835726, -0.153199  ,
         2.13685264],
       [-1.26584014,  0.33855983,  1.63730334,  1.36573487, -1.03331193,
         0.43345385],
       [-1.82582009, -2.22376678, -0.56877452, -2.04369795,  1.54453793,
         1.66228524],
       [ 0.57564298,  0.01933146, -1.87533747,  1.1737223 , -1.18356285,
        -1.7932496 ],
       [ 0.93300141, -1.49107596,  1.80273928,  1.1683702 , -2.25352708,
        -1.33567824]]), array([[ 1.88558659,  2.01627349],
       [ 1.7715699 , -0.19503882],
       [ 2.29856963,  0.21985841],
       [ 1.26319568, -0.38722542],
       [ 0.97426559, -1.11712406],
       [-0.69625261,  2.31898433]])], [array([ 1.65982638, -1.88074361,  2.23608415, -0.43586073, -0.89227045,
       -0.77333522]), array([1.58536653, 1.69770667])]]]
[200, 11, -1, -1, 0, [[array([[-0.25037321, -0.82045321,  0.22200236,  0.25575438,  0.64559478,
         0.55267906],
       [ 1.24840687,  0.51044306,  1.64134773, -1.03908779, -2.21235374,
        -1.03301662],
       [-0.11010082,  1.52805024,  1.10332123,  0.11884595,  0.56199289,
        -2.23839307],
       [ 0.20874511, -0.91125177,  0.62410563, -2.33000934,  1.97811729,
        -2.05315485],
       [ 0.17529695,  0.12735616, -2.10397263,  1.96523901, -0.73315043,
        -1.02964826],
       [-0.10315632, -1.67554895,  1.25534049,  1.91831452,  1.8486595 ,
        -2.11164958]]), array([[-0.17044094, -1.63655747],
       [-0.80612195, -2.35615836],
       [ 0.56861729,  2.13148865],
       [ 0.23570422,  2.26780214],
       [-1.67066774,  1.03012369],
       [-1.93557951, -0.41339659]])], [array([ 0.79342159, -2.09905374, -1.55015495, -0.61462284,  1.13547581,
        2.4366813 ]), array([-1.37885804,  0.42288086])]]]
[200, 7, -1, -1, 1, [[array([[ 1.21564919, -1.28399107, -1.08964122,  2.3306475 , -0.15096144,
         0.18767353],
       [ 2.22377743,  0.65977141,  0.00751986,  1.2120171 , -0.65494845,
        -0.88496621],
       [-2.31074365, -2.34365255, -1.67751757, -1.41524922, -1.30063743,
        -1.82392567],
       [ 0.06320425, -1.73416685,  1.53257699,  1.32980826, -1.45938264,
        -0.59065854],
       [ 1.91126823,  2.16849251, -1.02972418, -0.56796311,  0.35302411,
        -1.94237841],
       [ 0.23959225, -1.88415806,  1.65856796,  1.60960804, -1.90431127,
        -1.81399425]]), array([[-0.7963208 , -0.249046  ],
       [ 2.23349941, -1.67812433],
       [-0.52175535,  2.39142415],
       [-0.56421516, -1.60587384],
       [-0.53661807,  1.59178499],
       [-1.01860197,  1.15578956]])], [array([-0.91074187,  0.61126503, -2.18891692, -0.23371549, -2.24435374,
        1.49435291]), array([ 1.86892477, -0.29903867])]]]
[200, 17, -1, -1, 0, [[array([[ 0.54741909, -0.93148242, -2.37791343, -1.70148916,  2.16202023,
         1.18561579],
       [-1.7390175 ,  0.10828802, -1.56973514,  1.95546272, -1.0810786 ,
        -0.41357051],
       [-2.34216012,  0.70048619, -0.54419661, -0.73985085, -0.48651421,
         0.27554703],
       [-0.8554112 ,  0.57048954,  0.26599631,  1.98057344,  0.50981882,
        -0.0343565 ],
       [ 1.09809302,  1.73120077,  0.04181951, -1.57611583, -0.23542308,
        -2.08979344],
       [-2.32392715,  1.3003157 ,  0.67382773,  2.4040888 ,  0.16889688,
         2.10535184]]), array([[-0.82891425, -2.07394536],
       [ 1.45467721,  0.40241293],
       [-0.15741862,  0.3523994 ],
       [ 2.13173357,  2.44705303],
       [-0.55849649,  1.41176252],
       [ 2.07064004,  0.73775328]])], [array([-1.16987985, -2.40410008, -2.32723245, -1.21823644,  1.86475525,
       -2.16803463]), array([ 1.56179917, -0.94275557])]]]
[200, 6, -1, -1, 1, [[array([[-0.89011725, -2.37857876,  0.57341176, -1.08558058, -1.24463652,
        -1.52769842],
       [-1.97249815,  0.4426617 ,  1.57362912, -1.52637264, -0.54464394,
         2.12657005],
       [-1.50261743, -2.34590258,  0.03747904,  0.77054801, -0.03327369,
         1.9730485 ],
       [-1.10333547,  2.03035538,  2.09336933, -2.43605306,  2.35717913,
         1.07974043],
       [ 0.48348883, -1.7782655 , -2.09217355, -2.07062934, -1.97242946,
        -1.03841292],
       [-1.80342699,  0.59606209,  2.20622882,  2.12910736,  1.32827884,
         1.00145108]]), array([[-1.2825278 , -2.16913895],
       [-1.44382083,  0.76086386],
       [-2.12134194, -0.63138947],
       [ 2.27869384, -2.28320321],
       [-1.11684637,  2.3748954 ],
       [-2.11425433,  1.69064695]])], [array([-1.04533245,  2.13221291, -1.61909728, -1.04737097, -2.04617057,
        0.62468611]), array([0.65163626, 1.60367669])]]]
[200, 4, -1, -1, 0, [[array([[ 1.92846812,  1.35999405,  0.68577947, -1.00506213, -2.26990408,
        -0.28972632],
       [ 0.38849478,  1.81797047, -0.2975839 ,  1.10024962, -1.15257193,
         1.82292686],
       [-0.17718304, -2.25864186,  0.65379735, -0.25011026, -0.7637658 ,
        -2.19257191],
       [-1.02551944, -0.97225316,  2.27926857,  1.73906751,  0.51652049,
        -1.62585807],
       [-2.4111552 ,  1.62190033,  1.30672473,  1.64739174,  0.106018  ,
         2.27589609],
       [-1.31878564,  0.73383231,  0.55458623,  0.34387376,  0.96260841,
         1.73506454]]), array([[ 0.94439347, -1.86212148],
       [ 0.78368687,  0.47101174],
       [ 0.47998533,  1.8383923 ],
       [ 1.85633767, -1.47851987],
       [ 0.95664799,  0.26721017],
       [-1.6244717 ,  2.33142759]])], [array([ 1.00923271,  1.38757844,  0.33791298,  0.03325196,  1.87454667,
       -1.59092689]), array([-2.06573116,  2.36296716])]]]
[200, 12, -1, -1, 1, [[array([[ 1.11878625,  1.28882859, -0.23801602,  1.46139895, -0.64091255,
        -1.47268927],
       [-2.21458452,  0.5287798 ,  1.79798309, -0.67117579, -2.18021582,
         1.44828885],
       [ 1.5104154 ,  0.37650426,  0.07071285, -1.16127019,  1.28525546,
        -0.02847106],
       [ 0.99241429, -0.50737471,  1.92178073,  1.77183659,  1.3341004 ,
         1.0105761 ],
       [-0.71191669, -1.44414407, -0.02535524, -2.11526024, -2.17217033,
        -1.52270672],
       [-1.80883237,  2.19775272,  0.46722613,  1.96432541, -0.13585273,
         0.04843323]]), array([[-1.12126041,  2.12880107],
       [-0.068277  , -0.84129057],
       [ 1.00980492,  0.68404739],
       [ 2.1561799 , -1.53138239],
       [-1.91040255,  1.81678471],
       [-1.67925056, -2.42657322]])], [array([-1.22440783,  1.76320493,  1.20182945,  0.1559981 ,  1.16451204,
        0.47263471]), array([0.93750786, 0.34774221])]]]
[200, 0, -1, -1, 0, [[array([[-1.68422824,  2.03945331, -1.92686177,  1.07500306, -1.00204834,
         0.56293593],
       [-2.31296455,  0.73487933,  1.05640834, -0.15233624, -1.01492197,
         1.89971015],
       [ 0.44130973,  2.23544453, -0.8896937 ,  1.060649  , -1.33975609,
         0.53631831],
       [ 0.34067503, -1.3803054 ,  0.51500729,  0.1277112 , -1.21218462,
         1.76351822],
       [ 1.2343558 , -2.21528804, -0.49531089,  0.68556324,  2.1828255 ,
        -1.26201671],
       [ 0.59841872, -0.76328135, -0.0330018 , -2.06192694,  1.30429151,
        -0.61474312]]), array([[-1.68642157, -0.20414618],
       [-0.94421002,  0.55846078],
       [ 1.2884757 , -0.09607332],
       [-1.54958436,  1.58450843],
       [ 2.03615121,  1.44073158],
       [-0.5985924 ,  1.80755051]])], [array([-0.72778583,  1.80880731, -0.42315518,  0.4174476 ,  1.63509101,
        0.90699203]), array([ 0.05981268, -1.78640192])]]]
[200, 1, -1, -1, 1, [[array([[-0.65185876,  1.08417239,  2.10791117, -2.30607225, -1.6582339 ,
         0.72783222],
       [-0.25545803, -0.57664182,  0.82802507, -0.20440728,  0.47671781,
        -1.32070144],
       [ 0.9362028 ,  1.81613619, -1.00427755, -0.68223653, -1.93819622,
         0.87301191],
       [ 0.33609382, -0.61804309, -0.18401551, -0.69505436, -0.42249991,
        -2.24558277],
       [ 1.54135511, -2.18783952, -0.63267576, -1.82371208,  1.89135791,
        -0.1836546 ],
       [ 0.63784296, -0.25148945,  0.85011248, -1.0969    , -0.59187338,
         0.69533745]]), array([[ 1.08363112, -0.7213379 ],
       [-2.00507985, -1.08676994],
       [-0.07466889,  1.781179  ],
       [-1.12618451,  2.30638788],
       [-0.19176685,  0.57232567],
       [-0.15993861, -0.16320234]])], [array([-0.58169075, -0.63181841, -2.28705763,  1.4207908 ,  0.72379378,
        1.14874853]), array([ 0.54161913, -0.04915761])]]]
[200, 2, -1, -1, 0, [[array([[-0.22054616,  2.23142841,  0.46775252,  0.77460446,  2.44821833,
         0.95272253],
       [ 0.30236124, -2.08827942, -0.41651622,  0.16096207,  2.08784288,
         1.98156806],
       [-0.78762663,  0.30608564,  2.38809468, -0.94218146, -0.07634318,
        -1.96797776],
       [ 1.62893602, -0.78860734, -1.74907401,  0.62497887, -0.60142884,
        -2.26661025],
       [-0.71634778,  1.25219042, -1.48522226,  1.10997682,  0.23755145,
         2.07841041],
       [-0.11779365, -2.29702313, -1.63397338, -0.33268202,  0.41941086,
        -0.80369095]]), array([[-1.56029943, -2.23708936],
       [ 0.64972275, -2.14791241],
       [-1.39766492, -0.1683955 ],
       [-1.90412446,  2.21598267],
       [ 1.85395039, -1.07897471],
       [-1.69046862,  0.27639087]])], [array([-0.08542926, -0.60386739,  0.49378415,  0.04876562, -0.56348176,
       -0.69004887]), array([ 1.70302406, -1.92907698])]]]
[200, 22, -1, -1, 1, [[array([[-1.35646753,  2.41646959, -0.85870808,  2.35244867, -0.14651173,
        -2.2325214 ],
       [ 2.38392944,  1.9701574 , -1.55406891,  1.88499216, -1.79794182,
        -2.05308757],
       [ 1.36118568, -0.45504305,  0.10226541, -2.43753555, -0.2421124 ,
         1.94702361],
       [-1.35142619, -0.3356939 ,  1.44167222, -1.8049063 ,  1.04907976,
         1.03562062],
       [ 1.31106313, -0.27789271, -0.02086442,  0.85598049, -1.6144745 ,
         1.93966702],
       [ 1.22385881,  1.10061214, -1.82076421,  2.29841812, -1.40677516,
         1.35268839]]), array([[ 0.19374081,  0.68032637],
       [ 1.03027402, -2.26551197],
       [-0.38631783,  2.28929055],
       [-2.44858623,  1.01408984],
       [-2.19743384,  1.69086339],
       [ 0.02150982,  1.33994536]])], [array([-0.6781991 ,  1.22642071,  1.4782952 ,  0.64189172,  0.08296296,
        1.65529423]), array([ 2.40558808, -0.75946135])]]]
[390853, 24, 'birth', 11, 10, 1, [[array([[-2.44948974, -2.44948974,  0.22200236,  0.25575438,  0.64559478,
         0.55267906],
       [ 1.24840687,  0.51044306,  1.64134773, -1.03908779, -2.21235374,
        -2.44948974],
       [-0.11010082,  2.44948974,  1.10332123,  0.11884595,  0.56199289,
         0.95718432],
       [ 2.44948974, -0.91125177, -1.08029947, -2.33000934,  1.97811729,
        -2.05315485],
       [ 0.17529695,  0.12735616,  0.09875908,  1.96523901, -0.73315043,
        -1.02964826],
       [-0.10315632, -1.67554895,  1.25534049,  1.91831452,  1.8486595 ,
         1.71900587]]), array([[-0.17044094, -1.41421356],
       [-0.80612195, -1.41421356],
       [ 0.56861729,  1.41421356],
       [ 0.23570422,  1.41421356],
       [-1.41421356,  1.41421356],
       [-1.41421356, -0.41339659]])], [array([ 0.79342159, -2.09905374, -1.55015495, -0.61462284,  1.13547581,
        0.4904638 ]), array([-1.41421356, -1.41421356])]]]
[451354, 18, 'birth', 14, 24, 0, [[array([[ 0.70815366,  2.03348082, -0.87991616,  0.65278653, -0.15008646,
         1.84983131],
       [ 2.42338952,  1.27373244, -0.38169654, -0.72847589, -1.41945084,
         1.32887087],
       [ 0.64475086,  0.97017221, -0.8008138 , -1.50067825, -0.02974621,
         0.66429582],
       [ 1.64369028, -0.03313822,  0.31419541, -0.8364823 , -2.08189925,
         1.93898812],
       [-2.44948974, -1.83656166, -0.84833594, -1.35308658,  1.88138508,
        -2.16316994],
       [ 1.96297061,  0.51221615, -0.22018825, -1.7918989 , -0.89161649,
        -1.77341839]]), array([[ 1.41421356,  0.11384426],
       [ 0.49941049, -1.41421356],
       [-1.41421356, -0.5589813 ],
       [-1.41421356, -1.41421356],
       [ 0.90346854,  1.41421356],
       [ 0.35287453,  0.43170532]])], [array([-2.3607318 , -0.07060327,  0.75272948, -2.44808886, -0.81134186,
        2.32312312]), array([-1.41421356, -1.41421356])]]]
[487354, 5, 'birth', 19, 12, 1, [[array([[-1.12933622, -0.02786716,  2.08871414,  2.44948974,  2.44948974,
        -1.29708616],
       [ 1.41344181,  0.53437191,  1.76514913,  1.0370723 , -2.236322  ,
         0.16113492],
       [-1.0103392 , -0.39789262,  0.95070725, -2.38807211,  2.18050408,
        -2.06129   ],
       [-2.17508287, -1.49410526,  1.94348253,  2.44948974,  1.33962536,
         2.06769816],
       [ 1.96325806, -2.44948974,  2.07912669, -0.15108481, -0.3231479 ,
        -0.98347402],
       [ 2.08381765, -0.55533226,  1.7450825 ,  0.69451157,  2.44948974,
        -0.77865514]]), array([[-1.12126041,  1.41421356],
       [-0.068277  , -0.84129057],
       [ 1.00980492,  0.68404739],
       [ 1.41421356, -1.41421356],
       [-1.41421356,  1.41421356],
       [-1.41421356, -0.87994562]])], [array([-0.9355234 ,  1.76320493,  1.20182945,  0.1559981 , -1.5133827 ,
       -2.44491378]), array([0.93750786, 1.09884496])]]]
[560355, 21, 'birth', 16, 8, 0, [[array([[-2.36637743,  0.55601383,  2.31167003,  0.8924839 , -2.44948974,
        -0.00720691],
       [-2.08024995, -0.13276243,  0.06856699, -0.18931705, -2.44948974,
        -2.44948974],
       [-1.95720468,  2.14708684,  2.44557137,  0.52755698, -1.51711076,
        -1.2496256 ],
       [-0.77054924, -2.43275707, -0.73674466,  2.44948974, -1.65598729,
         1.89232802],
       [ 0.89591922, -0.16964166,  0.28999852,  2.10519927,  1.8938067 ,
         2.42590495],
       [-1.74781831,  2.21023397,  1.8240049 , -0.26772996,  2.28466492,
        -0.77751271]]), array([[-0.57408285, -0.82244019],
       [-1.03523632, -0.41405387],
       [ 0.06270326, -0.22880808],
       [-0.27230056, -1.41421356],
       [ 0.89473103, -0.7083531 ],
       [ 0.24519858, -1.41421356]])], [array([ 0.45093504,  1.90640718,  1.28588351,  1.76049482,  1.93339337,
       -2.35808813]), array([ 1.41421356, -0.92158832])]]]
[631756, 3, 'birth', 16, 5, 1, [[array([[-2.36637743,  2.08684523,  2.31167003,  0.8924839 , -0.28037261,
        -0.00720691],
       [-2.08024995, -0.13276243,  0.06856699,  1.51484874, -0.08904348,
        -0.95041365],
       [-0.06882149, -0.0055905 ,  2.44557137, -2.38807211,  2.18050408,
        -2.44948974],
       [-2.17508287, -1.49410526,  1.94348253,  2.44948974,  1.33962536,
         2.06769816],
       [ 1.96325806, -1.0205691 ,  2.07912669, -0.15108481, -0.3231479 ,
        -2.44948974],
       [ 2.08381765, -0.55533226,  1.7450825 ,  0.69451157,  2.44948974,
        -0.77865514]]), array([[-1.12126041,  1.41421356],
       [-0.068277  , -0.84129057],
       [ 1.00980492,  0.68404739],
       [ 1.41421356, -1.41421356],
       [-1.41421356,  1.41421356],
       [-1.41421356, -0.87994562]])], [array([-0.9355234 ,  1.76320493, -0.00299432,  0.1559981 , -1.5133827 ,
       -2.44948974]), array([0.93750786, 1.09884496])]]]
[840658, 16, 'death']
[840808, 8, 'death']
[840958, 9, 'death']
[841108, 10, 'death']
[841258, 20, 'death']
[841408, 15, 'death']
[841558, 14, 'death']
[841708, 23, 'death']
[841858, 19, 'death']
[842008, 13, 'death']
[842158, 11, 'death']
[842308, 7, 'death']
[842458, 17, 'death']
[842608, 6, 'death']
[842758, 4, 'death']
[842908, 12, 'death']
[843058, 0, 'death']
[843208, 1, 'death']
[843358, 2, 'death']
[843508, 22, 'death']
[844008, 9, 'birth', 4, 24, 1, [[array([[ 1.92846812,  1.35999405,  0.68577947, -1.00506213, -2.26990408,
        -0.28972632],
       [ 0.38849478,  2.44948974, -0.2975839 ,  1.10024962, -1.15257193,
        -0.02601124],
       [-0.17718304, -2.25864186,  0.65379735, -0.25011026, -0.7637658 ,
        -0.52047631],
       [-1.02551944, -0.97225316,  2.27926857,  1.73906751,  0.51652049,
        -1.62585807],
       [-2.4111552 ,  1.62190033,  1.30672473,  1.64739174,  0.106018  ,
         2.27589609],
       [-0.10315632, -1.67554895,  1.25534049,  2.44948974,  1.8486595 ,
         1.71900587]]), array([[-0.17044094, -1.41421356],
       [-0.80612195, -1.41421356],
       [ 0.56861729,  0.07215959],
       [ 0.23570422,  1.41421356],
       [-1.41421356,  1.41421356],
       [-1.41421356, -0.41339659]])], [array([ 0.79342159, -2.44948974, -2.44948974, -0.61462284,  2.44948974,
        0.4904638 ]), array([-1.41421356, -1.41421356])]]]
[966859, 24, 'death']
[978809, 18, 'death']
[983659, 5, 'death']
[994359, 21, 'death']
[1002260, 3, 'death']
[1002660, 9, 'death']
[1002660, 'Extinction!']
