[time, indiv, parent1, parent2, gender, brain]
[100, 24, -1, -1, 0, [[array([[ 1.50268868,  0.05159408,  0.53863795,  0.81597281,  1.04395509,
        -0.97460064],
       [-0.5054535 , -1.79184725, -0.05759875,  0.18651676,  0.5735514 ,
        -0.07910779],
       [-2.24584294, -0.86115437,  2.08254492, -0.86699542, -1.95383904,
         0.5800756 ],
       [-0.64717954, -2.28153729,  1.79539409,  1.16956963,  2.16153001,
         1.85691524],
       [-1.27736391,  0.5743006 , -2.28884835,  1.83821629, -1.54108162,
         1.98665242],
       [-2.42171908, -0.28374814,  1.76624747,  1.95502418, -2.44270154,
        -0.56628152]]), array([[ 1.89564926, -2.42246588],
       [-1.79619781, -2.34811418],
       [ 1.57836224, -0.62155049],
       [ 0.60492394,  1.18709458],
       [ 0.05812976, -0.73517577],
       [ 2.34337591, -0.02718495]])], [array([-1.97628049,  0.8486039 , -0.58946972,  2.16344906, -1.47327685,
        2.39584565]), array([-0.40653718,  2.40606591])]]]
[100, 8, -1, -1, 1, [[array([[-2.30120908,  1.43676079,  1.20561089, -1.36681935, -1.99725881,
        -0.10148235],
       [-1.64858341,  0.21020659, -1.65543126,  0.65656986,  0.19764961,
        -0.09112138],
       [-1.71325841,  2.40091322, -0.89752232,  0.08863583,  1.1432185 ,
         2.41904233],
       [-0.12105316,  2.17190764,  0.04859469, -1.79717491,  1.54163083,
         1.59209633],
       [-1.30801239,  0.09191995,  1.93148675,  0.13193412, -2.11566107,
        -0.0267198 ],
       [-2.16766763,  0.85325171, -2.44879481,  1.4038706 , -0.43602015,
         0.92491761]]), array([[ 0.84086244,  2.28631527],
       [-1.86334701, -2.04728892],
       [-2.40432936,  1.90111077],
       [-2.29339838,  1.14167934],
       [ 0.58022956, -2.26562666],
       [-0.05046734, -0.66428305]])], [array([-1.25282192, -0.82397743, -0.6749685 , -0.55826699, -1.91610852,
        2.12129355]), array([-1.06333104, -0.65972767])]]]
[100, 23, -1, -1, 0, [[array([[ 2.09692255,  2.14155794,  1.98075132,  0.19799115,  0.89346918,
        -2.3416828 ],
       [ 1.6113884 , -1.73022127,  0.63286975,  1.59096256,  2.38313926,
        -1.47368073],
       [ 0.05685088, -0.60427729,  2.3265626 , -0.0321869 ,  1.78097771,
         2.36368544],
       [-0.02268676,  1.09655297, -1.38381586,  1.52199591, -1.42140833,
        -1.828757  ],
       [ 0.25816822,  0.13944535,  2.14401613,  0.48726105, -0.4900242 ,
         1.08595563],
       [ 1.68262978,  0.08244552,  1.71796641,  1.79537886, -0.64125274,
        -1.94691712]]), array([[-1.26311758,  0.90705715],
       [ 0.70056713, -0.86914625],
       [-0.47501558,  2.04413821],
       [-0.69360028, -0.59915976],
       [-1.39478664,  0.46161597],
       [-0.80275433, -2.31138201]])], [array([-1.15425017,  2.10021376, -1.95119469, -1.74949358, -0.06402681,
       -0.89773977]), array([ 0.54094731, -0.29109785])]]]
[100, 4, -1, -1, 1, [[array([[ 1.75723522, -0.92611817,  2.0509857 , -0.82077962, -0.8487127 ,
         0.9205946 ],
       [-2.20543898, -0.89941801, -0.01799752,  1.40021162, -2.26047953,
        -1.844782  ],
       [ 0.88982413, -0.42745298,  1.48194858, -0.24458562,  0.69144569,
         1.698239  ],
       [ 1.97908957,  1.48992572,  0.55076841,  0.39706583,  0.5007958 ,
         1.8670394 ],
       [-1.48796626, -0.13836878, -0.46936457,  1.63884112, -2.44478473,
        -0.22566868],
       [ 1.56503167, -0.97514229, -0.02858018,  0.77412995,  0.69694194,
         1.11019378]]), array([[-1.19997555, -0.65905685],
       [ 0.81431255,  2.32622691],
       [-1.96946625, -0.31989861],
       [-1.58928024,  1.29126083],
       [-2.25728371, -2.29980697],
       [ 0.75331333, -0.58423002]])], [array([-0.01182379,  0.34062093, -2.38694616, -0.88280648, -0.87757642,
       -1.38089848]), array([ 1.88491008, -2.27611767])]]]
[100, 17, -1, -1, 0, [[array([[ 2.38871747, -2.15909727, -1.23349029, -2.26373132,  1.35421605,
         0.48975489],
       [ 1.00508696,  1.42167382, -0.48844365, -0.56821684, -1.55314824,
        -2.3213597 ],
       [ 1.84537086, -0.19738235, -0.03607606, -1.45902913, -2.25178886,
        -1.35474321],
       [ 1.02424395, -1.47751997, -2.2645953 , -1.64678599,  0.27534235,
         0.04075775],
       [ 0.33728073,  0.44714142, -2.31729786,  1.95015634,  1.94248252,
        -1.24176614],
       [-1.08402731, -1.32677062,  2.1972718 ,  2.33639668, -2.01031166,
         0.58199106]]), array([[-0.99516508,  0.61578522],
       [-2.2886444 , -1.50877778],
       [ 1.90170873, -1.75285259],
       [-0.78612722, -0.71334174],
       [ 0.00900597,  2.10144683],
       [ 2.37640586,  1.34870813]])], [array([-2.10340289,  1.58269851, -1.64494137, -1.06849872, -0.99096834,
        1.35175041]), array([-1.7629794 ,  0.71995461])]]]
[100, 21, -1, -1, 1, [[array([[-1.90218771, -0.64173825, -2.428905  , -2.06225513,  1.33524398,
        -0.4775133 ],
       [ 0.18771094, -0.46294327, -1.9343257 ,  2.4339137 , -0.54356419,
        -1.2092272 ],
       [-0.74194886, -0.46290186, -0.99435272, -1.52905228, -1.85299456,
        -1.89170064],
       [-2.14145088,  1.63933767,  0.90979222,  0.96350188,  2.28918199,
         1.52355662],
       [ 0.04823783,  0.79331261,  1.11195605, -1.34371878,  1.49823275,
         0.8724315 ],
       [-0.86331458,  1.19418997, -2.04869116,  0.44984861,  2.12504425,
        -1.89593366]]), array([[-1.94958928,  0.61206319],
       [-1.67808004, -0.20798388],
       [-0.35728476,  0.63637461],
       [ 0.04046066,  1.0007519 ],
       [-2.23907607, -0.72892911],
       [-2.08389137,  0.09045671]])], [array([ 0.36993269, -1.4621018 ,  1.92986819,  1.39284402,  0.89873508,
        1.42317962]), array([2.22889361, 1.88318798])]]]
[100, 1, -1, -1, 0, [[array([[ 0.20699975,  1.72250341,  0.36267099,  1.67229936,  2.42576099,
         0.65529418],
       [ 0.92881646, -1.29640514, -0.72983866, -1.27300904, -0.49660457,
        -0.01390851],
       [ 0.15868245,  2.22004771,  1.18053153,  0.44940214, -2.3663979 ,
        -0.18507614],
       [ 0.070264  , -0.71439877, -1.59930443,  2.30020329, -0.65401411,
        -0.25640541],
       [ 2.07380203, -0.54007475,  2.24280295,  1.46186544, -0.28969994,
         0.32876381],
       [-0.35900042,  1.16346151,  1.36023916, -0.94610993, -0.03784211,
         0.64460756]]), array([[-1.99854859,  0.68587211],
       [ 1.01577843,  2.06571778],
       [-2.12353456,  0.62457812],
       [-1.41795963, -1.3526136 ],
       [ 0.65989015, -1.79833065],
       [ 0.33084029, -0.49204358]])], [array([ 1.76103724,  2.01225157,  0.04478034,  2.18572359, -2.38738576,
       -2.08936457]), array([-0.78874096, -0.81567549])]]]
[100, 10, -1, -1, 1, [[array([[ 1.12432776,  2.17997442, -1.63978886, -1.8439273 ,  1.61801819,
        -1.51618063],
       [-2.02098733,  1.97891706,  0.64598241, -0.0071565 ,  0.48870938,
        -1.80686405],
       [ 1.36016502, -1.90163229,  0.93887047, -2.26647964,  1.89151494,
         0.23134791],
       [ 1.21989811, -1.81569076, -0.51296672, -0.05544279, -0.77797543,
        -0.60487853],
       [-0.41039714,  0.97508974,  1.36132546,  1.84999809, -0.74847067,
        -0.38863108],
       [ 2.03874423,  1.83776906,  1.35646985, -1.12875848,  0.52403859,
         0.07673029]]), array([[-0.96292033, -1.86034354],
       [-0.81135667, -1.27782637],
       [-0.14573363, -0.01874205],
       [ 2.01978899,  0.06825142],
       [ 0.9442168 , -1.09162615],
       [ 0.4491988 ,  0.60223748]])], [array([-1.81779485, -0.5763551 , -2.35440817, -2.17919829, -2.41421798,
        2.18930425]), array([ 1.47787899, -0.16729414])]]]
[100, 3, -1, -1, 0, [[array([[ 1.71920374,  0.18385693,  0.06401917,  2.12046656,  1.50130054,
         0.30836825],
       [ 0.03059646, -1.97839553, -2.40630094,  1.98747496,  2.22047085,
         0.85292417],
       [ 0.8657844 ,  1.44668032,  0.59719591,  1.31784651,  1.04065345,
        -1.33919581],
       [-0.45181443,  0.62473529, -1.42363314, -2.11775019,  0.87774431,
        -1.23735167],
       [-0.92621134,  1.68887881,  1.5416843 , -0.41429154, -2.15168386,
        -1.42098664],
       [-0.78421883,  1.48461202,  1.91311434,  1.42693793, -2.1408113 ,
         2.41381972]]), array([[ 2.30500563, -0.23678879],
       [ 0.66530177, -0.19430056],
       [-0.18721385,  0.32318899],
       [ 1.52672987, -0.01160045],
       [-0.76555721,  1.25012545],
       [-1.34833242,  0.4028241 ]])], [array([ 0.43894358,  1.95451259, -1.96243342, -0.4828625 , -1.15647869,
        1.04764787]), array([-0.40138457,  1.73535899])]]]
[100, 20, -1, -1, 1, [[array([[-0.00537852,  2.41600518, -0.91594787, -2.33028425, -1.67067763,
        -2.44868288],
       [-1.19346296,  0.42626132, -2.0834354 ,  0.77244042, -2.35056095,
         1.21648247],
       [-1.69501548, -1.64809269,  2.13228948, -1.2804478 ,  0.74209902,
        -0.68175454],
       [-2.38110016, -2.04438364, -1.41887148, -1.89206433, -2.16458968,
        -1.12645215],
       [-2.31305858, -2.4093819 ,  1.05919185,  2.16601719,  1.04420922,
         0.55654509],
       [ 0.64774453, -0.0239014 ,  0.45930914, -1.14968984, -1.77210552,
         0.42115974]]), array([[ 0.8325916 , -0.65754529],
       [-2.28750093, -1.85007621],
       [-2.24956674,  1.38886995],
       [ 2.34154213,  0.95847117],
       [-2.44850711, -1.28061958],
       [ 1.75843654,  1.59400028]])], [array([-1.64384716,  1.0307317 ,  0.50471415,  0.17822085,  1.84002918,
       -2.2326606 ]), array([-0.06737874, -0.74688523])]]]
[100, 0, -1, -1, 0, [[array([[ 0.38176651,  0.55518732, -2.07431514,  1.63750106, -1.8229903 ,
        -0.4131117 ],
       [ 2.02924567, -0.1245485 , -0.37766337, -0.48323796,  2.397878  ,
        -1.16876248],
       [ 0.09854157, -2.28253678, -2.19554714, -0.64880285, -0.63826473,
        -1.28826897],
       [ 0.98952186,  1.24600299, -2.15089043,  0.48762195,  2.15731248,
         0.90866872],
       [-2.00793893, -0.23072083, -1.71302073,  2.17829338, -2.25863606,
        -1.1564402 ],
       [ 0.43124752,  1.8493968 ,  2.08675772,  0.88326844, -1.40340454,
         0.64336879]]), array([[-1.9435115 , -0.22452611],
       [-0.90206963, -0.88529259],
       [ 1.20468995, -1.61912268],
       [ 1.64357323,  1.52573751],
       [ 2.31087649,  0.58184095],
       [ 1.74611483, -0.6279609 ]])], [array([-2.41403973, -0.90374767, -1.31532702,  0.9351956 ,  1.86398618,
       -1.25467176]), array([ 1.46331634, -0.03845679])]]]
[100, 5, -1, -1, 1, [[array([[-1.70107194,  1.82830421, -1.46948512, -1.0598895 , -1.47551057,
         1.39822024],
       [ 2.43627758, -0.89161574, -1.07372362,  0.93788867,  1.48823799,
         0.93256232],
       [-2.09813023, -1.90919418,  2.25127757,  0.67223513,  2.11320075,
         0.44582549],
       [ 1.08842695, -1.9301968 , -1.5771205 ,  0.15888027,  2.24832764,
        -2.2972241 ],
       [ 2.15345452,  0.56061454,  0.43853149,  1.60692858,  0.99366999,
        -1.8357453 ],
       [-2.42173421,  1.80299209, -0.54754988,  1.01363998, -2.22166536,
        -1.30274524]]), array([[-0.92084988, -2.36436156],
       [ 0.05959153,  0.64995944],
       [ 1.88740067,  1.92725902],
       [-1.91324606,  0.59054963],
       [-2.0365424 ,  0.95701328],
       [-1.82604326, -0.79774615]])], [array([ 1.55680629,  0.55785653, -2.38744355,  1.05290198, -0.83638083,
       -1.01985546]), array([-2.24781868, -1.09866979])]]]
[100, 12, -1, -1, 0, [[array([[ 0.88621297, -0.67889085,  0.58472777,  0.83290139, -0.78028586,
         0.41179594],
       [ 1.16436032, -0.72012288, -0.56281082,  0.14403132,  0.98925199,
         1.27851989],
       [-1.85492373, -1.76311842, -1.56233694,  1.69226526,  0.14102036,
         1.9114367 ],
       [-2.40291284, -2.35211567, -0.32341689, -0.74316304,  1.13082247,
        -1.70021649],
       [ 1.10221173,  1.95406319, -0.34132718,  0.74689616,  2.44442185,
         2.39399192],
       [ 0.5422115 , -0.24549165,  0.37284761,  0.91463665, -1.09049932,
         2.19724638]]), array([[-1.00646509,  0.10096908],
       [-0.91898979,  1.86374675],
       [ 2.11371207,  0.71178104],
       [ 0.46609025,  2.06859368],
       [ 0.34425364, -0.85260948],
       [ 2.30123679,  2.09788912]])], [array([ 0.70645642,  1.78950206,  1.83025375,  1.97445449,  1.80744155,
       -1.61182144]), array([0.79081092, 1.72430265])]]]
[100, 18, -1, -1, 1, [[array([[ 0.77525434,  1.82135893, -0.89830573, -0.24293716,  0.33819572,
        -2.42310396],
       [-1.18471214, -0.72185315, -2.22181485, -0.34183016,  2.26351575,
        -1.53984918],
       [-2.33370696, -1.62677296, -1.0750397 ,  2.16421716, -0.36115144,
         0.97893264],
       [ 2.15201385,  2.25588467,  0.70009336,  2.17521491, -0.63606199,
        -0.7006418 ],
       [ 1.29441516,  0.49754602,  0.50334833, -1.77331428, -0.68125073,
        -0.78630803],
       [ 1.42915219, -1.37717038,  1.89975337, -1.99908798,  0.6831754 ,
         1.25376825]]), array([[-2.31842919,  2.34155582],
       [-1.7194535 , -1.72091446],
       [-1.84890478,  0.62022977],
       [ 1.31370086,  2.10798202],
       [-1.41667959, -0.98697597],
       [ 1.59959125,  0.22278419]])], [array([ 1.77493485,  0.4668843 , -2.35665243,  0.85943123, -0.94444923,
       -1.03155266]), array([-0.82183608, -1.25621284])]]]
[100, 2, -1, -1, 0, [[array([[ 0.16864155,  2.14327591, -1.10061071, -2.12564933, -2.24323951,
        -0.98288224],
       [ 0.00720362, -2.2570252 ,  0.2494505 , -2.02735651,  2.23924409,
         2.10033757],
       [ 0.1791451 ,  0.29745824, -2.04943504,  0.44630626, -1.2822347 ,
         0.63275304],
       [-2.31454852, -1.22444467,  1.12172727,  1.70354431, -1.01202736,
         0.24644382],
       [ 0.90659631,  2.26785576, -0.41922769,  0.62601779, -1.77296392,
        -1.83061124],
       [-1.92125704, -0.85195383,  0.62929583, -2.34750883,  0.5012335 ,
         0.24924323]]), array([[-0.32066171,  1.31863759],
       [ 1.9490586 , -0.18498958],
       [ 1.80368416,  1.16871141],
       [-0.46356675,  1.1455259 ],
       [-2.14514105, -0.77571096],
       [ 0.05479713,  0.06835107]])], [array([ 1.81743336,  2.25087286,  0.83327727, -0.00890147,  1.83121224,
       -0.93599494]), array([-2.34091755, -0.72850901])]]]
[100, 15, -1, -1, 1, [[array([[ 2.06736644, -0.2238925 ,  0.42112952, -1.00364766, -1.97595768,
        -1.19345065],
       [ 1.53847897, -2.08707808,  1.87563972,  1.29416051, -1.08035943,
        -1.12340267],
       [-0.45263751,  0.42412211, -2.36381313, -1.86444533, -1.28414237,
         2.27193806],
       [ 2.35304446, -0.38799255,  0.57196392, -1.52584325,  2.06381269,
         1.4873728 ],
       [-1.8153276 ,  2.04736793, -0.18332493,  1.22562839, -1.96713537,
         2.11932272],
       [ 2.43133763, -0.032098  ,  2.33283851, -2.20210845, -1.31302049,
        -1.338665  ]]), array([[ 1.8612225 , -1.58565056],
       [ 0.47774007,  0.18313302],
       [-2.29204021,  0.25140458],
       [ 2.06058441,  1.55125485],
       [ 0.62462616, -2.04054024],
       [ 1.32460403,  0.80107265]])], [array([ 2.41702158,  0.82879526,  1.9975823 , -2.34485171, -0.15755723,
       -0.26013424]), array([1.69097375, 0.50942624])]]]
[100, 19, -1, -1, 0, [[array([[-1.95206636,  1.34016536, -2.12421757, -2.419496  , -1.09085315,
         0.70651014],
       [-0.46125013, -0.58216354, -1.98167005,  1.44893843, -2.39852559,
        -1.50708404],
       [ 0.77800625, -0.46439855,  2.24262356,  0.27731489,  2.09225837,
         0.65187473],
       [ 0.62631384, -1.77810326,  0.2690562 , -0.40013035,  1.527511  ,
        -0.50377541],
       [ 1.20589276, -1.11208519, -1.83205769, -0.22258844,  2.282885  ,
         0.13263046],
       [-0.32547947,  0.3003142 ,  0.37545894, -1.06890435,  0.4887348 ,
        -2.41709725]]), array([[ 2.39848157,  2.24713318],
       [ 1.25177271,  2.33228388],
       [-0.45465134, -1.55447386],
       [-1.25447713,  1.00767432],
       [ 1.90151138,  1.14903808],
       [-0.1047415 , -2.17742539]])], [array([-1.94763952,  1.32731656, -0.89150615,  1.12113633, -1.23653178,
       -2.18304135]), array([0.28128499, 0.79615067])]]]
[100, 6, -1, -1, 1, [[array([[-0.46064109, -1.59934695,  0.58831777,  0.6389307 , -1.47621258,
         1.63836465],
       [ 1.84789407,  2.19646268, -1.2021997 , -1.3723527 ,  0.16384187,
        -1.69318122],
       [ 1.88370763, -0.59624032,  0.60944014,  1.43959597,  0.36113673,
        -0.61997017],
       [ 2.03453675, -1.08389036, -1.88426853,  1.9889879 , -0.16884217,
        -0.5170461 ],
       [-2.38265503, -1.92306848, -0.71964701,  2.25474147,  0.81357775,
        -0.38203359],
       [ 0.5261846 ,  0.19984567,  1.00897836,  2.05673913,  1.18006493,
         0.60638287]]), array([[-0.18137379,  0.57103023],
       [-1.00836334,  1.36324677],
       [-2.21778343, -2.30692726],
       [ 0.66263535, -1.77078725],
       [ 0.56041976,  2.14483228],
       [-2.27561453,  0.44190055]])], [array([ 1.60853133, -0.78876329,  0.99795177, -0.9283975 , -0.95930593,
        2.18631603]), array([ 2.17514654, -2.1692138 ])]]]
[100, 22, -1, -1, 0, [[array([[ 0.9941066 , -0.35681734, -1.0748799 ,  0.5698028 , -0.54753088,
        -0.56996971],
       [ 1.66072128, -1.80759618,  1.29238587, -2.3323087 ,  0.32200928,
         2.34494876],
       [-0.93475711,  0.64660346,  0.33773648, -1.54974654,  2.36572765,
        -1.77000246],
       [-0.1467589 ,  2.10868894, -2.11075749,  1.03748262, -1.08265014,
         1.32412991],
       [ 0.05873862, -2.26049634, -0.8028766 ,  0.90278692, -0.1605977 ,
        -1.78586435],
       [ 1.67937324, -1.47262378, -1.31909643,  1.87304256,  1.09951174,
        -2.36572431]]), array([[ 0.70873511,  1.61642488],
       [-1.33085681, -2.31787975],
       [ 0.63412836,  1.52184172],
       [-1.59489964,  0.17466322],
       [ 2.00660996,  0.96250269],
       [ 1.08432737,  1.8219638 ]])], [array([-1.75714059,  1.23304031, -1.16833196, -0.70548603,  0.56299703,
        0.58215356]), array([-1.30828444,  1.03996516])]]]
[100, 11, -1, -1, 1, [[array([[-0.51031094,  0.66076554, -0.24251263, -1.42153728,  0.82813428,
         2.13304359],
       [-0.27406887,  1.49977612, -0.8704361 ,  2.18209845, -2.24177828,
        -1.60109719],
       [ 2.19621084,  1.41558669, -2.10249429, -2.44863398, -0.97252382,
        -1.5438842 ],
       [-0.03337576,  2.05407547, -0.24748577,  0.32857202,  1.12790845,
         1.73147039],
       [-0.85704306, -1.2385493 , -1.00703447, -1.0021393 ,  2.38729318,
        -2.17874662],
       [-1.88163872,  2.16795148, -2.06390554, -1.47191574, -1.75827558,
         1.91091567]]), array([[-2.1134238 , -1.25512557],
       [-1.55417316,  1.1344902 ],
       [ 0.51729809,  0.93100086],
       [-0.99919235, -1.03092127],
       [ 2.43745026,  0.30331906],
       [-0.29770478, -1.21075459]])], [array([-2.26986059,  0.49127173, -1.1392252 , -0.14076626, -0.29509212,
       -1.81246382]), array([ 1.56184969, -0.37800722])]]]
[20600, 14, 'birth', 17, 6, 1, [[array([[ 2.38871747, -2.15909727, -1.23349029, -2.26373132,  1.35421605,
         1.63836465],
       [ 1.84789407, -2.44948974, -2.44948974, -1.3723527 ,  0.16384187,
        -1.69318122],
       [ 1.88370763, -0.59624032,  1.87311043,  1.43959597,  0.36113673,
        -0.61997017],
       [ 2.44948974, -1.08389036, -1.88426853,  1.9889879 , -0.97114125,
        -0.5170461 ],
       [-2.38265503, -1.92306848, -0.71964701,  2.25474147,  0.81357775,
        -0.38203359],
       [ 0.5261846 ,  0.19984567,  1.00897836,  1.27061344,  1.18006493,
         0.60638287]]), array([[-0.18137379,  0.57103023],
       [-1.00836334,  1.36324677],
       [-1.41421356, -1.41421356],
       [ 1.41421356, -1.41421356],
       [ 0.56041976,  1.41421356],
       [-1.41421356, -0.17344321]])], [array([ 1.60853133, -2.44948974,  0.99795177, -0.9283975 , -1.72537075,
        2.18631603]), array([ 1.41421356, -1.41421356])]]]
[195801, 16, 'birth', 17, 14, 0, [[array([[ 2.38871747, -2.15909727, -1.23349029, -2.26373132,  1.77691451,
         0.48975489],
       [ 1.00508696,  1.42167382, -0.48844365, -2.40993338, -1.55314824,
        -2.3213597 ],
       [ 2.025783  , -0.19738235, -0.03607606, -2.03071697, -2.25178886,
        -1.35474321],
       [ 1.02424395, -1.47751997, -2.2645953 , -1.64678599,  2.44948974,
         0.04075775],
       [ 0.33728073,  0.06416184, -2.31729786,  2.25474147,  0.81357775,
        -0.38203359],
       [ 0.5261846 ,  0.19984567,  2.44948974,  0.22613284, -2.44948974,
         0.60638287]]), array([[-0.18137379,  0.57103023],
       [ 0.64290027,  1.36324677],
       [-1.41421356, -1.41421356],
       [ 0.89151555, -1.41421356],
       [ 0.98565973,  0.5960049 ],
       [-1.41421356, -0.17344321]])], [array([ 1.60853133, -2.44948974,  0.99795177, -0.9283975 , -1.72537075,
        2.18631603]), array([ 1.41421356, -1.41421356])]]]
[226402, 13, 'birth', 16, 5, 0, [[array([[ 2.38871747, -2.15909727, -1.23349029, -2.26373132, -2.37320472,
         1.39822024],
       [ 1.39405141, -0.89161574,  2.04638373,  0.93788867,  1.48823799,
         0.93256232],
       [-2.09813023, -1.90919418,  2.25127757, -2.44948974,  2.11320075,
         0.44582549],
       [ 1.08842695, -2.44948974, -1.5771205 ,  0.15888027,  2.24832764,
        -2.2972241 ],
       [ 0.98628539,  0.56061454,  0.43853149,  1.60692858,  0.99366999,
        -1.8357453 ],
       [-2.42173421,  1.80299209, -0.54754988,  1.01363998, -2.22166536,
        -1.30274524]]), array([[-0.92084988, -1.41421356],
       [ 0.05959153,  0.64995944],
       [ 0.69534607,  1.41421356],
       [-1.41421356,  0.59054963],
       [-1.41421356,  0.95701328],
       [-1.41421356, -0.79774615]])], [array([ 1.55680629,  0.55785653, -2.38744355,  1.05290198, -2.44948974,
       -1.01985546]), array([-1.41421356, -1.09866979])]]]
[237152, 7, 'birth', 24, 8, 0, [[array([[ 1.50268868, -0.55047748,  0.53863795,  0.81597281,  1.04395509,
        -0.97460064],
       [-0.5054535 , -2.44948974, -0.05759875,  0.65656986,  0.19764961,
        -0.09112138],
       [-1.71325841,  2.40091322,  2.44948974,  0.08863583,  1.1432185 ,
         2.41904233],
       [-0.12105316,  2.17190764,  0.04859469, -1.79717491,  1.54163083,
         1.59209633],
       [-1.30801239,  0.09191995,  2.44948974,  0.13193412,  1.58745288,
        -0.0267198 ],
       [-2.16766763,  0.85325171, -1.20871186,  1.4038706 , -0.43602015,
         0.92491761]]), array([[ 0.84086244,  1.41421356],
       [-1.41421356, -1.41421356],
       [-1.41421356,  1.41421356],
       [-1.41421356,  1.14167934],
       [ 0.58022956, -1.41421356],
       [-0.05046734, -0.66428305]])], [array([-1.25282192, -0.82397743,  0.31059043, -0.55826699,  0.12216329,
        2.12129355]), array([-1.06333104, -0.65972767])]]]
[270352, 9, 'birth', 3, 14, 0, [[array([[ 1.71920374,  0.18385693,  0.06401917,  2.12046656,  1.50130054,
         0.30836825],
       [ 0.03059646, -1.97839553, -2.40630094,  1.98747496,  2.22047085,
         0.85292417],
       [ 0.8657844 ,  1.44668032,  0.59719591,  1.31784651,  0.98196346,
        -1.33919581],
       [-0.59212932,  0.62473529, -1.42363314, -2.11775019,  0.87774431,
        -1.23735167],
       [-0.92621134,  1.68887881,  1.5416843 , -0.41429154, -2.15168386,
        -1.42098664],
       [-0.78421883,  1.48461202,  1.91311434,  1.42693793, -2.44948974,
         2.41381972]]), array([[ 0.82699956, -0.23678879],
       [ 0.15490866, -0.19430056],
       [ 1.39432992,  0.32318899],
       [ 1.41421356, -0.01160045],
       [ 0.56041976,  1.41421356],
       [-1.41421356, -0.17344321]])], [array([ 1.60853133,  0.15799602,  0.99795177, -0.9283975 , -1.72537075,
        2.18631603]), array([-0.35808481, -1.41421356])]]]
[533655, 24, 'death']
[533805, 8, 'death']
[533955, 23, 'death']
[534105, 4, 'death']
[534255, 17, 'death']
[534405, 21, 'death']
[534555, 1, 'death']
[534705, 10, 'death']
[534855, 3, 'death']
[535005, 20, 'death']
[535155, 0, 'death']
[535305, 5, 'death']
[535455, 12, 'death']
[535605, 18, 'death']
[535755, 2, 'death']
[535905, 15, 'death']
[536055, 19, 'death']
[536205, 6, 'death']
[536355, 22, 'death']
[536505, 11, 'death']
[536855, 3, 'birth', 3, 6, 1, [[array([[ 1.71920374,  0.18385693,  0.06401917,  2.12046656,  1.50130054,
         0.30836825],
       [ 0.03059646,  2.19646268, -1.2021997 , -1.3723527 ,  0.16384187,
        -2.44948974],
       [ 1.88370763, -0.72098157,  0.60944014,  1.43959597,  0.36113673,
        -0.61997017],
       [ 1.42688703, -1.08389036, -2.44948974,  1.36020687, -0.16884217,
        -0.5170461 ],
       [-2.38265503, -0.27510157, -0.71964701,  2.25474147,  0.81357775,
        -0.38203359],
       [ 0.5261846 , -2.44948974,  1.00897836,  2.05673913,  1.18006493,
        -2.44948974]]), array([[-0.18137379,  0.57103023],
       [-1.00836334,  1.36324677],
       [-1.41421356, -1.41421356],
       [-1.39667265, -1.41421356],
       [ 0.56041976,  1.41421356],
       [-1.41421356,  0.44190055]])], [array([ 1.60853133, -0.78876329, -1.34141585, -0.9283975 , -0.95930593,
        2.18631603]), array([ 1.41421356, -1.41421356])]]]
[536855, 17, 'birth', 7, 11, 0, [[array([[ 0.85810132, -0.55047748,  0.53863795,  0.81597281,  1.04395509,
        -0.97460064],
       [-0.5054535 ,  0.39803759,  0.10107849,  0.65656986,  0.19764961,
        -0.09112138],
       [-1.71325841,  2.40091322,  2.44948974,  0.08863583,  1.1432185 ,
         1.94543461],
       [ 0.34358864,  2.44948974,  0.04859469, -1.79717491,  1.54163083,
         1.59209633],
       [-1.30801239,  0.09191995,  2.44948974,  0.13193412,  1.58745288,
        -0.0267198 ],
       [-2.16766763,  0.85325171, -1.20871186,  1.4038706 , -0.20156378,
         2.3468327 ]]), array([[ 1.41421356,  1.41421356],
       [-1.41421356, -1.41421356],
       [-1.41421356,  1.41421356],
       [-1.41421356,  1.14167934],
       [ 0.58022956, -1.41421356],
       [-0.29770478, -1.21075459]])], [array([ 1.15001922,  0.49127173, -1.1392252 ,  0.47979644, -0.29509212,
       -1.81246382]), array([ 1.41421356, -0.37800722])]]]
[536855, 23, 'birth', 22, 21, 1, [[array([[ 0.9941066 , -2.38058084, -1.0748799 ,  0.5698028 , -0.54753088,
        -0.56996971],
       [ 1.66072128, -1.80759618,  1.29238587, -1.27863534,  0.32200928,
         0.13865907],
       [-2.44948974,  0.64660346,  0.33773648, -1.52905228, -1.85299456,
        -1.89170064],
       [-2.14145088,  2.44948974,  0.90979222,  0.96350188,  1.33248142,
         1.52355662],
       [ 1.94523392,  0.79331261,  1.11195605, -1.34371878,  1.49823275,
         0.8724315 ],
       [-0.86331458,  1.19418997, -2.04869116,  0.44984861,  2.12504425,
        -1.89593366]]), array([[-1.41421356,  1.41421356],
       [-1.41421356, -0.20798388],
       [-0.35728476,  0.63637461],
       [ 0.14156542,  1.0007519 ],
       [-1.41421356, -0.72892911],
       [-1.41421356,  0.09045671]])], [array([ 0.36993269, -1.4621018 ,  1.92986819,  0.12350255,  0.89873508,
        1.42317962]), array([1.41421356, 1.41421356])]]]
[544155, 14, 'death']
[554555, 8, 'birth', 9, 23, 0, [[array([[ 1.71920374,  0.18385693,  0.06401917,  2.12046656,  1.50130054,
         0.30836825],
       [ 0.03059646, -1.97839553,  1.29238587, -1.27863534,  0.32200928,
         0.13865907],
       [-2.44948974,  0.64660346, -2.44948974, -1.52905228, -1.85299456,
        -1.89170064],
       [-2.44948974,  2.44948974,  0.90979222,  0.96350188,  1.33248142,
         1.52355662],
       [ 0.30408999,  0.79331261,  1.11195605, -1.34371878,  1.49823275,
         0.8724315 ],
       [-0.86331458,  1.19418997, -2.04869116,  0.93828589,  2.12504425,
        -1.89593366]]), array([[-1.41421356, -0.27219951],
       [-1.41421356, -0.20798388],
       [-0.35728476,  0.63637461],
       [ 0.14156542,  1.0007519 ],
       [-1.41421356,  1.41421356],
       [-1.41421356,  0.09045671]])], [array([ 0.36993269, -1.4621018 ,  2.44948974,  0.12350255,  0.89873508,
        1.42317962]), array([1.41421356, 1.41421356])]]]
[610406, 16, 'death']
[620456, 13, 'death']
[623456, 7, 'death']
[630856, 9, 'death']
[675856, 3, 'death']
[676006, 17, 'death']
[676156, 23, 'death']
[676356, 8, 'death']
[676356, 'Extinction!']
