[time, indiv, gender, coords]
[10650, 'popsize', 20, 'queuesize', 0]
[11700, 0, 0, [10.584771156311035, -1.21993088722229]]
[11700, 12, 0, [11.245776176452637, -8.731951713562012]]
[11700, 10, 0, [1.2539807558059692, -6.232601165771484]]
[11700, 14, 0, [0.6728444695472717, -3.7111706733703613]]
[11700, 17, 0, [3.7403860092163086, -8.735432624816895]]
[11700, 24, 0, [6.03059720993042, -6.359676837921143]]
[11700, 5, 0, [8.24728775024414, -11.221975326538086]]
[11700, 22, 0, [3.733700752258301, -6.195930480957031]]
[11700, 18, 0, [3.8068606853485107, -3.7524402141571045]]
[11700, 8, 0, [10.817404747009277, -6.231554985046387]]
[11700, 20, 1, [9.019403457641602, -6.219745635986328]]
[11700, 11, 1, [6.252079963684082, -1.2374591827392578]]
[11700, 16, 1, [8.154475212097168, -8.723392486572266]]
[11700, 13, 1, [4.300416469573975, -11.221429824829102]]
[11700, 3, 1, [1.7744039297103882, -1.210697054862976]]
[11700, 21, 1, [5.728409290313721, -8.71798038482666]]
[11700, 19, 1, [8.700304985046387, -3.7277865409851074]]
[11700, 23, 1, [6.717245578765869, -3.7184672355651855]]
[11700, 15, 1, [8.362573623657227, -1.1585966348648071]]
[11700, 2, 1, [1.1301573514938354, -11.264430046081543]]
[20300, 'popsize', 20, 'queuesize', 0]
[21500, 0, 0, [9.789132118225098, -1.0562102794647217]]
[21500, 12, 0, [11.23922348022461, -8.680953025817871]]
[21500, 10, 0, [1.1917576789855957, -6.216300964355469]]
[21500, 14, 0, [0.12333660572767258, -3.5982651710510254]]
[21500, 17, 0, [3.7279770374298096, -8.910731315612793]]
[21500, 24, 0, [5.35915994644165, -6.789585113525391]]
[21500, 5, 0, [7.587060928344727, -11.07639217376709]]
[21500, 22, 0, [3.70120906829834, -6.253738880157471]]
[21500, 18, 0, [4.541067600250244, -4.112597465515137]]
[21500, 8, 0, [10.002896308898926, -6.10451078414917]]
[21500, 20, 1, [8.761955261230469, -6.404305934906006]]
[21500, 11, 1, [6.093179702758789, -1.2888286113739014]]
[21500, 16, 1, [7.352805137634277, -8.576163291931152]]
[21500, 13, 1, [5.092373371124268, -11.159804344177246]]
[21500, 3, 1, [2.557610034942627, -1.0050212144851685]]
[21500, 21, 1, [4.928106784820557, -8.56078052520752]]
[21500, 19, 1, [8.510701179504395, -4.083825588226318]]
[21500, 23, 1, [7.5147929191589355, -3.548954486846924]]
[21500, 15, 1, [8.069425582885742, -0.9525983929634094]]
[21500, 2, 1, [0.3323192000389099, -11.449501037597656]]
[29950, 'popsize', 20, 'queuesize', 0]
[31100, 0, 0, [9.034804344177246, -0.7663231492042542]]
[31100, 12, 0, [11.190323829650879, -8.672629356384277]]
[31100, 10, 0, [1.2475179433822632, -6.241669178009033]]
[31100, 14, 0, [0.12333281338214874, -3.594597101211548]]
[31100, 17, 0, [3.5948569774627686, -9.099377632141113]]
[31100, 24, 0, [4.789305686950684, -7.343125820159912]]
[31100, 5, 0, [7.581191539764404, -11.094426155090332]]
[31100, 22, 0, [3.7235982418060303, -6.180052757263184]]
[31100, 18, 0, [5.162867546081543, -4.58711576461792]]
[31100, 8, 0, [9.237022399902344, -5.852997303009033]]
[31100, 20, 1, [8.650238037109375, -6.4695611000061035]]
[31100, 11, 1, [6.068104267120361, -1.3799625635147095]]
[31100, 16, 1, [6.5885090827941895, -8.313831329345703]]
[31100, 13, 1, [5.866280555725098, -10.97996997833252]]
[31100, 3, 1, [2.770416021347046, -0.896277129650116]]
[31100, 21, 1, [4.167021751403809, -8.292080879211426]]
[31100, 19, 1, [8.317479133605957, -4.266639709472656]]
[31100, 23, 1, [8.240764617919922, -3.234151601791382]]
[31100, 15, 1, [8.31910514831543, -1.1490809917449951]]
[31100, 2, 1, [0.1115628182888031, -11.593935012817383]]
[39700, 'popsize', 20, 'queuesize', 0]
[40800, 0, 0, [8.994242668151855, -0.5031426548957825]]
[40800, 12, 0, [11.234020233154297, -8.641429901123047]]
[40800, 10, 0, [1.1868001222610474, -6.218400001525879]]
[40800, 14, 0, [0.12333224713802338, -3.5888748168945312]]
[40800, 17, 0, [3.5958521366119385, -9.0110445022583]]
[40800, 24, 0, [4.726943492889404, -7.414345741271973]]
[40800, 5, 0, [7.577062606811523, -11.109354972839355]]
[40800, 22, 0, [3.7158567905426025, -6.239612102508545]]
[40800, 18, 0, [5.349043369293213, -4.824174404144287]]
[40800, 8, 0, [8.865286827087402, -5.710298538208008]]
[40800, 20, 1, [8.81784439086914, -6.458707332611084]]
[40800, 11, 1, [5.96026611328125, -1.5057436227798462]]
[40800, 16, 1, [5.858047008514404, -7.932641983032227]]
[40800, 13, 1, [6.606417179107666, -10.641681671142578]]
[40800, 3, 1, [2.3075063228607178, -1.2816126346588135]]
[40800, 21, 1, [3.4503672122955322, -7.900608062744141]]
[40800, 19, 1, [8.384389877319336, -4.260742664337158]]
[40800, 23, 1, [8.933378219604492, -2.8173725605010986]]
[40800, 15, 1, [8.63322925567627, -1.178701639175415]]
[40800, 2, 1, [0.1059357076883316, -11.737060546875]]
[49300, 'popsize', 20, 'queuesize', 0]
[50400, 0, 0, [8.88281536102295, -0.8405839800834656]]
[50400, 12, 0, [11.219208717346191, -8.697883605957031]]
[50400, 10, 0, [1.2403603792190552, -6.24901008605957]]
[50400, 14, 0, [0.12333402782678604, -3.5805246829986572]]
[50400, 17, 0, [3.534087657928467, -9.11952018737793]]
[50400, 24, 0, [4.440423965454102, -7.660991191864014]]
[50400, 5, 0, [7.906166076660156, -11.088079452514648]]
[50400, 22, 0, [3.729910135269165, -6.1691508293151855]]
[50400, 18, 0, [5.967806339263916, -4.317537784576416]]
[50400, 8, 0, [8.97612190246582, -6.000314712524414]]
[50400, 20, 1, [8.903433799743652, -6.1784491539001465]]
[50400, 11, 1, [5.822834491729736, -1.5987623929977417]]
[50400, 16, 1, [5.204667091369629, -7.453341960906982]]
[50400, 13, 1, [7.2568817138671875, -10.202045440673828]]
[50400, 3, 1, [1.7914525270462036, -1.85953688621521]]
[50400, 21, 1, [2.8306422233581543, -7.396092414855957]]
[50400, 19, 1, [8.363521575927734, -4.252824783325195]]
[50400, 23, 1, [9.52718734741211, -2.2907533645629883]]
[50400, 15, 1, [8.817953109741211, -1.0208814144134521]]
[50400, 2, 1, [0.10602453351020813, -11.86670207977295]]
[59550, 'popsize', 22, 'queuesize', 0]
[60800, 0, 0, [8.858803749084473, -0.8375273942947388]]
[60800, 12, 0, [11.203362464904785, -8.63300895690918]]
[60800, 10, 0, [1.1980923414230347, -6.212075710296631]]
[60800, 14, 0, [0.12333410978317261, -3.5775692462921143]]
[60800, 17, 0, [3.0215063095092773, -9.740918159484863]]
[60800, 24, 0, [3.7040488719940186, -8.097679138183594]]
[60800, 5, 0, [7.89569091796875, -11.110051155090332]]
[60800, 22, 0, [3.709876537322998, -6.232032775878906]]
[60800, 18, 0, [6.2457685470581055, -4.186366081237793]]
[60800, 8, 0, [9.073580741882324, -5.925241947174072]]
[60800, 6, 0, [0.9919934272766113, -8.893043518066406]]
[60800, 20, 1, [8.914992332458496, -6.05505895614624]]
[60800, 11, 1, [5.657616138458252, -1.6209213733673096]]
[60800, 16, 1, [4.60944938659668, -6.844509124755859]]
[60800, 13, 1, [7.812099456787109, -9.595306396484375]]
[60800, 3, 1, [1.4002995491027832, -2.5808465480804443]]
[60800, 21, 1, [2.277005672454834, -6.748116493225098]]
[60800, 19, 1, [8.360889434814453, -4.233297824859619]]
[60800, 23, 1, [10.021844863891602, -1.6283994913101196]]
[60800, 15, 1, [8.837678909301758, -1.0268332958221436]]
[60800, 2, 1, [0.10602293163537979, -12.00612735748291]]
[60800, 7, 1, [3.7045865058898926, -1.2920172214508057]]
[69750, 'popsize', 22, 'queuesize', 0]
[70950, 0, 0, [8.834771156311035, -0.8405748009681702]]
[70950, 12, 0, [11.235306739807129, -8.603226661682129]]
[70950, 10, 0, [1.2158622741699219, -6.263706684112549]]
[70950, 14, 0, [0.12333090603351593, -3.574197769165039]]
[70950, 17, 0, [2.544802665710449, -10.161849975585938]]
[70950, 24, 0, [2.903355836868286, -8.392596244812012]]
[70950, 5, 0, [8.238811492919922, -11.182584762573242]]
[70950, 22, 0, [3.7594213485717773, -6.192993640899658]]
[70950, 18, 0, [5.8011322021484375, -4.042604446411133]]
[70950, 8, 0, [8.95315933227539, -5.9124860763549805]]
[70950, 6, 0, [0.6645393967628479, -9.474663734436035]]
[70950, 20, 1, [8.815460205078125, -5.940019130706787]]
[70950, 11, 1, [5.661553382873535, -1.5951124429702759]]
[70950, 16, 1, [4.1249847412109375, -6.14703893661499]]
[70950, 13, 1, [8.237515449523926, -8.882664680480957]]
[70950, 3, 1, [1.195852518081665, -3.374197483062744]]
[70950, 21, 1, [1.835855484008789, -6.021401405334473]]
[70950, 19, 1, [8.351318359375, -4.218469142913818]]
[70950, 23, 1, [10.361146926879883, -0.8923439383506775]]
[70950, 15, 1, [8.860008239746094, -1.0289850234985352]]
[70950, 2, 1, [0.10602197051048279, -12.142608642578125]]
[70950, 7, 1, [3.768298864364624, -1.2941209077835083]]
[79900, 'popsize', 22, 'queuesize', 0]
[81100, 0, 0, [8.810783386230469, -0.8492785692214966]]
[81100, 12, 0, [11.269113540649414, -8.647168159484863]]
[81100, 10, 0, [1.2263301610946655, -6.202208518981934]]
[81100, 14, 0, [0.1233326718211174, -3.5652129650115967]]
[81100, 17, 0, [2.555493116378784, -10.163498878479004]]
[81100, 24, 0, [2.3134701251983643, -8.54742431640625]]
[81100, 5, 0, [8.559836387634277, -11.058109283447266]]
[81100, 22, 0, [3.6966123580932617, -6.202568054199219]]
[81100, 18, 0, [5.028077602386475, -3.695495367050171]]
[81100, 8, 0, [8.651540756225586, -6.099900245666504]]
[81100, 6, 0, [0.679054319858551, -10.32535457611084]]
[81100, 20, 1, [8.538837432861328, -6.1664719581604]]
[81100, 11, 1, [5.494370937347412, -1.6712983846664429]]
[81100, 16, 1, [3.782369613647461, -5.374279499053955]]
[81100, 13, 1, [8.415125846862793, -8.968742370605469]]
[81100, 3, 1, [1.1589183807373047, -4.198922157287598]]
[81100, 21, 1, [1.517258882522583, -5.23525857925415]]
[81100, 19, 1, [8.257428169250488, -4.2054290771484375]]
[81100, 23, 1, [10.508843421936035, -0.12464969605207443]]
[81100, 15, 1, [8.883099555969238, -1.0258619785308838]]
[81100, 2, 1, [0.10606014728546143, -12.279664039611816]]
[81100, 7, 1, [3.762721061706543, -1.3119868040084839]]
[90250, 'popsize', 22, 'queuesize', 0]
[91400, 0, 0, [8.789823532104492, -0.8628696799278259]]
[91400, 12, 0, [11.2589750289917, -8.581709861755371]]
[91400, 10, 0, [1.180104374885559, -6.246071815490723]]
[91400, 14, 0, [0.12333349138498306, -3.5585367679595947]]
[91400, 17, 0, [2.5651133060455322, -10.184344291687012]]
[91400, 24, 0, [2.0437049865722656, -8.347040176391602]]
[91400, 5, 0, [8.153515815734863, -11.22607421875]]
[91400, 22, 0, [4.108189582824707, -6.61720085144043]]
[91400, 18, 0, [4.324235439300537, -3.1919422149658203]]
[91400, 8, 0, [8.577264785766602, -6.173115253448486]]
[91400, 6, 0, [0.5500950813293457, -11.178337097167969]]
[91400, 20, 1, [8.429083824157715, -6.239767551422119]]
[91400, 11, 1, [5.392357349395752, -1.7201987504959106]]
[91400, 16, 1, [3.559675455093384, -4.535959243774414]]
[91400, 13, 1, [8.652323722839355, -9.783470153808594]]
[91400, 3, 1, [1.154369592666626, -4.6496262550354]]
[91400, 21, 1, [1.347184419631958, -4.688381195068359]]
[91400, 19, 1, [8.233659744262695, -4.219405651092529]]
[91400, 23, 1, [10.575981140136719, -0.12418004125356674]]
[91400, 15, 1, [8.904603004455566, -1.0145570039749146]]
[91400, 2, 1, [0.10606220364570618, -12.38896369934082]]
[91400, 7, 1, [3.7425849437713623, -1.2637364864349365]]
[100351, 'popsize', 22, 'queuesize', 0]
[101501, 0, 0, [8.772552490234375, -0.8804730176925659]]
[101501, 12, 0, [10.944234848022461, -8.65661334991455]]
[101501, 10, 0, [1.2465003728866577, -6.235112190246582]]
[101501, 14, 0, [0.12333226948976517, -3.554776668548584]]
[101501, 17, 0, [2.585625410079956, -10.226312637329102]]
[101501, 24, 0, [2.0435612201690674, -8.330409049987793]]
[101501, 5, 0, [8.158082962036133, -11.210216522216797]]
[101501, 22, 0, [4.3452229499816895, -6.779972553253174]]
[101501, 18, 0, [3.7456793785095215, -2.5685503482818604]]
[101501, 8, 0, [8.480842590332031, -6.08880615234375]]
[101501, 6, 0, [0.26208367943763733, -11.976969718933105]]
[101501, 20, 1, [8.466156005859375, -5.930331230163574]]
[101501, 11, 1, [5.23292350769043, -1.7008401155471802]]
[101501, 16, 1, [3.4825799465179443, -3.694667339324951]]
[101501, 13, 1, [9.034435272216797, -10.504124641418457]]
[101501, 3, 1, [1.1038644313812256, -4.548455715179443]]
[101501, 21, 1, [1.2648600339889526, -4.660332679748535]]
[101501, 19, 1, [8.227174758911133, -4.2796478271484375]]
[101501, 23, 1, [10.591107368469238, -0.12314489483833313]]
[101501, 15, 1, [8.922237396240234, -0.9974323511123657]]
[101501, 2, 1, [0.10606096684932709, -12.388954162597656]]
[101501, 7, 1, [3.637293815612793, -1.4456968307495117]]
[110401, 'popsize', 22, 'queuesize', 0]
[111551, 0, 0, [8.760064125061035, -0.9007126688957214]]
[111551, 12, 0, [10.421029090881348, -8.783235549926758]]
[111551, 10, 0, [1.1834207773208618, -6.211281776428223]]
[111551, 14, 0, [0.12333251535892487, -3.5482568740844727]]
[111551, 17, 0, [2.5380399227142334, -10.198471069335938]]
[111551, 24, 0, [2.1314358711242676, -8.104162216186523]]
[111551, 5, 0, [8.148294448852539, -11.176932334899902]]
[111551, 22, 0, [4.222141265869141, -6.6191301345825195]]
[111551, 18, 0, [3.2925429344177246, -1.8573981523513794]]
[111551, 8, 0, [8.547599792480469, -6.039901256561279]]
[111551, 6, 0, [0.14036832749843597, -12.202729225158691]]
[111551, 20, 1, [8.708003044128418, -6.0515666007995605]]
[111551, 11, 1, [5.241746425628662, -1.681168794631958]]
[111551, 16, 1, [3.546510696411133, -2.8564343452453613]]
[111551, 13, 1, [9.566803932189941, -11.111481666564941]]
[111551, 3, 1, [1.088517189025879, -4.512211799621582]]
[111551, 21, 1, [1.2383248805999756, -4.6381516456604]]
[111551, 19, 1, [8.21673583984375, -4.260561466217041]]
[111551, 23, 1, [10.599433898925781, -0.12317100167274475]]
[111551, 15, 1, [8.9344482421875, -0.9760109782218933]]
[111551, 2, 1, [0.09952563047409058, -12.384137153625488]]
[111551, 7, 1, [3.68605637550354, -1.2500730752944946]]
[120951, 'popsize', 23, 'queuesize', 0]
[122201, 0, 0, [8.753795623779297, -0.924663245677948]]
[122201, 12, 0, [10.478641510009766, -8.781624794006348]]
[122201, 10, 0, [1.2221217155456543, -6.255899429321289]]
[122201, 14, 0, [0.12333615869283676, -3.541696310043335]]
[122201, 17, 0, [2.581024408340454, -10.201140403747559]]
[122201, 24, 0, [2.044520378112793, -8.25097942352295]]
[122201, 5, 0, [8.137092590332031, -11.159955978393555]]
[122201, 22, 0, [4.17277717590332, -6.5748467445373535]]
[122201, 18, 0, [2.9521281719207764, -1.0360207557678223]]
[122201, 8, 0, [8.65231990814209, -5.990720272064209]]
[122201, 6, 0, [0.1403682678937912, -12.202659606933594]]
[122201, 20, 1, [8.728690147399902, -6.118624687194824]]
[122201, 11, 1, [5.050819396972656, -1.678087830543518]]
[122201, 16, 1, [3.739412546157837, -1.9990248680114746]]
[122201, 13, 1, [9.981451988220215, -11.429515838623047]]
[122201, 3, 1, [1.070402979850769, -4.469524383544922]]
[122201, 21, 1, [1.2094035148620605, -4.608400344848633]]
[122201, 19, 1, [8.228228569030762, -4.244497299194336]]
[122201, 23, 1, [10.611841201782227, -0.12319089472293854]]
[122201, 15, 1, [8.942083358764648, -0.9522528052330017]]
[122201, 2, 1, [0.09954371303319931, -12.38411808013916]]
[122201, 7, 1, [3.6946377754211426, -1.2575366497039795]]
[122201, 4, 1, [11.222892761230469, -3.705582618713379]]
[131651, 'popsize', 23, 'queuesize', 0]
[132851, 0, 0, [8.752572059631348, -0.9497249126434326]]
[132851, 12, 0, [10.1118745803833, -8.927335739135742]]
[132851, 10, 0, [1.2347241640090942, -6.210389614105225]]
[132851, 14, 0, [0.12333075702190399, -3.537625312805176]]
[132851, 17, 0, [2.510866641998291, -10.174383163452148]]
[132851, 24, 0, [2.1195285320281982, -8.312652587890625]]
[132851, 5, 0, [8.120989799499512, -11.152632713317871]]
[132851, 22, 0, [4.38916015625, -6.636734962463379]]
[132851, 18, 0, [2.7782070636749268, -0.15458297729492188]]
[132851, 8, 0, [8.871700286865234, -6.040254592895508]]
[132851, 6, 0, [0.14037002623081207, -12.202611923217773]]
[132851, 20, 1, [8.983966827392578, -6.208298206329346]]
[132851, 11, 1, [4.932843208312988, -1.6461440324783325]]
[132851, 16, 1, [4.0721635818481445, -1.1674922704696655]]
[132851, 13, 1, [10.598367691040039, -11.08452320098877]]
[132851, 3, 1, [1.0661163330078125, -4.444298267364502]]
[132851, 21, 1, [1.1957157850265503, -4.592126369476318]]
[132851, 19, 1, [8.161223411560059, -4.227084159851074]]
[132851, 23, 1, [10.622171401977539, -0.12317026406526566]]
[132851, 15, 1, [8.941551208496094, -0.9265695214271545]]
[132851, 2, 1, [0.09955479949712753, -12.38412094116211]]
[132851, 7, 1, [3.7274134159088135, -1.2756842374801636]]
[132851, 4, 1, [11.219347953796387, -3.7356414794921875]]
[142201, 'popsize', 23, 'queuesize', 0]
[143451, 0, 0, [8.756306648254395, -0.9732173085212708]]
[143451, 12, 0, [10.16549301147461, -8.931293487548828]]
[143451, 10, 0, [1.179382085800171, -6.2209367752075195]]
[143451, 14, 0, [0.12333326041698456, -3.531660556793213]]
[143451, 17, 0, [2.6077303886413574, -10.198644638061523]]
[143451, 24, 0, [2.4516360759735107, -8.36447525024414]]
[143451, 5, 0, [8.2883882522583, -11.19724178314209]]
[143451, 22, 0, [4.690099239349365, -6.662859916687012]]
[143451, 18, 0, [2.778752088546753, -0.12483765929937363]]
[143451, 8, 0, [8.473344802856445, -6.235601902008057]]
[143451, 6, 0, [0.14036329090595245, -12.202571868896484]]
[143451, 20, 1, [9.01729965209961, -6.265472412109375]]
[143451, 11, 1, [4.933307647705078, -1.6343235969543457]]
[143451, 16, 1, [4.5334672927856445, -0.41643431782722473]]
[143451, 13, 1, [11.242311477661133, -10.51989459991455]]
[143451, 3, 1, [1.0539456605911255, -4.401585102081299]]
[143451, 21, 1, [1.1702001094818115, -4.562160491943359]]
[143451, 19, 1, [8.184343338012695, -4.218282222747803]]
[143451, 23, 1, [10.629229545593262, -0.12316770106554031]]
[143451, 15, 1, [8.93301010131836, -0.9023271799087524]]
[143451, 2, 1, [0.09955975413322449, -12.384096145629883]]
[143451, 7, 1, [3.731640338897705, -1.204913854598999]]
[143451, 4, 1, [11.200506210327148, -3.698768377304077]]
[152601, 'popsize', 23, 'queuesize', 0]
[153851, 0, 0, [8.767596244812012, -0.9946823120117188]]
[153851, 12, 0, [10.120546340942383, -8.870746612548828]]
[153851, 10, 0, [1.2282068729400635, -6.248594284057617]]
[153851, 14, 0, [0.12333086133003235, -3.524609088897705]]
[153851, 17, 0, [2.5263545513153076, -10.175649642944336]]
[153851, 24, 0, [3.057016372680664, -7.735056400299072]]
[153851, 5, 0, [8.581742286682129, -11.330306053161621]]
[153851, 22, 0, [4.632534980773926, -6.637555122375488]]
[153851, 18, 0, [2.778527021408081, -0.12484034150838852]]
[153851, 8, 0, [7.646171569824219, -6.5213446617126465]]
[153851, 6, 0, [0.14034387469291687, -12.202527046203613]]
[153851, 20, 1, [8.990473747253418, -6.208332538604736]]
[153851, 11, 1, [4.926201343536377, -1.5806230306625366]]
[153851, 16, 1, [4.748631000518799, -0.12333343178033829]]
[153851, 13, 1, [11.74431324005127, -9.834712982177734]]
[153851, 3, 1, [1.010273814201355, -4.081935405731201]]
[153851, 21, 1, [1.0064644813537598, -4.270524501800537]]
[153851, 19, 1, [8.260401725769043, -4.208616733551025]]
[153851, 23, 1, [10.63427734375, -0.12316352874040604]]
[153851, 15, 1, [8.920790672302246, -0.8816506266593933]]
[153851, 2, 1, [0.09956316649913788, -12.384098052978516]]
[153851, 7, 1, [3.7109177112579346, -1.1703969240188599]]
[153851, 4, 1, [11.203137397766113, -3.713115692138672]]
[163251, 'popsize', 23, 'queuesize', 0]
[164451, 0, 0, [8.784472465515137, -1.0133498907089233]]
[164451, 12, 0, [9.891555786132812, -9.090449333190918]]
[164451, 10, 0, [1.2205662727355957, -6.200211524963379]]
[164451, 14, 0, [0.12333158403635025, -3.518345832824707]]
[164451, 17, 0, [2.7385575771331787, -10.01231575012207]]
[164451, 24, 0, [3.7654552459716797, -7.1918230056762695]]
[164451, 5, 0, [8.41801929473877, -11.266863822937012]]
[164451, 22, 0, [4.642394065856934, -6.69468879699707]]
[164451, 18, 0, [2.778409242630005, -0.12483604997396469]]
[164451, 8, 0, [6.774986743927002, -6.666552543640137]]
[164451, 6, 0, [0.14034730195999146, -12.20248031616211]]
[164451, 20, 1, [8.969122886657715, -6.265852928161621]]
[164451, 11, 1, [4.878832817077637, -1.616634488105774]]
[164451, 16, 1, [4.753018856048584, -0.12333284318447113]]
[164451, 13, 1, [12.097495079040527, -9.055577278137207]]
[164451, 3, 1, [1.378738522529602, -3.8482699394226074]]
[164451, 21, 1, [1.219495177268982, -3.581953763961792]]
[164451, 19, 1, [8.242254257202148, -4.270794868469238]]
[164451, 23, 1, [10.641624450683594, -0.1231582835316658]]
[164451, 15, 1, [8.901904106140137, -0.8634800314903259]]
[164451, 2, 1, [0.09957307577133179, -12.384075164794922]]
[164451, 7, 1, [3.7303056716918945, -1.2208526134490967]]
[164451, 4, 1, [11.17219066619873, -3.6769354343414307]]
[173901, 'popsize', 23, 'queuesize', 0]
[175201, 0, 0, [8.804293632507324, -1.027145266532898]]
[175201, 12, 0, [9.789751052856445, -9.229425430297852]]
[175201, 10, 0, [1.1769607067108154, -6.241623878479004]]
[175201, 14, 0, [0.1232009008526802, -3.5134663581848145]]
[175201, 17, 0, [3.1493215560913086, -9.757279396057129]]
[175201, 24, 0, [4.555171012878418, -6.773606777191162]]
[175201, 5, 0, [8.262229919433594, -11.049084663391113]]
[175201, 22, 0, [4.715742588043213, -6.6456122398376465]]
[175201, 18, 0, [2.7781050205230713, -0.12483776360750198]]
[175201, 8, 0, [5.883117198944092, -6.6410956382751465]]
[175201, 6, 0, [0.14032013714313507, -12.202451705932617]]
[175201, 20, 1, [9.023646354675293, -6.248233318328857]]
[175201, 11, 1, [4.942832946777344, -1.6290390491485596]]
[175201, 16, 1, [4.758205890655518, -0.12333281338214874]]
[175201, 13, 1, [12.245229721069336, -8.206267356872559]]
[175201, 3, 1, [1.4183379411697388, -3.8139946460723877]]
[175201, 21, 1, [1.7155447006225586, -2.832068681716919]]
[175201, 19, 1, [8.224754333496094, -4.21765661239624]]
[175201, 23, 1, [10.648811340332031, -0.12316734343767166]]
[175201, 15, 1, [8.878629684448242, -0.8521453738212585]]
[175201, 2, 1, [0.09958770871162415, -12.384064674377441]]
[175201, 7, 1, [3.721926212310791, -1.2639291286468506]]
[175201, 4, 1, [11.159010887145996, -3.695425510406494]]
[184901, 'popsize', 23, 'queuesize', 0]
[186101, 0, 0, [8.82915210723877, -1.0349576473236084]]
[186101, 12, 0, [9.801126480102539, -9.18494987487793]]
[186101, 10, 0, [1.222723364830017, -6.2673726081848145]]
[186101, 14, 0, [0.12333425134420395, -3.508399724960327]]
[186101, 17, 0, [3.5012927055358887, -9.7144136428833]]
[186101, 24, 0, [4.73654842376709, -6.712977886199951]]
[186101, 5, 0, [8.238128662109375, -11.074609756469727]]
[186101, 22, 0, [4.883938789367676, -6.53318452835083]]
[186101, 18, 0, [2.7777516841888428, -0.12483590096235275]]
[186101, 8, 0, [5.063887596130371, -6.478309154510498]]
[186101, 6, 0, [0.1403312236070633, -12.202378273010254]]
[186101, 20, 1, [8.99415111541748, -6.209778308868408]]
[186101, 11, 1, [4.93923282623291, -1.57661771774292]]
[186101, 16, 1, [4.7617268562316895, -0.12333415448665619]]
[186101, 13, 1, [12.201044082641602, -7.333070755004883]]
[186101, 3, 1, [1.5025572776794434, -4.091147422790527]]
[186101, 21, 1, [2.3390204906463623, -2.1629505157470703]]
[186101, 19, 1, [8.185491561889648, -4.2471466064453125]]
[186101, 23, 1, [10.657272338867188, -0.12318514287471771]]
[186101, 15, 1, [8.853432655334473, -0.8464644551277161]]
[186101, 2, 1, [0.09959280490875244, -12.384061813354492]]
[186101, 7, 1, [3.7522807121276855, -1.2519094944000244]]
[186101, 4, 1, [11.160264015197754, -3.642777681350708]]
[195551, 'popsize', 23, 'queuesize', 0]
[196751, 0, 0, [8.852219581604004, -1.037441611289978]]
[196751, 12, 0, [9.8326997756958, -8.814117431640625]]
[196751, 10, 0, [1.2355237007141113, -6.204493522644043]]
[196751, 14, 0, [0.123336061835289, -3.5014729499816895]]
[196751, 17, 0, [3.7392091751098633, -9.812339782714844]]
[196751, 24, 0, [4.773728370666504, -6.68767786026001]]
[196751, 5, 0, [8.22323989868164, -11.076496124267578]]
[196751, 22, 0, [4.668355464935303, -6.4159650802612305]]
[196751, 18, 0, [2.7775349617004395, -0.12484218925237656]]
[196751, 8, 0, [4.811458587646484, -6.477902412414551]]
[196751, 6, 0, [0.14033222198486328, -12.202354431152344]]
[196751, 20, 1, [9.721197128295898, -6.464334011077881]]
[196751, 11, 1, [4.893160820007324, -1.604695200920105]]
[196751, 16, 1, [4.766576766967773, -0.12333440035581589]]
[196751, 13, 1, [11.924169540405273, -6.547537803649902]]
[196751, 3, 1, [1.7703721523284912, -4.587098121643066]]
[196751, 21, 1, [3.049341917037964, -1.6262956857681274]]
[196751, 19, 1, [8.233663558959961, -4.270044803619385]]
[196751, 23, 1, [10.66588306427002, -0.12314985692501068]]
[196751, 15, 1, [8.82912540435791, -0.8487880825996399]]
[196751, 2, 1, [0.09960512816905975, -12.38404655456543]]
[196751, 7, 1, [3.711059808731079, -1.2213727235794067]]
[196751, 4, 1, [11.083516120910645, -3.6975128650665283]]
[206102, 'popsize', 23, 'queuesize', 0]
[207302, 0, 0, [8.876220703125, -1.0315171480178833]]
[207302, 12, 0, [9.830544471740723, -8.437993049621582]]
[207302, 10, 0, [1.1870932579040527, -6.229151725769043]]
[207302, 14, 0, [0.12333296984434128, -3.4970810413360596]]
[207302, 17, 0, [3.7292540073394775, -9.764228820800781]]
[207302, 24, 0, [4.914306163787842, -6.618127822875977]]
[207302, 5, 0, [8.028792381286621, -11.015450477600098]]
[207302, 22, 0, [4.75760555267334, -6.16826868057251]]
[207302, 18, 0, [2.777473211288452, -0.1248391717672348]]
[207302, 8, 0, [4.623275279998779, -6.321233749389648]]
[207302, 6, 0, [0.14031951129436493, -12.202284812927246]]
[207302, 20, 1, [10.588275909423828, -6.555505275726318]]
[207302, 11, 1, [4.942768096923828, -1.6231651306152344]]
[207302, 16, 1, [4.774252891540527, -0.12333736568689346]]
[207302, 13, 1, [11.459020614624023, -5.819639682769775]]
[207302, 3, 1, [2.4339447021484375, -4.530572414398193]]
[207302, 21, 1, [3.666977643966675, -1.2667983770370483]]
[207302, 19, 1, [8.233002662658691, -4.204990863800049]]
[207302, 23, 1, [10.674938201904297, -0.12317994236946106]]
[207302, 15, 1, [8.805352210998535, -0.8543484210968018]]
[207302, 2, 1, [0.0996050015091896, -12.384018898010254]]
[207302, 7, 1, [3.6258890628814697, -1.1048457622528076]]
[207302, 4, 1, [11.120269775390625, -3.6473731994628906]]
[216952, 'popsize', 23, 'queuesize', 0]
[218152, 0, 0, [8.898597717285156, -1.0179377794265747]]
[218152, 12, 0, [9.894972801208496, -8.500603675842285]]
[218152, 10, 0, [1.2227115631103516, -6.260288238525391]]
[218152, 14, 0, [0.12334121018648148, -3.4925389289855957]]
[218152, 17, 0, [3.954354763031006, -9.890423774719238]]
[218152, 24, 0, [4.582932472229004, -6.863447666168213]]
[218152, 5, 0, [7.772017002105713, -10.874311447143555]]
[218152, 22, 0, [4.75279426574707, -6.205505847930908]]
[218152, 18, 0, [2.7772912979125977, -0.12484146654605865]]
[218152, 8, 0, [4.777166366577148, -5.585469722747803]]
[218152, 6, 0, [0.14031550288200378, -12.202244758605957]]
[218152, 20, 1, [10.841303825378418, -6.46200704574585]]
[218152, 11, 1, [4.744598865509033, -1.5905872583389282]]
[218152, 16, 1, [4.777333736419678, -0.12333159893751144]]
[218152, 13, 1, [10.847099304199219, -5.19011926651001]]
[218152, 3, 1, [2.9807660579681396, -4.3953142166137695]]
[218152, 21, 1, [3.323279857635498, -0.7828170657157898]]
[218152, 19, 1, [8.180710792541504, -4.239480972290039]]
[218152, 23, 1, [10.684709548950195, -0.12314873188734055]]
[218152, 15, 1, [8.782570838928223, -0.8665985465049744]]
[218152, 2, 1, [0.09960020333528519, -12.384001731872559]]
[218152, 7, 1, [3.4189040660858154, -1.1401593685150146]]
[218152, 4, 1, [11.081710815429688, -3.6642038822174072]]
[227602, 'popsize', 23, 'queuesize', 0]
[228852, 0, 0, [8.917041778564453, -1.0002987384796143]]
[228852, 12, 0, [9.875972747802734, -8.303775787353516]]
[228852, 10, 0, [1.231069803237915, -6.208745002746582]]
[228852, 14, 0, [0.12332933396100998, -3.4890260696411133]]
[228852, 17, 0, [4.177992343902588, -10.021831512451172]]
[228852, 24, 0, [4.341215133666992, -7.080984592437744]]
[228852, 5, 0, [7.720211505889893, -10.924654960632324]]
[228852, 22, 0, [4.800374507904053, -6.215267181396484]]
[228852, 18, 0, [2.771087884902954, -0.12490075081586838]]
[228852, 8, 0, [4.341548919677734, -5.7972025871276855]]
[228852, 6, 0, [0.14032255113124847, -12.202208518981934]]
[228852, 20, 1, [11.189014434814453, -6.43917989730835]]
[228852, 11, 1, [4.801972389221191, -1.5897564888000488]]
[228852, 16, 1, [4.7822136878967285, -0.12333020567893982]]
[228852, 13, 1, [10.119833946228027, -4.692975044250488]]
[228852, 3, 1, [3.146404981613159, -4.068643093109131]]
[228852, 21, 1, [2.9020297527313232, -0.22428756952285767]]
[228852, 19, 1, [8.205330848693848, -4.235717296600342]]
[228852, 23, 1, [10.694378852844238, -0.1231612041592598]]
[228852, 15, 1, [8.764570236206055, -0.885431706905365]]
[228852, 2, 1, [0.09961052238941193, -12.38399887084961]]
[228852, 7, 1, [3.4864561557769775, -1.3710808753967285]]
[228852, 4, 1, [11.096650123596191, -3.69111704826355]]
[238702, 'popsize', 24, 'queuesize', 0]
[240052, 0, 0, [8.929854393005371, -0.9772641062736511]]
[240052, 12, 0, [9.93258285522461, -8.32805347442627]]
[240052, 10, 0, [1.1762728691101074, -6.206600666046143]]
[240052, 14, 0, [0.12333013117313385, -3.483834981918335]]
[240052, 17, 0, [4.039712905883789, -10.003108024597168]]
[240052, 24, 0, [4.60711145401001, -6.8106513023376465]]
[240052, 5, 0, [7.788004398345947, -10.892047882080078]]
[240052, 22, 0, [4.77416467666626, -6.146771430969238]]
[240052, 18, 0, [2.732572078704834, -0.12484531849622726]]
[240052, 8, 0, [3.8527958393096924, -5.658908843994141]]
[240052, 6, 0, [0.14031623303890228, -12.202147483825684]]
[240052, 20, 1, [11.22315502166748, -6.303223609924316]]
[240052, 11, 1, [4.611372470855713, -1.5813429355621338]]
[240052, 16, 1, [4.788387775421143, -0.12333301454782486]]
[240052, 13, 1, [9.287379264831543, -4.385036468505859]]
[240052, 3, 1, [3.168341636657715, -4.025524139404297]]
[240052, 21, 1, [2.8757216930389404, -0.19538836181163788]]
[240052, 19, 1, [8.268866539001465, -4.159223556518555]]
[240052, 23, 1, [10.70592212677002, -0.12317929416894913]]
[240052, 15, 1, [8.752904891967773, -0.9079955816268921]]
[240052, 2, 1, [0.09960527718067169, -12.383986473083496]]
[240052, 7, 1, [3.455983877182007, -1.356452465057373]]
[240052, 4, 1, [11.060579299926758, -3.6788275241851807]]
[240052, 9, 1, [6.240713596343994, -11.306658744812012]]
[249852, 'popsize', 24, 'queuesize', 0]
[251202, 0, 0, [8.937687873840332, -0.9523777961730957]]
[251202, 12, 0, [9.933340072631836, -8.306635856628418]]
[251202, 10, 0, [1.1841949224472046, -6.249424934387207]]
[251202, 14, 0, [0.12333022058010101, -3.4772377014160156]]
[251202, 17, 0, [3.9370479583740234, -10.089027404785156]]
[251202, 24, 0, [4.711297035217285, -6.7098212242126465]]
[251202, 5, 0, [7.772616863250732, -10.898381233215332]]
[251202, 22, 0, [4.734652519226074, -6.194996356964111]]
[251202, 18, 0, [2.683182716369629, -0.12458807229995728]]
[251202, 8, 0, [3.0008058547973633, -5.248907566070557]]
[251202, 6, 0, [0.1402861773967743, -12.202099800109863]]
[251202, 20, 1, [11.337709426879883, -6.461400508880615]]
[251202, 11, 1, [4.662343502044678, -1.58048415184021]]
[251202, 16, 1, [4.791743755340576, -0.12333863973617554]]
[251202, 13, 1, [8.447607040405273, -4.156589508056641]]
[251202, 3, 1, [3.1269309520721436, -4.00592041015625]]
[251202, 21, 1, [2.8359360694885254, -0.16780023276805878]]
[251202, 19, 1, [8.221553802490234, -4.148373126983643]]
[251202, 23, 1, [10.713373184204102, -0.12317078560590744]]
[251202, 15, 1, [8.748137474060059, -0.9343308210372925]]
[251202, 2, 1, [0.0996013879776001, -12.383965492248535]]
[251202, 7, 1, [3.4581375122070312, -1.3661324977874756]]
[251202, 4, 1, [11.048394203186035, -3.7183005809783936]]
[251202, 9, 1, [6.200438022613525, -11.281847953796387]]
[260952, 'popsize', 24, 'queuesize', 0]
[262202, 0, 0, [8.936151504516602, -0.9260555505752563]]
[262202, 12, 0, [9.931636810302734, -8.25210952758789]]
[262202, 10, 0, [1.2314516305923462, -6.230937957763672]]
[262202, 14, 0, [0.12332947552204132, -3.4723103046417236]]
[262202, 17, 0, [3.849273920059204, -9.985204696655273]]
[262202, 24, 0, [4.742461204528809, -6.6977643966674805]]
[262202, 5, 0, [8.145939826965332, -10.814773559570312]]
[262202, 22, 0, [4.779321193695068, -6.209894180297852]]
[262202, 18, 0, [2.6242661476135254, -0.12360724061727524]]
[262202, 8, 0, [2.2692179679870605, -4.688035488128662]]
[262202, 6, 0, [0.1403174102306366, -12.202051162719727]]
[262202, 20, 1, [11.652381896972656, -6.18226432800293]]
[262202, 11, 1, [4.656674385070801, -1.5300718545913696]]
[262202, 16, 1, [4.794948101043701, -0.12333447486162186]]
[262202, 13, 1, [7.926549434661865, -4.1415181159973145]]
[262202, 3, 1, [3.2774500846862793, -4.375372409820557]]
[262202, 21, 1, [2.780669927597046, -0.14302320778369904]]
[262202, 19, 1, [7.909187316894531, -4.2989501953125]]
[262202, 23, 1, [10.719895362854004, -0.12318266928195953]]
[262202, 15, 1, [8.748896598815918, -0.959536075592041]]
[262202, 2, 1, [0.09960612654685974, -12.383939743041992]]
[262202, 7, 1, [3.52278995513916, -1.3459299802780151]]
[262202, 4, 1, [11.060979843139648, -3.667841911315918]]
[262202, 9, 1, [6.244997501373291, -11.239614486694336]]
[271952, 'popsize', 24, 'queuesize', 0]
[273302, 0, 0, [8.556051254272461, -0.8807032704353333]]
[273302, 12, 0, [10.095878601074219, -8.563946723937988]]
[273302, 10, 0, [1.2126010656356812, -6.192779541015625]]
[273302, 14, 0, [0.12332924455404282, -3.4659879207611084]]
[273302, 17, 0, [3.908991813659668, -9.980742454528809]]
[273302, 24, 0, [4.361250877380371, -7.013250350952148]]
[273302, 5, 0, [8.449576377868652, -10.674139022827148]]
[273302, 22, 0, [4.786562919616699, -6.161773681640625]]
[273302, 18, 0, [2.5858476161956787, -0.1236065998673439]]
[273302, 8, 0, [1.7406530380249023, -4.099301338195801]]
[273302, 6, 0, [0.1403043270111084, -12.201980590820312]]
[273302, 20, 1, [11.843873977661133, -6.270200252532959]]
[273302, 11, 1, [4.614049911499023, -1.5414032936096191]]
[273302, 16, 1, [4.799574375152588, -0.12333427369594574]]
[273302, 13, 1, [7.7476630210876465, -4.562874794006348]]
[273302, 3, 1, [3.2967910766601562, -4.41778039932251]]
[273302, 21, 1, [2.7422256469726562, -0.14302930235862732]]
[273302, 19, 1, [7.896721363067627, -4.558352947235107]]
[273302, 23, 1, [10.73071002960205, -0.12318157404661179]]
[273302, 15, 1, [8.311668395996094, -0.9180571436882019]]
[273302, 2, 1, [0.09961140900850296, -12.383933067321777]]
[273302, 7, 1, [3.4734411239624023, -1.32517671585083]]
[273302, 4, 1, [10.965900421142578, -3.6934549808502197]]
[273302, 9, 1, [6.250677585601807, -11.274131774902344]]
[283152, 'popsize', 24, 'queuesize', 0]
[284402, 0, 0, [8.228767395019531, -0.8074618577957153]]
[284402, 12, 0, [10.212833404541016, -8.623368263244629]]
[284402, 10, 0, [1.1745890378952026, -6.217963218688965]]
[284402, 14, 0, [0.12333130091428757, -3.4612951278686523]]
[284402, 17, 0, [3.8816487789154053, -9.998003959655762]]
[284402, 24, 0, [4.696463108062744, -6.826634407043457]]
[284402, 5, 0, [8.42715072631836, -10.682072639465332]]
[284402, 22, 0, [4.738927364349365, -6.1485915184021]]
[284402, 18, 0, [2.5470573902130127, -0.12361221015453339]]
[284402, 8, 0, [1.7230377197265625, -3.593731641769409]]
[284402, 6, 0, [0.1402927041053772, -12.201930046081543]]
[284402, 20, 1, [12.193483352661133, -6.303930759429932]]
[284402, 11, 1, [4.631060600280762, -1.5878510475158691]]
[284402, 16, 1, [4.805423736572266, -0.12333223223686218]]
[284402, 13, 1, [8.088154792785645, -4.551287651062012]]
[284402, 3, 1, [3.3314836025238037, -4.3978471755981445]]
[284402, 21, 1, [2.703568696975708, -0.1430421620607376]]
[284402, 19, 1, [8.223679542541504, -4.677958011627197]]
[284402, 23, 1, [10.736974716186523, -0.12317012250423431]]
[284402, 15, 1, [8.05720329284668, -0.8911020755767822]]
[284402, 2, 1, [0.09959058463573456, -12.383910179138184]]
[284402, 7, 1, [3.485654354095459, -1.2759422063827515]]
[284402, 4, 1, [11.012807846069336, -3.702044725418091]]
[284402, 9, 1, [6.19854211807251, -11.259843826293945]]
[294052, 'popsize', 24, 'queuesize', 0]
[295302, 0, 0, [8.209562301635742, -0.783409833908081]]
[295302, 12, 0, [10.155210494995117, -8.443931579589844]]
[295302, 10, 0, [1.2098814249038696, -6.256082057952881]]
[295302, 14, 0, [0.12333112210035324, -3.4553024768829346]]
[295302, 17, 0, [3.8439838886260986, -9.985773086547852]]
[295302, 24, 0, [5.55540132522583, -6.503019332885742]]
[295302, 5, 0, [8.422703742980957, -10.703634262084961]]
[295302, 22, 0, [4.733675956726074, -6.2068681716918945]]
[295302, 18, 0, [2.5096640586853027, -0.12345393747091293]]
[295302, 8, 0, [1.8635058403015137, -3.2168025970458984]]
[295302, 6, 0, [0.14029911160469055, -12.201883316040039]]
[295302, 20, 1, [12.353801727294922, -6.426276683807373]]
[295302, 11, 1, [4.664522171020508, -1.549756407737732]]
[295302, 16, 1, [4.8101677894592285, -0.12333160638809204]]
[295302, 13, 1, [8.857657432556152, -4.596127510070801]]
[295302, 3, 1, [3.2983100414276123, -4.358687877655029]]
[295302, 21, 1, [2.6662113666534424, -0.14318521320819855]]
[295302, 19, 1, [8.23998737335205, -4.657424449920654]]
[295302, 23, 1, [10.743962287902832, -0.1231863722205162]]
[295302, 15, 1, [8.07417106628418, -0.9164634346961975]]
[295302, 2, 1, [0.09961159527301788, -12.383902549743652]]
[295302, 7, 1, [3.4840736389160156, -1.2789814472198486]]
[295302, 4, 1, [10.986150741577148, -3.6657536029815674]]
[295302, 9, 1, [6.245680809020996, -11.20958423614502]]
[305153, 'popsize', 24, 'queuesize', 0]
[306503, 0, 0, [8.184998512268066, -0.7667559385299683]]
[306503, 12, 0, [10.21606159210205, -8.473876953125]]
[306503, 10, 0, [1.2280572652816772, -6.211409568786621]]
[306503, 14, 0, [0.12333305180072784, -3.4480972290039062]]
[306503, 17, 0, [3.8359663486480713, -9.946076393127441]]
[306503, 24, 0, [5.213653564453125, -6.589312553405762]]
[306503, 5, 0, [8.671591758728027, -10.397109031677246]]
[306503, 22, 0, [4.792924404144287, -6.167048454284668]]
[306503, 18, 0, [2.4698026180267334, -0.12360943853855133]]
[306503, 8, 0, [2.25173020362854, -3.3652639389038086]]
[306503, 6, 0, [0.14032196998596191, -12.201881408691406]]
[306503, 20, 1, [12.37531566619873, -6.417625904083252]]
[306503, 11, 1, [4.620538234710693, -1.524093508720398]]
[306503, 16, 1, [4.819421291351318, -0.12333306670188904]]
[306503, 13, 1, [9.05105972290039, -4.623286724090576]]
[306503, 3, 1, [3.2672290802001953, -4.393690586090088]]
[306503, 21, 1, [2.626283884048462, -0.1430371254682541]]
[306503, 19, 1, [8.233478546142578, -4.6760783195495605]]
[306503, 23, 1, [10.754947662353516, -0.12317390739917755]]
[306503, 15, 1, [8.097888946533203, -0.9361133575439453]]
[306503, 2, 1, [0.09967441111803055, -12.383925437927246]]
[306503, 7, 1, [3.542086601257324, -1.2574564218521118]]
[306503, 4, 1, [10.967199325561523, -3.694960117340088]]
[306503, 9, 1, [6.21038293838501, -11.267865180969238]]
[316403, 'popsize', 24, 'queuesize', 0]
[317653, 0, 0, [8.153951644897461, -0.7601493000984192]]
[317653, 12, 0, [10.203092575073242, -8.464347839355469]]
[317653, 10, 0, [1.1870224475860596, -6.1918487548828125]]
[317653, 14, 0, [0.12318816035985947, -3.4412999153137207]]
[317653, 17, 0, [3.705289125442505, -9.948470115661621]]
[317653, 24, 0, [4.637716770172119, -6.82496976852417]]
[317653, 5, 0, [8.654328346252441, -10.396897315979004]]
[317653, 22, 0, [4.7508463859558105, -6.1527228355407715]]
[317653, 18, 0, [2.4301137924194336, -0.12359635531902313]]
[317653, 8, 0, [2.217109441757202, -4.308897018432617]]
[317653, 6, 0, [0.1403161585330963, -12.201805114746094]]
[317653, 20, 1, [12.375852584838867, -6.404918193817139]]
[317653, 11, 1, [4.5874176025390625, -1.554983139038086]]
[317653, 16, 1, [4.823482036590576, -0.12333132326602936]]
[317653, 13, 1, [9.302495956420898, -3.9192700386047363]]
[317653, 3, 1, [3.301722764968872, -4.424724578857422]]
[317653, 21, 1, [2.586545467376709, -0.14294110238552094]]
[317653, 19, 1, [8.227594375610352, -4.755046844482422]]
[317653, 23, 1, [10.765779495239258, -0.12316681444644928]]
[317653, 15, 1, [8.127067565917969, -0.9487684369087219]]
[317653, 2, 1, [0.09968335181474686, -12.38390064239502]]
[317653, 7, 1, [3.544926643371582, -1.2743475437164307]]
[317653, 4, 1, [11.000847816467285, -3.6575815677642822]]
[317653, 9, 1, [6.21321964263916, -11.286664962768555]]
[327753, 'popsize', 24, 'queuesize', 0]
[329053, 0, 0, [8.124443054199219, -0.7593442797660828]]
[329053, 12, 0, [10.562220573425293, -8.296344757080078]]
[329053, 10, 0, [1.1722863912582397, -6.22931432723999]]
[329053, 14, 0, [0.1232949048280716, -3.438401222229004]]
[329053, 17, 0, [3.692272663116455, -10.00410270690918]]
[329053, 24, 0, [4.645608901977539, -7.020323753356934]]
[329053, 5, 0, [8.556011199951172, -10.609238624572754]]
[329053, 22, 0, [4.718085289001465, -6.186764240264893]]
[329053, 18, 0, [2.3880910873413086, -0.12359543144702911]]
[329053, 8, 0, [2.0054237842559814, -5.237277984619141]]
[329053, 6, 0, [0.1403011679649353, -12.201706886291504]]
[329053, 20, 1, [12.375861167907715, -6.3932414054870605]]
[329053, 11, 1, [4.618098735809326, -1.5814937353134155]]
[329053, 16, 1, [4.827822208404541, -0.1233309879899025]]
[329053, 13, 1, [9.45236587524414, -2.9815022945404053]]
[329053, 3, 1, [3.3429641723632812, -4.397484302520752]]
[329053, 21, 1, [2.5445139408111572, -0.14299018681049347]]
[329053, 19, 1, [8.237589836120605, -4.726444244384766]]
[329053, 23, 1, [10.77428913116455, -0.12315977364778519]]
[329053, 15, 1, [8.158844947814941, -0.9464874863624573]]
[329053, 2, 1, [0.09968294203281403, -12.383867263793945]]
[329053, 7, 1, [3.5755438804626465, -1.2886589765548706]]
[329053, 4, 1, [10.95728588104248, -3.649088144302368]]
[329053, 9, 1, [6.217365741729736, -11.242073059082031]]
[338803, 'popsize', 24, 'queuesize', 0]
[340153, 0, 0, [8.09652042388916, -0.769401490688324]]
[340153, 12, 0, [10.563392639160156, -8.63856315612793]]
[340153, 10, 0, [1.2164037227630615, -6.25490140914917]]
[340153, 14, 0, [0.12333108484745026, -3.431934118270874]]
[340153, 17, 0, [3.7179007530212402, -10.059158325195312]]
[340153, 24, 0, [4.516985893249512, -6.10601806640625]]
[340153, 5, 0, [8.465457916259766, -10.881226539611816]]
[340153, 22, 0, [4.769357204437256, -6.199025630950928]]
[340153, 18, 0, [2.3477020263671875, -0.12359586358070374]]
[340153, 8, 0, [1.6216086149215698, -6.085416793823242]]
[340153, 6, 0, [0.1402544230222702, -12.20163345336914]]
[340153, 20, 1, [12.375860214233398, -6.38223123550415]]
[340153, 11, 1, [4.640773773193359, -1.5409876108169556]]
[340153, 16, 1, [4.832534313201904, -0.12333167344331741]]
[340153, 13, 1, [9.43824291229248, -2.068324089050293]]
[340153, 3, 1, [3.313210964202881, -4.361150741577148]]
[340153, 21, 1, [2.5044643878936768, -0.14290837943553925]]
[340153, 19, 1, [8.273046493530273, -4.742643356323242]]
[340153, 23, 1, [10.783597946166992, -0.12315120548009872]]
[340153, 15, 1, [8.18894100189209, -0.9361464977264404]]
[340153, 2, 1, [0.09972824901342392, -12.383857727050781]]
[340153, 7, 1, [3.531607151031494, -1.2864129543304443]]
[340153, 4, 1, [10.950056076049805, -3.6830151081085205]]
[340153, 9, 1, [6.197220802307129, -11.208877563476562]]
[349853, 'popsize', 24, 'queuesize', 0]
[351153, 0, 0, [8.075885772705078, -0.7925403714179993]]
[351153, 12, 0, [10.255831718444824, -8.737955093383789]]
[351153, 10, 0, [1.226468563079834, -6.205475807189941]]
[351153, 14, 0, [0.12333064526319504, -3.4277031421661377]]
[351153, 17, 0, [3.740952491760254, -10.02086067199707]]
[351153, 24, 0, [4.5321807861328125, -6.423038959503174]]
[351153, 5, 0, [8.44416332244873, -10.890950202941895]]
[351153, 22, 0, [4.7824835777282715, -6.147462368011475]]
[351153, 18, 0, [2.3101303577423096, -0.12360146641731262]]
[351153, 8, 0, [1.3824717998504639, -6.3297438621521]]
[351153, 6, 0, [0.1402137130498886, -12.201662063598633]]
[351153, 20, 1, [12.375846862792969, -6.371755599975586]]
[351153, 11, 1, [4.588747024536133, -1.5237469673156738]]
[351153, 16, 1, [4.839111328125, -0.12333013117313385]]
[351153, 13, 1, [9.265615463256836, -1.1704038381576538]]
[351153, 3, 1, [3.279127836227417, -4.399016857147217]]
[351153, 21, 1, [2.4665098190307617, -0.1430966705083847]]
[351153, 19, 1, [8.251028060913086, -4.78886604309082]]
[351153, 23, 1, [10.788179397583008, -0.1231512576341629]]
[351153, 15, 1, [8.21523380279541, -0.9237334132194519]]
[351153, 2, 1, [0.09981006383895874, -12.383880615234375]]
[351153, 7, 1, [3.5381555557250977, -1.2390187978744507]]
[351153, 4, 1, [10.963762283325195, -3.633485794067383]]
[351153, 9, 1, [6.2595062255859375, -11.201645851135254]]
[360903, 'popsize', 24, 'queuesize', 0]
[362153, 0, 0, [8.061929702758789, -0.8195556998252869]]
[362153, 12, 0, [9.835118293762207, -8.623629570007324]]
[362153, 10, 0, [1.4306915998458862, -6.002117156982422]]
[362153, 14, 0, [0.12333298474550247, -3.4191360473632812]]
[362153, 17, 0, [3.7915186882019043, -9.962657928466797]]
[362153, 24, 0, [4.553463935852051, -6.644326210021973]]
[362153, 5, 0, [8.415122032165527, -10.903078079223633]]
[362153, 22, 0, [4.734414577484131, -6.149258613586426]]
[362153, 18, 0, [2.27187180519104, -0.12360338121652603]]
[362153, 8, 0, [1.2402786016464233, -5.98633337020874]]
[362153, 6, 0, [0.14025111496448517, -12.201580047607422]]
[362153, 20, 1, [12.375855445861816, -6.360077381134033]]
[362153, 11, 1, [4.580070972442627, -1.5765314102172852]]
[362153, 16, 1, [4.846168041229248, -0.12333186715841293]]
[362153, 13, 1, [8.914142608642578, -0.3310178220272064]]
[362153, 3, 1, [3.319164991378784, -4.426042079925537]]
[362153, 21, 1, [2.428513288497925, -0.1431490182876587]]
[362153, 19, 1, [8.274544715881348, -4.785249710083008]]
[362153, 23, 1, [10.797693252563477, -0.12317455559968948]]
[362153, 15, 1, [8.23420238494873, -0.9008907079696655]]
[362153, 2, 1, [0.09983588755130768, -12.383877754211426]]
[362153, 7, 1, [3.534296989440918, -1.2461276054382324]]
[362153, 4, 1, [10.931248664855957, -3.653028964996338]]
[362153, 9, 1, [6.264643669128418, -11.192413330078125]]
[371953, 'popsize', 24, 'queuesize', 0]
[373203, 0, 0, [8.055184364318848, -0.8480901718139648]]
[373203, 12, 0, [9.889811515808105, -8.639713287353516]]
[373203, 10, 0, [1.3906011581420898, -5.9868268966674805]]
[373203, 14, 0, [0.1233295276761055, -3.4158823490142822]]
[373203, 17, 0, [3.7514326572418213, -9.876924514770508]]
[373203, 24, 0, [4.6633710861206055, -6.5594305992126465]]
[373203, 5, 0, [8.416363716125488, -10.918404579162598]]
[373203, 22, 0, [4.737491130828857, -6.20062780380249]]
[373203, 18, 0, [2.2336037158966064, -0.12360292673110962]]
[373203, 8, 0, [1.812283992767334, -5.260537624359131]]
[373203, 6, 0, [0.14027191698551178, -12.20157527923584]]
[373203, 20, 1, [12.375847816467285, -6.350522994995117]]
[373203, 11, 1, [4.626845359802246, -1.5741318464279175]]
[373203, 16, 1, [4.851835250854492, -0.1233307495713234]]
[373203, 13, 1, [8.705333709716797, -0.1090637743473053]]
[373203, 3, 1, [3.0283074378967285, -4.435476779937744]]
[373203, 21, 1, [2.390109062194824, -0.14302772283554077]]
[373203, 19, 1, [8.273852348327637, -4.810718536376953]]
[373203, 23, 1, [10.80371379852295, -0.12317939847707748]]
[373203, 15, 1, [8.2439603805542, -0.8729062676429749]]
[373203, 2, 1, [0.09985668212175369, -12.383865356445312]]
[373203, 7, 1, [3.5074198246002197, -1.2133269309997559]]
[373203, 4, 1, [10.956741333007812, -3.6743104457855225]]
[373203, 9, 1, [6.30205774307251, -11.237032890319824]]
[382903, 'popsize', 24, 'queuesize', 0]
[384153, 0, 0, [8.054896354675293, -0.8760989308357239]]
[384153, 12, 0, [9.933928489685059, -8.433676719665527]]
[384153, 10, 0, [1.3927403688430786, -6.035120010375977]]
[384153, 14, 0, [0.12333312630653381, -3.4087111949920654]]
[384153, 17, 0, [3.773916482925415, -9.827995300292969]]
[384153, 24, 0, [4.603915691375732, -6.602124214172363]]
[384153, 5, 0, [8.642406463623047, -10.43785572052002]]
[384153, 22, 0, [4.786243915557861, -6.187929153442383]]
[384153, 18, 0, [2.1949357986450195, -0.12360771000385284]]
[384153, 8, 0, [2.5073111057281494, -4.654396057128906]]
[384153, 6, 0, [0.140204519033432, -12.201462745666504]]
[384153, 20, 1, [12.375847816467285, -6.34027624130249]]
[384153, 11, 1, [4.608109951019287, -1.5282799005508423]]
[384153, 16, 1, [4.856060981750488, -0.12332925945520401]]
[384153, 13, 1, [8.544621467590332, -0.1060166135430336]]
[384153, 3, 1, [2.8111956119537354, -4.47379732131958]]
[384153, 21, 1, [2.351478338241577, -0.14304932951927185]]
[384153, 19, 1, [8.276997566223145, -4.87240743637085]]
[384153, 23, 1, [10.814133644104004, -0.12316309660673141]]
[384153, 15, 1, [8.242929458618164, -0.8428804278373718]]
[384153, 2, 1, [0.09987100958824158, -12.383846282958984]]
[384153, 7, 1, [3.5659093856811523, -1.218831181526184]]
[384153, 4, 1, [10.911458969116211, -3.665015459060669]]
[384153, 9, 1, [6.1715168952941895, -11.600211143493652]]
[393903, 'popsize', 24, 'queuesize', 0]
[395203, 0, 0, [8.06452465057373, -0.9034994840621948]]
[395203, 12, 0, [9.662792205810547, -7.911614894866943]]
[395203, 10, 0, [1.4392435550689697, -6.021290302276611]]
[395203, 14, 0, [0.12333039194345474, -3.404646396636963]]
[395203, 17, 0, [3.739579200744629, -9.761713981628418]]
[395203, 24, 0, [4.530129909515381, -6.649538040161133]]
[395203, 5, 0, [8.651123046875, -9.771835327148438]]
[395203, 22, 0, [4.769937992095947, -6.143154621124268]]
[395203, 18, 0, [2.1559689044952393, -0.12360766530036926]]
[395203, 8, 0, [3.043701648712158, -4.388063907623291]]
[395203, 6, 0, [0.14022506773471832, -12.201181411743164]]
[395203, 20, 1, [12.375853538513184, -6.329863548278809]]
[395203, 11, 1, [4.5711445808410645, -1.5575315952301025]]
[395203, 16, 1, [4.8601508140563965, -0.12333034723997116]]
[395203, 13, 1, [8.393966674804688, -0.10602092742919922]]
[395203, 3, 1, [3.0115232467651367, -4.549633502960205]]
[395203, 21, 1, [2.312523365020752, -0.14312320947647095]]
[395203, 19, 1, [8.28734302520752, -4.841004848480225]]
[395203, 23, 1, [10.823197364807129, -0.12318767607212067]]
[395203, 15, 1, [8.232462882995605, -0.8148426413536072]]
[395203, 2, 1, [0.09979205578565598, -12.383749961853027]]
[395203, 7, 1, [3.5602171421051025, -1.2089760303497314]]
[395203, 4, 1, [10.902444839477539, -3.7098701000213623]]
[395203, 9, 1, [5.852428436279297, -11.851143836975098]]
[405404, 'popsize', 25, 'queuesize', 0]
[406704, 0, 0, [8.080439567565918, -0.9270514845848083]]
[406704, 12, 0, [9.611451148986816, -7.931299686431885]]
[406704, 10, 0, [1.428835391998291, -5.985861778259277]]
[406704, 14, 0, [0.12333081662654877, -3.395536184310913]]
[406704, 17, 0, [4.210839748382568, -9.36070728302002]]
[406704, 24, 0, [4.764971733093262, -6.500199794769287]]
[406704, 5, 0, [8.808451652526855, -9.781578063964844]]
[406704, 22, 0, [4.80079984664917, -6.320038318634033]]
[406704, 18, 0, [2.115272045135498, -0.12360063195228577]]
[406704, 8, 0, [3.4431025981903076, -4.755495548248291]]
[406704, 6, 0, [0.14018893241882324, -12.201129913330078]]
[406704, 1, 0, [11.728850364685059, -11.20569133758545]]
[406704, 20, 1, [12.375849723815918, -6.319241523742676]]
[406704, 11, 1, [4.589169502258301, -1.5888172388076782]]
[406704, 16, 1, [4.866966247558594, -0.12333633750677109]]
[406704, 13, 1, [8.238207817077637, -0.10601802915334702]]
[406704, 3, 1, [2.960150718688965, -4.5390706062316895]]
[406704, 21, 1, [2.271745443344116, -0.1430186629295349]]
[406704, 19, 1, [8.271113395690918, -4.849060535430908]]
[406704, 23, 1, [10.832347869873047, -0.12319201976060867]]
[406704, 15, 1, [8.212699890136719, -0.7904216647148132]]
[406704, 2, 1, [0.09991541504859924, -12.383764266967773]]
[406704, 7, 1, [3.6281580924987793, -1.2138853073120117]]
[406704, 4, 1, [10.922037124633789, -3.668224334716797]]
[406704, 9, 1, [5.882009029388428, -11.88217830657959]]
[416854, 'popsize', 25, 'queuesize', 0]
[418154, 0, 0, [8.105043411254883, -0.9415572881698608]]
[418154, 12, 0, [9.774155616760254, -8.252548217773438]]
[418154, 10, 0, [1.389259696006775, -5.990694999694824]]
[418154, 14, 0, [0.12333309650421143, -3.391817569732666]]
[418154, 17, 0, [4.364704132080078, -9.184319496154785]]
[418154, 24, 0, [4.714756965637207, -6.574981212615967]]
[418154, 5, 0, [9.665840148925781, -9.452384948730469]]
[418154, 22, 0, [4.917259216308594, -6.493573188781738]]
[418154, 18, 0, [2.074547290802002, -0.1236017644405365]]
[418154, 8, 0, [3.9883363246917725, -5.548041820526123]]
[418154, 6, 0, [0.1401768922805786, -12.200983047485352]]
[418154, 1, 0, [12.3819580078125, -10.99034309387207]]
[418154, 20, 1, [12.37584400177002, -6.309366703033447]]
[418154, 11, 1, [4.633512020111084, -1.5742958784103394]]
[418154, 16, 1, [4.871311664581299, -0.12333173304796219]]
[418154, 13, 1, [8.083306312561035, -0.1060526967048645]]
[418154, 3, 1, [2.93739914894104, -4.572380065917969]]
[418154, 21, 1, [2.2310354709625244, -0.14301659166812897]]
[418154, 19, 1, [8.210684776306152, -4.873887538909912]]
[418154, 23, 1, [10.841940879821777, -0.12316063046455383]]
[418154, 15, 1, [8.191146850585938, -0.7713751792907715]]
[418154, 2, 1, [0.10002344101667404, -12.383779525756836]]
[418154, 7, 1, [3.5709235668182373, -1.207675576210022]]
[418154, 4, 1, [10.87775707244873, -3.6836352348327637]]
[418154, 9, 1, [5.894373416900635, -11.823325157165527]]
[428204, 'popsize', 25, 'queuesize', 0]
[429504, 0, 0, [8.134171485900879, -0.9470502734184265]]
[429504, 12, 0, [10.106027603149414, -8.442138671875]]
[429504, 10, 0, [1.3850504159927368, -6.035651683807373]]
[429504, 14, 0, [0.12333814054727554, -3.386575222015381]]
[429504, 17, 0, [4.370780944824219, -9.202616691589355]]
[429504, 24, 0, [5.321163177490234, -6.445425987243652]]
[429504, 5, 0, [9.979372024536133, -9.374896049499512]]
[429504, 22, 0, [5.065955638885498, -6.6169610023498535]]
[429504, 18, 0, [2.03442120552063, -0.12361573427915573]]
[429504, 8, 0, [4.38116979598999, -6.422757148742676]]
[429504, 6, 0, [0.1401626467704773, -12.20088005065918]]
[429504, 1, 0, [12.394257545471191, -10.842862129211426]]
[429504, 20, 1, [12.375850677490234, -6.297879695892334]]
[429504, 11, 1, [4.625248432159424, -1.5349678993225098]]
[429504, 16, 1, [4.879155158996582, -0.12333357334136963]]
[429504, 13, 1, [7.929659843444824, -0.10605720430612564]]
[429504, 3, 1, [2.9664173126220703, -4.5923171043396]]
[429504, 21, 1, [2.190946102142334, -0.1430191695690155]]
[429504, 19, 1, [8.195046424865723, -4.890773296356201]]
[429504, 23, 1, [10.850569725036621, -0.12316808104515076]]
[429504, 15, 1, [8.16529369354248, -0.7590281963348389]]
[429504, 2, 1, [0.10002708435058594, -12.383743286132812]]
[429504, 7, 1, [3.5535452365875244, -1.1590673923492432]]
[429504, 4, 1, [10.863364219665527, -3.730372667312622]]
[429504, 9, 1, [5.923748970031738, -11.88365650177002]]
[439604, 'popsize', 25, 'queuesize', 0]
[440954, 0, 0, [8.1595458984375, -0.9491032361984253]]
[440954, 12, 0, [10.607712745666504, -8.914670944213867]]
[440954, 10, 0, [1.4185197353363037, -6.042569637298584]]
[440954, 14, 0, [0.1233324334025383, -3.382643699645996]]
[440954, 17, 0, [4.468173503875732, -9.269662857055664]]
[440954, 24, 0, [5.718800067901611, -6.5893235206604]]
[440954, 5, 0, [9.974935531616211, -9.411821365356445]]
[440954, 22, 0, [5.104541778564453, -6.630680561065674]]
[440954, 18, 0, [1.9943164587020874, -0.12359251827001572]]
[440954, 8, 0, [4.620937347412109, -7.351990699768066]]
[440954, 6, 0, [0.14006653428077698, -12.200730323791504]]
[440954, 1, 0, [12.3939847946167, -10.68655776977539]]
[440954, 20, 1, [12.375844955444336, -6.287265300750732]]
[440954, 11, 1, [4.583922386169434, -1.5378860235214233]]
[440954, 16, 1, [4.883248805999756, -0.12333109974861145]]
[440954, 13, 1, [7.591981410980225, -0.25379228591918945]]
[440954, 3, 1, [3.000945806503296, -4.566422462463379]]
[440954, 21, 1, [2.150601863861084, -0.14303308725357056]]
[440954, 19, 1, [8.208720207214355, -4.873167514801025]]
[440954, 23, 1, [10.855481147766113, -0.12316593527793884]]
[440954, 15, 1, [8.137654304504395, -0.7594835162162781]]
[440954, 2, 1, [0.10005168616771698, -12.383726119995117]]
[440954, 7, 1, [3.6889355182647705, -1.305902361869812]]
[440954, 4, 1, [10.88432788848877, -3.6979076862335205]]
[440954, 9, 1, [5.9160075187683105, -11.907578468322754]]
[451204, 'popsize', 25, 'queuesize', 0]
[452504, 0, 0, [8.185567855834961, -0.9409697651863098]]
[452504, 12, 0, [10.488746643066406, -8.973943710327148]]
[452504, 10, 0, [1.4372020959854126, -6.010793685913086]]
[452504, 14, 0, [0.12332913279533386, -3.3771228790283203]]
[452504, 17, 0, [4.439065933227539, -9.249530792236328]]
[452504, 24, 0, [5.144081115722656, -6.143467903137207]]
[452504, 5, 0, [10.034943580627441, -9.218571662902832]]
[452504, 22, 0, [5.120760917663574, -6.601225852966309]]
[452504, 18, 0, [1.9534037113189697, -0.1236126720905304]]
[452504, 8, 0, [4.661296844482422, -8.315327644348145]]
[452504, 6, 0, [0.14008618891239166, -12.200629234313965]]
[452504, 1, 0, [12.394302368164062, -10.528011322021484]]
[452504, 20, 1, [12.37585163116455, -6.27475643157959]]
[452504, 11, 1, [4.759159088134766, -1.6529037952423096]]
[452504, 16, 1, [4.890698432922363, -0.12333259731531143]]
[452504, 13, 1, [6.7552266120910645, -0.7247393131256104]]
[452504, 3, 1, [2.9846091270446777, -4.529413223266602]]
[452504, 21, 1, [2.109816789627075, -0.14308395981788635]]
[452504, 19, 1, [8.180097579956055, -4.871069431304932]]
[452504, 23, 1, [10.862730979919434, -0.12318865954875946]]
[452504, 15, 1, [8.110630989074707, -0.7658843994140625]]
[452504, 2, 1, [0.10004720091819763, -12.383700370788574]]
[452504, 7, 1, [3.9372944831848145, -1.5192508697509766]]
[452504, 4, 1, [10.837894439697266, -3.7029507160186768]]
[452504, 9, 1, [5.920051574707031, -11.841680526733398]]
[462754, 'popsize', 25, 'queuesize', 0]
[464054, 0, 0, [8.208946228027344, -0.9282805323600769]]
[464054, 12, 0, [10.551141738891602, -8.933882713317871]]
[464054, 10, 0, [1.4041557312011719, -5.9849934577941895]]
[464054, 14, 0, [0.12333333492279053, -3.368838310241699]]
[464054, 17, 0, [4.460269451141357, -9.274822235107422]]
[464054, 24, 0, [4.911072254180908, -5.9625563621521]]
[464054, 5, 0, [10.202986717224121, -8.959521293640137]]
[464054, 22, 0, [5.0974836349487305, -6.563389778137207]]
[464054, 18, 0, [1.9132893085479736, -0.12360362708568573]]
[464054, 8, 0, [4.551559925079346, -9.103156089782715]]
[464054, 6, 0, [0.1401485651731491, -12.200526237487793]]
[464054, 1, 0, [12.394006729125977, -10.369582176208496]]
[464054, 20, 1, [12.37585163116455, -6.262678623199463]]
[464054, 11, 1, [4.743137836456299, -1.621342420578003]]
[464054, 16, 1, [4.896390914916992, -0.12333597987890244]]
[464054, 13, 1, [6.030782222747803, -1.3439291715621948]]
[464054, 3, 1, [2.9457223415374756, -4.531641006469727]]
[464054, 21, 1, [2.0697875022888184, -0.14300622045993805]]
[464054, 19, 1, [8.243535995483398, -4.859574794769287]]
[464054, 23, 1, [10.869864463806152, -0.12318041175603867]]
[464054, 15, 1, [8.087570190429688, -0.7810826897621155]]
[464054, 2, 1, [0.10002391040325165, -12.38365650177002]]
[464054, 7, 1, [3.943452835083008, -1.5154974460601807]]
[464054, 4, 1, [10.826628684997559, -3.7420730590820312]]
[464054, 9, 1, [5.968759536743164, -11.874702453613281]]
[474304, 'popsize', 25, 'queuesize', 0]
[475604, 0, 0, [8.226536750793457, -0.905739426612854]]
[475604, 12, 0, [10.48786449432373, -8.930171012878418]]
[475604, 10, 0, [1.368660807609558, -5.999081134796143]]
[475604, 14, 0, [0.12333345413208008, -3.3651959896087646]]
[475604, 17, 0, [4.450972557067871, -9.625633239746094]]
[475604, 24, 0, [5.016670227050781, -6.163418292999268]]
[475604, 5, 0, [10.19343376159668, -8.95407772064209]]
[475604, 22, 0, [5.128161907196045, -6.684297561645508]]
[475604, 18, 0, [1.8732149600982666, -0.12359890341758728]]
[475604, 8, 0, [4.354062557220459, -9.494853973388672]]
[475604, 6, 0, [0.14011485874652863, -12.200417518615723]]
[475604, 1, 0, [12.39400577545166, -10.21242904663086]]
[475604, 20, 1, [12.375850677490234, -6.251091003417969]]
[475604, 11, 1, [4.71258020401001, -1.6253321170806885]]
[475604, 16, 1, [4.901028156280518, -0.12333221733570099]]
[475604, 13, 1, [5.506172180175781, -2.1096768379211426]]
[475604, 3, 1, [2.9266345500946045, -4.563601970672607]]
[475604, 21, 1, [2.029749631881714, -0.14301656186580658]]
[475604, 19, 1, [8.231744766235352, -4.828746318817139]]
[475604, 23, 1, [10.879186630249023, -0.12317981570959091]]
[475604, 15, 1, [8.068626403808594, -0.7984440326690674]]
[475604, 2, 1, [0.10003764927387238, -12.383658409118652]]
[475604, 7, 1, [3.9420065879821777, -1.5182284116744995]]
[475604, 4, 1, [10.854109764099121, -3.7161154747009277]]
[475604, 9, 1, [5.959822654724121, -11.820995330810547]]
[485854, 'popsize', 25, 'queuesize', 0]
[487154, 0, 0, [8.23878288269043, -0.8811558485031128]]
[487154, 12, 0, [10.551809310913086, -8.881416320800781]]
[487154, 10, 0, [1.3776390552520752, -6.0314836502075195]]
[487154, 14, 0, [0.1233329102396965, -3.3597097396850586]]
[487154, 17, 0, [4.487091064453125, -9.701497077941895]]
[487154, 24, 0, [4.785709857940674, -5.751699924468994]]
[487154, 5, 0, [10.31861400604248, -8.898734092712402]]
[487154, 22, 0, [4.868808269500732, -6.394264221191406]]
[487154, 18, 0, [1.8329737186431885, -0.12361406534910202]]
[487154, 8, 0, [4.150219440460205, -9.792001724243164]]
[487154, 6, 0, [0.1400720626115799, -12.200440406799316]]
[487154, 1, 0, [12.393983840942383, -10.055220603942871]]
[487154, 20, 1, [12.375843048095703, -6.241642951965332]]
[487154, 11, 1, [4.7097859382629395, -1.6635266542434692]]
[487154, 16, 1, [4.906936168670654, -0.12333174794912338]]
[487154, 13, 1, [5.299964427947998, -2.6352362632751465]]
[487154, 3, 1, [2.9551823139190674, -4.592402935028076]]
[487154, 21, 1, [1.9895297288894653, -0.14301851391792297]]
[487154, 19, 1, [8.195399284362793, -4.819824695587158]]
[487154, 23, 1, [10.886237144470215, -0.12316174060106277]]
[487154, 15, 1, [8.056901931762695, -0.8242127299308777]]
[487154, 2, 1, [0.10006999969482422, -12.383668899536133]]
[487154, 7, 1, [3.938929319381714, -1.4614574909210205]]
[487154, 4, 1, [10.8165864944458, -3.699398994445801]]
[487154, 9, 1, [5.959272861480713, -11.806879043579102]]
[497304, 'popsize', 25, 'queuesize', 0]
[498655, 0, 0, [8.243393898010254, -0.8537520170211792]]
[498655, 12, 0, [10.627925872802734, -9.010616302490234]]
[498655, 10, 0, [1.4138437509536743, -6.040721416473389]]
[498655, 14, 0, [0.12333523482084274, -3.3537404537200928]]
[498655, 17, 0, [4.466795444488525, -9.628937721252441]]
[498655, 24, 0, [4.819696426391602, -5.82245397567749]]
[498655, 5, 0, [10.400398254394531, -9.069866180419922]]
[498655, 22, 0, [4.840303897857666, -6.365255355834961]]
[498655, 18, 0, [1.7918776273727417, -0.1236179992556572]]
[498655, 8, 0, [3.314920663833618, -9.318881034851074]]
[498655, 6, 0, [0.14004674553871155, -12.200262069702148]]
[498655, 1, 0, [12.39401912689209, -9.898576736450195]]
[498655, 20, 1, [12.375843048095703, -6.230122089385986]]
[498655, 11, 1, [4.748452186584473, -1.6710014343261719]]
[498655, 16, 1, [4.914300918579102, -0.12333419173955917]]
[498655, 13, 1, [5.335295677185059, -3.4195544719696045]]
[498655, 3, 1, [2.989874839782715, -4.573453903198242]]
[498655, 21, 1, [1.9483438730239868, -0.1431027501821518]]
[498655, 19, 1, [8.21669864654541, -4.853097915649414]]
[498655, 23, 1, [10.894524574279785, -0.12315966933965683]]
[498655, 15, 1, [8.052687644958496, -0.8515199422836304]]
[498655, 2, 1, [0.10005168616771698, -12.383627891540527]]
[498655, 7, 1, [3.9097225666046143, -1.438135027885437]]
[498655, 4, 1, [10.765256881713867, -3.7221052646636963]]
[498655, 9, 1, [6.019837379455566, -11.773969650268555]]
[508955, 'popsize', 25, 'queuesize', 0]
[510255, 0, 0, [8.240924835205078, -0.8259092569351196]]
[510255, 12, 0, [10.621245384216309, -9.021367073059082]]
[510255, 10, 0, [1.433876395225525, -6.015835285186768]]
[510255, 14, 0, [0.12332968413829803, -3.346907615661621]]
[510255, 17, 0, [4.4439802169799805, -9.67558765411377]]
[510255, 24, 0, [4.4928879737854, -6.017909049987793]]
[510255, 5, 0, [10.280906677246094, -9.27254867553711]]
[510255, 22, 0, [4.816629886627197, -6.39523458480835]]
[510255, 18, 0, [1.7516342401504517, -0.12360388785600662]]
[510255, 8, 0, [2.5820181369781494, -8.67783260345459]]
[510255, 6, 0, [0.14010463654994965, -12.200231552124023]]
[510255, 1, 0, [12.394000053405762, -9.740898132324219]]
[510255, 20, 1, [12.375847816467285, -6.217895030975342]]
[510255, 11, 1, [4.7759833335876465, -1.6465632915496826]]
[510255, 16, 1, [4.920302867889404, -0.12333015352487564]]
[510255, 13, 1, [5.563282012939453, -4.358982563018799]]
[510255, 3, 1, [2.9864330291748047, -4.539565563201904]]
[510255, 21, 1, [1.9083157777786255, -0.14296501874923706]]
[510255, 19, 1, [8.201976776123047, -4.8728837966918945]]
[510255, 23, 1, [10.900018692016602, -0.12314700335264206]]
[510255, 15, 1, [8.058889389038086, -0.8814936280250549]]
[510255, 2, 1, [0.10003285855054855, -12.383615493774414]]
[510255, 7, 1, [3.948995351791382, -1.4922528266906738]]
[510255, 4, 1, [10.804119110107422, -3.7113654613494873]]
[510255, 9, 1, [6.037168979644775, -11.723421096801758]]
[520355, 'popsize', 25, 'queuesize', 0]
[521655, 0, 0, [8.229634284973145, -0.8012107610702515]]
[521655, 12, 0, [10.180103302001953, -8.373340606689453]]
[521655, 10, 0, [1.4146473407745361, -5.982548236846924]]
[521655, 14, 0, [0.12333060055971146, -3.3421669006347656]]
[521655, 17, 0, [4.4101715087890625, -9.6522216796875]]
[521655, 24, 0, [3.5448520183563232, -6.096871376037598]]
[521655, 5, 0, [9.702757835388184, -10.036468505859375]]
[521655, 22, 0, [4.841811180114746, -6.4336652755737305]]
[521655, 18, 0, [1.7109930515289307, -0.12361449003219604]]
[521655, 8, 0, [1.999435544013977, -7.915775775909424]]
[521655, 6, 0, [0.14003005623817444, -12.20018482208252]]
[521655, 1, 0, [12.393941879272461, -9.585994720458984]]
[521655, 20, 1, [12.3758544921875, -6.2069010734558105]]
[521655, 11, 1, [4.748832702636719, -1.6084345579147339]]
[521655, 16, 1, [4.928228855133057, -0.12333548814058304]]
[521655, 13, 1, [5.364235877990723, -4.3719611167907715]]
[521655, 3, 1, [2.947324514389038, -4.529791355133057]]
[521655, 21, 1, [1.8675929307937622, -0.14299964904785156]]
[521655, 19, 1, [8.13902759552002, -4.90442419052124]]
[521655, 23, 1, [10.906911849975586, -0.1231689602136612]]
[521655, 15, 1, [8.071703910827637, -0.9066709876060486]]
[521655, 2, 1, [0.10006487369537354, -12.383612632751465]]
[521655, 7, 1, [3.9915010929107666, -1.50473153591156]]
[521655, 4, 1, [10.808762550354004, -3.664668083190918]]
[521655, 9, 1, [6.426866054534912, -11.795910835266113]]
[531905, 'popsize', 25, 'queuesize', 0]
[533255, 0, 0, [8.212401390075684, -0.7789595127105713]]
[533255, 12, 0, [10.123761177062988, -8.220949172973633]]
[533255, 10, 0, [1.3792184591293335, -5.992288112640381]]
[533255, 14, 0, [0.12333610653877258, -3.3350160121917725]]
[533255, 17, 0, [4.366170406341553, -9.636392593383789]]
[533255, 24, 0, [2.5816423892974854, -5.983466148376465]]
[533255, 5, 0, [8.969855308532715, -10.667978286743164]]
[533255, 22, 0, [4.8912858963012695, -6.387818813323975]]
[533255, 18, 0, [1.6702359914779663, -0.12360108643770218]]
[533255, 8, 0, [1.579495906829834, -7.041510581970215]]
[533255, 6, 0, [0.14000533521175385, -12.200071334838867]]
[533255, 1, 0, [12.374835968017578, -9.450861930847168]]
[533255, 20, 1, [12.375853538513184, -6.194941520690918]]
[533255, 11, 1, [4.714543342590332, -1.620263695716858]]
[533255, 16, 1, [4.932139873504639, -0.12333180755376816]]
[533255, 13, 1, [4.475625991821289, -4.040490627288818]]
[533255, 3, 1, [2.93068265914917, -4.558834075927734]]
[533255, 21, 1, [1.8265917301177979, -0.14309753477573395]]
[533255, 19, 1, [8.173527717590332, -4.907219886779785]]
[533255, 23, 1, [10.918190956115723, -0.12318389117717743]]
[533255, 15, 1, [8.092452049255371, -0.9267308712005615]]
[533255, 2, 1, [0.10006584972143173, -12.38359546661377]]
[533255, 7, 1, [3.9603757858276367, -1.519299030303955]]
[533255, 4, 1, [10.773554801940918, -3.67995023727417]]
[533255, 9, 1, [6.849729537963867, -12.051562309265137]]
[543555, 'popsize', 25, 'queuesize', 0]
[546855, 6, 0, [0.14010465145111084, -12.19967269897461]]
[546855, 1, 0, [12.35484790802002, -9.158095359802246]]
[546855, 7, 1, [3.9409875869750977, -1.1787089109420776]]
[546855, 4, 1, [10.713942527770996, -3.6879260540008545]]
[546855, 9, 1, [7.12065315246582, -11.96951961517334]]
[548905, 'popsize', 5, 'queuesize', 0]
[549205, 6, 0, [0.13988597691059113, -12.198113441467285]]
[549205, 1, 0, [12.37161636352539, -8.976402282714844]]
[549205, 7, 1, [3.949981451034546, -1.1492794752120972]]
[549205, 4, 1, [10.773517608642578, -3.6733105182647705]]
[549205, 9, 1, [7.120063781738281, -12.021384239196777]]
[551305, 'popsize', 5, 'queuesize', 0]
[551605, 6, 0, [0.13985693454742432, -12.198002815246582]]
[551605, 1, 0, [12.377958297729492, -8.78011417388916]]
[551605, 7, 1, [3.9151439666748047, -1.1969411373138428]]
[551605, 4, 1, [10.755331993103027, -3.7056429386138916]]
[551605, 9, 1, [7.14654016494751, -11.994575500488281]]
[553705, 'popsize', 5, 'queuesize', 0]
[554005, 6, 0, [0.1398182362318039, -12.197909355163574]]
[554005, 1, 0, [12.376483917236328, -8.584994316101074]]
[554005, 7, 1, [3.9340333938598633, -1.1908968687057495]]
[554005, 4, 1, [10.744821548461914, -3.67364501953125]]
[554005, 9, 1, [7.108649253845215, -12.000090599060059]]
[556105, 'popsize', 5, 'queuesize', 0]
[556405, 6, 0, [0.13980893790721893, -12.197826385498047]]
[556405, 1, 0, [12.36289119720459, -8.39610481262207]]
[556405, 7, 1, [4.001987457275391, -1.2153956890106201]]
[556405, 4, 1, [10.788522720336914, -3.6732306480407715]]
[556405, 9, 1, [7.07390022277832, -12.026268005371094]]
[558505, 'popsize', 5, 'queuesize', 0]
[559005, 1, 0, [12.337373733520508, -8.180485725402832]]
[559005, 4, 1, [10.782631874084473, -3.6966798305511475]]
[559005, 9, 1, [7.121480464935303, -12.063518524169922]]
[560305, 'popsize', 3, 'queuesize', 0]
[560505, 1, 0, [12.319536209106445, -8.056612014770508]]
[560505, 4, 1, [10.763236999511719, -3.6820058822631836]]
[560505, 9, 1, [7.132716655731201, -12.024941444396973]]
[561805, 'popsize', 3, 'queuesize', 0]
[562005, 1, 0, [12.297930717468262, -7.938444137573242]]
[562005, 4, 1, [10.76616382598877, -3.660938262939453]]
[562005, 9, 1, [7.095975399017334, -12.007879257202148]]
[563305, 'popsize', 3, 'queuesize', 0]
[563505, 1, 0, [12.272156715393066, -7.815624237060547]]
[563505, 4, 1, [10.785371780395508, -3.655195951461792]]
[563505, 9, 1, [7.070459365844727, -12.039995193481445]]
[564805, 'popsize', 3, 'queuesize', 0]
[565005, 1, 0, [12.24368953704834, -7.694948196411133]]
[565005, 4, 1, [10.809988975524902, -3.6580965518951416]]
[565005, 9, 1, [7.100344657897949, -12.070106506347656]]
[566305, 'popsize', 3, 'queuesize', 0]
[566505, 1, 0, [12.213391304016113, -7.577542304992676]]
[566505, 4, 1, [10.813277244567871, -3.683932304382324]]
[566505, 9, 1, [7.135181427001953, -12.045097351074219]]
[567805, 'popsize', 3, 'queuesize', 0]
[568105, 1, 0, [12.178756713867188, -7.461005210876465]]
[568105, 9, 1, [7.113860607147217, -12.00683879852295]]
[569005, 'popsize', 2, 'queuesize', 0]
[569155, 1, 0, [12.152483940124512, -7.386665344238281]]
[569155, 9, 1, [7.083408355712891, -12.013090133666992]]
[570055, 'popsize', 2, 'queuesize', 0]
[570205, 1, 0, [12.12140941619873, -7.306200981140137]]
[570205, 9, 1, [7.073620319366455, -12.042730331420898]]
[571105, 'popsize', 2, 'queuesize', 0]
[571255, 1, 0, [12.08741283416748, -7.224704742431641]]
[571255, 9, 1, [7.0908660888671875, -12.06522274017334]]
[572155, 'popsize', 2, 'queuesize', 0]
[572305, 1, 0, [12.05241870880127, -7.143471717834473]]
[572305, 9, 1, [7.1213908195495605, -12.062478065490723]]
[573205, 'popsize', 2, 'queuesize', 0]
[573355, 1, 0, [12.016220092773438, -7.064379692077637]]
[573355, 9, 1, [7.1354289054870605, -12.036491394042969]]
[574255, 'popsize', 2, 'queuesize', 0]
[574405, 1, 0, [11.97736930847168, -6.98496150970459]]
[574405, 9, 1, [7.120189666748047, -12.009907722473145]]
[575305, 'popsize', 2, 'queuesize', 0]
[575455, 1, 0, [11.940269470214844, -6.91400671005249]]
[575455, 9, 1, [7.089721202850342, -12.005721092224121]]
[576355, 'popsize', 2, 'queuesize', 0]
[576505, 1, 0, [11.89780044555664, -6.8385910987854]]
[576505, 9, 1, [7.071700572967529, -12.027570724487305]]
[577405, 'popsize', 2, 'queuesize', 0]
[577555, 1, 0, [11.853473663330078, -6.763062000274658]]
[577555, 9, 1, [7.0762200355529785, -12.054606437683105]]
[578455, 'popsize', 2, 'queuesize', 0]
[578605, 1, 0, [11.808545112609863, -6.689716339111328]]
[578605, 9, 1, [7.103031635284424, -12.06882095336914]]
[579505, 'popsize', 2, 'queuesize', 0]
[579755, 1, 0, [11.7587251663208, -6.613432884216309]]
