[time, indiv, gender, coords]
[10400, 'popsize', 20, 'queuesize', 0]
[11450, 5, 0, [9.374445915222168, -11.198555946350098]]
[11450, 14, 0, [0.7212052345275879, -3.864337205886841]]
[11450, 22, 0, [3.783844232559204, -6.313493251800537]]
[11450, 9, 0, [6.2597527503967285, -11.277795791625977]]
[11450, 15, 0, [8.206476211547852, -1.2289681434631348]]
[11450, 20, 0, [8.743645668029785, -6.303437232971191]]
[11450, 4, 0, [11.200868606567383, -3.768672227859497]]
[11450, 12, 0, [11.706531524658203, -8.71962833404541]]
[11450, 18, 0, [3.72328782081604, -3.692917823791504]]
[11450, 0, 0, [10.835114479064941, -1.2368144989013672]]
[11450, 19, 1, [8.795744895935059, -3.734950542449951]]
[11450, 2, 1, [0.9468708634376526, -11.021069526672363]]
[11450, 21, 1, [6.834895133972168, -8.716894149780273]]
[11450, 7, 1, [3.755031108856201, -1.2799769639968872]]
[11450, 6, 1, [1.7797057628631592, -8.724603652954102]]
[11450, 8, 1, [11.251800537109375, -6.306727886199951]]
[11450, 11, 1, [6.2428388595581055, -1.1913334131240845]]
[11450, 3, 1, [1.2398278713226318, -1.1974822282791138]]
[11450, 17, 1, [3.728102207183838, -8.799762725830078]]
[11450, 13, 1, [4.146678924560547, -11.230108261108398]]
[19700, 'popsize', 20, 'queuesize', 0]
[20850, 5, 0, [10.12887191772461, -11.032014846801758]]
[20850, 14, 0, [0.24316443502902985, -4.339886665344238]]
[20850, 22, 0, [3.786768913269043, -6.404510021209717]]
[20850, 9, 0, [6.20532751083374, -11.263572692871094]]
[20850, 15, 0, [7.435934543609619, -1.0930083990097046]]
[20850, 20, 0, [8.704276084899902, -6.254152297973633]]
[20850, 4, 0, [10.962396621704102, -3.3772308826446533]]
[20850, 12, 0, [12.028676986694336, -8.641922950744629]]
[20850, 18, 0, [3.72930645942688, -3.751223564147949]]
[20850, 0, 0, [10.058282852172852, -1.104720950126648]]
[20850, 19, 1, [8.74687385559082, -4.081061840057373]]
[20850, 2, 1, [1.2204688787460327, -10.349133491516113]]
[20850, 21, 1, [7.590664386749268, -8.571513175964355]]
[20850, 7, 1, [3.6898772716522217, -1.2562110424041748]]
[20850, 6, 1, [2.53177809715271, -8.576639175415039]]
[20850, 8, 1, [11.21953296661377, -6.2517194747924805]]
[20850, 11, 1, [6.039339065551758, -1.42754328250885]]
[20850, 3, 1, [1.2502652406692505, -1.1944960355758667]]
[20850, 17, 1, [3.7401890754699707, -8.736824035644531]]
[20850, 13, 1, [4.903853416442871, -11.10142993927002]]
[28950, 'popsize', 20, 'queuesize', 0]
[30050, 5, 0, [10.832338333129883, -10.757804870605469]]
[30050, 14, 0, [0.14566129446029663, -4.786706447601318]]
[30050, 22, 0, [3.7770209312438965, -6.467459201812744]]
[30050, 9, 0, [6.254072666168213, -11.298093795776367]]
[30050, 15, 0, [6.705205917358398, -0.83231121301651]]
[30050, 20, 0, [8.72923755645752, -6.312679290771484]]
[30050, 4, 0, [10.79272747039795, -3.1188607215881348]]
[30050, 12, 0, [12.375680923461914, -8.493943214416504]]
[30050, 18, 0, [3.693134307861328, -3.6952762603759766]]
[30050, 0, 0, [9.324409484863281, -0.8515956401824951]]
[30050, 19, 1, [8.742729187011719, -4.020009517669678]]
[30050, 2, 1, [1.30324125289917, -10.330445289611816]]
[30050, 21, 1, [8.309212684631348, -8.297224044799805]]
[30050, 7, 1, [3.7229251861572266, -1.2784360647201538]]
[30050, 6, 1, [3.020519733428955, -8.395256042480469]]
[30050, 8, 1, [11.242462158203125, -6.312678813934326]]
[30050, 11, 1, [6.090846061706543, -1.4528378248214722]]
[30050, 3, 1, [1.2558692693710327, -1.1736249923706055]]
[30050, 17, 1, [3.7062180042266846, -8.791492462158203]]
[30050, 13, 1, [5.622336387634277, -10.851643562316895]]
[38400, 'popsize', 20, 'queuesize', 0]
[39500, 5, 0, [11.505139350891113, -10.349173545837402]]
[39500, 14, 0, [0.12479850649833679, -4.765753269195557]]
[39500, 22, 0, [3.3896305561065674, -6.691038608551025]]
[39500, 9, 0, [6.211666107177734, -11.245895385742188]]
[39500, 15, 0, [6.655426025390625, -0.6799158453941345]]
[39500, 20, 0, [8.721203804016113, -6.246355056762695]]
[39500, 4, 0, [10.825481414794922, -3.2954859733581543]]
[39500, 12, 0, [12.375833511352539, -8.48394775390625]]
[39500, 18, 0, [3.744434118270874, -3.743035078048706]]
[39500, 0, 0, [8.788047790527344, -0.5757023692131042]]
[39500, 19, 1, [9.094341278076172, -4.015700817108154]]
[39500, 2, 1, [0.8554695248603821, -10.439961433410645]]
[39500, 21, 1, [8.984580039978027, -7.88353157043457]]
[39500, 7, 1, [3.774725914001465, -1.2370867729187012]]
[39500, 6, 1, [2.801403284072876, -7.951288223266602]]
[39500, 8, 1, [11.23819351196289, -6.254689693450928]]
[39500, 11, 1, [6.083131313323975, -1.605513334274292]]
[39500, 3, 1, [1.327205777168274, -1.2223464250564575]]
[39500, 17, 1, [3.8055968284606934, -9.179926872253418]]
[39500, 13, 1, [6.300666332244873, -10.467013359069824]]
[47750, 'popsize', 20, 'queuesize', 0]
[48800, 5, 0, [11.638530731201172, -10.24799633026123]]
[48800, 14, 0, [0.12434902042150497, -4.775561332702637]]
[48800, 22, 0, [2.7174696922302246, -7.08180570602417]]
[48800, 9, 0, [6.231845855712891, -11.3012056350708]]
[48800, 15, 0, [7.418702602386475, -0.5282866954803467]]
[48800, 20, 0, [8.713025093078613, -6.303284168243408]]
[48800, 4, 0, [10.936779022216797, -3.9231369495391846]]
[48800, 12, 0, [12.375855445861816, -8.474885940551758]]
[48800, 18, 0, [3.7247867584228516, -3.744804859161377]]
[48800, 0, 0, [8.851984024047852, -0.6228439807891846]]
[48800, 19, 1, [9.030339241027832, -4.031172275543213]]
[48800, 2, 1, [0.9502888917922974, -9.874560356140137]]
[48800, 21, 1, [9.545647621154785, -7.3621063232421875]]
[48800, 7, 1, [3.7202227115631104, -1.2648335695266724]]
[48800, 6, 1, [2.5474793910980225, -7.223927021026611]]
[48800, 8, 1, [11.236079216003418, -6.31138277053833]]
[48800, 11, 1, [6.094823360443115, -1.840819239616394]]
[48800, 3, 1, [1.2892614603042603, -1.230452299118042]]
[48800, 17, 1, [3.839951753616333, -9.959062576293945]]
[48800, 13, 1, [6.891570091247559, -9.980080604553223]]
[57400, 'popsize', 21, 'queuesize', 0]
[58550, 5, 0, [11.58401107788086, -10.707865715026855]]
[58550, 14, 0, [0.12424934655427933, -4.783973217010498]]
[58550, 22, 0, [2.848531723022461, -6.961390018463135]]
[58550, 9, 0, [6.220588207244873, -11.243435859680176]]
[58550, 15, 0, [8.225726127624512, -0.5100323557853699]]
[58550, 20, 0, [8.726256370544434, -6.241626262664795]]
[58550, 4, 0, [10.562955856323242, -4.20083475112915]]
[58550, 12, 0, [12.375843048095703, -8.46590518951416]]
[58550, 18, 0, [3.759699583053589, -3.6924386024475098]]
[58550, 0, 0, [8.71631145477295, -0.5408973693847656]]
[58550, 19, 1, [9.312637329101562, -4.150027275085449]]
[58550, 2, 1, [1.0440759658813477, -9.880130767822266]]
[58550, 21, 1, [10.009819030761719, -6.719756603240967]]
[58550, 7, 1, [3.7792019844055176, -1.2561042308807373]]
[58550, 6, 1, [2.4379422664642334, -6.503350257873535]]
[58550, 8, 1, [11.258533477783203, -6.253152847290039]]
[58550, 11, 1, [5.968221664428711, -1.9632956981658936]]
[58550, 3, 1, [1.3193364143371582, -1.2471445798873901]]
[58550, 17, 1, [3.742110013961792, -10.764774322509766]]
[58550, 13, 1, [7.418536186218262, -9.376761436462402]]
[58550, 24, 1, [5.816122531890869, -6.229905128479004]]
[67200, 'popsize', 21, 'queuesize', 0]
[68300, 5, 0, [11.619367599487305, -11.142526626586914]]
[68300, 14, 0, [0.1241559162735939, -4.7940993309021]]
[68300, 22, 0, [3.271171808242798, -6.587616920471191]]
[68300, 9, 0, [6.239256381988525, -11.300774574279785]]
[68300, 15, 0, [8.719219207763672, -0.5590491890907288]]
[68300, 20, 0, [8.715503692626953, -6.297071933746338]]
[68300, 4, 0, [10.314565658569336, -4.395529747009277]]
[68300, 12, 0, [12.375848770141602, -8.456293106079102]]
[68300, 18, 0, [3.7706139087677, -3.725419759750366]]
[68300, 0, 0, [8.915024757385254, -0.5801346898078918]]
[68300, 19, 1, [9.444276809692383, -4.245674133300781]]
[68300, 2, 1, [0.596422553062439, -10.004192352294922]]
[68300, 21, 1, [10.373538970947266, -5.9919514656066895]]
[68300, 7, 1, [3.766845941543579, -1.237971305847168]]
[68300, 6, 1, [2.500894784927368, -5.683104038238525]]
[68300, 8, 1, [11.250494956970215, -6.316228866577148]]
[68300, 11, 1, [5.816771030426025, -2.146084785461426]]
[68300, 3, 1, [1.3325350284576416, -1.2355129718780518]]
[68300, 17, 1, [3.4929256439208984, -11.545839309692383]]
[68300, 13, 1, [7.803106307983398, -8.701129913330078]]
[68300, 24, 1, [5.013492107391357, -6.081289768218994]]
[76900, 'popsize', 21, 'queuesize', 0]
[78000, 5, 0, [11.4181547164917, -11.934247970581055]]
[78000, 14, 0, [0.12416141480207443, -4.8043341636657715]]
[78000, 22, 0, [3.112388849258423, -6.8227057456970215]]
[78000, 9, 0, [6.21094274520874, -11.243950843811035]]
[78000, 15, 0, [8.773682594299316, -0.5370677709579468]]
[78000, 20, 0, [8.714970588684082, -6.230881214141846]]
[78000, 4, 0, [10.33463191986084, -4.396148681640625]]
[78000, 12, 0, [12.375853538513184, -8.446691513061523]]
[78000, 18, 0, [3.766951560974121, -3.7853598594665527]]
[78000, 0, 0, [8.969216346740723, -0.5510503649711609]]
[78000, 19, 1, [9.102906227111816, -4.115910530090332]]
[78000, 2, 1, [0.4041573703289032, -9.267925262451172]]
[78000, 21, 1, [10.595407485961914, -5.2107648849487305]]
[78000, 7, 1, [4.0339436531066895, -1.0032864809036255]]
[78000, 6, 1, [2.607508420944214, -5.04221773147583]]
[78000, 8, 1, [11.232719421386719, -6.64038610458374]]
[78000, 11, 1, [5.841118335723877, -2.0849361419677734]]
[78000, 3, 1, [1.391558051109314, -1.308828592300415]]
[78000, 17, 1, [3.1108546257019043, -12.266762733459473]]
[78000, 13, 1, [8.0214204788208, -7.950913429260254]]
[78000, 24, 1, [4.24296760559082, -5.806501865386963]]
[86500, 'popsize', 21, 'queuesize', 0]
[87600, 5, 0, [11.246988296508789, -12.376672744750977]]
[87600, 14, 0, [0.12414365261793137, -4.813479900360107]]
[87600, 22, 0, [2.5901074409484863, -7.43590784072876]]
[87600, 9, 0, [6.240358352661133, -11.298954963684082]]
[87600, 15, 0, [8.830284118652344, -0.5159111618995667]]
[87600, 20, 0, [8.714795112609863, -6.245975971221924]]
[87600, 4, 0, [10.289603233337402, -3.9327969551086426]]
[87600, 12, 0, [12.37585163116455, -8.437321662902832]]
[87600, 18, 0, [3.716447353363037, -3.7457125186920166]]
[87600, 0, 0, [9.026037216186523, -0.5198307633399963]]
[87600, 19, 1, [9.170491218566895, -4.105636119842529]]
[87600, 2, 1, [0.37439393997192383, -8.462790489196777]]
[87600, 21, 1, [10.6077880859375, -5.0669941902160645]]
[87600, 7, 1, [4.031708240509033, -1.0171958208084106]]
[87600, 6, 1, [2.713285446166992, -4.83900260925293]]
[87600, 8, 1, [11.284364700317383, -6.607916831970215]]
[87600, 11, 1, [5.605707168579102, -2.2983341217041016]]
[87600, 3, 1, [1.3574893474578857, -1.3098052740097046]]
[87600, 17, 1, [3.0472638607025146, -12.376672744750977]]
[87600, 13, 1, [8.064850807189941, -7.18779182434082]]
[87600, 24, 1, [3.549877882003784, -5.398114204406738]]
[96200, 'popsize', 21, 'queuesize', 0]
[97300, 5, 0, [11.243958473205566, -12.376668930053711]]
[97300, 14, 0, [0.12412886321544647, -4.822833061218262]]
[97300, 22, 0, [2.4621658325195312, -7.547665119171143]]
[97300, 9, 0, [6.212223052978516, -11.263030052185059]]
[97300, 15, 0, [8.884462356567383, -0.4923750162124634]]
[97300, 20, 0, [8.651482582092285, -6.286739349365234]]
[97300, 4, 0, [10.278820991516113, -3.121678590774536]]
[97300, 12, 0, [12.375846862792969, -8.428211212158203]]
[97300, 18, 0, [3.757122755050659, -3.7913920879364014]]
[97300, 0, 0, [9.080053329467773, -0.4866768419742584]]
[97300, 19, 1, [9.110875129699707, -4.11404275894165]]
[97300, 2, 1, [0.4182507395744324, -7.90056037902832]]
[97300, 21, 1, [10.608217239379883, -5.069500923156738]]
[97300, 7, 1, [4.0876784324646, -1.0254687070846558]]
[97300, 6, 1, [2.8968889713287354, -4.728713512420654]]
[97300, 8, 1, [11.231362342834473, -6.638099193572998]]
[97300, 11, 1, [5.639455318450928, -2.351062536239624]]
[97300, 3, 1, [1.3802629709243774, -1.312253475189209]]
[97300, 17, 1, [3.044232130050659, -12.376668930053711]]
[97300, 13, 1, [7.955286026000977, -6.399327754974365]]
[97300, 24, 1, [2.937499761581421, -4.876613616943359]]
[105801, 'popsize', 21, 'queuesize', 0]
[106901, 5, 0, [11.24043083190918, -12.376669883728027]]
[106901, 14, 0, [0.12415279448032379, -4.832479000091553]]
[106901, 22, 0, [2.442728042602539, -7.625153064727783]]
[106901, 9, 0, [6.186294078826904, -11.304389953613281]]
[106901, 15, 0, [8.932052612304688, -0.4668424427509308]]
[106901, 20, 0, [8.709427833557129, -6.247213363647461]]
[106901, 4, 0, [10.323416709899902, -2.816314220428467]]
[106901, 12, 0, [12.37584400177002, -8.418601036071777]]
[106901, 18, 0, [3.7513115406036377, -3.795200824737549]]
[106901, 0, 0, [9.126916885375977, -0.4520287811756134]]
[106901, 19, 1, [9.008308410644531, -3.7980728149414062]]
[106901, 2, 1, [0.9521363377571106, -7.6377482414245605]]
[106901, 21, 1, [10.614538192749023, -5.069029808044434]]
[106901, 7, 1, [4.080715179443359, -0.9996392130851746]]
[106901, 6, 1, [3.617227554321289, -4.38953971862793]]
[106901, 8, 1, [11.292802810668945, -6.61356782913208]]
[106901, 11, 1, [5.510983943939209, -2.4596312046051025]]
[106901, 3, 1, [1.407308578491211, -1.39901864528656]]
[106901, 17, 1, [3.0398213863372803, -12.37667179107666]]
[106901, 13, 1, [7.67786169052124, -5.6898512840271]]
[106901, 24, 1, [2.6223678588867188, -4.1809916496276855]]
[115401, 'popsize', 21, 'queuesize', 0]
[116501, 5, 0, [11.232407569885254, -12.376666069030762]]
[116501, 14, 0, [0.12415610253810883, -4.8429694175720215]]
[116501, 22, 0, [2.4671287536621094, -7.563286304473877]]
[116501, 9, 0, [6.23457670211792, -11.34212589263916]]
[116501, 15, 0, [8.98180866241455, -0.4379616677761078]]
[116501, 20, 0, [8.70069408416748, -6.265491008758545]]
[116501, 4, 0, [10.34626579284668, -2.995863437652588]]
[116501, 12, 0, [12.375850677490234, -8.409523963928223]]
[116501, 18, 0, [3.782835006713867, -3.7426059246063232]]
[116501, 0, 0, [9.17602825164795, -0.41528716683387756]]
[116501, 19, 1, [8.992640495300293, -3.8457560539245605]]
[116501, 2, 1, [1.7044432163238525, -7.355844020843506]]
[116501, 21, 1, [10.40286922454834, -4.4611735343933105]]
[116501, 7, 1, [3.90678071975708, -1.1681840419769287]]
[116501, 6, 1, [4.397115707397461, -4.187152862548828]]
[116501, 8, 1, [11.229281425476074, -6.628397464752197]]
[116501, 11, 1, [5.338765621185303, -2.630793809890747]]
[116501, 3, 1, [1.374717116355896, -1.3830530643463135]]
[116501, 17, 1, [3.0337023735046387, -12.376668930053711]]
[116501, 13, 1, [7.260926723480225, -5.029104232788086]]
[116501, 24, 1, [2.403561592102051, -3.407968759536743]]
[124951, 'popsize', 21, 'queuesize', 0]
[126051, 5, 0, [11.228865623474121, -12.376670837402344]]
[126051, 14, 0, [0.12415043264627457, -4.852060794830322]]
[126051, 22, 0, [2.489434003829956, -7.884936809539795]]
[126051, 9, 0, [6.188182353973389, -11.2925386428833]]
[126051, 15, 0, [9.030252456665039, -0.40800127387046814]]
[126051, 20, 0, [8.629764556884766, -6.230235576629639]]
[126051, 4, 0, [10.237778663635254, -3.2061586380004883]]
[126051, 12, 0, [12.3758544921875, -8.399918556213379]]
[126051, 18, 0, [3.756110191345215, -3.8032498359680176]]
[126051, 0, 0, [9.223692893981934, -0.3763439655303955]]
[126051, 19, 1, [9.017431259155273, -3.889134645462036]]
[126051, 2, 1, [2.4934628009796143, -7.216914176940918]]
[126051, 21, 1, [10.022638320922852, -3.766993522644043]]
[126051, 7, 1, [3.718580961227417, -1.2759747505187988]]
[126051, 6, 1, [5.190654754638672, -4.113664627075195]]
[126051, 8, 1, [11.289701461791992, -6.6257123947143555]]
[126051, 11, 1, [5.350368022918701, -2.567361831665039]]
[126051, 3, 1, [1.3959522247314453, -1.3970177173614502]]
[126051, 17, 1, [3.030052900314331, -12.376666069030762]]
[126051, 13, 1, [6.729913234710693, -4.464212894439697]]
[126051, 24, 1, [2.316831111907959, -2.7719013690948486]]
[134551, 'popsize', 21, 'queuesize', 0]
[135651, 5, 0, [11.223721504211426, -12.37667179107666]]
[135651, 14, 0, [0.12413851171731949, -4.863317966461182]]
[135651, 22, 0, [2.321171283721924, -8.346660614013672]]
[135651, 9, 0, [6.229413032531738, -11.34223461151123]]
[135651, 15, 0, [9.07568073272705, -0.3744429051876068]]
[135651, 20, 0, [8.688541412353516, -6.251964569091797]]
[135651, 4, 0, [9.9642915725708, -3.1497130393981934]]
[135651, 12, 0, [12.3758544921875, -8.38994026184082]]
[135651, 18, 0, [3.7789618968963623, -3.769359827041626]]
[135651, 0, 0, [9.267306327819824, -0.33550944924354553]]
[135651, 19, 1, [8.987482070922852, -3.8378982543945312]]
[135651, 2, 1, [3.058093547821045, -7.5119805335998535]]
[135651, 21, 1, [9.543220520019531, -3.124100923538208]]
[135651, 7, 1, [3.78110933303833, -1.2844891548156738]]
[135651, 6, 1, [5.353654384613037, -4.249683856964111]]
[135651, 8, 1, [11.225113868713379, -6.6296539306640625]]
[135651, 11, 1, [5.155527114868164, -2.814455509185791]]
[135651, 3, 1, [1.4089306592941284, -1.4956152439117432]]
[135651, 17, 1, [3.024298906326294, -12.376667022705078]]
[135651, 13, 1, [6.118253707885742, -4.010631561279297]]
[135651, 24, 1, [2.3178598880767822, -2.832115888595581]]
[144151, 'popsize', 21, 'queuesize', 0]
[145301, 5, 0, [11.218049049377441, -12.376667022705078]]
[145301, 14, 0, [0.12412276118993759, -4.872060775756836]]
[145301, 22, 0, [2.2202885150909424, -8.48343276977539]]
[145301, 9, 0, [6.1944580078125, -11.302038192749023]]
[145301, 15, 0, [9.11646556854248, -0.3400011956691742]]
[145301, 20, 0, [8.657870292663574, -6.239989757537842]]
[145301, 4, 0, [9.785083770751953, -3.324915885925293]]
[145301, 12, 0, [12.37585163116455, -8.380267143249512]]
[145301, 18, 0, [3.828834056854248, -3.803771495819092]]
[145301, 0, 0, [9.306882858276367, -0.2933400571346283]]
[145301, 19, 1, [9.012825012207031, -3.8931429386138916]]
[145301, 2, 1, [3.4978606700897217, -8.191916465759277]]
[145301, 21, 1, [8.978508949279785, -2.583517551422119]]
[145301, 7, 1, [3.7802133560180664, -1.2760679721832275]]
[145301, 6, 1, [4.861278533935547, -4.875530242919922]]
[145301, 8, 1, [11.287620544433594, -6.630183219909668]]
[145301, 11, 1, [5.195624351501465, -2.8603451251983643]]
[145301, 3, 1, [1.3773587942123413, -1.4802495241165161]]
[145301, 17, 1, [3.0193281173706055, -12.376666069030762]]
[145301, 13, 1, [5.393791675567627, -3.671287775039673]]
[145301, 24, 1, [2.311952590942383, -2.911931276321411]]
[153751, 'popsize', 21, 'queuesize', 0]
[154851, 5, 0, [11.21361255645752, -12.37667179107666]]
[154851, 14, 0, [0.12415143847465515, -4.8812360763549805]]
[154851, 22, 0, [2.0933406352996826, -9.041447639465332]]
[154851, 9, 0, [6.177717208862305, -11.351537704467773]]
[154851, 15, 0, [9.159246444702148, -0.30403032898902893]]
[154851, 20, 0, [8.646478652954102, -6.248513698577881]]
[154851, 4, 0, [9.553726196289062, -3.0963642597198486]]
[154851, 12, 0, [12.375842094421387, -8.369891166687012]]
[154851, 18, 0, [3.779033899307251, -3.7600114345550537]]
[154851, 0, 0, [9.347637176513672, -0.2494909167289734]]
[154851, 19, 1, [8.502134323120117, -4.236391544342041]]
[154851, 2, 1, [3.807621955871582, -8.932453155517578]]
[154851, 21, 1, [8.303056716918945, -2.153917074203491]]
[154851, 7, 1, [3.6183323860168457, -1.4482474327087402]]
[154851, 6, 1, [4.278766632080078, -5.42348575592041]]
[154851, 8, 1, [11.225743293762207, -6.624617576599121]]
[154851, 11, 1, [5.088329792022705, -2.9840292930603027]]
[154851, 3, 1, [1.393846869468689, -1.4794305562973022]]
[154851, 17, 1, [3.0136873722076416, -12.376668930053711]]
[154851, 13, 1, [4.638499736785889, -3.444688081741333]]
[154851, 24, 1, [2.2987499237060547, -2.88910174369812]]
[163551, 'popsize', 21, 'queuesize', 0]
[164651, 5, 0, [11.205503463745117, -12.376667976379395]]
[164651, 14, 0, [0.1241513341665268, -4.890573501586914]]
[164651, 22, 0, [2.0239779949188232, -9.224935531616211]]
[164651, 9, 0, [6.2261505126953125, -11.309672355651855]]
[164651, 15, 0, [9.20359992980957, -0.26378586888313293]]
[164651, 20, 0, [8.625011444091797, -6.238920211791992]]
[164651, 4, 0, [9.566744804382324, -2.618170738220215]]
[164651, 12, 0, [12.375847816467285, -8.361032485961914]]
[164651, 18, 0, [3.8362512588500977, -3.7953128814697266]]
[164651, 0, 0, [9.39003849029541, -0.20285376906394958]]
[164651, 19, 1, [8.378531455993652, -4.309781551361084]]
[164651, 2, 1, [3.6399905681610107, -9.561844825744629]]
[164651, 21, 1, [7.551225662231445, -1.8386379480361938]]
[164651, 7, 1, [3.477564811706543, -1.5691829919815063]]
[164651, 6, 1, [3.661505937576294, -5.944364070892334]]
[164651, 8, 1, [11.291232109069824, -6.6290507316589355]]
[164651, 11, 1, [4.940826892852783, -3.1647226810455322]]
[164651, 3, 1, [1.4049155712127686, -1.467369794845581]]
[164651, 17, 1, [3.008119583129883, -12.376668930053711]]
[164651, 13, 1, [3.8346524238586426, -3.331195831298828]]
[164651, 24, 1, [2.7476675510406494, -3.031855583190918]]
[173301, 'popsize', 21, 'queuesize', 0]
[174451, 5, 0, [11.20194149017334, -12.376667022705078]]
[174451, 14, 0, [0.12414885312318802, -4.900062084197998]]
[174451, 22, 0, [1.9770857095718384, -9.184918403625488]]
[174451, 9, 0, [6.188891887664795, -11.35841178894043]]
[174451, 15, 0, [9.248091697692871, -0.22148270905017853]]
[174451, 20, 0, [8.621495246887207, -6.313490390777588]]
[174451, 4, 0, [9.656512260437012, -1.8007092475891113]]
[174451, 12, 0, [12.375845909118652, -8.351164817810059]]
[174451, 18, 0, [3.7783544063568115, -3.7798104286193848]]
[174451, 0, 0, [9.431577682495117, -0.153162881731987]]
[174451, 19, 1, [8.395142555236816, -4.405587196350098]]
[174451, 2, 1, [3.0156972408294678, -9.73939323425293]]
[174451, 21, 1, [6.767913341522217, -1.6761233806610107]]
[174451, 7, 1, [3.509241819381714, -1.6172112226486206]]
[174451, 6, 1, [3.332636833190918, -6.190996170043945]]
[174451, 8, 1, [11.229580879211426, -6.640051364898682]]
[174451, 11, 1, [4.969616889953613, -3.10502028465271]]
[174451, 3, 1, [1.4604545831680298, -1.5532078742980957]]
[174451, 17, 1, [3.0028223991394043, -12.376668930053711]]
[174451, 13, 1, [3.098844289779663, -3.279339075088501]]
[174451, 24, 1, [3.3268532752990723, -3.1946566104888916]]
[183101, 'popsize', 21, 'queuesize', 0]
[184251, 5, 0, [11.196871757507324, -12.376667976379395]]
[184251, 14, 0, [0.1241365447640419, -4.908512115478516]]
[184251, 22, 0, [1.9431463479995728, -9.218442916870117]]
[184251, 9, 0, [6.218858242034912, -11.301676750183105]]
[184251, 15, 0, [9.286391258239746, -0.185180202126503]]
[184251, 20, 0, [8.641722679138184, -6.242381572723389]]
[184251, 4, 0, [9.694663047790527, -1.4848812818527222]]
[184251, 12, 0, [12.37586784362793, -8.3424711227417]]
[184251, 18, 0, [3.838933229446411, -3.8043837547302246]]
[184251, 0, 0, [9.471458435058594, -0.12397074699401855]]
[184251, 19, 1, [8.435907363891602, -4.390891075134277]]
[184251, 2, 1, [2.2239699363708496, -9.528077125549316]]
[184251, 21, 1, [5.970664024353027, -1.69870126247406]]
[184251, 7, 1, [3.564704656600952, -1.6008074283599854]]
[184251, 6, 1, [3.402667999267578, -6.147139549255371]]
[184251, 8, 1, [11.291373252868652, -6.626745223999023]]
[184251, 11, 1, [4.936008930206299, -3.1562116146087646]]
[184251, 3, 1, [1.4337745904922485, -1.5368430614471436]]
[184251, 17, 1, [2.9993135929107666, -12.376663208007812]]
[184251, 13, 1, [2.3507273197174072, -3.0052242279052734]]
[184251, 24, 1, [2.750262975692749, -2.638540267944336]]
[192801, 'popsize', 21, 'queuesize', 0]
[193951, 5, 0, [11.189178466796875, -12.376667976379395]]
[193951, 14, 0, [0.12415395677089691, -4.91862154006958]]
[193951, 22, 0, [1.8621783256530762, -9.125770568847656]]
[193951, 9, 0, [6.17107629776001, -11.327255249023438]]
[193951, 15, 0, [9.46357250213623, -0.13317961990833282]]
[193951, 20, 0, [8.659441947937012, -6.315673828125]]
[193951, 4, 0, [9.660085678100586, -1.5338844060897827]]
[193951, 12, 0, [12.375846862792969, -8.33281421661377]]
[193951, 18, 0, [3.8278701305389404, -3.8202905654907227]]
[193951, 0, 0, [9.713445663452148, -0.1736234575510025]]
[193951, 19, 1, [8.112613677978516, -4.135967254638672]]
[193951, 2, 1, [1.9577295780181885, -9.301093101501465]]
[193951, 21, 1, [5.175802707672119, -1.8672281503677368]]
[193951, 7, 1, [3.536796808242798, -1.5827503204345703]]
[193951, 6, 1, [3.4600911140441895, -6.114223003387451]]
[193951, 8, 1, [11.23512077331543, -6.647308826446533]]
[193951, 11, 1, [4.982461929321289, -3.1015994548797607]]
[193951, 3, 1, [1.4443316459655762, -1.531350016593933]]
[193951, 17, 1, [2.9938199520111084, -12.376663208007812]]
[193951, 13, 1, [1.5588878393173218, -2.876250982284546]]
[193951, 24, 1, [2.2163572311401367, -2.041717767715454]]
[202952, 'popsize', 22, 'queuesize', 0]
[204102, 5, 0, [11.18486213684082, -12.376669883728027]]
[204102, 14, 0, [0.12414254248142242, -4.929102420806885]]
[204102, 22, 0, [1.9929713010787964, -8.911922454833984]]
[204102, 9, 0, [6.230413913726807, -11.315339088439941]]
[204102, 15, 0, [9.326807022094727, -0.16649408638477325]]
[204102, 20, 0, [8.651991844177246, -6.242115020751953]]
[204102, 4, 0, [9.341588973999023, -1.6828620433807373]]
[204102, 12, 0, [12.37585163116455, -8.32180404663086]]
[204102, 18, 0, [3.864351987838745, -3.7669410705566406]]
[204102, 0, 0, [9.525235176086426, -0.13473860919475555]]
[204102, 1, 0, [11.666280746459961, -11.203232765197754]]
[204102, 19, 1, [8.074871063232422, -4.2176995277404785]]
[204102, 2, 1, [1.84379243850708, -8.968221664428711]]
[204102, 21, 1, [4.998293399810791, -2.044459819793701]]
[204102, 7, 1, [3.5746469497680664, -1.5680875778198242]]
[204102, 6, 1, [3.2092976570129395, -6.306085586547852]]
[204102, 8, 1, [11.290184020996094, -6.623046398162842]]
[204102, 11, 1, [4.9265456199646, -3.1399216651916504]]
[204102, 3, 1, [1.4551957845687866, -1.4997650384902954]]
[204102, 17, 1, [2.990361213684082, -12.376667022705078]]
[204102, 13, 1, [0.7407073974609375, -2.9142873287200928]]
[204102, 24, 1, [2.129261016845703, -1.9308297634124756]]
[213052, 'popsize', 22, 'queuesize', 0]
[214252, 5, 0, [11.177522659301758, -12.376669883728027]]
[214252, 14, 0, [0.1241365447640419, -4.939295768737793]]
[214252, 22, 0, [1.8185510635375977, -9.313546180725098]]
[214252, 9, 0, [6.181109428405762, -11.352402687072754]]
[214252, 15, 0, [9.229976654052734, -0.2086474746465683]]
[214252, 20, 0, [8.683913230895996, -6.291755199432373]]
[214252, 4, 0, [9.334166526794434, -1.4364336729049683]]
[214252, 12, 0, [12.375850677490234, -8.312646865844727]]
[214252, 18, 0, [3.810537576675415, -3.809476375579834]]
[214252, 0, 0, [9.478933334350586, -0.13067017495632172]]
[214252, 1, 0, [11.977335929870605, -11.131009101867676]]
[214252, 19, 1, [8.27113151550293, -4.313749313354492]]
[214252, 2, 1, [2.0051279067993164, -9.204658508300781]]
[214252, 21, 1, [4.33198881149292, -1.9824615716934204]]
[214252, 7, 1, [3.637794256210327, -1.605454921722412]]
[214252, 6, 1, [2.7381231784820557, -6.984076976776123]]
[214252, 8, 1, [11.25497055053711, -6.67683744430542]]
[214252, 11, 1, [4.994528770446777, -3.1241745948791504]]
[214252, 3, 1, [1.4810092449188232, -1.5981354713439941]]
[214252, 17, 1, [2.9847006797790527, -12.376667022705078]]
[214252, 13, 1, [0.12086498737335205, -3.083688497543335]]
[214252, 24, 1, [2.0358941555023193, -1.8064136505126953]]
[223252, 'popsize', 22, 'queuesize', 0]
[224452, 5, 0, [11.17399787902832, -12.376669883728027]]
[224452, 14, 0, [0.12413495779037476, -4.94962215423584]]
[224452, 22, 0, [1.686257243156433, -9.500744819641113]]
[224452, 9, 0, [6.201785564422607, -11.295164108276367]]
[224452, 15, 0, [8.663558006286621, -0.38029617071151733]]
[224452, 20, 0, [8.653779029846191, -6.270379066467285]]
[224452, 4, 0, [9.4019775390625, -1.1631304025650024]]
[224452, 12, 0, [12.375846862792969, -8.302359580993652]]
[224452, 18, 0, [3.8330602645874023, -3.7768068313598633]]
[224452, 0, 0, [9.078757286071777, -0.2510666251182556]]
[224452, 1, 0, [12.052395820617676, -11.10866928100586]]
[224452, 19, 1, [8.360200881958008, -4.368215084075928]]
[224452, 2, 1, [1.6775842905044556, -9.682241439819336]]
[224452, 21, 1, [4.05906343460083, -2.1205995082855225]]
[224452, 7, 1, [3.5865674018859863, -1.6359829902648926]]
[224452, 6, 1, [2.4696083068847656, -7.316300868988037]]
[224452, 8, 1, [11.2628173828125, -6.614559173583984]]
[224452, 11, 1, [4.9128241539001465, -3.295711040496826]]
[224452, 3, 1, [1.4650758504867554, -1.5778706073760986]]
[224452, 17, 1, [2.9807677268981934, -12.376662254333496]]
[224452, 13, 1, [0.10554244369268417, -3.2006633281707764]]
[224452, 24, 1, [2.0427231788635254, -1.8336446285247803]]
[233602, 'popsize', 22, 'queuesize', 0]
[234802, 5, 0, [11.168106079101562, -12.376670837402344]]
[234802, 14, 0, [0.12415517866611481, -4.960211753845215]]
[234802, 22, 0, [1.5886107683181763, -9.489703178405762]]
[234802, 9, 0, [6.2152276039123535, -11.352828979492188]]
[234802, 15, 0, [7.795426845550537, -0.3325957953929901]]
[234802, 20, 0, [8.617694854736328, -6.315896511077881]]
[234802, 4, 0, [9.338098526000977, -1.4024291038513184]]
[234802, 12, 0, [12.375845909118652, -8.292855262756348]]
[234802, 18, 0, [3.8804705142974854, -3.7387702465057373]]
[234802, 0, 0, [9.033132553100586, -0.13168643414974213]]
[234802, 1, 0, [12.316691398620605, -11.22350025177002]]
[234802, 19, 1, [8.414712905883789, -4.37572717666626]]
[234802, 2, 1, [1.3962969779968262, -9.136595726013184]]
[234802, 21, 1, [3.704026222229004, -1.6729782819747925]]
[234802, 7, 1, [3.5548200607299805, -1.5296999216079712]]
[234802, 6, 1, [2.2028167247772217, -7.560642719268799]]
[234802, 8, 1, [11.28836441040039, -6.6689605712890625]]
[234802, 11, 1, [4.798628330230713, -3.5012495517730713]]
[234802, 3, 1, [1.4916785955429077, -1.567556619644165]]
[234802, 17, 1, [2.977546453475952, -12.376667976379395]]
[234802, 13, 1, [0.10606393963098526, -3.342249631881714]]
[234802, 24, 1, [2.0074944496154785, -1.7843849658966064]]
[243802, 'popsize', 22, 'queuesize', 0]
[245052, 5, 0, [11.163540840148926, -12.37667179107666]]
[245052, 14, 0, [0.12415384501218796, -4.9703826904296875]]
[245052, 22, 0, [1.6086063385009766, -9.458586692810059]]
[245052, 9, 0, [6.163873195648193, -11.315011978149414]]
[245052, 15, 0, [6.964601516723633, -0.14921334385871887]]
[245052, 20, 0, [8.616183280944824, -6.252876281738281]]
[245052, 4, 0, [9.1700439453125, -2.215928077697754]]
[245052, 12, 0, [12.375862121582031, -8.282294273376465]]
[245052, 18, 0, [3.8609437942504883, -3.7996249198913574]]
[245052, 0, 0, [9.113062858581543, -0.13334877789020538]]
[245052, 1, 0, [12.404553413391113, -10.899161338806152]]
[245052, 19, 1, [8.187320709228516, -4.4747209548950195]]
[245052, 2, 1, [1.5040587186813354, -8.290045738220215]]
[245052, 21, 1, [3.4473698139190674, -1.2200334072113037]]
[245052, 7, 1, [3.587845802307129, -1.2332147359848022]]
[245052, 6, 1, [1.9454360008239746, -7.539937496185303]]
[245052, 8, 1, [11.233222007751465, -6.6431050300598145]]
[245052, 11, 1, [4.846418380737305, -3.4648053646087646]]
[245052, 3, 1, [1.4766740798950195, -1.589576005935669]]
[245052, 17, 1, [2.9678823947906494, -12.37666130065918]]
[245052, 13, 1, [0.1057271808385849, -3.4832794666290283]]
[245052, 24, 1, [2.0095810890197754, -1.8141891956329346]]
[254152, 'popsize', 22, 'queuesize', 0]
[255352, 5, 0, [11.153007507324219, -12.376667976379395]]
[255352, 14, 0, [0.12412489950656891, -4.980780601501465]]
[255352, 22, 0, [1.600346326828003, -9.391844749450684]]
[255352, 9, 0, [6.224236965179443, -11.319229125976562]]
[255352, 15, 0, [7.009206771850586, -0.12905801832675934]]
[255352, 20, 0, [8.653423309326172, -6.298813819885254]]
[255352, 4, 0, [8.799765586853027, -3.004256248474121]]
[255352, 12, 0, [12.37584114074707, -8.273436546325684]]
[255352, 18, 0, [3.9112019538879395, -3.7706737518310547]]
[255352, 0, 0, [9.051568031311035, -0.11640302836894989]]
[255352, 1, 0, [12.404780387878418, -10.510417938232422]]
[255352, 19, 1, [8.091285705566406, -4.50462007522583]]
[255352, 2, 1, [1.777164340019226, -7.4635910987854]]
[255352, 21, 1, [3.878190279006958, -1.1206696033477783]]
[255352, 7, 1, [3.8060142993927, -1.265704870223999]]
[255352, 6, 1, [1.793060302734375, -6.68350887298584]]
[255352, 8, 1, [11.291584014892578, -6.637181282043457]]
[255352, 11, 1, [4.780616760253906, -3.4666635990142822]]
[255352, 3, 1, [1.5108132362365723, -1.579734444618225]]
[255352, 17, 1, [2.964566707611084, -12.376662254333496]]
[255352, 13, 1, [0.10602622479200363, -3.6233153343200684]]
[255352, 24, 1, [2.0646140575408936, -1.916582465171814]]
[264402, 'popsize', 22, 'queuesize', 0]
[265652, 5, 0, [11.149513244628906, -12.376670837402344]]
[265652, 14, 0, [0.12413645535707474, -4.990137100219727]]
[265652, 22, 0, [1.8765795230865479, -9.654294967651367]]
[265652, 9, 0, [6.173714637756348, -11.360299110412598]]
[265652, 15, 0, [7.102912425994873, -0.13615083694458008]]
[265652, 20, 0, [8.591974258422852, -6.280783653259277]]
[265652, 4, 0, [8.543099403381348, -3.155815362930298]]
[265652, 12, 0, [12.375866889953613, -8.263278007507324]]
[265652, 18, 0, [3.856245756149292, -3.752025604248047]]
[265652, 0, 0, [9.093581199645996, -0.12082672864198685]]
[265652, 1, 0, [12.404871940612793, -10.12247085571289]]
[265652, 19, 1, [8.051309585571289, -4.526468276977539]]
[265652, 2, 1, [2.0972516536712646, -6.764765739440918]]
[265652, 21, 1, [4.0582194328308105, -0.907871425151825]]
[265652, 7, 1, [3.836012125015259, -1.3627638816833496]]
[265652, 6, 1, [1.7918564081192017, -5.829403877258301]]
[265652, 8, 1, [11.248869895935059, -6.679829120635986]]
[265652, 11, 1, [4.924820899963379, -3.3216335773468018]]
[265652, 3, 1, [1.4961204528808594, -1.6773266792297363]]
[265652, 17, 1, [2.9605190753936768, -12.376669883728027]]
[265652, 13, 1, [0.10600156337022781, -3.7631618976593018]]
[265652, 24, 1, [1.9973493814468384, -1.8197745084762573]]
[274702, 'popsize', 22, 'queuesize', 0]
[275852, 5, 0, [11.141769409179688, -12.376666069030762]]
[275852, 14, 0, [0.12415343523025513, -4.998517036437988]]
[275852, 22, 0, [1.8502060174942017, -9.61352825164795]]
[275852, 9, 0, [6.191025733947754, -11.29721450805664]]
[275852, 15, 0, [6.975521564483643, -0.30306681990623474]]
[275852, 20, 0, [8.603358268737793, -6.26267671585083]]
[275852, 4, 0, [8.032736778259277, -2.453239679336548]]
[275852, 12, 0, [12.375837326049805, -8.25377082824707]]
[275852, 18, 0, [3.9010531902313232, -3.799952268600464]]
[275852, 0, 0, [9.145109176635742, -0.12868131697177887]]
[275852, 1, 0, [12.4048490524292, -9.734210014343262]]
[275852, 19, 1, [8.026851654052734, -4.499845027923584]]
[275852, 2, 1, [1.823601484298706, -6.006525039672852]]
[275852, 21, 1, [4.116961479187012, -0.12485772371292114]]
[275852, 7, 1, [3.8616411685943604, -1.3144738674163818]]
[275852, 6, 1, [1.959301233291626, -4.9828901290893555]]
[275852, 8, 1, [11.265188217163086, -6.624547481536865]]
[275852, 11, 1, [5.112485408782959, -3.1400234699249268]]
[275852, 3, 1, [1.4970529079437256, -1.6172842979431152]]
[275852, 17, 1, [2.9517998695373535, -12.376669883728027]]
[275852, 13, 1, [0.10601719468832016, -3.900846242904663]]
[275852, 24, 1, [2.001523733139038, -1.8469150066375732]]
[284802, 'popsize', 22, 'queuesize', 0]
[285952, 5, 0, [11.138322830200195, -12.376667976379395]]
[285952, 14, 0, [0.12415808439254761, -5.00838565826416]]
[285952, 22, 0, [1.8496705293655396, -9.658653259277344]]
[285952, 9, 0, [6.202136993408203, -11.355879783630371]]
[285952, 15, 0, [6.3676652908325195, -0.8884715437889099]]
[285952, 20, 0, [8.660161018371582, -6.303869724273682]]
[285952, 4, 0, [7.866893768310547, -2.1848273277282715]]
[285952, 12, 0, [12.375845909118652, -8.243025779724121]]
[285952, 18, 0, [3.880687952041626, -3.736156940460205]]
[285952, 0, 0, [9.19199275970459, -0.12261694669723511]]
[285952, 1, 0, [12.404571533203125, -9.352836608886719]]
[285952, 19, 1, [8.016645431518555, -4.561964988708496]]
[285952, 2, 1, [1.6444226503372192, -5.443837642669678]]
[285952, 21, 1, [4.058444499969482, -0.11704575270414352]]
[285952, 7, 1, [3.8655083179473877, -1.3755123615264893]]
[285952, 6, 1, [2.2840404510498047, -4.196568012237549]]
[285952, 8, 1, [11.271587371826172, -6.68644380569458]]
[285952, 11, 1, [5.063605785369873, -3.179612636566162]]
[285952, 3, 1, [1.5145552158355713, -1.7237226963043213]]
[285952, 17, 1, [2.947493553161621, -12.376669883728027]]
[285952, 13, 1, [0.10600124299526215, -4.037533760070801]]
[285952, 24, 1, [2.0580661296844482, -1.9542800188064575]]
[294802, 'popsize', 22, 'queuesize', 0]
[296002, 5, 0, [11.134068489074707, -12.376669883728027]]
[296002, 14, 0, [0.12414687871932983, -5.018251895904541]]
[296002, 22, 0, [1.8112692832946777, -9.606504440307617]]
[296002, 9, 0, [6.165947437286377, -11.305106163024902]]
[296002, 15, 0, [5.658382415771484, -1.3428131341934204]]
[296002, 20, 0, [8.595860481262207, -6.283761024475098]]
[296002, 4, 0, [7.7090535163879395, -2.2329869270324707]]
[296002, 12, 0, [12.37583065032959, -8.232900619506836]]
[296002, 18, 0, [3.8714005947113037, -3.7977728843688965]]
[296002, 0, 0, [9.173161506652832, -0.12252237647771835]]
[296002, 1, 0, [12.404841423034668, -8.972161293029785]]
[296002, 19, 1, [8.438654899597168, -4.908716678619385]]
[296002, 2, 1, [1.9503666162490845, -4.891354560852051]]
[296002, 21, 1, [3.9224088191986084, -0.10574067384004593]]
[296002, 7, 1, [3.845102548599243, -1.345214605331421]]
[296002, 6, 1, [2.7435519695281982, -3.4921693801879883]]
[296002, 8, 1, [11.239371299743652, -6.632504940032959]]
[296002, 11, 1, [5.131776809692383, -3.163027763366699]]
[296002, 3, 1, [1.4937652349472046, -1.6704047918319702]]
[296002, 17, 1, [2.9416093826293945, -12.376670837402344]]
[296002, 13, 1, [0.10604702681303024, -4.173482894897461]]
[296002, 24, 1, [2.0936532020568848, -2.0287134647369385]]
[305253, 'popsize', 22, 'queuesize', 0]
[306403, 5, 0, [11.12701416015625, -12.376668930053711]]
[306403, 14, 0, [0.12416168302297592, -5.028399467468262]]
[306403, 22, 0, [1.8456984758377075, -9.920272827148438]]
[306403, 9, 0, [6.224196434020996, -11.323732376098633]]
[306403, 15, 0, [4.849903583526611, -1.669465184211731]]
[306403, 20, 0, [8.617910385131836, -6.277139663696289]]
[306403, 4, 0, [6.841958522796631, -2.3035688400268555]]
[306403, 12, 0, [12.375847816467285, -8.222965240478516]]
[306403, 18, 0, [3.9102303981781006, -3.750782012939453]]
[306403, 0, 0, [9.152005195617676, -0.12243957817554474]]
[306403, 1, 0, [12.404769897460938, -8.577594757080078]]
[306403, 19, 1, [8.528435707092285, -4.975255489349365]]
[306403, 2, 1, [2.238473892211914, -4.939203262329102]]
[306403, 21, 1, [3.7814552783966064, -0.10603863000869751]]
[306403, 7, 1, [3.89090895652771, -1.3245943784713745]]
[306403, 6, 1, [3.358555793762207, -2.8715152740478516]]
[306403, 8, 1, [11.289841651916504, -6.66738748550415]]
[306403, 11, 1, [5.0743513107299805, -3.13503098487854]]
[306403, 3, 1, [1.525222659111023, -1.7659376859664917]]
[306403, 17, 1, [2.935283899307251, -12.376670837402344]]
[306403, 13, 1, [0.10600516200065613, -4.314444541931152]]
[306403, 24, 1, [2.002454996109009, -1.919297695159912]]
[315703, 'popsize', 22, 'queuesize', 0]
[316903, 5, 0, [11.122819900512695, -12.376667976379395]]
[316903, 14, 0, [0.12415387481451035, -5.038916110992432]]
[316903, 22, 0, [1.8225493431091309, -10.541125297546387]]
[316903, 9, 0, [6.159752368927002, -11.32474422454834]]
[316903, 15, 0, [3.988419532775879, -1.8348605632781982]]
[316903, 20, 0, [8.67052936553955, -6.325674057006836]]
[316903, 4, 0, [5.969795227050781, -2.214388608932495]]
[316903, 12, 0, [12.376359939575195, -8.19800090789795]]
[316903, 18, 0, [3.848456859588623, -3.755744457244873]]
[316903, 0, 0, [9.130977630615234, -0.12249524891376495]]
[316903, 1, 0, [12.37438678741455, -8.372823715209961]]
[316903, 19, 1, [8.58450698852539, -4.950573444366455]]
[316903, 2, 1, [2.299842119216919, -5.610458850860596]]
[316903, 21, 1, [3.640475034713745, -0.10607864707708359]]
[316903, 7, 1, [3.9485321044921875, -1.3828349113464355]]
[316903, 6, 1, [4.089331150054932, -2.3897833824157715]]
[316903, 8, 1, [11.23198127746582, -6.674365997314453]]
[316903, 11, 1, [5.099357604980469, -3.1902589797973633]]
[316903, 3, 1, [1.4966856241226196, -1.7043802738189697]]
[316903, 17, 1, [2.9294626712799072, -12.37667179107666]]
[316903, 13, 1, [0.10606434941291809, -4.456181049346924]]
[316903, 24, 1, [2.005260944366455, -1.941284418106079]]
[326153, 'popsize', 22, 'queuesize', 0]
[327403, 5, 0, [11.116371154785156, -12.376667022705078]]
[327403, 14, 0, [0.12414661049842834, -5.048748970031738]]
[327403, 22, 0, [1.8063966035842896, -10.497089385986328]]
[327403, 9, 0, [6.201371669769287, -11.285809516906738]]
[327403, 15, 0, [3.1076409816741943, -1.8453556299209595]]
[327403, 20, 0, [8.647360801696777, -6.317608833312988]]
[327403, 4, 0, [5.1251749992370605, -1.9735841751098633]]
[327403, 12, 0, [12.376359939575195, -8.1881742477417]]
[327403, 18, 0, [3.896145820617676, -3.7938156127929688]]
[327403, 0, 0, [9.109886169433594, -0.12247826904058456]]
[327403, 1, 0, [12.326409339904785, -8.879469871520996]]
[327403, 19, 1, [8.566986083984375, -5.000271320343018]]
[327403, 2, 1, [1.898182988166809, -6.390821933746338]]
[327403, 21, 1, [3.49656343460083, -0.10585401952266693]]
[327403, 7, 1, [3.893022060394287, -1.401793122291565]]
[327403, 6, 1, [4.331042766571045, -2.2688052654266357]]
[327403, 8, 1, [11.269315719604492, -6.630568027496338]]
[327403, 11, 1, [5.122467041015625, -3.1363000869750977]]
[327403, 3, 1, [1.5100338459014893, -1.8033560514450073]]
[327403, 17, 1, [2.9211792945861816, -12.376672744750977]]
[327403, 13, 1, [0.10603924840688705, -4.601194858551025]]
[327403, 24, 1, [2.067796230316162, -2.0431675910949707]]
[336403, 'popsize', 22, 'queuesize', 0]
[337603, 5, 0, [11.111260414123535, -12.376669883728027]]
[337603, 14, 0, [0.12416965514421463, -5.058490753173828]]
[337603, 22, 0, [1.5571460723876953, -10.224194526672363]]
[337603, 9, 0, [6.196473598480225, -11.34296989440918]]
[337603, 15, 0, [2.256427526473999, -1.706080675125122]]
[337603, 20, 0, [8.624604225158691, -6.248710632324219]]
[337603, 4, 0, [4.491611480712891, -1.6846877336502075]]
[337603, 12, 0, [12.376358032226562, -8.179374694824219]]
[337603, 18, 0, [3.8896186351776123, -3.7309913635253906]]
[337603, 0, 0, [9.089241981506348, -0.12247171252965927]]
[337603, 1, 0, [12.401230812072754, -9.692138671875]]
[337603, 19, 1, [8.20619010925293, -5.08156681060791]]
[337603, 2, 1, [1.4023001194000244, -6.595329284667969]]
[337603, 21, 1, [3.357870101928711, -0.10599825531244278]]
[337603, 7, 1, [3.9048614501953125, -1.3699978590011597]]
[337603, 6, 1, [4.083275318145752, -2.308881998062134]]
[337603, 8, 1, [11.266901969909668, -6.6913299560546875]]
[337603, 11, 1, [5.062319755554199, -3.158461332321167]]
[337603, 3, 1, [1.4940587282180786, -1.7448755502700806]]
[337603, 17, 1, [2.917173147201538, -12.376672744750977]]
[337603, 13, 1, [0.10601726174354553, -4.739320278167725]]
[337603, 24, 1, [2.1109445095062256, -2.1159045696258545]]
[346553, 'popsize', 22, 'queuesize', 0]
[347753, 5, 0, [11.10683822631836, -12.37667179107666]]
[347753, 14, 0, [0.12416237592697144, -5.069268226623535]]
[347753, 22, 0, [1.5892776250839233, -10.265063285827637]]
[347753, 9, 0, [6.180480480194092, -11.278419494628906]]
[347753, 15, 0, [1.6308691501617432, -1.516502857208252]]
[347753, 20, 0, [8.668188095092773, -6.294058799743652]]
[347753, 4, 0, [4.502235412597656, -1.709845781326294]]
[347753, 12, 0, [12.376362800598145, -8.169794082641602]]
[347753, 18, 0, [3.8629469871520996, -3.785737991333008]]
[347753, 0, 0, [9.068885803222656, -0.12248020619153976]]
[347753, 1, 0, [12.39201545715332, -9.816469192504883]]
[347753, 19, 1, [8.226032257080078, -5.0601420402526855]]
[347753, 2, 1, [1.465671181678772, -6.567735195159912]]
[347753, 21, 1, [3.220505475997925, -0.10599608719348907]]
[347753, 7, 1, [3.9636638164520264, -1.4066717624664307]]
[347753, 6, 1, [3.8561103343963623, -2.573758840560913]]
[347753, 8, 1, [11.239900588989258, -6.6361308097839355]]
[347753, 11, 1, [5.119745254516602, -3.169036388397217]]
[347753, 3, 1, [1.531867265701294, -1.8405625820159912]]
[347753, 17, 1, [2.9102580547332764, -12.376667022705078]]
[347753, 13, 1, [0.10603713244199753, -4.876562118530273]]
[347753, 24, 1, [2.026484251022339, -2.0047643184661865]]
[357153, 'popsize', 23, 'queuesize', 0]
[358353, 5, 0, [11.099186897277832, -12.376663208007812]]
[358353, 14, 0, [0.12362086027860641, -5.092391014099121]]
[358353, 22, 0, [1.8102712631225586, -10.268403053283691]]
[358353, 9, 0, [6.224812984466553, -11.30512523651123]]
[358353, 15, 0, [1.7655820846557617, -1.5395894050598145]]
[358353, 20, 0, [8.659062385559082, -6.279655456542969]]
[358353, 4, 0, [4.52372407913208, -1.7243624925613403]]
[358353, 12, 0, [12.376359939575195, -8.160614967346191]]
[358353, 18, 0, [3.9163007736206055, -3.7614026069641113]]
[358353, 0, 0, [9.047662734985352, -0.12245871871709824]]
[358353, 1, 0, [12.392023086547852, -9.932230949401855]]
[358353, 19, 1, [8.550307273864746, -5.054598331451416]]
[358353, 2, 1, [1.579562783241272, -7.37928581237793]]
[358353, 21, 1, [3.076773166656494, -0.10600549727678299]]
[358353, 7, 1, [4.040715217590332, -1.1365745067596436]]
[358353, 6, 1, [3.8653955459594727, -2.7989156246185303]]
[358353, 8, 1, [11.288032531738281, -6.659427165985107]]
[358353, 11, 1, [4.970520496368408, -3.321075201034546]]
[358353, 3, 1, [1.5152462720870972, -1.79366934299469]]
[358353, 17, 1, [2.906240701675415, -12.376669883728027]]
[358353, 13, 1, [0.10519285500049591, -4.935976505279541]]
[358353, 24, 1, [1.927464485168457, -1.5733085870742798]]
[358353, 16, 1, [9.199963569641113, -8.721800804138184]]
[368253, 'popsize', 24, 'queuesize', 0]
[369503, 5, 0, [11.095452308654785, -12.37667179107666]]
[369503, 14, 0, [0.1236155778169632, -5.117992401123047]]
[369503, 22, 0, [1.94752836227417, -10.349291801452637]]
[369503, 9, 0, [6.161460876464844, -11.32132625579834]]
[369503, 15, 0, [2.088280200958252, -1.7238786220550537]]
[369503, 20, 0, [8.618021011352539, -6.232569694519043]]
[369503, 4, 0, [4.205468654632568, -1.4854284524917603]]
[369503, 12, 0, [12.376361846923828, -8.149367332458496]]
[369503, 18, 0, [3.9063961505889893, -3.7591352462768555]]
[369503, 0, 0, [9.025286674499512, -0.12247338145971298]]
[369503, 1, 0, [12.392024040222168, -10.053851127624512]]
[369503, 10, 0, [1.73032546043396, -6.2108283042907715]]
[369503, 19, 1, [8.448057174682617, -4.814311504364014]]
[369503, 2, 1, [1.4886696338653564, -8.30595874786377]]
[369503, 21, 1, [2.9254019260406494, -0.10596507787704468]]
[369503, 7, 1, [4.0855913162231445, -0.961198091506958]]
[369503, 6, 1, [4.143711090087891, -2.6678638458251953]]
[369503, 8, 1, [11.248785972595215, -6.688213348388672]]
[369503, 11, 1, [4.787995338439941, -3.4713175296783447]]
[369503, 3, 1, [1.5144046545028687, -1.821301817893982]]
[369503, 17, 1, [2.900348424911499, -12.376669883728027]]
[369503, 13, 1, [0.10521122068166733, -4.96231746673584]]
[369503, 24, 1, [2.1094467639923096, -1.8623226881027222]]
[369503, 16, 1, [10.082928657531738, -8.497173309326172]]
[379253, 'popsize', 24, 'queuesize', 0]
[380503, 5, 0, [11.089113235473633, -12.376670837402344]]
[380503, 14, 0, [0.12362901121377945, -5.143594741821289]]
[380503, 22, 0, [2.126666307449341, -10.538702011108398]]
[380503, 9, 0, [6.1617231369018555, -11.265928268432617]]
[380503, 15, 0, [2.0644471645355225, -1.7248048782348633]]
[380503, 20, 0, [8.657246589660645, -6.201911926269531]]
[380503, 4, 0, [4.345689296722412, -1.3781770467758179]]
[380503, 12, 0, [12.376354217529297, -8.138116836547852]]
[380503, 18, 0, [3.9254777431488037, -3.702003002166748]]
[380503, 0, 0, [9.003128051757812, -0.12247277796268463]]
[380503, 1, 0, [12.392069816589355, -10.174407005310059]]
[380503, 10, 0, [2.618655204772949, -5.982923984527588]]
[380503, 19, 1, [8.33005428314209, -4.719762325286865]]
[380503, 2, 1, [1.1998887062072754, -9.043668746948242]]
[380503, 21, 1, [2.7759599685668945, -0.10604380071163177]]
[380503, 7, 1, [4.1338605880737305, -0.9853675961494446]]
[380503, 6, 1, [4.137384414672852, -3.314664363861084]]
[380503, 8, 1, [11.234468460083008, -6.640110969543457]]
[380503, 11, 1, [4.938281059265137, -3.3068900108337402]]
[380503, 3, 1, [1.5581059455871582, -1.8373198509216309]]
[380503, 17, 1, [2.8963804244995117, -12.376669883728027]]
[380503, 13, 1, [0.10520607978105545, -4.9875335693359375]]
[380503, 24, 1, [2.0793278217315674, -1.8643581867218018]]
[380503, 16, 1, [10.887475967407227, -8.07559871673584]]
[390303, 'popsize', 24, 'queuesize', 0]
[391553, 5, 0, [11.084124565124512, -12.376666069030762]]
[391553, 14, 0, [0.1236351728439331, -5.1684465408325195]]
[391553, 22, 0, [2.3948559761047363, -10.823468208312988]]
[391553, 9, 0, [6.2139081954956055, -11.276766777038574]]
[391553, 15, 0, [2.0473220348358154, -1.733824372291565]]
[391553, 20, 0, [8.653559684753418, -6.249189376831055]]
[391553, 4, 0, [4.339138984680176, -1.2546144723892212]]
[391553, 12, 0, [12.376351356506348, -8.129236221313477]]
[391553, 18, 0, [3.873405933380127, -3.714254856109619]]
[391553, 0, 0, [8.980886459350586, -0.12247195094823837]]
[391553, 1, 0, [12.394351959228516, -10.22045612335205]]
[391553, 10, 0, [3.3061110973358154, -5.6660871505737305]]
[391553, 19, 1, [8.30465030670166, -4.775815963745117]]
[391553, 2, 1, [0.6898525953292847, -8.63248062133789]]
[391553, 21, 1, [2.625415325164795, -0.10601942986249924]]
[391553, 7, 1, [4.143413543701172, -0.9500033259391785]]
[391553, 6, 1, [3.929842472076416, -4.2148756980896]]
[391553, 8, 1, [11.277166366577148, -6.6340718269348145]]
[391553, 11, 1, [5.13681173324585, -3.157620429992676]]
[391553, 3, 1, [1.5154104232788086, -1.8232418298721313]]
[391553, 17, 1, [2.8894331455230713, -12.376667022705078]]
[391553, 13, 1, [0.10527630895376205, -5.012413024902344]]
[391553, 24, 1, [2.052828073501587, -1.8744271993637085]]
[391553, 16, 1, [11.587743759155273, -7.493329048156738]]
[401304, 'popsize', 24, 'queuesize', 0]
[402554, 5, 0, [11.079907417297363, -12.376668930053711]]
[402554, 14, 0, [0.12362772971391678, -5.195831298828125]]
[402554, 22, 0, [2.352330207824707, -10.770813941955566]]
[402554, 9, 0, [6.196239948272705, -11.321146965026855]]
[402554, 15, 0, [2.028473138809204, -1.741918921470642]]
[402554, 20, 0, [8.672863960266113, -6.261995792388916]]
[402554, 4, 0, [3.516407012939453, -1.6764264106750488]]
[402554, 12, 0, [12.37635612487793, -8.119156837463379]]
[402554, 18, 0, [3.885599136352539, -3.771737575531006]]
[402554, 0, 0, [8.958733558654785, -0.12247272580862045]]
[402554, 1, 0, [12.393655776977539, -10.572246551513672]]
[402554, 10, 0, [2.4685559272766113, -6.033364295959473]]
[402554, 19, 1, [8.400452613830566, -4.754307270050049]]
[402554, 2, 1, [0.38371753692626953, -7.763199806213379]]
[402554, 21, 1, [2.4729323387145996, -0.10592441260814667]]
[402554, 7, 1, [4.197843074798584, -0.9396626949310303]]
[402554, 6, 1, [3.8460824489593506, -4.438625812530518]]
[402554, 8, 1, [11.2754487991333, -6.6790971755981445]]
[402554, 11, 1, [4.84012508392334, -2.9876630306243896]]
[402554, 3, 1, [1.5672136545181274, -1.9130183458328247]]
[402554, 17, 1, [2.8854825496673584, -12.376665115356445]]
[402554, 13, 1, [0.1052345409989357, -5.040287494659424]]
[402554, 24, 1, [2.0265862941741943, -1.8826910257339478]]
[402554, 16, 1, [12.133742332458496, -6.778554439544678]]
[412404, 'popsize', 24, 'queuesize', 0]
[413654, 5, 0, [11.07475757598877, -12.376669883728027]]
[413654, 14, 0, [0.12362387776374817, -5.220980644226074]]
[413654, 22, 0, [2.3619306087493896, -10.744396209716797]]
[413654, 9, 0, [6.1510796546936035, -11.2918062210083]]
[413654, 15, 0, [2.009331464767456, -1.7500369548797607]]
[413654, 20, 0, [8.708731651306152, -6.312815189361572]]
[413654, 4, 0, [2.622260570526123, -1.9069006443023682]]
[413654, 12, 0, [12.376347541809082, -8.110011100769043]]
[413654, 18, 0, [3.934133291244507, -3.745023250579834]]
[413654, 0, 0, [8.93643569946289, -0.12248282879590988]]
[413654, 1, 0, [12.392082214355469, -10.684650421142578]]
[413654, 10, 0, [1.5580401420593262, -6.217516899108887]]
[413654, 19, 1, [8.375733375549316, -4.788244247436523]]
[413654, 2, 1, [0.25512561202049255, -6.83980131149292]]
[413654, 21, 1, [2.3221683502197266, -0.10605417191982269]]
[413654, 7, 1, [4.218864917755127, -0.9772775769233704]]
[413654, 6, 1, [3.676912546157837, -3.848308801651001]]
[413654, 8, 1, [11.23538875579834, -6.660305023193359]]
[413654, 11, 1, [4.802855968475342, -2.966463327407837]]
[413654, 3, 1, [1.581752896308899, -1.8588541746139526]]
[413654, 17, 1, [2.8794443607330322, -12.376666069030762]]
[413654, 13, 1, [0.10521847009658813, -5.0660223960876465]]
[413654, 24, 1, [1.9998281002044678, -1.8906235694885254]]
[413654, 16, 1, [12.390114784240723, -6.536754131317139]]
[424004, 'popsize', 25, 'queuesize', 0]
[425304, 5, 0, [11.06755542755127, -12.376667022705078]]
[425304, 14, 0, [0.12362714856863022, -5.2491607666015625]]
[425304, 22, 0, [2.4152984619140625, -10.727270126342773]]
[425304, 9, 0, [6.169318199157715, -11.261833190917969]]
[425304, 15, 0, [1.9856675863265991, -1.7559285163879395]]
[425304, 20, 0, [8.685604095458984, -6.305869102478027]]
[425304, 4, 0, [2.3086307048797607, -1.9382686614990234]]
[425304, 12, 0, [12.376352310180664, -8.09947681427002]]
[425304, 18, 0, [3.92771053314209, -3.7108097076416016]]
[425304, 0, 0, [8.913171768188477, -0.12247608602046967]]
[425304, 1, 0, [12.392016410827637, -10.811738014221191]]
[425304, 10, 0, [0.5805994272232056, -6.193020343780518]]
[425304, 23, 0, [5.73653507232666, -3.728947877883911]]
[425304, 19, 1, [8.344493865966797, -4.76919412612915]]
[425304, 2, 1, [0.31958916783332825, -5.863512992858887]]
[425304, 21, 1, [2.1643614768981934, -0.10599783807992935]]
[425304, 7, 1, [4.194869041442871, -1.0036786794662476]]
[425304, 6, 1, [3.571373224258423, -2.8790388107299805]]
[425304, 8, 1, [11.254892349243164, -6.6241631507873535]]
[425304, 11, 1, [4.785726547241211, -3.0016958713531494]]
[425304, 3, 1, [1.5450191497802734, -1.8498731851577759]]
[425304, 17, 1, [2.8717501163482666, -12.376659393310547]]
[425304, 13, 1, [0.10549116134643555, -5.09340763092041]]
[425304, 24, 1, [1.9703696966171265, -1.896078109741211]]
[425304, 16, 1, [12.392070770263672, -6.650020599365234]]
[435354, 'popsize', 25, 'queuesize', 0]
[436654, 5, 0, [11.062392234802246, -12.376668930053711]]
[436654, 14, 0, [0.12360793352127075, -5.2735819816589355]]
[436654, 22, 0, [2.414121627807617, -10.757811546325684]]
[436654, 9, 0, [6.210209369659424, -11.279586791992188]]
[436654, 15, 0, [1.9632710218429565, -1.7623345851898193]]
[436654, 20, 0, [8.633575439453125, -6.276479244232178]]
[436654, 4, 0, [2.479236364364624, -1.8394877910614014]]
[436654, 12, 0, [12.376362800598145, -8.087922096252441]]
[436654, 18, 0, [3.8791751861572266, -3.723656177520752]]
[436654, 0, 0, [8.890393257141113, -0.12248314172029495]]
[436654, 1, 0, [12.374567031860352, -10.886675834655762]]
[436654, 10, 0, [0.6361984014511108, -6.2066192626953125]]
[436654, 23, 0, [4.813272953033447, -3.5320537090301514]]
[436654, 19, 1, [8.393720626831055, -4.771700382232666]]
[436654, 2, 1, [0.4152562618255615, -5.245657444000244]]
[436654, 21, 1, [2.0098888874053955, -0.10601597279310226]]
[436654, 7, 1, [4.162038326263428, -0.9787734746932983]]
[436654, 6, 1, [3.803809881210327, -2.558142900466919]]
[436654, 8, 1, [11.299551963806152, -6.628213405609131]]
[436654, 11, 1, [4.964853286743164, -2.832902431488037]]
[436654, 3, 1, [1.5527677536010742, -1.8764716386795044]]
[436654, 17, 1, [2.8681299686431885, -12.376666069030762]]
[436654, 13, 1, [0.10556269437074661, -5.117465972900391]]
[436654, 24, 1, [1.9416272640228271, -1.9012086391448975]]
[436654, 16, 1, [12.392056465148926, -6.773203372955322]]
[447004, 'popsize', 25, 'queuesize', 1]
[448454, 5, 0, [11.055994987487793, -12.376668930053711]]
[448454, 14, 0, [0.12363269925117493, -5.301648139953613]]
[448454, 22, 0, [2.3524913787841797, -10.785979270935059]]
[448454, 9, 0, [6.207574844360352, -11.309832572937012]]
[448454, 15, 0, [1.9402532577514648, -1.766364336013794]]
[448454, 20, 0, [8.630999565124512, -6.251112461090088]]
[448454, 4, 0, [2.925194025039673, -1.7850267887115479]]
[448454, 12, 0, [12.376349449157715, -8.076725959777832]]
[448454, 18, 0, [3.875257730484009, -3.7639966011047363]]
[448454, 0, 0, [8.866716384887695, -0.12248369306325912]]
[448454, 1, 0, [12.356091499328613, -10.971451759338379]]
[448454, 10, 0, [1.61433744430542, -6.1988654136657715]]
[448454, 23, 0, [3.9069745540618896, -3.1409037113189697]]
[448454, 19, 1, [7.838083267211914, -4.205055236816406]]
[448454, 2, 1, [0.6433470249176025, -5.323078632354736]]
[448454, 21, 1, [1.85038423538208, -0.10607040673494339]]
[448454, 7, 1, [4.209578990936279, -0.9461574554443359]]
[448454, 6, 1, [4.189835071563721, -2.755478858947754]]
[448454, 8, 1, [11.301456451416016, -6.656667232513428]]
[448454, 11, 1, [5.16957950592041, -2.714205026626587]]
[448454, 3, 1, [1.6163057088851929, -1.8932552337646484]]
[448454, 17, 1, [2.8622472286224365, -12.376666069030762]]
[448454, 13, 1, [0.10546936839818954, -5.1454057693481445]]
[448454, 24, 1, [1.9119967222213745, -1.9043110609054565]]
[448454, 16, 1, [12.392123222351074, -6.903041362762451]]
[458954, 'popsize', 25, 'queuesize', 1]
[460254, 5, 0, [11.04873275756836, -12.376668930053711]]
[460254, 14, 0, [0.12363392859697342, -5.330258846282959]]
[460254, 22, 0, [2.374847888946533, -10.740864753723145]]
[460254, 9, 0, [6.18958854675293, -11.32198429107666]]
[460254, 15, 0, [1.9165210723876953, -1.7698408365249634]]
[460254, 20, 0, [8.65424919128418, -6.231419563293457]]
[460254, 4, 0, [3.5259318351745605, -2.30488657951355]]
[460254, 12, 0, [12.376358032226562, -8.064361572265625]]
[460254, 18, 0, [3.901888608932495, -3.783562421798706]]
[460254, 0, 0, [8.842984199523926, -0.12247253954410553]]
[460254, 1, 0, [12.379243850708008, -11.163804054260254]]
[460254, 10, 0, [2.380565643310547, -6.028263568878174]]
[460254, 23, 0, [3.105778217315674, -2.573697090148926]]
[460254, 19, 1, [7.385190486907959, -3.779710531234741]]
[460254, 2, 1, [0.42420297861099243, -5.805605411529541]]
[460254, 21, 1, [1.6888251304626465, -0.10604466497898102]]
[460254, 7, 1, [4.227681636810303, -0.9683622717857361]]
[460254, 6, 1, [4.025274276733398, -2.377645492553711]]
[460254, 8, 1, [11.280106544494629, -6.6754326820373535]]
[460254, 11, 1, [5.177728176116943, -2.6884050369262695]]
[460254, 3, 1, [1.6013374328613281, -1.8682152032852173]]
[460254, 17, 1, [2.8559975624084473, -12.376667022705078]]
[460254, 13, 1, [0.10528656095266342, -5.174909591674805]]
[460254, 24, 1, [1.8826286792755127, -1.9065865278244019]]
[460254, 16, 1, [12.375764846801758, -6.98829984664917]]
[470604, 'popsize', 25, 'queuesize', 1]
[471954, 5, 0, [11.0437593460083, -12.376669883728027]]
[471954, 14, 0, [0.12387241423130035, -5.369448184967041]]
[471954, 22, 0, [2.440592050552368, -10.76593017578125]]
[471954, 9, 0, [6.154381275177002, -11.316070556640625]]
[471954, 15, 0, [1.8931559324264526, -1.7764102220535278]]
[471954, 20, 0, [8.68338680267334, -6.234857082366943]]
[471954, 4, 0, [3.5088326930999756, -2.2661712169647217]]
[471954, 12, 0, [12.37635612487793, -8.053765296936035]]
[471954, 18, 0, [3.895526885986328, -3.749049663543701]]
[471954, 0, 0, [8.819463729858398, -0.12247876822948456]]
[471954, 1, 0, [12.36634635925293, -11.183187484741211]]
[471954, 10, 0, [1.6397984027862549, -6.192780494689941]]
[471954, 23, 0, [2.43603253364563, -1.8614217042922974]]
[471954, 19, 1, [7.4988837242126465, -3.78008770942688]]
[471954, 2, 1, [0.21188783645629883, -5.523256778717041]]
[471954, 21, 1, [1.528208613395691, -0.10571161657571793]]
[471954, 7, 1, [4.230166435241699, -1.003007411956787]]
[471954, 6, 1, [3.8145909309387207, -2.168191909790039]]
[471954, 8, 1, [11.246996879577637, -6.663991451263428]]
[471954, 11, 1, [4.993125915527344, -2.8697874546051025]]
[471954, 3, 1, [1.5632543563842773, -1.8646544218063354]]
[471954, 17, 1, [2.849449396133423, -12.376663208007812]]
[471954, 13, 1, [0.10398703068494797, -5.213399410247803]]
[471954, 24, 1, [1.8522109985351562, -1.9114108085632324]]
[471954, 16, 1, [12.363383293151855, -7.157933712005615]]
[482254, 'popsize', 25, 'queuesize', 1]
[483604, 5, 0, [11.03512191772461, -12.376667976379395]]
[483604, 14, 0, [0.12361358851194382, -5.41522741317749]]
[483604, 22, 0, [2.4346423149108887, -10.744772911071777]]
[483604, 9, 0, [6.147095680236816, -11.280487060546875]]
[483604, 15, 0, [1.8710764646530151, -1.785210371017456]]
[483604, 20, 0, [8.643123626708984, -6.28423547744751]]
[483604, 4, 0, [3.487492561340332, -2.403744697570801]]
[483604, 12, 0, [12.37634563446045, -8.043364524841309]]
[483604, 18, 0, [3.9378886222839355, -3.709044933319092]]
[483604, 0, 0, [8.796015739440918, -0.12247516214847565]]
[483604, 1, 0, [12.402911186218262, -11.058944702148438]]
[483604, 10, 0, [1.7242201566696167, -6.187880992889404]]
[483604, 23, 0, [1.9382069110870361, -1.0224069356918335]]
[483604, 19, 1, [7.462439060211182, -3.790449857711792]]
[483604, 2, 1, [0.9237450957298279, -5.847333908081055]]
[483604, 21, 1, [1.3692806959152222, -0.10600850731134415]]
[483604, 7, 1, [4.198209762573242, -1.0288223028182983]]
[483604, 6, 1, [4.042017459869385, -2.0865185260772705]]
[483604, 8, 1, [11.242217063903809, -6.625677108764648]]
[483604, 11, 1, [4.774858474731445, -2.997450590133667]]
[483604, 3, 1, [1.5715579986572266, -1.8803859949111938]]
[483604, 17, 1, [2.842763662338257, -12.376667976379395]]
[483604, 13, 1, [0.1016409695148468, -5.257155895233154]]
[483604, 24, 1, [1.8208175897598267, -1.9179050922393799]]
[483604, 16, 1, [12.375654220581055, -7.367311477661133]]
[494154, 'popsize', 25, 'queuesize', 1]
[495504, 5, 0, [11.030558586120605, -12.376664161682129]]
[495504, 14, 0, [0.12361563742160797, -5.4483513832092285]]
[495504, 22, 0, [2.382567882537842, -10.703042984008789]]
[495504, 9, 0, [6.169885635375977, -11.269521713256836]]
[495504, 15, 0, [1.8453270196914673, -1.794909119606018]]
[495504, 20, 0, [8.671774864196777, -6.274352073669434]]
[495504, 4, 0, [3.3929989337921143, -2.7235424518585205]]
[495504, 12, 0, [12.375476837158203, -8.049101829528809]]
[495504, 18, 0, [3.9076850414276123, -3.7058908939361572]]
[495504, 0, 0, [8.772138595581055, -0.12247294932603836]]
[495504, 1, 0, [12.40478515625, -10.60517406463623]]
[495504, 10, 0, [1.8088932037353516, -6.181560039520264]]
[495504, 23, 0, [1.6576488018035889, -0.27606943249702454]]
[495504, 19, 1, [7.475380897521973, -3.732987880706787]]
[495504, 2, 1, [1.577172040939331, -6.404423713684082]]
[495504, 21, 1, [1.2077518701553345, -0.1060720831155777]]
[495504, 7, 1, [4.171566486358643, -1.0229496955871582]]
[495504, 6, 1, [4.382457733154297, -2.2003872394561768]]
[495504, 8, 1, [11.27427864074707, -6.618107795715332]]
[495504, 11, 1, [4.7690534591674805, -3.0293500423431396]]
[495504, 3, 1, [1.6149439811706543, -1.8115243911743164]]
[495504, 17, 1, [2.837498903274536, -12.376667976379395]]
[495504, 13, 1, [0.10111669450998306, -5.289427757263184]]
[495504, 24, 1, [1.787976622581482, -1.92411470413208]]
[495504, 16, 1, [12.394216537475586, -7.877180576324463]]
[505755, 'popsize', 25, 'queuesize', 3]
[507055, 5, 0, [11.020278930664062, -12.376662254333496]]
[507055, 14, 0, [0.12363210320472717, -5.4767560958862305]]
[507055, 22, 0, [2.418375253677368, -10.722207069396973]]
[507055, 9, 0, [6.203917980194092, -11.284873962402344]]
[507055, 15, 0, [1.8237141370773315, -1.8028311729431152]]
[507055, 20, 0, [8.670344352722168, -6.340289115905762]]
[507055, 4, 0, [3.249368906021118, -2.8581793308258057]]
[507055, 12, 0, [12.376655578613281, -8.097052574157715]]
[507055, 18, 0, [3.8831748962402344, -3.72552227973938]]
[507055, 0, 0, [8.748909950256348, -0.12245810031890869]]
[507055, 1, 0, [12.40462589263916, -10.157906532287598]]
[507055, 10, 0, [1.6959022283554077, -6.202438831329346]]
[507055, 23, 0, [1.8886781930923462, -0.9607149362564087]]
[507055, 19, 1, [7.4701008796691895, -3.7836170196533203]]
[507055, 2, 1, [1.118997573852539, -6.598092079162598]]
[507055, 21, 1, [1.04996919631958, -0.10606011748313904]]
[507055, 7, 1, [4.191583156585693, -0.9845994114875793]]
[507055, 6, 1, [4.2502522468566895, -2.6060752868652344]]
[507055, 8, 1, [11.306390762329102, -6.6391167640686035]]
[507055, 11, 1, [4.872471809387207, -2.797074317932129]]
[507055, 3, 1, [1.6028971672058105, -1.7711044549942017]]
[507055, 17, 1, [2.828850269317627, -12.376668930053711]]
[507055, 13, 1, [0.10136707127094269, -5.318302154541016]]
[507055, 24, 1, [1.7579683065414429, -1.9281758069992065]]
[507055, 16, 1, [12.377575874328613, -7.934028148651123]]
[517205, 'popsize', 25, 'queuesize', 3]
[520555, 1, 0, [12.404577255249023, -9.64344596862793]]
[520555, 10, 0, [1.3616352081298828, -6.232744216918945]]
[520555, 23, 0, [1.76084303855896, -0.6485978364944458]]
[520555, 24, 1, [1.7271541357040405, -1.9045912027359009]]
[520555, 16, 1, [12.378232955932617, -7.899923324584961]]
[524205, 'popsize', 8, 'queuesize', 0]
[524655, 1, 0, [12.404855728149414, -9.494658470153809]]
[524655, 10, 0, [1.4107913970947266, -6.234861373901367]]
[524655, 23, 0, [1.766622543334961, -0.6838893294334412]]
[524655, 11, 0, [4.956385612487793, -2.627671480178833]]
[524655, 24, 1, [1.7237308025360107, -1.8813912868499756]]
[524655, 16, 1, [12.382953643798828, -7.878216743469238]]
[524655, 19, 1, [7.383794784545898, -3.8093855381011963]]
[524655, 5, 1, [11.047735214233398, -12.227482795715332]]
[527955, 'popsize', 8, 'queuesize', 0]
[528405, 1, 0, [12.40478515625, -9.350722312927246]]
[528405, 10, 0, [1.713436245918274, -6.212245464324951]]
[528405, 23, 0, [1.8475468158721924, -0.9520635008811951]]
[528405, 11, 0, [4.684071063995361, -2.4696266651153564]]
[528405, 24, 1, [1.7232015132904053, -1.8659617900848389]]
[528405, 16, 1, [12.389525413513184, -7.84011173248291]]
[528405, 19, 1, [7.083446502685547, -3.730079412460327]]
[528405, 5, 1, [11.106221199035645, -11.919489860534668]]
[531705, 'popsize', 8, 'queuesize', 0]
[532155, 1, 0, [12.404817581176758, -9.209749221801758]]
[532155, 10, 0, [2.0192463397979736, -6.165712356567383]]
[532155, 23, 0, [1.9550702571868896, -1.2395365238189697]]
[532155, 11, 0, [4.420248985290527, -2.2917730808258057]]
[532155, 24, 1, [1.7223188877105713, -1.8486316204071045]]
[532155, 16, 1, [12.394458770751953, -7.7781662940979]]
[532155, 19, 1, [6.78495979309082, -3.629793405532837]]
[532155, 5, 1, [11.146830558776855, -11.612020492553711]]
[535455, 'popsize', 8, 'queuesize', 0]
[535905, 1, 0, [12.404558181762695, -9.06820011138916]]
[535905, 10, 0, [2.317746162414551, -6.095832824707031]]
[535905, 23, 0, [2.084559440612793, -1.519946575164795]]
[535905, 11, 0, [4.170007705688477, -2.097491979598999]]
[535905, 24, 1, [1.7208081483840942, -1.839242696762085]]
[535905, 16, 1, [12.394168853759766, -7.725489616394043]]
[535905, 19, 1, [6.4925432205200195, -3.513023853302002]]
[535905, 5, 1, [11.169127464294434, -11.298168182373047]]
[539205, 'popsize', 8, 'queuesize', 0]
[539755, 1, 0, [12.404899597167969, -8.922496795654297]]
[539755, 10, 0, [2.6151280403137207, -6.005080699920654]]
[539755, 23, 0, [2.233462333679199, -1.8037807941436768]]
[539755, 11, 0, [4.04196834564209, -2.0180270671844482]]
[539755, 16, 1, [12.393925666809082, -7.673690319061279]]
[539755, 19, 1, [6.200568199157715, -3.3778529167175293]]
[539755, 5, 1, [11.172660827636719, -10.976984024047852]]
[542655, 'popsize', 7, 'queuesize', 0]
[543055, 1, 0, [12.404815673828125, -8.795293807983398]]
[543055, 10, 0, [2.8703205585479736, -5.904257774353027]]
[543055, 23, 0, [2.375460624694824, -2.0418787002563477]]
[543055, 11, 0, [3.8605470657348633, -2.2283241748809814]]
[543055, 16, 1, [12.393930435180664, -7.6289191246032715]]
[543055, 19, 1, [5.956315994262695, -3.2453525066375732]]
[543055, 5, 1, [11.156039237976074, -10.702468872070312]]
[545955, 'popsize', 7, 'queuesize', 0]
[546355, 1, 0, [12.404558181762695, -8.671611785888672]]
[546355, 10, 0, [3.108886241912842, -5.797027587890625]]
[546355, 23, 0, [2.531046152114868, -2.268341541290283]]
[546355, 11, 0, [3.77439022064209, -2.3388164043426514]]
[546355, 16, 1, [12.393980026245117, -7.583868980407715]]
[546355, 19, 1, [5.7196455001831055, -3.099888563156128]]
[546355, 5, 1, [11.1220121383667, -10.431425094604492]]
[549255, 'popsize', 7, 'queuesize', 0]
[549655, 1, 0, [12.4044828414917, -8.549729347229004]]
[549655, 10, 0, [3.3344712257385254, -5.669759750366211]]
[549655, 23, 0, [2.698383092880249, -2.4822838306427]]
[549655, 11, 0, [3.8747265338897705, -2.4330997467041016]]
[549655, 16, 1, [12.393942832946777, -7.539392471313477]]
[549655, 19, 1, [5.4900078773498535, -2.945979118347168]]
[549655, 5, 1, [11.06836223602295, -10.16459846496582]]
[552605, 'popsize', 7, 'queuesize', 0]
[553055, 1, 0, [12.404848098754883, -8.421082496643066]]
[553055, 10, 0, [3.5636167526245117, -5.518317222595215]]
[553055, 23, 0, [2.883638858795166, -2.6920108795166016]]
[553055, 11, 0, [4.0155839920043945, -2.357142210006714]]
[553055, 16, 1, [12.394186019897461, -7.490931987762451]]
[553055, 19, 1, [5.2642741203308105, -2.7710657119750977]]
[553055, 5, 1, [10.996622085571289, -9.892048835754395]]
[555955, 'popsize', 7, 'queuesize', 0]
[556355, 1, 0, [12.404815673828125, -8.293778419494629]]
[556355, 10, 0, [3.7682385444641113, -5.358088970184326]]
[556355, 23, 0, [3.073817729949951, -2.8813562393188477]]
[556355, 11, 0, [3.9280595779418945, -2.4252870082855225]]
[556355, 16, 1, [12.394736289978027, -7.443527698516846]]
[556355, 19, 1, [5.059995174407959, -2.5861692428588867]]
[556355, 5, 1, [10.911380767822266, -9.628530502319336]]
[559255, 'popsize', 7, 'queuesize', 0]
[559655, 1, 0, [12.404891967773438, -8.278421401977539]]
[559655, 10, 0, [3.967000961303711, -5.173472881317139]]
[559655, 23, 0, [3.27278733253479, -3.0510165691375732]]
[559655, 11, 0, [3.7378664016723633, -2.628019332885742]]
[559655, 16, 1, [12.40279769897461, -7.374581336975098]]
[559655, 19, 1, [4.914916038513184, -2.422065258026123]]
[559655, 5, 1, [10.81141185760498, -9.3776216506958]]
[562555, 'popsize', 7, 'queuesize', 0]
[562955, 1, 0, [12.376930236816406, -8.277880668640137]]
[562955, 10, 0, [4.1531782150268555, -4.974806308746338]]
[562955, 23, 0, [3.4935269355773926, -3.220036268234253]]
[562955, 11, 0, [3.5392417907714844, -2.8180744647979736]]
[562955, 16, 1, [12.402847290039062, -7.243276119232178]]
[562955, 19, 1, [4.898848533630371, -2.242509365081787]]
[562955, 5, 1, [10.694525718688965, -9.129956245422363]]
[565855, 'popsize', 7, 'queuesize', 0]
[566255, 1, 0, [12.367955207824707, -8.32297420501709]]
[566255, 10, 0, [4.328606605529785, -4.763230323791504]]
[566255, 23, 0, [3.6263506412506104, -3.316136598587036]]
[566255, 11, 0, [3.4475080966949463, -2.918140411376953]]
[566255, 16, 1, [12.404827117919922, -7.125575065612793]]
[566255, 19, 1, [5.007657527923584, -2.087876319885254]]
[566255, 5, 1, [10.563475608825684, -8.896310806274414]]
[569155, 'popsize', 7, 'queuesize', 0]
[569555, 1, 0, [12.367084503173828, -8.403204917907715]]
[569555, 10, 0, [4.490840435028076, -4.545933246612549]]
[569555, 23, 0, [3.631049871444702, -3.3384501934051514]]
[569555, 11, 0, [3.5911409854888916, -3.137387752532959]]
[569555, 16, 1, [12.405077934265137, -7.002939224243164]]
[569555, 19, 1, [5.192065715789795, -2.040318489074707]]
[569555, 5, 1, [10.416054725646973, -8.666203498840332]]
[572455, 'popsize', 7, 'queuesize', 0]
[572855, 1, 0, [12.396467208862305, -8.662012100219727]]
[572855, 10, 0, [4.63551139831543, -4.318179130554199]]
[572855, 23, 0, [3.6230344772338867, -3.329756736755371]]
[572855, 11, 0, [3.613084077835083, -3.1363112926483154]]
[572855, 16, 1, [12.404707908630371, -6.872379302978516]]
[572855, 19, 1, [5.396553039550781, -2.129028797149658]]
[572855, 5, 1, [10.257062911987305, -8.451295852661133]]
[575755, 'popsize', 7, 'queuesize', 0]
[576155, 1, 0, [12.388307571411133, -8.737310409545898]]
[576155, 10, 0, [4.7602691650390625, -4.0821123123168945]]
[576155, 23, 0, [3.6142172813415527, -3.3254661560058594]]
[576155, 11, 0, [3.6184895038604736, -3.13338041305542]]
[576155, 16, 1, [12.404915809631348, -6.7485880851745605]]
[576155, 19, 1, [5.513609409332275, -2.276996374130249]]
[576155, 5, 1, [10.082449913024902, -8.246750831604004]]
[579055, 'popsize', 7, 'queuesize', 0]
[579455, 1, 0, [12.387446403503418, -8.749815940856934]]
[579455, 10, 0, [4.871890068054199, -3.8341996669769287]]
[579455, 23, 0, [3.6038384437561035, -3.324871063232422]]
[579455, 11, 0, [3.6248669624328613, -3.134950876235962]]
[579455, 16, 1, [12.40473747253418, -6.62382173538208]]
[579455, 19, 1, [5.514178276062012, -2.5206973552703857]]
[579455, 5, 1, [9.895933151245117, -8.05370044708252]]
[582355, 'popsize', 7, 'queuesize', 0]
[582755, 1, 0, [12.388882637023926, -8.770426750183105]]
[582755, 10, 0, [4.959280014038086, -3.598909854888916]]
[582755, 23, 0, [3.5944597721099854, -3.324361801147461]]
[582755, 11, 0, [3.6341440677642822, -3.137415885925293]]
[582755, 16, 1, [12.404601097106934, -6.501420021057129]]
[582755, 19, 1, [5.4771881103515625, -2.7972755432128906]]
[582755, 5, 1, [9.888429641723633, -8.043312072753906]]
[585655, 'popsize', 7, 'queuesize', 0]
[586055, 1, 0, [12.390893936157227, -8.800872802734375]]
[586055, 10, 0, [5.035006523132324, -3.3354434967041016]]
[586055, 23, 0, [3.5852808952331543, -3.3223679065704346]]
[586055, 11, 0, [3.643193006515503, -3.1402504444122314]]
[586055, 16, 1, [12.404876708984375, -6.373855113983154]]
[586055, 19, 1, [5.429758548736572, -3.053581476211548]]
[586055, 5, 1, [9.900440216064453, -8.052007675170898]]
[588955, 'popsize', 7, 'queuesize', 0]
[589455, 10, 0, [5.101167678833008, -3.06061053276062]]
[589455, 23, 0, [3.5763232707977295, -3.3197543621063232]]
[589455, 11, 0, [3.6523613929748535, -3.1440787315368652]]
[589455, 16, 1, [12.40475845336914, -6.246625900268555]]
[589455, 19, 1, [5.320871353149414, -3.2103819847106934]]
[589455, 5, 1, [9.917840957641602, -8.066815376281738]]
[592455, 'popsize', 7, 'queuesize', 0]
[592855, 10, 0, [5.126631736755371, -2.9405951499938965]]
[592855, 23, 0, [3.567448139190674, -3.3164925575256348]]
[592855, 11, 0, [3.6610071659088135, -3.149679660797119]]
[592855, 16, 1, [12.40491008758545, -6.124908447265625]]
[592855, 19, 1, [5.08056640625, -3.2879347801208496]]
[592855, 5, 1, [9.914825439453125, -8.063232421875]]
[592855, 15, 1, [1.732228398323059, -1.6692310571670532]]
[595805, 'popsize', 7, 'queuesize', 0]
[596206, 10, 0, [5.061359405517578, -3.2145485877990723]]
[596206, 23, 0, [3.558793306350708, -3.3118560314178467]]
[596206, 11, 0, [3.668790817260742, -3.1552674770355225]]
[596206, 16, 1, [12.404866218566895, -6.0026679039001465]]
[596206, 19, 1, [4.804626941680908, -3.3439383506774902]]
[596206, 5, 1, [9.722919464111328, -7.886582851409912]]
[596206, 15, 1, [1.7286356687545776, -1.6730139255523682]]
[599156, 'popsize', 7, 'queuesize', 0]
[599556, 10, 0, [5.088613033294678, -3.124676465988159]]
[599556, 23, 0, [3.5503532886505127, -3.306349515914917]]
[599556, 11, 0, [3.6764190196990967, -3.1624603271484375]]
[599556, 16, 1, [12.404608726501465, -5.88116455078125]]
[599556, 19, 1, [4.525623321533203, -3.381671905517578]]
[599556, 5, 1, [9.511971473693848, -7.719394683837891]]
[599556, 15, 1, [1.7259254455566406, -1.677272915840149]]
[602456, 'popsize', 7, 'queuesize', 0]
[602856, 10, 0, [5.149364948272705, -2.875702381134033]]
[602856, 23, 0, [3.543046712875366, -3.3000593185424805]]
[602856, 11, 0, [3.6834404468536377, -3.1703569889068604]]
[602856, 16, 1, [12.404603004455566, -5.760159492492676]]
[602856, 19, 1, [4.248710632324219, -3.404102325439453]]
[602856, 5, 1, [9.292308807373047, -7.571676731109619]]
[602856, 15, 1, [1.7227718830108643, -1.6811089515686035]]
[605756, 'popsize', 7, 'queuesize', 0]
[606156, 10, 0, [5.191174030303955, -2.6245572566986084]]
[606156, 23, 0, [3.5361411571502686, -3.293384552001953]]
[606156, 11, 0, [3.6890361309051514, -3.1785953044891357]]
[606156, 16, 1, [12.404763221740723, -5.633493900299072]]
[606156, 19, 1, [3.9725534915924072, -3.414294719696045]]
[606156, 5, 1, [9.060465812683105, -7.433470249176025]]
[606156, 15, 1, [1.71968412399292, -1.6845670938491821]]
[609056, 'popsize', 7, 'queuesize', 0]
[609456, 10, 0, [5.214665412902832, -2.353224039077759]]
[609456, 23, 0, [3.530484199523926, -3.2856357097625732]]
[609456, 11, 0, [3.694232225418091, -3.1870083808898926]]
[609456, 16, 1, [12.4046630859375, -5.507160186767578]]
[609456, 19, 1, [3.6991658210754395, -3.4074559211730957]]
[609456, 5, 1, [8.825175285339355, -7.310567855834961]]
[609456, 15, 1, [1.713347315788269, -1.690553903579712]]
[613306, 'popsize', 9, 'queuesize', 0]
[613806, 10, 0, [5.220980644226074, -2.013348340988159]]
[613806, 23, 0, [3.503406047821045, -3.283792734146118]]
[613806, 11, 0, [3.6787421703338623, -3.208271026611328]]
[613806, 21, 0, [0.8953280448913574, -0.12917937338352203]]
[613806, 16, 1, [12.404613494873047, -5.348594665527344]]
[613806, 19, 1, [3.6467373371124268, -3.403233289718628]]
[613806, 5, 1, [8.5188570022583, -7.178299903869629]]
[613806, 15, 1, [1.6936851739883423, -1.690909504890442]]
[613806, 6, 1, [4.156350612640381, -2.7004921436309814]]
[617506, 'popsize', 9, 'queuesize', 0]
[618006, 10, 0, [5.194064140319824, -1.6706515550613403]]
[618006, 23, 0, [3.4923276901245117, -3.2756550312042236]]
[618006, 11, 0, [3.675363063812256, -3.220046043395996]]
[618006, 21, 0, [0.8565146327018738, -0.1562286764383316]]
[618006, 16, 1, [12.404629707336426, -5.188741207122803]]
[618006, 19, 1, [3.6214189529418945, -3.410033941268921]]
[618006, 5, 1, [8.200494766235352, -7.079339504241943]]
[618006, 15, 1, [1.6883059740066528, -1.6860454082489014]]
[618006, 6, 1, [4.377699375152588, -2.6933090686798096]]
[621706, 'popsize', 9, 'queuesize', 0]
[622206, 10, 0, [5.165410041809082, -1.3658602237701416]]
[622206, 23, 0, [3.487062692642212, -3.2634284496307373]]
[622206, 11, 0, [3.6751489639282227, -3.2290821075439453]]
[622206, 21, 0, [0.9152300357818604, -0.16210533678531647]]
[622206, 16, 1, [12.404681205749512, -5.029268264770508]]
[622206, 19, 1, [3.5999081134796143, -3.4113833904266357]]
[622206, 5, 1, [7.862877368927002, -7.005547523498535]]
[622206, 15, 1, [1.679202914237976, -1.6702852249145508]]
[622206, 6, 1, [4.623326301574707, -2.948192834854126]]
[625906, 'popsize', 9, 'queuesize', 0]
[626406, 10, 0, [5.083265781402588, -1.5439651012420654]]
[626406, 23, 0, [3.486574411392212, -3.249018907546997]]
[626406, 11, 0, [3.6774542331695557, -3.235703468322754]]
[626406, 21, 0, [0.8766403794288635, -0.12285809963941574]]
[626406, 16, 1, [12.404701232910156, -4.869956016540527]]
[626406, 19, 1, [3.5821988582611084, -3.4086310863494873]]
[626406, 5, 1, [7.536755084991455, -6.968949317932129]]
[626406, 15, 1, [1.6739511489868164, -1.6415104866027832]]
[626406, 6, 1, [4.850967884063721, -3.219801664352417]]
[630106, 'popsize', 9, 'queuesize', 0]
[630606, 10, 0, [4.928325176239014, -1.8607823848724365]]
[630606, 23, 0, [3.486100673675537, -3.2354581356048584]]
[630606, 11, 0, [3.6771721839904785, -3.2437496185302734]]
[630606, 21, 0, [0.8895969986915588, -0.17123836278915405]]
[630606, 16, 1, [12.404851913452148, -4.7067718505859375]]
[630606, 19, 1, [3.5632569789886475, -3.4047353267669678]]
[630606, 5, 1, [7.593664646148682, -6.9684858322143555]]
[630606, 15, 1, [1.727248191833496, -1.6365032196044922]]
[630606, 6, 1, [5.050875663757324, -3.504340410232544]]
[634306, 'popsize', 9, 'queuesize', 0]
[634806, 10, 0, [4.7558698654174805, -2.1681196689605713]]
[634806, 23, 0, [3.4867594242095947, -3.221369743347168]]
[634806, 11, 0, [3.6756350994110107, -3.251566171646118]]
[634806, 21, 0, [0.8879771828651428, -0.12493829429149628]]
[634806, 16, 1, [12.404657363891602, -4.5434184074401855]]
[634806, 19, 1, [3.54418683052063, -3.3980932235717773]]
[634806, 5, 1, [7.552026271820068, -6.964990615844727]]
[634806, 15, 1, [1.6671838760375977, -1.6486735343933105]]
[634806, 6, 1, [5.2330756187438965, -3.8061025142669678]]
[638506, 'popsize', 9, 'queuesize', 0]
[639006, 10, 0, [4.565983295440674, -2.4619922637939453]]
[639006, 23, 0, [3.489502429962158, -3.2082831859588623]]
[639006, 11, 0, [3.6738927364349365, -3.2586631774902344]]
[639006, 21, 0, [0.8805778622627258, -0.16551287472248077]]
[639006, 16, 1, [12.40476131439209, -4.378504753112793]]
[639006, 19, 1, [3.5279669761657715, -3.390068769454956]]
[639006, 5, 1, [7.333701133728027, -6.958738803863525]]
[639006, 15, 1, [1.699959635734558, -1.6153442859649658]]
[639006, 6, 1, [5.392706394195557, -4.118772983551025]]
[642706, 'popsize', 9, 'queuesize', 0]
[643206, 10, 0, [4.353631019592285, -2.7434115409851074]]
[643206, 23, 0, [3.4954545497894287, -3.196105718612671]]
[643206, 11, 0, [3.6735498905181885, -3.2658259868621826]]
[643206, 21, 0, [0.9047807455062866, -0.1340477466583252]]
[643206, 16, 1, [12.404823303222656, -4.213741302490234]]
[643206, 19, 1, [3.5143418312072754, -3.380925416946411]]
[643206, 5, 1, [7.543534755706787, -6.956322193145752]]
[643206, 15, 1, [1.681321144104004, -1.6205360889434814]]
[643206, 6, 1, [5.534058094024658, -4.440240859985352]]
[646956, 'popsize', 9, 'queuesize', 0]
[647556, 10, 0, [4.111022472381592, -3.018179416656494]]
[647556, 23, 0, [3.5032248497009277, -3.1838324069976807]]
[647556, 11, 0, [3.672503709793091, -3.272960901260376]]
[647556, 21, 0, [0.8542888164520264, -0.1372385025024414]]
[647556, 19, 1, [3.5009496212005615, -3.3697566986083984]]
[647556, 5, 1, [7.2251691818237305, -6.950103282928467]]
[647556, 15, 1, [1.6563609838485718, -1.5693176984786987]]
[647556, 6, 1, [5.657504081726074, -4.783812046051025]]
[650856, 'popsize', 8, 'queuesize', 0]
[651406, 23, 0, [3.5078699588775635, -3.171215295791626]]
[651406, 11, 0, [3.666836977005005, -3.277233839035034]]
[651406, 21, 0, [0.901892364025116, -0.1466469019651413]]
[651406, 19, 1, [3.486337661743164, -3.3560678958892822]]
[651406, 5, 1, [6.908640384674072, -6.967383861541748]]
[651406, 15, 1, [1.687334656715393, -1.6095603704452515]]
[651406, 6, 1, [5.746182441711426, -5.092983245849609]]
[654306, 'popsize', 7, 'queuesize', 0]
[654706, 23, 0, [3.512155055999756, -3.153271436691284]]
[654706, 11, 0, [3.6590793132781982, -3.2742364406585693]]
[654706, 21, 0, [0.8396291136741638, -0.14938515424728394]]
[654706, 19, 1, [3.4707887172698975, -3.3343076705932617]]
[654706, 5, 1, [6.644691467285156, -7.004241943359375]]
[654706, 15, 1, [1.6341922283172607, -1.5828218460083008]]
[654706, 6, 1, [5.80535888671875, -5.363665580749512]]
[657606, 'popsize', 7, 'queuesize', 0]
[658006, 23, 0, [3.5148568153381348, -3.125472068786621]]
[658006, 11, 0, [3.6439568996429443, -3.2656915187835693]]
[658006, 21, 0, [0.8805058002471924, -0.13264387845993042]]
[658006, 19, 1, [3.4496521949768066, -3.3001139163970947]]
[658006, 5, 1, [6.377942085266113, -7.0582990646362305]]
[658006, 15, 1, [1.6836509704589844, -1.5786678791046143]]
[658006, 6, 1, [5.848074913024902, -5.633995532989502]]
[660906, 'popsize', 7, 'queuesize', 0]
[661306, 23, 0, [3.5145483016967773, -3.109210252761841]]
[661306, 11, 0, [3.6318843364715576, -3.2599213123321533]]
[661306, 21, 0, [0.8406277894973755, -0.17518876492977142]]
[661306, 19, 1, [3.4350087642669678, -3.2777035236358643]]
[661306, 5, 1, [6.113927364349365, -7.127396583557129]]
[661306, 15, 1, [1.707702398300171, -1.6187928915023804]]
[661306, 6, 1, [5.869208812713623, -5.909162998199463]]
[664206, 'popsize', 7, 'queuesize', 0]
[664606, 23, 0, [3.514681816101074, -3.0947105884552]]
[664606, 11, 0, [3.620091676712036, -3.254183769226074]]
[664606, 21, 0, [0.8596475124359131, -0.12490576505661011]]
[664606, 19, 1, [3.4224371910095215, -3.2565364837646484]]
[664606, 5, 1, [5.8845343589782715, -7.2068867683410645]]
[664606, 15, 1, [1.6395496129989624, -1.5983587503433228]]
[664606, 6, 1, [5.874079704284668, -6.185782432556152]]
[667506, 'popsize', 7, 'queuesize', 0]
[668006, 11, 0, [3.6083810329437256, -3.2464687824249268]]
[668006, 21, 0, [0.8521292209625244, -0.17482203245162964]]
[668006, 19, 1, [3.4113032817840576, -3.232940673828125]]
[668006, 5, 1, [5.638360500335693, -7.325024604797363]]
[668006, 15, 1, [1.6710798740386963, -1.5833439826965332]]
[668006, 6, 1, [5.8653082847595215, -6.473332405090332]]
[670556, 'popsize', 6, 'queuesize', 0]
[670906, 11, 0, [3.5997655391693115, -3.2339928150177]]
[670906, 21, 0, [0.8454768657684326, -0.12129277735948563]]
[670906, 19, 1, [3.402817726135254, -3.2142539024353027]]
[670906, 5, 1, [5.432324409484863, -7.441815376281738]]
[670906, 15, 1, [1.6619386672973633, -1.6163409948349]]
[670906, 6, 1, [5.847021579742432, -6.717630863189697]]
[673406, 'popsize', 6, 'queuesize', 0]
[673756, 11, 0, [3.5906248092651367, -3.221146821975708]]
[673756, 21, 0, [0.877855122089386, -0.16712349653244019]]
[673756, 19, 1, [3.3943583965301514, -3.1961188316345215]]
[673756, 5, 1, [5.471875190734863, -7.4146552085876465]]
[673756, 15, 1, [1.631597876548767, -1.6050156354904175]]
[673756, 6, 1, [5.819477558135986, -6.954450607299805]]
[676256, 'popsize', 6, 'queuesize', 0]
[676606, 11, 0, [3.5829250812530518, -3.208890438079834]]
[676606, 21, 0, [0.8282638788223267, -0.16327343881130219]]
[676606, 19, 1, [3.387463331222534, -3.1784307956695557]]
[676606, 5, 1, [5.6571946144104, -7.30211067199707]]
[676606, 15, 1, [1.6357760429382324, -1.6073282957077026]]
[676606, 6, 1, [5.7894768714904785, -7.160897254943848]]
[679106, 'popsize', 6, 'queuesize', 0]
[679456, 11, 0, [3.575801372528076, -3.196523904800415]]
[679456, 21, 0, [0.8739464282989502, -0.13001254200935364]]
[679456, 19, 1, [3.381042003631592, -3.160952091217041]]
[679456, 5, 1, [5.6697258949279785, -7.303449630737305]]
[679456, 15, 1, [1.663256049156189, -1.5935412645339966]]
[679456, 6, 1, [5.802781581878662, -7.163330554962158]]
[681956, 'popsize', 6, 'queuesize', 0]
[682306, 11, 0, [3.567732334136963, -3.1831254959106445]]
[682306, 21, 0, [0.8633536100387573, -0.1818496137857437]]
[682306, 19, 1, [3.3740971088409424, -3.1415822505950928]]
[682306, 5, 1, [5.682964324951172, -7.305814743041992]]
[682306, 15, 1, [1.689149260520935, -1.6267659664154053]]
[682306, 6, 1, [5.816244602203369, -7.166041374206543]]
[684806, 'popsize', 6, 'queuesize', 0]
[685156, 11, 0, [3.5612075328826904, -3.1707656383514404]]
[685156, 21, 0, [0.8490891456604004, -0.1317419409751892]]
[685156, 19, 1, [3.368947744369507, -3.124138593673706]]
[685156, 5, 1, [5.696042060852051, -7.307679653167725]]
[685156, 15, 1, [1.6568560600280762, -1.636412501335144]]
[685156, 6, 1, [5.830012321472168, -7.168502330780029]]
[687656, 'popsize', 6, 'queuesize', 0]
[688006, 11, 0, [3.5549633502960205, -3.1575698852539062]]
[688006, 21, 0, [0.8889630436897278, -0.1635710597038269]]
[688006, 19, 1, [3.3639235496520996, -3.1055688858032227]]
[688006, 5, 1, [5.709850311279297, -7.310250759124756]]
[688006, 15, 1, [1.6340256929397583, -1.6260578632354736]]
[688006, 6, 1, [5.843766212463379, -7.171542167663574]]
[690506, 'popsize', 6, 'queuesize', 0]
[690856, 11, 0, [3.549131393432617, -3.1440987586975098]]
[690856, 21, 0, [0.8321723341941833, -0.16659674048423767]]
[690856, 19, 1, [3.3595240116119385, -3.087059736251831]]
[690856, 5, 1, [5.722842216491699, -7.313053607940674]]
[690856, 15, 1, [1.6587495803833008, -1.602763056755066]]
[690856, 6, 1, [5.857181549072266, -7.1743974685668945]]
[693306, 'popsize', 6, 'queuesize', 0]
[693956, 21, 0, [0.886618971824646, -0.12918516993522644]]
[693956, 15, 1, [1.6942800283432007, -1.6496340036392212]]
[693956, 6, 1, [5.871751308441162, -7.179159641265869]]
[695256, 'popsize', 3, 'queuesize', 0]
[695457, 21, 0, [0.8964872360229492, -0.16168950498104095]]
[695457, 15, 1, [1.6808052062988281, -1.6949436664581299]]
[695457, 6, 1, [5.873746871948242, -7.191150188446045]]
[696757, 'popsize', 3, 'queuesize', 0]
[696957, 21, 0, [0.8720617294311523, -0.172081857919693]]
[696957, 15, 1, [1.6782467365264893, -1.696861982345581]]
[696957, 6, 1, [5.875866889953613, -7.199800491333008]]
[698257, 'popsize', 3, 'queuesize', 0]
[698457, 21, 0, [0.8496105074882507, -0.148001566529274]]
[698457, 15, 1, [1.6764434576034546, -1.698370337486267]]
[698457, 6, 1, [5.8752031326293945, -7.207156658172607]]
[699757, 'popsize', 3, 'queuesize', 0]
[699957, 21, 0, [0.8647976517677307, -0.12727083265781403]]
[699957, 15, 1, [1.6732949018478394, -1.6992058753967285]]
[699957, 6, 1, [5.874076843261719, -7.214646816253662]]
[701257, 'popsize', 3, 'queuesize', 0]
[701457, 21, 0, [0.901439905166626, -0.13389280438423157]]
[701457, 15, 1, [1.6662095785140991, -1.6999138593673706]]
[701457, 6, 1, [5.8737945556640625, -7.216570854187012]]
[702757, 'popsize', 3, 'queuesize', 0]
[702957, 21, 0, [0.89841628074646, -0.16440296173095703]]
[702957, 15, 1, [1.6483442783355713, -1.7183974981307983]]
[702957, 6, 1, [5.872889041900635, -7.226379871368408]]
[704107, 'popsize', 3, 'queuesize', 0]
[704307, 21, 0, [0.8668486475944519, -0.1722671389579773]]
[704307, 15, 1, [1.6365227699279785, -1.7391027212142944]]
[704307, 6, 1, [5.869826316833496, -7.230046272277832]]
[705607, 'popsize', 3, 'queuesize', 0]
[705807, 21, 0, [0.8470829725265503, -0.14868943393230438]]
[705807, 15, 1, [1.6177793741226196, -1.7619632482528687]]
[705807, 6, 1, [5.869363784790039, -7.231723785400391]]
[707107, 'popsize', 3, 'queuesize', 0]
[707307, 21, 0, [0.8667792081832886, -0.12152304500341415]]
[707307, 15, 1, [1.6104570627212524, -1.7655715942382812]]
[707307, 6, 1, [5.8667073249816895, -7.233213901519775]]
[708607, 'popsize', 3, 'queuesize', 0]
[708807, 21, 0, [0.8920129537582397, -0.13607604801654816]]
[708807, 15, 1, [1.6075987815856934, -1.7657209634780884]]
[708807, 6, 1, [5.866447925567627, -7.235949516296387]]
[710107, 'popsize', 3, 'queuesize', 0]
[710307, 21, 0, [0.8919050693511963, -0.16376297175884247]]
[710307, 15, 1, [1.6063786745071411, -1.7655218839645386]]
[710307, 6, 1, [5.865845203399658, -7.2374444007873535]]
[711657, 'popsize', 3, 'queuesize', 0]
[711857, 21, 0, [0.8602749705314636, -0.16798432171344757]]
[711857, 15, 1, [1.6054015159606934, -1.7651835680007935]]
[711857, 6, 1, [5.86476469039917, -7.239092826843262]]
[713157, 'popsize', 3, 'queuesize', 0]
[713357, 21, 0, [0.847934365272522, -0.14106935262680054]]
[713357, 15, 1, [1.6042028665542603, -1.7648199796676636]]
[713357, 6, 1, [5.862839698791504, -7.240140914916992]]
[714707, 'popsize', 3, 'queuesize', 0]
[714907, 21, 0, [0.868486225605011, -0.12128663808107376]]
[714907, 15, 1, [1.602607011795044, -1.7646589279174805]]
[714907, 6, 1, [5.863162040710449, -7.241960525512695]]
[716207, 'popsize', 3, 'queuesize', 0]
[716407, 21, 0, [0.8921599388122559, -0.13621972501277924]]
[716407, 15, 1, [1.6009999513626099, -1.7644257545471191]]
[716407, 6, 1, [5.8629937171936035, -7.243776798248291]]
[717707, 'popsize', 3, 'queuesize', 0]
[717907, 21, 0, [0.8877353072166443, -0.1696489304304123]]
[717907, 15, 1, [1.5997438430786133, -1.7640955448150635]]
[717907, 6, 1, [5.864513874053955, -7.244953155517578]]
[719207, 'popsize', 3, 'queuesize', 0]
[719407, 21, 0, [0.8553793430328369, -0.1698283851146698]]
[719407, 15, 1, [1.5986202955245972, -1.7639051675796509]]
[719407, 6, 1, [5.865518569946289, -7.245100021362305]]
[720707, 'popsize', 3, 'queuesize', 0]
[720907, 21, 0, [0.8404273986816406, -0.13573087751865387]]
[720907, 15, 1, [1.5974613428115845, -1.7636806964874268]]
[720907, 6, 1, [5.867588996887207, -7.244713306427002]]
[722207, 'popsize', 3, 'queuesize', 0]
[722407, 21, 0, [0.8575342297554016, -0.12321971356868744]]
[722407, 15, 1, [1.596426010131836, -1.7633140087127686]]
[722407, 6, 1, [5.87075662612915, -7.243546962738037]]
[723707, 'popsize', 3, 'queuesize', 0]
[724007, 21, 0, [0.8875590562820435, -0.1439111977815628]]
[724007, 6, 1, [5.874663352966309, -7.241743564605713]]
[724907, 'popsize', 2, 'queuesize', 0]
[725057, 21, 0, [0.8794817328453064, -0.16994866728782654]]
[725057, 6, 1, [5.8656487464904785, -7.229090213775635]]
[725957, 'popsize', 2, 'queuesize', 0]
[726107, 21, 0, [0.855743408203125, -0.17863662540912628]]
[726107, 6, 1, [5.854477405548096, -7.2056779861450195]]
[727007, 'popsize', 2, 'queuesize', 0]
[727157, 21, 0, [0.8378251194953918, -0.16787117719650269]]
[727157, 6, 1, [5.860427379608154, -7.184609889984131]]
[728057, 'popsize', 2, 'queuesize', 0]
[728207, 21, 0, [0.8361741900444031, -0.14951875805854797]]
[728207, 6, 1, [5.877671718597412, -7.168519973754883]]
[729107, 'popsize', 2, 'queuesize', 0]
[729257, 21, 0, [0.8501999974250793, -0.1328262835741043]]
[729257, 6, 1, [5.900923728942871, -7.165652751922607]]
[730157, 'popsize', 2, 'queuesize', 0]
