[time, indiv, parent1, parent2, gender, brain]
[200, 18, -1, -1, 0, [[array([[ 2.23886594,  1.97023123,  1.64945067, -1.26113696,  2.32465058,
         2.11194962],
       [-1.8669355 , -0.26373571,  1.65413549, -0.07637003, -1.78143461,
         1.87200896],
       [ 1.47740972,  0.85456468,  0.52529229,  1.73302478, -0.70071946,
        -1.87333386],
       [ 1.71622428,  1.63150912,  1.03541875, -1.21403767, -0.55665116,
         1.23522637],
       [ 2.26045844,  2.28248198, -1.46001164,  1.30934033,  0.67129182,
         0.39830478],
       [ 1.22196949,  1.03464736,  0.1230032 , -1.73160795,  0.41140675,
         0.04397993]]), array([[-2.04078911,  1.23563587],
       [-0.37430741,  0.0110579 ],
       [-0.81029601,  0.5229858 ],
       [ 2.06248521,  2.02777698],
       [-0.38756282, -1.43585539],
       [-1.14166073,  2.21042681]])], [array([-2.23833518, -1.24296287, -1.96001716, -0.74419096, -2.22005207,
        1.02792997]), array([ 1.51340543, -0.37596635])]]]
[200, 8, -1, -1, 1, [[array([[-0.3080968 ,  0.54509442, -0.02276598,  1.53175118, -0.52354001,
         0.31277063],
       [ 2.33019326,  2.16544321, -1.15490603, -0.48229593, -0.67509448,
        -2.08591267],
       [-1.97798486,  1.64027421, -2.29257728,  1.16406484, -1.88506354,
        -0.76818104],
       [ 2.27263943, -2.33643395, -0.73982801,  2.00538073,  1.24341814,
        -0.65500303],
       [ 2.27464974,  2.44279509, -1.84017499, -0.34832995,  1.81704422,
        -1.04526862],
       [-0.63699312,  1.67881799, -2.15016226,  1.16436995,  0.39730582,
        -2.27162704]]), array([[ 2.22176542,  1.63589983],
       [-1.61536432, -0.50106514],
       [-0.16635241, -1.9887044 ],
       [ 0.8577674 ,  1.75960695],
       [ 0.8881716 ,  1.29800016],
       [ 0.35936282,  0.84125794]])], [array([-0.54585432, -0.98099716,  0.10610471, -0.75477056, -2.05241145,
        0.0707783 ]), array([ 0.8270009 , -1.45258615])]]]
[200, 0, -1, -1, 0, [[array([[-0.7969948 ,  0.63725896,  2.25426466, -1.3127581 ,  0.60153175,
         0.59852845],
       [-1.41632361,  0.14115248, -2.24363757,  0.21350918, -1.72082429,
        -2.29756903],
       [-0.85509059,  1.7766052 , -0.9244057 ,  0.97779799,  1.15467921,
        -0.93820732],
       [-1.67526017, -1.50163779,  2.012389  , -0.40742612, -0.49765501,
         1.63359292],
       [ 2.41504254, -0.35349781,  2.36610386, -1.4941715 ,  0.30021443,
        -0.23601225],
       [-1.28070043,  2.13791833, -1.00276555, -0.93458656,  1.783113  ,
         0.79446863]]), array([[ 1.78766959,  0.13425977],
       [ 1.01133628, -1.96591262],
       [-1.23214973,  2.36668562],
       [ 0.24625015, -1.04030878],
       [-0.54074858,  2.20013323],
       [-0.2403284 ,  1.08847906]])], [array([ 0.77863391,  1.19611177, -1.24415153, -1.53063268,  0.04426762,
        0.3046719 ]), array([ 1.03352135, -0.2056292 ])]]]
[200, 16, -1, -1, 1, [[array([[-1.49416486,  0.51377816,  2.15145983, -0.00319706, -2.31825726,
         0.200588  ],
       [ 0.36247999, -1.53513747,  0.54736846,  0.86389008,  2.21043167,
        -0.2316552 ],
       [ 0.10096805,  0.27181557,  0.04721177,  0.20411018, -1.03684464,
         1.81245128],
       [ 0.98813285,  2.2539782 , -1.48904037, -1.57821021,  1.09491134,
         0.75734882],
       [-1.4689738 , -2.32527222, -0.17620482, -1.6886439 , -0.35585511,
         0.74986748],
       [-1.50659915,  1.38793481,  1.5785969 ,  1.14909902, -1.74586094,
        -1.1404726 ]]), array([[ 0.8381605 , -1.24133176],
       [ 1.6566722 ,  1.17974522],
       [-0.4152383 , -0.53873338],
       [ 1.80049843, -1.21665125],
       [ 1.96507991, -1.66555715],
       [-0.86721436,  0.08251548]])], [array([ 1.35462778, -0.09587494,  1.03052979, -0.04861343,  0.72027736,
        1.61868417]), array([ 0.1774392 , -1.03963714])]]]
[200, 23, -1, -1, 0, [[array([[-0.39103965, -1.18406218,  0.81969756,  0.61807151, -0.09883415,
         1.87842862],
       [ 1.39024783,  1.72423792, -2.0217575 ,  1.81766832,  1.71490561,
        -2.02995507],
       [ 1.33901558, -1.79714616, -1.39175312,  0.68598332, -0.30080837,
        -1.88374263],
       [ 2.0650529 ,  1.30855014, -1.72927341, -1.57408282,  2.24793544,
        -0.827235  ],
       [ 1.03886169,  0.16932435, -0.03963106,  0.75704607, -1.79743988,
        -2.084953  ],
       [-0.30451541,  0.66823744, -0.49441258, -0.07796941, -2.32019306,
         1.76258089]]), array([[-1.79548792,  1.89506838],
       [-1.23680425, -1.62357506],
       [ 0.15080751, -2.38076711],
       [-0.50909198, -2.0705852 ],
       [-2.13256161,  1.22296947],
       [-2.1828758 , -1.56776804]])], [array([-2.44731324, -1.7950371 , -1.68444877,  2.2599348 ,  0.34781136,
       -0.58055002]), array([-0.6654029 , -1.10113151])]]]
[200, 14, -1, -1, 1, [[array([[-0.55960969,  0.99949423, -1.66836287, -0.32689444,  1.41532566,
         0.29388521],
       [-1.33422104,  1.57958174, -1.77182567,  1.21718638, -1.04732221,
        -2.42474749],
       [ 1.93695349,  1.39168294,  0.07610048, -0.50669357,  1.5514471 ,
         2.40205159],
       [ 2.02029555, -0.40205268, -1.99053734, -1.01737884,  0.47425496,
         2.14077804],
       [-2.27922252, -0.63956963,  1.28958069, -2.2243187 , -1.48358355,
         0.52294979],
       [ 1.31614981, -2.17267584,  1.3050306 , -2.21697997,  2.44780652,
         0.59514141]]), array([[-1.6992293 , -0.21891539],
       [-2.08665612,  0.6560208 ],
       [ 1.43309263,  0.60932728],
       [-0.46045526,  1.04441677],
       [ 1.34501408, -1.39182623],
       [-0.75025765, -1.56434938]])], [array([ 0.18368874, -1.64304507, -1.40094441,  0.06906961,  0.98948648,
        1.56440802]), array([1.63300365, 1.90112625])]]]
[200, 22, -1, -1, 0, [[array([[-0.41251082,  0.93565594, -2.12469651,  0.85003115,  1.87572914,
         0.91494037],
       [ 0.34146718, -2.05673742,  0.25313253, -1.04450399, -1.84517594,
         2.35083392],
       [ 0.52101969, -1.72555404,  1.79214841, -1.45717453,  2.07043758,
         2.40948508],
       [ 0.38685937, -0.35234251, -1.58082275, -0.61567388, -1.81642823,
         0.87710039],
       [-1.30655087, -0.29608206,  1.42069685,  0.00644443,  0.34180937,
        -2.18028132],
       [-0.39294038, -1.54408813, -0.41124418,  1.80889663, -1.00392783,
         0.90962032]]), array([[ 2.29178796,  0.75268811],
       [-1.26461712, -1.66833888],
       [ 0.71663668, -0.5416754 ],
       [-0.60226165, -0.3646778 ],
       [-1.55904381,  0.89149955],
       [-1.27213919,  1.10465652]])], [array([-1.82363629,  1.54479151,  0.38181153, -0.50873705,  2.14378214,
        1.979873  ]), array([ 1.76874781, -0.88309687])]]]
[200, 10, -1, -1, 1, [[array([[-0.38939825, -2.05448832,  1.6455008 ,  0.75206389, -2.12234777,
        -0.12157521],
       [-1.63044705, -0.68521011,  1.89152106, -1.88718542, -2.02631394,
        -0.69655668],
       [ 1.34302053,  1.60556672,  0.22051191, -1.96071527,  0.73731381,
         2.03553284],
       [ 0.4028027 , -1.98422284, -0.0519353 ,  0.75117054,  0.88359393,
         0.46297149],
       [-1.86329864,  2.42002914, -1.43275563, -0.9988688 ,  0.75789048,
         0.97247593],
       [ 1.44976451,  1.61279621, -0.84489723,  0.911823  , -0.02226875,
        -1.4776606 ]]), array([[-0.56140322, -2.40388884],
       [ 2.09655736,  2.29020452],
       [ 1.20774612,  1.06940222],
       [-1.04989852,  1.70918707],
       [ 1.71807575,  2.1050518 ],
       [ 1.03492504,  1.17810176]])], [array([-1.4033245 , -2.07444744, -1.5189633 ,  2.06759128, -2.02293962,
       -1.94209544]), array([0.87320069, 0.67947922])]]]
[200, 9, -1, -1, 0, [[array([[ 0.61443729,  0.29254132,  1.21279864, -0.32591675, -0.17842413,
         0.5897042 ],
       [ 0.77593976,  2.23116249,  2.32107697, -1.62803045, -0.57811757,
        -2.12783967],
       [ 1.02976028,  0.26197676, -0.27106026,  1.09353776, -0.74592757,
        -0.3339955 ],
       [ 0.4263032 ,  1.54029544, -1.58083391, -1.19384312, -2.13087748,
        -1.3052719 ],
       [-0.52590035, -1.97260949,  2.12519053, -2.38197235,  0.76006498,
         1.41604812],
       [-1.10198999, -0.34281147, -0.70965347, -1.26749886,  2.1684705 ,
        -0.72877099]]), array([[ 0.03292201, -0.85988743],
       [-0.94837642, -1.27879041],
       [-0.79883858, -1.97337029],
       [ 1.09564114,  0.86546021],
       [-0.74928928,  1.90590297],
       [ 1.80077604,  1.52711907]])], [array([ 0.53518747, -0.3950038 , -1.89022817, -0.01386629,  0.59518053,
       -1.72681562]), array([ 0.47507979, -2.13252685])]]]
[200, 13, -1, -1, 1, [[array([[-1.16918442,  1.25682108,  2.44802332,  0.91075445,  1.33956862,
        -0.99721855],
       [-1.50318042,  1.3360961 , -1.98065722,  0.63209061, -0.94939657,
        -0.68864734],
       [-0.63931876,  0.42611055, -0.15373964, -2.34754149,  0.38776363,
         2.23114675],
       [-0.94338441, -1.64855557, -0.08311866,  1.40396921,  1.66981283,
         1.21463746],
       [-1.66469864, -1.16427462,  2.29872519,  1.59928693,  1.8724262 ,
        -0.95654099],
       [ 1.83881302,  0.65465761,  0.86416116,  1.86045533, -0.05521125,
         0.52952611]]), array([[-0.6837867 , -2.42705449],
       [ 1.59591088,  0.93639564],
       [-0.35525834, -2.43850423],
       [ 2.30510462, -0.81130972],
       [-1.57509663,  0.0479737 ],
       [ 1.17057848,  0.1291497 ]])], [array([-2.0576785 , -0.91945477, -0.85458716, -0.15832299, -0.25103625,
       -0.04899356]), array([1.69985921, 0.86183051])]]]
[200, 5, -1, -1, 0, [[array([[ 1.28904748, -1.56399085,  0.83734589, -0.76592741,  0.77600805,
         1.78974849],
       [-1.22041972, -1.99010844,  1.06440295, -1.7362369 , -1.12044593,
        -1.10373919],
       [-1.36903481,  0.46849218,  0.18361875,  1.36515089,  0.0740604 ,
        -0.3256078 ],
       [ 0.11334855, -0.27317634,  1.31686138, -0.11200793,  0.90690467,
        -1.33591947],
       [-1.87398406, -0.16431832,  1.75668199, -1.88946194, -2.29349017,
         1.78185372],
       [-1.30646357,  1.71176533, -1.05523661, -1.67444267, -2.36304766,
        -0.83170548]]), array([[-0.93378462,  0.63462992],
       [-0.94022798,  1.54245865],
       [-0.17725437,  1.05281582],
       [-0.4119155 , -2.09549797],
       [ 0.9067643 ,  1.11992062],
       [ 1.90778296,  2.01743356]])], [array([-0.52545073,  0.28588078,  0.2937386 ,  2.15635229,  1.33120502,
        1.56806441]), array([ 0.26116312, -1.22215488])]]]
[200, 11, -1, -1, 1, [[array([[ 2.20020111, -2.15984313, -1.54217265,  1.33828768, -0.79017149,
        -1.39552896],
       [-0.10353069,  1.08033408, -0.71526408, -1.11826402,  2.2888804 ,
         2.26879419],
       [-2.42501993,  0.50004794, -1.4050383 , -1.22190241,  0.19868453,
        -0.20295649],
       [ 1.12093413, -0.88731129, -1.42619974, -2.133078  ,  0.84351331,
         0.84981058],
       [ 2.19370094,  1.72990065, -0.03615448, -0.56450642,  0.62274091,
        -0.79905828],
       [-0.5315172 , -1.49210789, -1.81494855, -2.39654795, -1.94246302,
        -1.94301205]]), array([[ 2.36362809, -0.17071652],
       [-0.02586686,  1.90685917],
       [ 0.69367717, -1.1946991 ],
       [ 1.3663922 ,  1.92632   ],
       [-1.88578291,  1.74816198],
       [-1.54290709,  0.26419584]])], [array([-0.59601079,  1.33579419,  1.41881849, -1.81098382, -1.76295062,
       -1.03907537]), array([-2.05237523,  1.09536231])]]]
[200, 21, -1, -1, 0, [[array([[ 2.26115669,  1.13878248, -1.82471386,  0.3313415 ,  1.67269778,
         2.26014529],
       [ 1.04739578, -1.14341681, -2.37432135,  1.19505022,  0.73135968,
        -0.99319299],
       [-2.23162223,  2.26429524,  0.2515911 ,  2.04186832,  0.55792019,
        -1.46949496],
       [ 0.78483624,  0.61437813,  1.67834153,  0.90636169, -1.75328468,
        -1.9798107 ],
       [ 1.97486012, -2.09895931,  0.60526494,  1.89473756, -1.9550346 ,
        -0.71424464],
       [-2.22989891, -1.61056144,  0.19219935, -2.03498946,  0.1654068 ,
        -1.75835728]]), array([[-1.92927577, -0.37260612],
       [-2.23364484, -2.35382199],
       [ 0.90388734, -0.54059987],
       [-1.2181016 ,  0.14568266],
       [ 0.95625084,  1.0787126 ],
       [ 1.67888017, -1.69693336]])], [array([-1.91741937,  0.3411625 ,  0.60815087,  0.90251552,  0.93637049,
        1.05491771]), array([ 1.78105934, -1.43596881])]]]
[200, 1, -1, -1, 1, [[array([[ 2.08242438,  1.14302454,  2.20492093,  0.94827441, -2.08962828,
         0.02929787],
       [ 1.77356058,  2.3837103 ,  0.3309975 ,  1.50910522,  0.44036018,
         2.20179754],
       [-0.44762869,  1.22394564,  0.41028387,  1.53633884, -0.29613502,
         1.13369934],
       [-2.0533523 ,  2.23184994,  1.10111368, -2.37043281,  1.2577484 ,
        -0.77395151],
       [-1.54777505,  0.19438517, -1.73427004,  1.20927155,  0.9898447 ,
         2.12194734],
       [ 1.57608004,  0.24323521, -0.02210915, -1.52099816,  1.27765816,
        -2.28193576]]), array([[-0.28398479,  2.26668959],
       [-0.48210287,  0.5264195 ],
       [-1.93623006, -2.07819056],
       [-0.44473436,  0.19222745],
       [ 0.39129939, -0.38879845],
       [-1.44515793, -1.57396471]])], [array([ 0.64084015,  1.98671516,  0.09468461, -1.49894574, -2.23644331,
        1.84468094]), array([-0.40261337, -0.66899026])]]]
[200, 20, -1, -1, 0, [[array([[-0.22822453, -1.2478828 ,  1.65062211,  0.59149084, -1.92445855,
        -1.30667187],
       [-2.32920929, -1.23688864,  1.93663591,  1.54318373,  0.19838606,
         1.44840125],
       [-1.46863888, -1.03049419,  1.42786626,  1.48723524, -1.37784372,
         1.17978171],
       [-2.2779212 , -0.56495121, -0.0575108 , -1.15486615, -0.47861222,
         0.52261249],
       [ 0.0980178 ,  0.29599536,  0.53401505, -0.57215541, -0.96336265,
        -1.55327995],
       [-0.30586027,  1.00947069,  1.34509808, -1.21067533,  0.70690255,
         2.41670033]]), array([[-1.08793711,  2.11988396],
       [ 0.29832019,  1.53155068],
       [ 1.60487323,  1.98028893],
       [ 1.7353755 ,  0.90105882],
       [ 1.89581745,  1.92339609],
       [ 0.30885307, -0.81719088]])], [array([-0.06698761, -0.36990131,  2.08678865, -1.6086975 ,  1.59447562,
       -0.06795153]), array([0.8491432 , 1.28684818])]]]
[200, 15, -1, -1, 1, [[array([[-1.48288744,  1.33734888,  1.70141702,  0.17186584, -0.19015164,
         1.51918003],
       [ 1.76494125, -0.72496239, -1.86762875, -2.22419979,  0.85462579,
        -2.20298388],
       [-1.72358056, -1.26258049, -1.03153761,  0.26982063,  2.34024013,
         2.04345432],
       [ 2.382168  ,  2.04287798, -0.21627367, -0.21565397,  0.64296934,
        -0.71792398],
       [ 0.60201353,  2.32142603,  1.24536568, -0.36546911, -1.48989362,
        -0.17057211],
       [-0.20532989,  1.72953969,  0.93032522,  1.35260069, -1.46920193,
         0.02992737]]), array([[ 1.44931518, -2.30705676],
       [-1.03495732,  1.50138099],
       [-0.12268524, -2.20749062],
       [ 1.56463001,  1.93373934],
       [-1.72633685,  0.50090616],
       [ 1.40489694,  0.22947247]])], [array([ 2.30800374, -0.65778942,  0.94219095, -0.41622092, -0.24728208,
       -1.24553427]), array([-0.05507309,  1.36628955])]]]
[200, 6, -1, -1, 0, [[array([[ 1.56655072,  0.60594631, -1.89431874,  0.47015543,  1.71265126,
        -1.50198047],
       [ 2.0622496 , -0.11192495,  0.89162504,  1.65391735, -0.8487718 ,
         2.0871216 ],
       [-1.40408079, -2.09759152,  0.74405008, -0.67071652, -0.92840098,
        -2.06280944],
       [-2.39356964,  1.7072706 ,  2.10784779,  0.0926135 , -0.32361495,
         1.77323727],
       [ 0.77621225,  0.70955339, -1.85026055,  0.32448527,  1.83922916,
        -1.19136058],
       [ 0.80622437,  2.31271394, -2.42172833,  0.9033756 ,  2.14635126,
        -2.43991969]]), array([[-1.31603414, -0.98984   ],
       [ 1.35591412, -0.98749966],
       [ 2.11022618,  2.00391055],
       [ 0.65230762, -0.25217888],
       [ 2.21868153, -2.23302608],
       [-1.15509192,  1.73222084]])], [array([-0.2439704 ,  1.86895905,  2.24453749, -2.10619741,  1.47270771,
       -1.8041372 ]), array([ 1.39659043, -0.25475827])]]]
[200, 4, -1, -1, 1, [[array([[ 0.15251075,  0.35791079, -0.09468172,  1.66952116,  2.09269503,
        -1.48363851],
       [-0.710157  ,  0.32689835, -1.77262772,  2.01682146,  1.56334241,
         0.6007346 ],
       [ 1.07732735,  1.09950102, -0.14601591, -1.77251076,  1.02197961,
        -1.70843861],
       [-0.11159119, -0.77955582, -0.42576091,  1.25757887,  1.55131331,
        -1.988937  ],
       [ 2.24306289, -2.26722659,  1.76570553,  1.70904351,  1.06156859,
         1.37985876],
       [ 0.26660956, -0.23670521, -0.77016115,  0.98297449,  0.01439393,
         1.54774972]]), array([[-1.92828205, -1.4794267 ],
       [ 1.80728907,  0.90926463],
       [-1.59955424,  0.69173386],
       [ 1.57238051, -2.24846143],
       [ 2.22873721,  0.58092307],
       [-0.04549801, -1.80786301]])], [array([-0.5018929 ,  0.09152232, -0.82917773, -2.10262931,  1.76230386,
       -0.66044003]), array([-0.37706189, -0.86329294])]]]
[200, 19, -1, -1, 0, [[array([[ 2.12381057, -2.31744123, -1.9945451 ,  1.71448848, -1.93599483,
        -0.80057778],
       [ 2.19581556,  1.90961566, -0.74215521,  1.7025338 ,  2.10045729,
         1.80226852],
       [ 2.41378268, -0.70968747,  2.39320495, -1.13467452, -0.13563381,
         1.96207429],
       [ 0.77881103, -2.08371483, -2.44284496,  1.01238598, -0.59401219,
        -0.80391429],
       [-2.00089842,  1.58097047,  2.31416569, -2.22771209, -2.03187334,
         0.51179768],
       [ 0.47168701, -2.25980167,  1.58345065,  2.38790859, -1.38165153,
        -0.20591944]]), array([[ 0.38115197,  2.30604478],
       [-0.42519905, -0.88903203],
       [ 0.31633449, -1.53271139],
       [-1.12462717, -2.14223895],
       [-1.0748501 , -1.92906968],
       [ 1.92272035,  1.47736453]])], [array([-1.17997571,  1.01750723, -1.83828336, -1.90748558, -1.07004542,
       -0.91615598]), array([-1.28486926, -0.92816988])]]]
[200, 12, -1, -1, 1, [[array([[ 0.83125087, -1.23413927, -1.90036653, -1.07803245, -2.2202978 ,
        -0.29601605],
       [-0.43417006,  2.40139258, -1.06349416,  0.30208545, -0.55103584,
         2.40551188],
       [-1.10274971, -2.00216953, -1.14469245,  1.16351326,  0.59468556,
        -0.21159073],
       [-0.11790313, -0.03882627, -1.48839536,  0.97016202, -0.36446839,
        -0.13559604],
       [ 1.70447164, -0.26153794, -2.1564428 ,  1.95634729, -0.27793034,
         0.74866525],
       [-1.98082357,  1.54991699, -0.69254972,  1.33206759,  1.16566281,
         0.35707407]]), array([[ 1.47080677, -1.81876461],
       [-0.67724592, -0.64617977],
       [ 1.50398397, -0.1591613 ],
       [ 1.80260852, -0.15972272],
       [-0.64495022, -1.21878793],
       [ 0.05197766, -0.16428192]])], [array([ 2.05773292,  1.38694732, -0.78956958, -0.42823933, -1.97199527,
       -0.98542516]), array([-0.3726376 ,  1.92213756])]]]
[111951, 2, 'birth', 5, 12, 0, [[array([[ 1.28904748, -1.56399085,  0.83734589, -1.54491642,  0.77600805,
         1.78974849],
       [-1.22041972, -1.82303254,  1.06440295,  0.73349495, -1.12044593,
        -1.10373919],
       [-1.36903481,  0.46849218,  0.18361875,  2.44948974,  0.0740604 ,
        -0.3256078 ],
       [ 0.11334855, -0.27317634,  1.31686138, -0.11200793,  0.90690467,
        -1.33591947],
       [-1.87398406, -0.16431832,  1.75668199, -2.44948974, -2.29349017,
         1.96056905],
       [-0.78173628,  1.71176533, -2.44948974, -1.67444267, -2.36304766,
        -0.83170548]]), array([[-0.93378462,  0.63462992],
       [-0.94022798,  1.41421356],
       [-0.17725437,  1.05281582],
       [-0.4119155 , -1.41421356],
       [ 1.41421356,  1.11992062],
       [ 1.41421356,  1.41421356]])], [array([-2.22184168,  0.28588078,  0.2937386 ,  2.15635229,  1.33120502,
        1.56806441]), array([-0.3726376 ,  1.41421356])]]]
[254352, 17, 'birth', 5, 8, 1, [[array([[ 1.28904748, -1.56399085,  0.83734589, -0.76592741,  0.77600805,
         0.41806864],
       [-1.22041972,  2.44948974,  1.06440295, -1.7362369 , -1.06127134,
        -2.39508953],
       [-0.19611564,  0.46849218,  0.18361875,  1.36515089,  0.0740604 ,
        -0.3256078 ],
       [ 0.11334855, -0.27317634,  1.31686138, -0.11200793,  1.24341814,
        -1.83085951],
       [ 2.27464974,  2.44279509, -1.84017499, -0.34832995,  2.44948974,
        -1.04526862],
       [-0.63699312,  1.67881799, -2.44948974,  1.16436995,  1.10880938,
        -2.27162704]]), array([[ 1.41421356,  1.41421356],
       [-1.41421356, -0.50106514],
       [ 0.61772831, -1.41421356],
       [ 0.8577674 ,  1.41421356],
       [ 0.8881716 ,  1.29800016],
       [ 1.07480984,  0.84125794]])], [array([-0.54585432, -0.98099716,  0.10610471, -1.96677042, -2.05241145,
       -0.26958888]), array([ 0.8270009 , -1.41421356])]]]
[254352, 24, 'birth', 19, 8, 0, [[array([[ 2.12381057, -2.44948974, -1.9945451 ,  0.6619515 , -1.93599483,
        -1.74084145],
       [ 2.44948974,  1.90961566, -0.74215521,  1.7025338 ,  2.10045729,
         1.80226852],
       [ 2.41378268, -0.70968747,  2.39320495, -1.13467452, -0.13563381,
         1.96207429],
       [ 0.77881103, -2.08371483, -2.44284496,  2.16730826,  2.20438523,
        -0.80391429],
       [-2.00089842,  1.58097047,  2.31416569, -2.44948974, -2.03187334,
         0.51179768],
       [ 0.47168701, -2.25980167, -2.15016226,  1.16436995,  0.39730582,
        -2.27162704]]), array([[ 1.41421356,  1.41421356],
       [ 0.68675516, -1.41421356],
       [-0.16635241, -1.41421356],
       [ 0.8577674 ,  1.41421356],
       [ 0.8881716 ,  1.29800016],
       [-0.92866342,  0.84125794]])], [array([-0.54585432, -0.98099716,  0.10610471, -0.75477056, -2.05241145,
        0.0707783 ]), array([ 1.41421356, -0.48278577])]]]
[275002, 7, 'birth', 21, 14, 1, [[array([[ 2.26115669,  1.13878248, -1.82471386,  0.3313415 ,  1.67269778,
         2.26014529],
       [ 1.04739578,  1.57958174, -1.77182567,  1.21718638, -1.04732221,
        -2.42474749],
       [ 1.93695349,  1.39168294,  0.07610048, -0.50669357, -0.62371217,
         2.40205159],
       [ 2.02029555, -0.40205268, -2.03029589, -1.01737884,  0.47425496,
         2.14077804],
       [-2.27922252, -0.63956963,  1.28958069, -2.2243187 , -1.48358355,
         2.44948974],
       [ 1.42328871, -2.17267584,  0.65810635, -2.21697997,  2.44780652,
         2.44948974]]), array([[-1.41421356, -0.21891539],
       [-1.41421356,  0.6560208 ],
       [ 1.41421356,  0.60932728],
       [-0.46045526,  1.04441677],
       [ 1.34501408, -1.39182623],
       [-0.75025765, -1.41421356]])], [array([-2.44948974,  1.98920689, -1.40094441,  0.06906961,  0.98948648,
        1.56440802]), array([1.41421356, 1.41421356])]]]
[329353, 3, 'birth', 24, 7, 1, [[array([[ 2.44948974, -1.19746472, -1.9945451 ,  0.6619515 , -1.93599483,
        -1.74084145],
       [ 2.44948974, -0.01628984, -0.74215521,  1.7025338 ,  2.28626063,
         2.44948974],
       [ 2.41378268, -0.70968747,  2.39320495, -2.44948974, -0.13563381,
         1.96207429],
       [ 0.77881103, -2.08371483, -2.44284496,  2.16730826,  2.20438523,
        -0.80391429],
       [-2.00089842,  1.58097047,  2.31416569, -2.44948974, -2.03187334,
         0.51179768],
       [ 0.47168701, -2.25980167, -0.90075671,  1.16436995,  0.39730582,
        -2.27162704]]), array([[ 1.41421356,  1.41421356],
       [-1.41421356,  0.6560208 ],
       [ 1.41421356,  0.1774165 ],
       [-0.46045526,  1.41421356],
       [ 1.41421356, -1.39182623],
       [-0.75025765, -1.41421356]])], [array([-2.44948974,  1.98920689, -0.16375619,  0.06906961,  0.98948648,
        2.44948974]), array([0.32938138, 1.41421356])]]]
[792507, 18, 'death']
[792657, 8, 'death']
[792807, 0, 'death']
[792957, 16, 'death']
[793107, 23, 'death']
[793257, 14, 'death']
[793407, 22, 'death']
[793557, 10, 'death']
[793707, 9, 'death']
[793857, 13, 'death']
[794007, 5, 'death']
[794158, 11, 'death']
[794307, 21, 'death']
[794457, 1, 'death']
[794607, 20, 'death']
[794757, 15, 'death']
[794908, 6, 'death']
[795057, 4, 'death']
[795208, 19, 'death']
[795357, 12, 'death']
[795708, 9, 'birth', 18, 8, 1, [[array([[ 2.23886594,  1.97023123,  1.64945067, -1.26113696,  2.32465058,
         2.11194962],
       [-2.44948974,  0.84746222,  1.65413549, -0.07637003, -2.44948974,
         1.87200896],
       [ 2.44948974,  0.85456468, -1.46830163,  1.73302478, -0.70071946,
        -1.87333386],
       [ 1.71622428,  1.63150912, -0.73982801,  2.00538073,  1.24341814,
        -2.44948974],
       [ 2.27464974,  2.44279509, -1.84017499, -0.34832995,  1.81704422,
        -1.04526862],
       [-0.63699312,  1.67881799, -2.15016226,  1.16436995,  0.39730582,
        -2.27162704]]), array([[ 1.41421356,  1.41421356],
       [-1.41421356, -0.50106514],
       [-0.16635241, -1.41421356],
       [ 0.8577674 ,  1.41421356],
       [-0.55357376,  1.29800016],
       [ 0.35936282,  0.84125794]])], [array([-0.54585432, -0.98099716,  0.10610471, -0.884867  , -2.05241145,
        0.0707783 ]), array([ 0.8270009 , -1.41421356])]]]
[795708, 16, 'birth', 18, 17, 1, [[array([[ 2.23886594, -0.20541174,  1.64945067, -1.26113696,  2.32465058,
         2.11194962],
       [ 1.86118919, -0.26373571,  1.65413549, -0.07637003, -1.78143461,
         2.44948974],
       [ 1.47740972,  0.85456468,  0.52529229,  1.73302478, -0.70071946,
        -1.87333386],
       [-0.35385914,  1.63150912,  1.03541875, -2.44948974, -0.55665116,
         2.44948974],
       [ 2.26045844,  2.28248198, -1.46001164,  1.30934033,  0.67129182,
         0.39830478],
       [ 2.44948974,  1.03464736,  0.1230032 , -1.73160795,  0.41140675,
         0.04397993]]), array([[-1.41421356,  1.22304513],
       [-0.37430741,  0.0110579 ],
       [-0.81029601,  0.5229858 ],
       [ 1.41421356,  1.41421356],
       [-0.38756282, -1.41421356],
       [ 0.22572171,  1.41421356]])], [array([-0.42121187, -0.98099716,  0.10610471, -1.96677042, -2.05241145,
       -0.26958888]), array([ 0.8270009 , -1.41421356])]]]
[835058, 2, 'death']
[878058, 17, 'death']
[878208, 24, 'death']
[882258, 7, 'death']
[889958, 3, 'death']
[933409, 9, 'death']
[933559, 16, 'death']
[933709, 'Extinction!']
