[time, indiv, parent1, parent2, gender, brain]
[150, 11, -1, -1, 0, [[array([[-0.82396756, -1.31873599,  0.18388391, -0.48318335,  2.27767152,
        -0.54984302],
       [-1.14505431,  2.0831667 ,  1.12068961, -2.34198814,  1.26213609,
        -0.99879217],
       [ 0.9174273 ,  1.51321716,  1.92836635, -1.33004274,  2.44785749,
        -1.20879769],
       [-1.56786726, -2.39155187,  0.72661292,  0.95012482, -1.38892827,
         0.11935563],
       [ 2.31155746, -0.94152932, -1.79412917, -0.90343643, -1.64015603,
        -0.18625186],
       [-1.89084679,  0.88704085, -1.20872358,  2.10010581,  1.15004768,
         0.23523128]]), array([[-1.37193524, -1.55771563],
       [ 1.02861722,  0.47342928],
       [ 0.85275002, -2.22582606],
       [-0.13123547, -1.81930795],
       [-1.84463945, -1.50452755],
       [ 0.7232631 , -1.94638912]])], [array([ 0.96227111,  1.19421961,  1.41040313, -2.429691  ,  1.50152648,
        0.09488591]), array([ 1.15889905, -0.93898899])]]]
[150, 4, -1, -1, 1, [[array([[-0.05737734,  1.47824206,  1.0771316 ,  1.6043835 , -1.00221343,
         0.1111197 ],
       [-1.24754011, -2.2055723 ,  2.042437  , -2.08563171, -1.68352471,
         0.87209256],
       [ 2.44061546, -1.43506256, -0.29444345, -0.9358565 ,  0.16002915,
        -0.89247641],
       [ 0.13988073,  1.52833968, -0.9173813 ,  1.23665877,  2.4036422 ,
         1.22063008],
       [-2.06354367,  2.12520365, -2.18113774, -1.43123826, -0.82024226,
         1.61916552],
       [-1.85931551, -2.14373063,  1.36847948,  0.28104463, -2.39697447,
        -0.00308246]]), array([[-2.1427641 , -0.03366147],
       [ 1.36617193, -1.99425494],
       [-1.96814359, -1.23426165],
       [-1.28195414,  0.19953412],
       [ 1.20817838, -1.78541718],
       [-1.64057196, -2.24171173]])], [array([ 1.24813035,  0.35390773,  0.28888748, -0.33856524, -0.91318274,
       -1.97217508]), array([-1.46931353, -1.76395962])]]]
[150, 12, -1, -1, 0, [[array([[ 0.61831135,  0.50255667,  2.40302839,  1.64472844,  0.87514677,
        -1.83522255],
       [-1.36542039, -1.47222424, -2.01135857,  0.20885253, -1.6873515 ,
        -0.62436429],
       [-2.38961403, -1.24678661,  2.02165231, -0.81155139,  1.7563753 ,
         1.46873605],
       [ 1.50968608, -0.9521756 , -0.04818129,  0.01866231, -0.41216877,
         0.21578378],
       [ 0.09160971, -0.8978367 ,  1.10951615, -1.86917017,  0.65298636,
         1.42974146],
       [ 1.35998977, -1.90028367,  2.44041504,  1.80457328,  0.53548441,
        -1.03244642]]), array([[-1.28059891,  1.53419678],
       [ 1.85931521, -1.5501242 ],
       [ 2.22223078,  0.93168479],
       [ 0.94481385,  1.13255214],
       [ 1.31723535,  0.48669281],
       [-2.35947449,  0.68071596]])], [array([-0.67830035,  0.44371542,  0.35611881, -1.38795378,  0.23530185,
        1.77428874]), array([-1.84802234,  0.87373494])]]]
[150, 0, -1, -1, 1, [[array([[-0.66976876,  0.74165962,  1.33976513, -1.43852691, -1.87406854,
         1.09634626],
       [-1.51417406,  1.66709717,  1.79111591,  1.57885283,  1.67464846,
         1.64819049],
       [ 1.93328447,  0.82867691, -2.2769128 , -1.50315024,  1.75377447,
         1.09853341],
       [-1.74501167, -1.21734238, -2.08862745, -1.32230255,  1.14071519,
        -1.67149749],
       [ 0.79765267, -1.83575651,  0.83086655, -0.52947328, -1.86053494,
         0.43494896],
       [ 1.46862113,  0.8978722 ,  0.99758929, -2.33502125,  0.97678917,
        -0.49465055]]), array([[ 2.26398919, -1.3350398 ],
       [ 0.72332102, -0.3658367 ],
       [ 1.65861364, -0.32348719],
       [ 0.19381157,  0.32398663],
       [ 2.25030019, -1.18904568],
       [-1.95363446, -1.37108174]])], [array([ 1.17223434,  1.27974815, -1.00044315,  2.28887966,  1.20245394,
       -1.9995777 ]), array([ 0.7730999 , -1.26501065])]]]
[150, 18, -1, -1, 0, [[array([[-0.61472078,  1.3652539 , -0.49618503,  2.43712171,  1.26982303,
         2.035035  ],
       [-1.96844649, -0.41654096, -0.56339317,  0.0583945 ,  0.76308399,
         1.45458232],
       [ 0.20835202, -0.20591608, -1.85566127, -2.32662638, -0.84616646,
         1.60844965],
       [ 1.08133712, -1.9322796 , -0.25921679,  0.71904319, -2.15086271,
        -0.80297127],
       [ 0.33410323, -0.31350116,  1.31899531, -1.40060363, -0.08323619,
         0.1659796 ],
       [ 2.18060125, -1.65490356, -1.19962862, -0.46985942,  2.07031647,
        -1.41215597]]), array([[ 2.14209542, -1.92926582],
       [ 0.81069104,  0.1525623 ],
       [-0.96924348, -1.44426685],
       [ 0.16445414, -1.99973521],
       [ 0.61933158,  0.22940799],
       [ 0.34204084, -1.53313546]])], [array([-0.64575882,  1.55601427,  1.39415578,  2.30595438,  0.12555745,
       -2.09650704]), array([-1.43890847,  1.38742117])]]]
[150, 10, -1, -1, 1, [[array([[-0.6504883 , -1.10725928, -0.61916842, -0.94658959, -0.29741922,
         0.40191296],
       [ 0.44234427, -0.0086659 ,  0.54259922, -2.30322785, -1.33074309,
         1.64266439],
       [ 1.02200068, -2.19107968, -0.62738731, -1.18268127,  0.28954515,
         0.71552651],
       [-2.24962088, -0.47511082,  1.75651678, -1.03948541,  0.22881082,
         0.05195036],
       [ 0.09398378, -0.06327041,  2.19684374,  0.58130658,  0.775597  ,
         2.12045283],
       [ 1.3065103 ,  1.06280214, -2.42132712,  0.93561102, -1.31086105,
        -0.86407801]]), array([[ 1.95345098, -1.62944592],
       [-1.74480032, -1.97149621],
       [ 1.87769991, -2.00263574],
       [ 0.83602455, -0.22682018],
       [ 1.48739239, -0.34161963],
       [ 0.3300663 , -0.59795464]])], [array([ 1.88591188, -1.50030411,  0.8359781 ,  0.4319704 ,  2.00509149,
       -0.13363696]), array([ 1.94166642, -1.94950996])]]]
[150, 17, -1, -1, 0, [[array([[-1.04226365,  2.411802  , -0.75581392, -1.76186341, -0.22079901,
        -1.46123333],
       [-1.32800383,  1.90614159,  0.08358452, -0.441517  , -2.25555395,
         0.81059386],
       [ 2.26399409, -1.94147628, -0.75735665, -0.15472267,  1.27301944,
        -1.71472519],
       [-0.29222838,  0.46482184, -1.29488403,  0.98135738, -2.03311364,
         1.05834662],
       [-1.79233952,  0.43288661,  0.25781244, -0.77321487, -2.09444426,
        -0.86224641],
       [ 1.06489307, -1.48628265, -2.27436047,  1.59640345, -2.00651212,
         1.01847204]]), array([[ 2.39565669, -1.95486651],
       [-1.47820146,  1.37241636],
       [ 1.14442231,  2.32960431],
       [ 2.28168121, -0.74678033],
       [ 2.40035005,  0.04749163],
       [-0.31582275, -0.2579328 ]])], [array([ 2.40357777,  0.26328179,  0.31524215, -0.97137759, -0.97349961,
       -1.11626335]), array([-2.20482154,  2.1095749 ])]]]
[150, 24, -1, -1, 1, [[array([[ 1.53362944,  2.22990205,  0.06483265, -0.34957233, -1.49178123,
        -2.38084414],
       [ 1.20084803,  2.19409624,  0.61158004,  1.95826196, -0.499365  ,
        -1.42709284],
       [-1.75883024,  0.5650537 , -2.35108125,  0.17749933, -2.28566519,
         0.79892573],
       [ 0.37673675, -1.98402435,  1.99193569, -0.47739895, -1.84792939,
         0.83880904],
       [ 0.64698037,  1.7658959 , -0.96526068,  2.12404064, -1.09993239,
         2.2489748 ],
       [ 1.72579758,  1.63583627,  0.83520794, -1.91242212, -1.85087201,
        -1.63667456]]), array([[ 1.19678202,  2.38457842],
       [-0.40014666,  1.89674464],
       [ 1.9562285 ,  1.28888629],
       [-1.15729996, -2.37857843],
       [-0.39682682, -1.92886382],
       [ 1.81661042,  0.27275343]])], [array([-0.42445937,  1.7341466 ,  1.81897605,  2.39455866, -1.5095095 ,
       -1.822546  ]), array([0.51977076, 0.16628888])]]]
[150, 5, -1, -1, 0, [[array([[ 2.19622557, -0.82034048,  0.79758977, -2.14072298,  1.1966724 ,
         0.14534004],
       [ 2.23503499, -1.87907205, -1.32749045,  0.95888815,  0.55677929,
        -2.42504044],
       [-1.17887188,  0.96362936, -2.01872699, -0.86926785,  1.03285812,
        -1.19501654],
       [-0.31190352, -1.05720048, -0.00675225, -1.07036638, -1.54005715,
        -0.49798083],
       [ 1.92404165,  1.30426818,  0.42816678,  0.07209409, -1.27702466,
         2.08152833],
       [-1.28588503,  2.41048121,  0.4958734 , -2.12654936,  0.39988046,
        -1.17880619]]), array([[ 2.25661327,  2.17286924],
       [-2.25911186, -0.93565017],
       [ 2.14152006,  1.01149053],
       [ 1.91240265, -1.02035066],
       [ 1.03484232,  0.21940607],
       [-0.15211504,  2.10977246]])], [array([ 1.54104048, -0.27416241,  0.5511514 , -0.18610141,  2.15049645,
       -1.18312121]), array([-1.69953256,  1.09620319])]]]
[150, 19, -1, -1, 1, [[array([[-1.16148945,  1.67840925,  0.6935896 ,  0.19717784, -0.3139161 ,
         1.49598487],
       [-0.56135467, -2.20060954,  1.57754896, -1.29211336, -0.36797575,
         2.04305866],
       [ 0.04615648,  1.71741494,  0.02033123, -1.38409649,  0.14690674,
         0.36702738],
       [-1.70218027, -2.44286438,  2.38893314,  0.92743909,  0.40567776,
         2.01464211],
       [-0.41819764,  0.55791159, -1.60889962, -2.10525237,  2.33439254,
         2.40609968],
       [-1.81784782,  1.19866979, -1.23422402, -1.56959709,  1.0437936 ,
         0.82150831]]), array([[-2.27938869, -2.21010602],
       [ 0.64407235, -2.37229958],
       [-0.18539596, -1.37797638],
       [ 1.51189376, -0.80428786],
       [ 2.37295427, -0.54111452],
       [-1.54474934, -1.78626894]])], [array([ 2.41334589,  0.88977894,  0.98220342,  0.75475612,  2.18739382,
       -1.73865975]), array([0.47973555, 0.81703849])]]]
[150, 2, -1, -1, 0, [[array([[-1.41810644, -0.14512563,  1.01629024,  0.42874861, -1.7776462 ,
        -2.30881664],
       [-1.22348281, -0.7401156 ,  1.56844713,  1.59396112,  0.17556143,
         0.18690326],
       [ 1.44220163, -1.86108437, -0.64356128,  1.64326848, -0.6054008 ,
         1.18245609],
       [-1.03187384,  2.24775265, -0.80715159,  0.33667393,  1.41493444,
        -1.07605562],
       [ 1.26088553,  1.11885593,  0.51317155,  1.30666651, -2.09339544,
        -1.43257787],
       [ 0.83556037,  0.63876254, -1.67770206, -1.58062297, -0.31869585,
        -0.33590672]]), array([[ 0.43053681, -1.72393668],
       [ 1.73597663, -1.49898398],
       [-0.35775217, -1.9301191 ],
       [ 1.96200333, -2.0514728 ],
       [-0.19666753, -0.55913237],
       [-1.39963265, -0.8505129 ]])], [array([ 0.28453047, -1.67651757,  0.87538889, -1.39786434,  1.35670775,
       -0.39497167]), array([-2.1663191 ,  2.06958136])]]]
[150, 20, -1, -1, 1, [[array([[-0.51507665,  2.36280409,  0.18354054,  2.33077645,  1.53134237,
         2.32450385],
       [ 0.07053199,  2.24919646, -1.31413628,  0.93456892, -0.7213912 ,
         0.64991935],
       [ 0.64914   ,  1.52782055,  1.33876363,  1.70535863,  1.36948143,
        -1.73411491],
       [-1.3729479 , -1.57229624, -2.42023268,  1.80136644, -0.11199361,
        -0.23773398],
       [-1.98897244,  0.28156316, -1.78887563,  0.69741452,  1.45865538,
         0.66796831],
       [ 1.51873983, -1.41954471,  2.03002842, -0.81723487, -0.68870066,
        -1.02659663]]), array([[ 1.80429364, -0.32685838],
       [-1.08623424,  1.33658434],
       [ 1.894097  ,  1.39266318],
       [-0.66897883,  1.27087039],
       [ 1.91879589, -1.29608317],
       [ 1.57588793, -1.85696197]])], [array([-2.37670514,  0.00303795,  1.03362918, -0.29085355,  1.31456923,
        1.2098401 ]), array([1.17542516, 1.88277517])]]]
[150, 7, -1, -1, 0, [[array([[-0.8118287 , -0.98765594,  2.01326773, -2.35743431,  0.47511154,
        -0.5740582 ],
       [ 2.11400306, -2.19121106, -0.18980326, -0.97097124,  1.4593771 ,
         0.78701423],
       [-0.32231196, -0.58453475, -0.08484378,  1.21089315, -1.34098646,
         0.70800698],
       [-2.26543419, -1.60862422,  0.28339231,  2.00972071,  1.2081874 ,
        -1.60717238],
       [ 2.38404103,  1.73224386, -2.4426229 , -2.34412537, -2.05122744,
        -2.08233625],
       [ 1.96130393,  1.89156687, -2.19680114,  0.8351006 ,  0.2857428 ,
        -1.85119281]]), array([[ 0.20721577, -1.25888006],
       [-1.39678601, -2.13537656],
       [ 2.36476726, -1.31103398],
       [-1.950993  , -1.24069587],
       [ 1.71235582, -1.65567772],
       [ 1.48421413,  2.39553972]])], [array([ 1.61191622,  1.10187766, -2.1167042 ,  1.33612588, -0.26654068,
        2.19840034]), array([-2.10922729, -1.13595968])]]]
[150, 16, -1, -1, 1, [[array([[-1.47351558, -1.55855953, -2.44179088,  1.90957051, -1.61846267,
         1.23524037],
       [-1.33276509, -2.30856156, -1.99751159, -2.07023915, -1.39993032,
         2.34290513],
       [-1.33909222,  0.21271503,  1.63675272, -0.25989143, -0.15091493,
         0.6240321 ],
       [ 1.95934301, -2.415127  , -0.19643022, -0.88584183, -0.0285559 ,
         0.22629818],
       [ 1.17701476, -1.61361625,  2.33968171,  1.15480955, -0.88559829,
         1.3959367 ],
       [-2.15715361, -0.46160951,  1.85968052,  2.31660627, -1.91008601,
         1.9262984 ]]), array([[ 0.52365056,  1.35915706],
       [-0.61650744,  1.43175523],
       [-0.99453447,  1.09540572],
       [ 1.08295107,  0.52456224],
       [-2.24128137,  1.13507054],
       [ 0.29565195,  2.09970817]])], [array([ 1.56044322, -2.02097335,  2.26038451,  0.575965  , -1.94034107,
        0.72707241]), array([-1.38011132, -1.59353784])]]]
[150, 13, -1, -1, 0, [[array([[-1.88791758,  0.72076896,  1.49828879,  0.1546663 , -1.66194039,
        -0.57029951],
       [ 2.02476959, -2.19784797, -0.20478624,  0.12835997, -0.16067197,
        -2.34674132],
       [-0.16540168,  0.30640001, -2.37838017,  1.54079836, -2.09965189,
         0.82448544],
       [ 0.09328288, -1.09233355,  1.92434564,  0.77454377,  0.76761209,
         2.24269986],
       [ 0.62915203, -2.05274741,  0.17190921, -0.33268302, -1.18234527,
        -0.90492447],
       [ 1.11512256,  0.16471173, -1.75198037,  0.49423265, -2.31874707,
        -1.62006291]]), array([[-1.70575221, -1.0288004 ],
       [ 0.61467151, -1.84484673],
       [ 2.30968265, -1.44998218],
       [-2.41911138,  1.14261989],
       [ 1.53050432, -2.40213019],
       [-0.38396854,  0.98955325]])], [array([-0.24413495,  0.38919113, -0.24823431, -0.54330948,  2.42186114,
        1.35460539]), array([-0.27226574, -0.42236385])]]]
[150, 8, -1, -1, 1, [[array([[ 1.71398740e+00, -3.98393428e-01,  2.23925346e+00,
        -1.91932811e+00,  1.15991005e+00,  1.79255234e+00],
       [-1.72372742e+00,  2.82056758e-01,  2.04254717e+00,
        -1.00678682e+00,  1.49114094e+00, -4.50294203e-01],
       [-5.20782232e-01, -9.22943282e-02, -2.23432439e+00,
        -1.21871303e+00,  1.11190543e+00, -1.38208195e+00],
       [ 6.17252726e-01,  9.80433370e-01,  1.30446007e-01,
         2.23004483e-01, -9.73941054e-01, -1.99953875e+00],
       [ 7.68173208e-01, -1.89223694e+00, -3.32210692e-01,
         2.51425272e-01,  2.83191026e-01,  2.20619563e+00],
       [ 1.13490197e+00,  9.08979843e-04, -1.84409903e+00,
        -3.52479507e-01,  2.42505982e+00, -5.52597923e-01]]), array([[ 2.33680427, -0.59545155],
       [ 1.96858813,  1.54433588],
       [ 0.26962094, -1.20504575],
       [ 2.00097661, -2.36763625],
       [ 1.50544102, -0.46324401],
       [-0.89655364, -2.22981773]])], [array([-1.87414558,  2.32060592, -2.075755  ,  1.60466306,  2.26338234,
       -0.9217299 ]), array([-0.57050112,  2.42910856])]]]
[150, 6, -1, -1, 0, [[array([[-0.5945031 , -1.29876022, -0.61909184,  0.7664002 , -1.3678423 ,
        -0.26792541],
       [-0.33250055,  1.08509267, -0.33058259, -0.81744448,  1.64641792,
         2.38872424],
       [ 2.39244192,  1.42609256,  0.71639615,  1.08215722,  0.61937686,
         1.30531944],
       [ 2.02387641,  2.21835493,  2.26914438, -0.14227429,  1.84195092,
         2.02889836],
       [ 2.32463893,  0.98792592, -0.0847673 ,  0.4966455 , -0.70987163,
         0.42078648],
       [-0.71373849, -0.12070753, -0.14079849, -0.45317671, -1.37192436,
         0.93011705]]), array([[-1.08288418,  0.71954754],
       [ 0.71137994,  2.38213209],
       [-2.10749375,  1.46451822],
       [-1.15055625,  1.10154935],
       [ 1.51664006,  0.30023842],
       [ 0.36493954, -1.65524218]])], [array([-1.47579301, -0.67938231,  1.08579279, -2.2043473 ,  0.44488261,
        1.72356364]), array([ 2.10185463, -0.50933024])]]]
[150, 15, -1, -1, 1, [[array([[-1.72053337, -1.19185362,  0.25030094,  0.80883403, -2.0640732 ,
        -1.20132604],
       [-0.16241316,  0.89954972,  0.04504506,  0.34773301, -1.73377876,
        -2.06095597],
       [ 0.44504383, -0.34015647,  2.03530357,  0.70543421,  0.2353339 ,
         1.52328104],
       [-2.02887633, -0.30161971, -0.7414187 ,  1.97868902, -2.09116663,
        -0.51998711],
       [-1.67504334,  0.62490311, -1.61290185,  2.12411398,  0.94519797,
         1.4113526 ],
       [ 0.36062443, -1.07393773, -0.51789819,  1.03538933, -0.77930598,
         0.05819408]]), array([[ 1.07064319,  1.52581589],
       [ 1.79713094, -1.62455493],
       [-0.8370196 ,  2.440519  ],
       [-0.42965132,  1.35463767],
       [-0.8533674 , -1.15064283],
       [ 2.20064561,  0.49738406]])], [array([-2.08703013, -1.89909146, -1.510759  , -0.562429  ,  0.72035552,
       -0.11022109]), array([0.30790689, 0.17035433])]]]
[150, 21, -1, -1, 0, [[array([[-1.44523685e+00,  2.10412397e+00, -8.59992500e-01,
         1.00538614e+00,  8.44068124e-01, -3.37081903e-01],
       [-2.34952343e+00, -9.99874218e-01,  1.21438768e+00,
        -2.27627581e+00, -5.15592066e-01, -1.96574338e+00],
       [-2.38086470e+00,  2.30292858e+00,  1.65054962e+00,
         1.68526495e-01, -9.05321861e-01, -9.69021420e-01],
       [-1.12191382e+00, -1.14002547e-01,  1.51373354e+00,
        -1.83311419e+00,  2.09766317e+00, -1.46119121e+00],
       [ 1.66214483e+00,  1.28555657e+00,  2.31805823e+00,
         1.91296395e+00,  1.41275873e+00, -1.47501240e+00],
       [-1.60030850e-03, -2.36518725e+00,  2.02654854e+00,
         5.04846431e-01, -2.26204546e+00, -5.52581971e-01]]), array([[ 0.85019161,  1.7373679 ],
       [ 1.26786125,  0.01523572],
       [ 1.72178845, -0.43973106],
       [ 1.7729422 , -1.82588931],
       [-2.39908753,  0.99141412],
       [-1.85341135, -0.87668411]])], [array([-0.57190602, -0.4837871 ,  0.9940799 , -1.15679117, -1.64011252,
       -2.4393807 ]), array([-0.85443265, -1.99896045])]]]
[150, 1, -1, -1, 1, [[array([[ 0.18850845,  1.99443144,  1.40317352,  2.19324853, -1.23681441,
        -0.2821618 ],
       [-0.85158009,  1.06190227,  2.30927128,  1.39727984, -1.01484046,
         2.19108097],
       [ 2.07890693,  1.54862294,  0.18379531, -0.64970822,  0.2794844 ,
         0.73681427],
       [-0.27608086, -1.91628862, -1.31224036, -1.9917193 , -0.40623363,
         0.49422818],
       [ 1.60719817,  1.58238296, -2.30523912, -1.54880019,  2.23932827,
        -1.01712049],
       [-2.03995313, -1.88262927,  0.67562949, -0.22102908,  2.07522062,
         2.12654804]]), array([[-0.66209995,  1.3981126 ],
       [ 2.213373  , -0.00563896],
       [ 1.51384498,  0.56229885],
       [ 1.95110663,  0.28569647],
       [ 1.21323371,  1.46759658],
       [-2.05691197, -2.23976218]])], [array([-1.16119151, -2.16627085, -0.12041648,  0.44436579, -0.52192848,
        1.53321574]), array([ 1.41355862, -1.33545713])]]]
[98050, 3, 'birth', 7, 10, 0, [[array([[-2.44948974, -0.98765594,  2.01326773, -2.35743431, -1.39171854,
         0.96512245],
       [ 2.11400306, -2.19121106, -0.18980326, -0.97097124,  1.4593771 ,
         0.78701423],
       [-0.32231196, -2.44948974,  2.44948974,  1.21089315, -1.34098646,
         0.70800698],
       [-2.26543419, -1.60862422,  0.28339231,  2.00972071,  1.2081874 ,
        -1.60717238],
       [ 2.38404103,  1.73224386,  0.72370595, -2.34412537, -2.05122744,
        -2.08233625],
       [ 1.96130393,  1.89156687, -2.19680114,  1.76817346, -1.05078612,
        -1.85119281]]), array([[ 0.20721577, -1.25888006],
       [-1.39678601, -1.41421356],
       [ 1.41421356, -1.31103398],
       [-1.41421356, -1.24069587],
       [ 1.41421356, -1.41421356],
       [ 1.41421356,  1.41421356]])], [array([ 1.88591188, -1.50030411,  0.8359781 ,  0.4319704 ,  2.00509149,
       -0.13363696]), array([ 1.41421356, -1.41421356])]]]
[206702, 9, 'birth', 18, 20, 0, [[array([[-0.61472078,  1.3652539 , -1.95165935,  2.43712171,  1.26982303,
         2.44948974],
       [-1.2613571 , -0.41654096, -0.22311805,  0.93456892, -0.7213912 ,
         0.64991935],
       [ 0.64914   ,  1.52782055,  1.33876363,  1.70535863,  1.36948143,
        -1.73411491],
       [-1.3729479 , -1.57229624, -2.42023268,  1.80136644, -0.11199361,
        -0.11551314],
       [-1.98897244,  2.44948974,  0.01414577,  0.69741452,  1.45865538,
         0.66796831],
       [ 1.51873983, -1.41954471,  2.03002842, -0.81723487,  0.75953097,
        -2.44948974]]), array([[ 1.41421356, -0.83041945],
       [-0.61281934,  1.33658434],
       [ 1.41421356,  1.39266318],
       [-0.66897883,  1.27087039],
       [ 1.41421356, -1.29608317],
       [ 1.41421356, -1.41421356]])], [array([-2.37670514, -0.32112585,  0.40101619, -1.68942591,  1.31456923,
        1.2098401 ]), array([1.17542516, 0.96866206])]]]
[275752, 22, 'birth', 7, 20, 0, [[array([[-0.88750995, -0.98765594,  2.01326773,  2.210544  ,  0.47511154,
        -0.5740582 ],
       [ 2.11400306,  2.44948974, -0.18980326, -1.55017219, -0.7213912 ,
         0.64991935],
       [ 0.64914   ,  1.52782055,  1.33876363,  1.70535863,  1.36948143,
        -1.73411491],
       [ 2.44948974, -1.57229624, -2.42023268, -2.44948974, -0.11199361,
        -0.843359  ],
       [-1.98897244,  0.28156316, -1.78887563,  0.69741452,  1.45865538,
         0.66796831],
       [ 1.51873983, -1.41954471,  2.03002842, -0.81723487, -0.68870066,
         2.29957218]]), array([[ 1.41421356, -0.32685838],
       [-1.08623424,  1.33658434],
       [ 1.41421356,  1.39266318],
       [-0.66897883,  0.21547242],
       [ 1.41421356, -1.29608317],
       [ 1.41421356,  0.39702968]])], [array([-2.37670514,  0.00303795,  1.03362918, -0.29085355,  1.31456923,
        1.2098401 ]), array([1.17542516, 1.41421356])]]]
[323403, 23, 'birth', 12, 1, 0, [[array([[ 0.61831135,  0.50255667,  2.40302839,  1.64472844,  0.87514677,
        -1.83522255],
       [-2.44948974, -1.47222424,  0.40841824,  0.20885253, -2.44948974,
        -0.62436429],
       [-2.38961403, -1.24678661,  2.02165231, -0.81155139,  1.7563753 ,
         1.46873605],
       [ 1.72392585, -0.9521756 , -0.04818129,  0.01866231, -0.41216877,
         0.21578378],
       [ 0.09160971, -0.8978367 ,  1.10951615, -1.86917017,  0.65298636,
         1.42974146],
       [ 1.35998977, -1.90028367,  2.44041504,  2.44948974,  2.07522062,
         2.12654804]]), array([[-0.66209995,  1.3981126 ],
       [ 1.41421356, -0.00563896],
       [ 1.41421356,  0.56229885],
       [ 0.64686163,  0.28569647],
       [ 1.21323371,  1.41421356],
       [-1.41421356, -1.41421356]])], [array([-1.16119151,  1.8442435 , -0.93224447,  0.44436579, -0.52192848,
        2.10163617]), array([ 1.41355862, -1.33545713])]]]
[545105, 14, 'birth', 3, 8, 1, [[array([[-0.52406009, -0.98765594,  2.01326773, -2.35743431, -1.39171854,
         0.96512245],
       [ 2.11400306, -2.19121106, -0.18980326, -0.97097124,  1.4593771 ,
         0.78701423],
       [-0.32231196, -2.44948974,  2.44948974,  1.21089315, -1.34098646,
         0.70800698],
       [-2.26543419, -1.60862422,  0.28339231,  2.00972071,  1.2081874 ,
        -1.60717238],
       [ 2.38404103,  1.73224386,  0.72370595, -2.34412537, -2.05122744,
        -2.08233625],
       [ 2.44948974,  0.96335222, -2.44948974, -0.35247951,  2.42505982,
        -0.55259792]]), array([[ 1.41421356, -1.41421356],
       [ 1.41421356,  1.41421356],
       [ 0.26962094, -1.20504575],
       [ 1.41421356, -1.41421356],
       [ 1.41421356, -0.46324401],
       [-0.89655364, -1.41421356]])], [array([-2.44948974,  2.44948974, -2.075755  ,  1.60466306,  2.26338234,
       -0.9217299 ]), array([-1.41421356,  1.41421356])]]]
[877158, 11, 'death']
[877308, 4, 'death']
[877458, 12, 'death']
[877608, 0, 'death']
[877758, 18, 'death']
[877908, 10, 'death']
[878058, 17, 'death']
[878208, 24, 'death']
[878358, 5, 'death']
[878508, 19, 'death']
[878708, 2, 'death']
[878858, 20, 'death']
[879008, 7, 'death']
[879158, 16, 'death']
[879308, 13, 'death']
[879458, 8, 'death']
[879608, 6, 'death']
[879758, 15, 'death']
[879908, 21, 'death']
[880058, 1, 'death']
[880408, 8, 'birth', 23, 24, 0, [[array([[ 1.53362944,  2.44948974, -0.14633116, -0.34957233, -1.49178123,
        -2.38084414],
       [ 1.20084803,  2.19409624,  0.61158004,  1.95826196, -0.499365  ,
        -1.42709284],
       [-1.75883024,  0.5650537 , -2.44948974,  0.17749933, -2.28566519,
         0.79892573],
       [ 0.37673675, -1.98402435,  1.99193569, -0.47739895, -1.84792939,
         0.83880904],
       [ 0.64698037,  2.44948974, -0.96526068,  2.12404064, -1.09993239,
         2.2489748 ],
       [ 2.44948974,  2.44948974,  0.83520794, -1.91242212, -1.85087201,
        -1.63667456]]), array([[ 1.19678202,  1.41421356],
       [-0.40014666,  1.41421356],
       [ 1.37719177,  1.23837712],
       [-1.15729996, -1.41421356],
       [-0.40822931, -1.41421356],
       [ 1.41421356,  0.27275343]])], [array([-0.42445937,  1.7341466 ,  2.44948974,  2.39455866, -1.5095095 ,
       -0.98263936]), array([0.51977076, 0.16628888])]]]
[880408, 15, 'birth', 22, 8, 0, [[array([[-8.87509951e-01, -9.87655939e-01,  2.01326773e+00,
         2.21054400e+00,  4.75111536e-01, -5.74058197e-01],
       [ 2.11400306e+00,  2.44948974e+00, -1.89803263e-01,
        -1.55017219e+00, -7.21391203e-01,  6.49919350e-01],
       [ 6.49140002e-01,  1.52782055e+00,  1.33876363e+00,
         8.31186620e-01,  1.36948143e+00, -1.73411491e+00],
       [ 2.44948974e+00, -1.57229624e+00, -2.42023268e+00,
        -2.44948974e+00, -2.44948974e+00, -1.99953875e+00],
       [ 2.44948974e+00, -1.89223694e+00, -3.32210692e-01,
         2.51425272e-01,  2.83191026e-01,  6.76181537e-02],
       [ 1.13490197e+00,  9.08979843e-04, -1.84409903e+00,
        -3.52479507e-01, -6.56894426e-01, -5.52597923e-01]]), array([[ 1.41421356, -0.27606448],
       [ 1.41421356,  1.41421356],
       [ 1.22497252,  0.33671961],
       [ 1.41421356, -1.41421356],
       [ 1.41421356, -0.46324401],
       [-0.89655364, -1.41421356]])], [array([-1.87414558,  2.32060592, -2.075755  ,  1.60466306,  2.26338234,
       -0.9217299 ]), array([-0.57050112,  1.41421356])]]]
[880408, 21, 'birth', 23, 1, 0, [[array([[ 0.61831135,  0.50255667,  2.40302839,  2.19324853, -1.23681441,
         0.1596333 ],
       [-0.85158009,  1.06190227, -2.44948974,  1.39727984,  2.01698076,
         2.19108097],
       [ 2.07890693,  1.54862294,  0.18379531, -2.44948974,  0.2794844 ,
         0.73681427],
       [-0.27608086, -1.91628862, -1.31224036, -1.9917193 , -0.40623363,
         0.49422818],
       [ 1.60719817,  1.58238296, -2.30523912, -1.54880019,  2.23932827,
         1.11096681],
       [-2.03995313, -1.88262927,  0.67562949, -0.22102908,  2.44948974,
         2.12654804]]), array([[-0.66209995,  1.3981126 ],
       [ 1.41421356, -0.00563896],
       [ 1.41421356,  0.56229885],
       [ 1.41421356,  0.28569647],
       [ 1.41421356,  1.41421356],
       [-1.41421356, -1.41421356]])], [array([-1.16119151, -2.16627085, -0.12041648,  0.44436579, -0.52192848,
        1.53321574]), array([ 1.41355862, -1.41421356])]]]
[880408, 7, 'birth', 17, 24, 0, [[array([[-1.04226365,  0.9379252 , -0.75581392, -1.76186341, -2.44948974,
        -1.55168408],
       [-1.32800383,  1.90614159,  0.08358452, -0.441517  , -2.25555395,
         0.81059386],
       [ 2.26399409, -1.94147628, -2.44948974, -0.15472267,  1.27301944,
        -1.71472519],
       [-2.44948974,  0.46482184, -2.44948974,  0.98135738, -2.03311364,
        -1.35599735],
       [-0.93555881,  0.43288661,  0.25781244,  1.1890377 , -2.09444426,
        -0.86224641],
       [ 1.06489307,  0.06966453, -2.27436047,  1.59640345, -2.00651212,
        -1.63667456]]), array([[ 1.19678202,  1.41421356],
       [-0.40014666,  1.41421356],
       [ 1.41421356,  1.28888629],
       [-1.15729996, -1.41421356],
       [-0.39682682, -1.41421356],
       [ 1.41421356,  0.27275343]])], [array([-0.42445937, -2.44948974,  1.81897605,  2.39455866, -1.5095095 ,
       -1.822546  ]), array([ 0.51977076, -0.23413395])]]]
[923109, 3, 'death']
[961109, 9, 'death']
[981009, 22, 'death']
[992759, 23, 'death']
[1037060, 14, 'death']
[1090311, 8, 'death']
[1090460, 15, 'death']
[1090610, 21, 'death']
[1090760, 7, 'death']
[1090911, 'Extinction!']
