[time, indiv, parent1, parent2, gender, brain]
[100, 16, -1, -1, 0, [[array([[ 0.45892944,  1.26702458,  0.76009992,  0.81196396, -1.99532027,
         2.44125039],
       [-2.12834754,  0.15285046,  1.14568944, -1.75538117, -2.24342785,
        -2.29005192],
       [ 0.50112093, -0.10999924,  1.01306951,  0.08966653,  2.11985315,
        -2.20393277],
       [ 0.90166534, -1.3174276 ,  0.28203125,  1.20700696,  2.25629886,
        -1.62777432],
       [ 1.74462973,  1.29929396,  1.39731464,  0.34455714, -1.28339928,
         1.17191285],
       [ 1.92132035, -0.84453118,  1.1580453 ,  1.46527047,  0.45132796,
        -2.3279871 ]]), array([[-1.33365529,  1.54320513],
       [-0.39650446,  1.45648675],
       [-1.15051489, -0.84756155],
       [ 0.50145913, -0.58968757],
       [-1.40687343, -0.59042772],
       [-0.78217258, -1.22365267]])], [array([ 2.21944713, -0.87400813, -2.31086697, -0.17463149, -0.57342375,
       -2.11103803]), array([-0.53473548,  1.21866036])]]]
[100, 21, -1, -1, 1, [[array([[-2.16300745e+00,  1.35237118e+00, -2.12511335e+00,
        -2.00572990e+00, -1.32307229e+00, -9.05900368e-01],
       [-2.28745656e+00, -1.21465131e+00, -1.28208400e+00,
        -1.62091800e+00,  1.18874811e+00,  1.29622863e+00],
       [ 4.01352715e-01,  1.79227764e+00, -7.84671527e-01,
        -1.20778849e+00,  8.09814720e-01, -2.38770372e+00],
       [ 2.04647001e-01,  2.25415441e+00,  7.57839110e-02,
        -1.19411958e-01,  7.29448013e-01, -2.11420066e+00],
       [ 1.59548946e+00,  1.33236499e+00,  1.56832328e+00,
         1.83213288e-01, -1.96513339e-01, -2.08043054e+00],
       [-3.50962295e-01, -1.61905917e-01, -8.33450293e-04,
         1.02987559e+00, -2.25400374e+00, -1.00487238e+00]]), array([[ 0.510744  , -0.64520485],
       [-0.3354689 ,  0.89959362],
       [-0.60201327, -0.14497673],
       [ 0.27739995,  1.56303525],
       [ 2.37833657, -1.77236544],
       [-1.00966099,  1.36905446]])], [array([-0.98020725, -2.36848527,  2.22690503, -0.11811004,  0.03466904,
       -0.35226871]), array([-0.91197207,  0.23373151])]]]
[100, 14, -1, -1, 0, [[array([[-1.80686461,  2.21147759, -0.79594094,  0.29781464, -1.03085043,
         0.45087209],
       [ 2.10471819,  0.85901899,  0.3415151 , -0.0866946 , -1.41997073,
         0.17826373],
       [ 0.70111334, -0.14911069,  2.01107711, -1.16886137, -1.17750126,
        -1.52894299],
       [ 0.83839102, -1.17066343,  0.05551574,  1.78544399, -0.26323535,
         1.33697105],
       [ 1.12413021,  2.09871216, -2.34413082, -1.34968968,  0.66738424,
        -0.7916858 ],
       [ 0.3651069 ,  1.0697352 ,  0.32144385,  0.41622981, -0.61628451,
        -2.00513711]]), array([[ 0.06473523,  1.00224017],
       [-0.50688071,  2.15179962],
       [-2.2389047 , -0.02884411],
       [ 0.73072641,  0.72189898],
       [ 2.2394694 ,  1.2154475 ],
       [-1.61347815,  1.69502765]])], [array([ 0.15385983,  0.83428945, -1.31748006, -0.09488018,  1.98036482,
       -0.45597492]), array([0.447499 , 2.1092789])]]]
[100, 20, -1, -1, 1, [[array([[ 0.80508083, -1.92512885, -1.46414905,  2.12606948,  1.52848437,
         1.44059014],
       [-0.34130737, -1.33349835,  1.51304908,  1.20662144, -0.48355786,
        -1.52604315],
       [ 0.8379997 , -1.84736241,  0.11830812,  0.74388646,  0.99195055,
         0.9097362 ],
       [-1.37400923, -1.6888322 ,  1.53098191, -1.09542483, -0.20384196,
        -2.38364876],
       [ 1.8480249 ,  1.18732525, -2.06116437,  0.61382911,  0.68155909,
        -0.63223646],
       [ 2.42085044,  0.65275424,  1.48167874,  0.25931818, -0.39724463,
        -2.4423479 ]]), array([[-1.41138513,  0.58791561],
       [-1.10252386,  1.5829301 ],
       [ 0.54277514, -1.57937312],
       [-1.18156338, -1.29515613],
       [ 0.61364341,  0.00266709],
       [ 1.12842384, -1.03117276]])], [array([-2.28724721, -1.50974673,  0.69921903, -1.28566457, -0.35719608,
        2.28713365]), array([-1.1844259 ,  2.25096917])]]]
[100, 22, -1, -1, 0, [[array([[-0.21718149,  1.19624971, -0.34500607, -0.74579444,  1.19128174,
        -0.97322977],
       [ 1.35256707,  0.12285358,  0.5969018 ,  1.17433286, -2.31393122,
        -1.82053013],
       [-1.63530529, -0.3808103 ,  1.41720752,  0.51536423, -1.48243939,
         0.34405827],
       [-1.99792831,  0.20827144,  2.42441513,  0.37183975, -1.58281036,
        -0.3010787 ],
       [ 2.44178848,  1.23978257,  1.08296513,  0.70206911,  0.57916633,
        -0.16476181],
       [-0.01776645,  0.59794152, -0.31020687, -0.65744268,  1.83875694,
         0.14761949]]), array([[-1.85100329, -0.42872224],
       [ 2.40515586, -1.06567404],
       [ 2.34329283, -1.50885084],
       [ 0.22506479, -2.36166112],
       [-2.37492881,  0.72348103],
       [ 0.87311992,  1.89263804]])], [array([ 1.79382692, -0.89462007,  1.18501301,  0.46295136, -1.70581904,
        1.93955022]), array([-2.1282728 ,  0.18926176])]]]
[100, 1, -1, -1, 1, [[array([[ 6.78246589e-01, -8.90083041e-01, -2.19500102e+00,
        -2.25825785e+00, -1.73277164e-02, -7.60340944e-01],
       [ 4.77493539e-01, -1.89963747e-01, -1.39874060e+00,
         9.14358107e-02,  2.58809509e-02,  2.41063578e+00],
       [-2.10264695e+00,  3.06620962e-01, -1.15735794e-03,
         2.20854108e+00, -1.49423953e-02, -1.85477402e+00],
       [-7.36315766e-01,  9.03567575e-01, -7.70085867e-01,
         1.15961271e-01, -1.82217172e+00,  9.22638513e-01],
       [-8.56958352e-01,  2.14044555e+00, -8.06926985e-01,
        -1.08414739e-01,  1.03403058e+00,  1.66045120e+00],
       [-2.13556049e+00, -4.39500740e-01,  1.58126745e+00,
        -1.95393842e+00,  1.69912199e-01,  1.36147802e+00]]), array([[-1.54758720e+00,  2.86866219e-04],
       [ 2.42971868e+00, -1.39279129e+00],
       [ 2.14642051e+00, -2.41002377e+00],
       [-1.97969056e+00, -2.07670772e+00],
       [-2.33115827e-02,  9.63944348e-01],
       [-6.09921717e-01, -1.65272319e+00]])], [array([-0.50262036, -0.13317423, -0.05441388, -0.30905576, -1.4952767 ,
       -1.25270285]), array([-1.93580288,  0.58855252])]]]
[100, 6, -1, -1, 0, [[array([[-0.31398339, -0.06129211,  2.35632821,  0.73435974,  0.03357579,
         0.49957708],
       [-2.21726535, -0.98500324,  1.61748976, -0.74082082, -0.87224789,
        -0.73979823],
       [-1.6816709 ,  0.24015605, -0.85353453,  0.76302472, -2.28747258,
         1.24193671],
       [ 1.61089661, -2.14576002,  0.11733447, -1.06526912,  2.2973204 ,
         1.02956635],
       [ 2.38439324, -1.8885851 , -0.79053971, -0.41485965, -1.30998971,
         1.32746939],
       [-2.36949839,  0.4785857 ,  1.62706437, -0.27189465,  1.15174617,
         2.42974311]]), array([[ 1.31040001, -1.06525566],
       [-0.46776795, -1.98566935],
       [ 2.06475676,  0.96547116],
       [ 1.64320061, -1.32810106],
       [ 1.89846613, -0.87244053],
       [-2.06817557, -1.38696033]])], [array([-0.3647807 , -2.13887876, -0.86613871,  1.15588464,  2.05975165,
        1.69368223]), array([-1.91114437,  1.23291449])]]]
[100, 5, -1, -1, 1, [[array([[-1.30246697,  1.59866149, -0.78296493,  0.80483571,  1.53137113,
         0.9197606 ],
       [-0.3918168 ,  0.74706828,  0.39509058, -0.04778181, -0.20080192,
        -0.18478075],
       [-1.68196454, -2.06359357, -1.31684676,  1.30884921, -1.58762657,
        -1.09237206],
       [ 2.28401878,  0.73549524,  0.23344701,  0.6333604 ,  1.71593147,
         2.13217962],
       [ 1.6003519 , -2.30478465, -0.10908074,  2.31793598,  2.30160235,
        -0.77023946],
       [-1.07250024, -1.59003257,  2.37292079, -1.3525894 , -0.98367744,
         2.12721163]]), array([[-0.87964197,  1.10911893],
       [ 0.09927729,  0.36243086],
       [-0.43436046,  1.44685177],
       [-0.08469219, -1.72747903],
       [ 1.52640503, -1.21662814],
       [-1.00568394,  1.63958975]])], [array([-1.02835873, -1.0560907 ,  1.89229368, -1.69135857, -0.59543165,
        0.3405962 ]), array([-0.76659709, -1.73300063])]]]
[100, 15, -1, -1, 0, [[array([[ 1.73884631,  1.28241652, -1.48792424, -1.10465503, -0.16308141,
        -0.16495602],
       [-1.83406795,  0.87530118,  0.87440709, -0.63435823, -0.45367372,
        -1.30704785],
       [-0.44624994, -1.97682974, -0.25615021, -1.86924806, -1.68673165,
        -1.53849147],
       [-0.71472809, -1.25507252,  0.12117241, -0.26574588,  0.21359765,
        -1.67005024],
       [ 0.08185809, -1.4129598 , -0.55924604,  0.36026151,  0.68893682,
         1.34382024],
       [ 1.84363548,  0.76612523, -0.03889286,  2.13112061, -0.08478572,
         0.13702836]]), array([[ 1.56496645,  0.23145913],
       [ 1.13093421,  1.69525636],
       [ 0.18394335, -1.22786748],
       [ 0.39900766, -0.48000199],
       [-0.08550546, -2.2770535 ],
       [-1.04491791,  1.74313016]])], [array([ 0.28625103, -1.04520986, -0.19519888,  0.26457352,  1.50606939,
       -1.17170859]), array([-1.91735975,  0.11243871])]]]
[100, 19, -1, -1, 1, [[array([[ 2.28813231,  2.19822714,  0.7100037 ,  1.48166314, -0.66283618,
         0.81953321],
       [ 1.85274333, -0.54266803,  0.89039884, -2.03085445,  2.11891408,
        -1.67763018],
       [ 1.22508677,  1.1035854 , -0.08939044, -1.07268582, -2.37657383,
         1.83722978],
       [ 2.33577562, -1.52399057,  0.5534222 , -1.16870412, -0.53449324,
        -2.16755924],
       [ 1.89920653,  2.23568527,  0.05680361, -0.58858707, -1.125912  ,
        -0.47673602],
       [ 1.04134823, -1.87080546, -2.04045434,  0.99119566, -2.33831999,
         1.87880151]]), array([[-2.1912468 ,  2.16975698],
       [ 0.64275679, -0.04933347],
       [ 1.21977415, -0.60670066],
       [-1.44299049,  0.63000175],
       [ 1.85418894, -0.81474739],
       [ 0.50393913, -1.57994707]])], [array([-1.41800226, -2.27806387,  1.18559053, -1.41636284, -0.83850738,
       -1.82437919]), array([ 1.11539429, -1.59077913])]]]
[100, 2, -1, -1, 0, [[array([[ 0.36426071,  2.24133397,  0.03116529,  0.30128509,  0.16229332,
         0.00926648],
       [ 1.49452478, -2.11921801,  2.09562746,  0.10763496,  0.53237676,
         0.52375354],
       [-0.54761218, -0.40990817,  2.1687498 ,  0.40388749, -0.65178414,
        -1.50245274],
       [-2.02698224, -2.25387246,  1.13887284, -2.22657427,  0.60118496,
        -0.28410689],
       [ 1.51458874, -1.69843368,  0.74536023,  1.80195163, -0.7620304 ,
        -1.99529988],
       [ 1.88582612, -2.07572372, -2.051758  , -0.7425596 ,  1.41324914,
        -0.50479643]]), array([[ 0.00407702,  1.63803401],
       [ 0.45860125,  0.6700781 ],
       [ 0.02533767,  1.17335214],
       [-0.87215048, -1.06058043],
       [-0.50809091,  0.43313929],
       [ 0.83396701,  1.68999743]])], [array([-1.59012691,  2.2033793 ,  1.27012152, -0.1833065 , -1.72759993,
        1.99549929]), array([ 1.27710562, -1.15487254])]]]
[100, 17, -1, -1, 1, [[array([[ 0.76350561, -1.99162413,  1.60091723, -1.38819245,  0.54458896,
        -1.14567152],
       [-0.4083008 ,  1.43507114, -1.59502743,  1.30419185, -2.00085907,
         1.89260232],
       [-0.26778993,  1.31633202,  0.33134052,  0.17517764, -2.43558162,
        -1.42903903],
       [ 1.91199965,  0.3457014 , -2.25243556, -1.30214607, -0.68020479,
        -1.10809259],
       [-1.60915394, -2.36963937,  0.40947476, -2.04024188, -0.15050252,
        -0.12011773],
       [ 1.02954362, -0.92476831, -1.35261579, -1.80952858,  1.1916077 ,
        -0.46194489]]), array([[ 1.78779838, -1.86000515],
       [-1.98684082, -0.37227346],
       [-0.48053421, -1.52176998],
       [-0.72204921,  1.22587783],
       [-2.12150576,  1.68888677],
       [-1.52869041,  1.97342773]])], [array([-0.19770985, -0.73048735,  1.07182416, -1.21467191,  1.40007092,
       -1.67222311]), array([-1.70103027,  0.60561281])]]]
[100, 0, -1, -1, 0, [[array([[-1.34025252,  0.85411315, -2.40593426, -0.07816558,  0.609076  ,
         2.04496791],
       [-1.27641366,  0.46274028,  1.60624391,  2.26548058, -0.4660833 ,
        -1.11062924],
       [ 2.43230406,  1.61184738, -2.00350464, -1.09028574,  0.20432132,
         1.71223955],
       [ 0.97840371, -0.02784038,  1.61532598,  1.2619911 ,  0.18204827,
        -1.59659212],
       [-0.58482562,  1.04007215,  2.15187838,  0.65379594, -1.91309618,
         0.00413478],
       [ 0.82114868, -1.53843407, -1.30067959, -1.26501227,  1.14387506,
         0.08310927]]), array([[ 0.72090332, -2.41627243],
       [-1.78019996, -1.82373594],
       [-1.46683219, -1.48255143],
       [ 1.75717812, -2.21831593],
       [ 1.868418  ,  0.62519008],
       [ 0.45173888,  1.34486791]])], [array([ 1.56954467,  0.20345512,  2.14089006,  0.35356958,  2.15100378,
       -0.83222739]), array([ 0.4244875 , -1.56217256])]]]
[100, 4, -1, -1, 1, [[array([[-0.25480594, -1.42718832, -1.50477447,  1.04043116,  1.25355051,
         2.25940223],
       [ 2.40685107,  2.2764502 , -0.20375584, -0.26571148,  2.04992176,
        -0.7650709 ],
       [-1.06715354,  1.82136686,  1.72996833, -0.14613195,  2.20379692,
         0.85950535],
       [-1.9199912 , -0.52730612, -2.39744478, -0.28888249, -1.65001254,
         1.44101754],
       [-1.49356747,  1.80355964,  1.90915633, -1.05894207,  0.98435898,
         0.39092635],
       [ 1.08703846,  2.2696947 , -2.22017565, -0.82942295, -0.43674933,
         0.316858  ]]), array([[ 2.36495638, -2.02349844],
       [ 0.88850268,  0.85872825],
       [ 0.16904856,  0.403148  ],
       [ 1.75118398,  1.77461512],
       [ 0.09986836,  1.75481717],
       [ 2.30136409,  1.77645475]])], [array([ 2.08371493, -2.42808296, -1.97269566,  0.96109909,  0.15301422,
       -1.93179755]), array([-1.10069988, -1.55561905])]]]
[100, 3, -1, -1, 0, [[array([[ 2.01988266, -1.20795679,  1.55230197, -0.06674544, -0.80566094,
        -0.53716765],
       [ 1.7995356 , -2.42339244, -0.70998712, -1.9250821 , -0.99193277,
         2.15223075],
       [ 0.03993214,  0.88514918, -0.06858609,  2.21847335, -0.88100913,
        -2.23268659],
       [-2.35307743,  2.28407426,  1.61911682,  1.73455868, -1.16275511,
        -2.23205344],
       [-1.27985852, -0.87202875,  0.53620737,  2.12280637, -2.44786282,
         2.37744921],
       [ 1.77738809, -0.39709975,  0.80500971, -2.41072636, -0.95567303,
         1.71076106]]), array([[ 1.74108261, -1.71778325],
       [-2.03989802,  1.10800645],
       [ 1.41382091,  2.29267938],
       [ 0.04859398,  0.47760639],
       [ 0.03143999,  2.06854838],
       [ 2.23519848,  0.51969869]])], [array([-2.17875137,  0.49428643, -0.14919755, -0.39761933,  1.30718074,
       -1.70025177]), array([0.73783369, 1.95320306])]]]
[100, 18, -1, -1, 1, [[array([[-0.21282731, -2.38248176, -1.87681562, -1.54948623, -1.22266202,
        -2.03535186],
       [-1.041083  , -2.30918039,  0.26668514, -0.82449964,  0.75697287,
        -0.71301971],
       [ 1.97400086,  1.32413018, -1.11604854, -0.11809241,  0.92979926,
         0.19936656],
       [-0.6421443 ,  2.39127914,  0.32091875, -2.19430547, -0.595824  ,
         0.84151314],
       [-0.77727698,  1.06302516, -2.20310261, -0.7633229 ,  1.50424809,
         0.25384368],
       [-1.55903861,  1.227988  , -2.37517266, -0.97280747, -1.67034136,
         2.24404619]]), array([[-0.95207549, -0.64879398],
       [ 1.74181236,  0.93571224],
       [-1.12667924, -0.04321385],
       [-0.59614915,  1.57650098],
       [-1.3283198 , -0.56589733],
       [ 0.25746696,  0.42778715]])], [array([-2.31209752, -0.63807978, -0.65506205,  1.17414037,  0.68295935,
        1.86823988]), array([-1.88219634,  2.26728212])]]]
[100, 13, -1, -1, 0, [[array([[-1.79398409, -1.60530331, -0.27298109, -1.13385746,  0.50614554,
         2.00585353],
       [ 2.16212515, -1.88176212,  2.09271246,  0.30195377, -2.11954147,
        -0.60872215],
       [ 2.37053979, -0.72294638,  2.16082247, -1.48814184,  0.0524518 ,
        -0.83379717],
       [ 0.07141037,  1.41488936, -0.61765083, -2.44735288,  1.32078632,
         1.58074971],
       [-0.98313953, -2.1590199 ,  2.08912467,  1.20825784,  1.22622161,
         1.20026899],
       [ 0.54393826, -2.22130759, -0.86544314,  1.6025812 ,  0.78293025,
        -0.77407934]]), array([[-0.43724819,  0.16604788],
       [ 2.24458491, -0.88865992],
       [-0.09285734, -1.08452509],
       [-1.27247401,  0.96433487],
       [-1.07392693,  0.06191364],
       [ 0.39120421,  1.82052981]])], [array([ 0.95457661, -1.69227091, -2.24388577,  0.97565689, -0.40029898,
        1.53457633]), array([2.22741494, 1.95413055])]]]
[100, 11, -1, -1, 1, [[array([[ 2.31843776, -0.12166335,  0.312863  ,  0.58208075,  2.33102812,
        -0.7903898 ],
       [-0.53353168, -2.38314302, -1.48464793,  2.30039289, -0.63443216,
        -1.82348927],
       [-1.61107172, -0.88929298, -1.40963988,  0.93075479, -2.4434867 ,
         1.01795757],
       [ 1.02954677,  2.16905067, -1.39014451,  1.34119183,  1.8345997 ,
        -2.07642649],
       [-1.49865561, -1.53524565,  1.86547736,  1.8677668 , -1.96253584,
         2.44251712],
       [-0.02643711,  1.62978566, -2.08810058,  2.07938535, -1.75978751,
         1.03034193]]), array([[ 0.55900329, -0.86880048],
       [ 1.8857343 ,  1.02864157],
       [-2.33328543, -2.15147962],
       [-0.91141231, -0.89150508],
       [-1.29874449, -2.26144588],
       [-0.07290285,  0.83636542]])], [array([ 1.32690355, -0.84478132,  1.12259468,  0.52759563,  1.07173224,
       -0.80726223]), array([1.47066071, 1.78585555])]]]
[100, 23, -1, -1, 0, [[array([[-0.44246887, -0.54142157,  1.94918569, -1.25202177, -1.40654009,
        -0.34635225],
       [ 2.31898849, -1.04900014,  0.24361329,  0.16762635,  0.78136917,
        -2.2695959 ],
       [-0.20255443,  2.30525771, -1.52316263,  2.11717449, -2.27329215,
         0.68461427],
       [-2.07923021, -1.64147335, -2.15555782,  1.22031989,  2.21913799,
         1.4629326 ],
       [ 0.24024907, -0.96891812,  1.24059929, -0.30898046, -2.10309915,
        -1.27708864],
       [ 0.86050341, -1.00830079, -1.22415806, -0.1711463 ,  0.41558365,
        -0.2235425 ]]), array([[-0.05103242,  0.76554722],
       [-2.14444105,  0.37766128],
       [ 1.07776127, -2.27285839],
       [-1.31621645, -0.92216217],
       [ 1.45941278,  1.55836761],
       [-1.81690791, -0.87666671]])], [array([-0.81768015,  1.51032428,  2.13563255,  1.94634203, -1.72152452,
        0.82000867]), array([-0.90357749, -1.18854987])]]]
[100, 7, -1, -1, 1, [[array([[ 1.09311263, -1.68687176, -0.88245543, -1.88181418, -0.47062494,
        -0.85269815],
       [-0.93405842,  0.47146364, -0.56128835,  2.31340355, -0.6956154 ,
         1.18801134],
       [ 1.25744338, -1.46427558,  1.80652086, -0.71888688, -0.843091  ,
        -1.04050734],
       [ 1.29350972,  1.66760246,  2.00061499,  2.28836771, -0.80589447,
        -0.35361315],
       [ 0.12644255,  0.92995257, -1.26507461,  1.2565471 ,  1.23602501,
         0.01670474],
       [ 0.86624586,  0.99118798,  1.43489431, -1.05546741,  1.41366292,
        -2.12666155]]), array([[-0.92759267,  1.24129507],
       [ 1.14141515,  2.05796513],
       [ 1.56832525,  1.60095404],
       [-1.67544094, -1.87256133],
       [-2.33121293, -2.0976278 ],
       [-1.40828971, -2.01817853]])], [array([-2.18144923, -0.2148515 , -0.00580236, -0.91245018, -0.15282175,
        0.81922912]), array([ 0.88950848, -1.45537565])]]]
[100, 10, -1, -1, 0, [[array([[-2.0808029 ,  0.23567362, -1.26903603,  0.12729645, -1.64434928,
         2.44586074],
       [ 0.82812441, -2.14948412,  2.32519054,  2.34304251, -2.20486336,
        -0.94362076],
       [-0.454715  , -1.17684842,  1.8339185 ,  0.40636181,  0.54741059,
        -0.03779912],
       [-0.3805032 ,  2.04095766,  2.41914537,  0.62968517, -1.45949918,
         1.62983275],
       [-0.14907624,  2.15912677, -2.28507595,  1.43847971, -0.94621808,
         0.22134714],
       [-1.59507784, -0.29327012,  0.57441209,  0.06916034, -0.89629262,
        -1.31865174]]), array([[ 1.83599227,  0.31138968],
       [ 1.64101565, -0.80423677],
       [ 1.55501978, -1.25155796],
       [ 0.60565441, -1.60944381],
       [-0.96662865,  1.48756746],
       [-1.76100429, -1.79749983]])], [array([ 2.41497838,  1.13144262, -0.48076539,  1.55457234, -0.46652343,
       -1.04057498]), array([ 1.18346848, -2.38036784])]]]
[100, 12, -1, -1, 1, [[array([[ 1.0837471 , -2.31332632,  2.03940926, -0.43688371, -1.53062269,
        -0.53534897],
       [ 1.74338148, -1.15086256,  0.4705241 , -1.2793845 , -2.36348138,
         1.61797094],
       [-2.39589231, -1.72926655, -0.24451525, -1.96643956, -1.71678745,
         2.07218098],
       [-0.7986011 , -1.35690248,  1.53619775,  0.47860009, -1.07939142,
         0.90522228],
       [ 0.17865452, -1.34487524,  1.4593328 ,  0.60143685, -1.6379496 ,
         0.03537219],
       [-0.03132956,  1.29026996, -0.09686052,  2.29672487, -0.20013982,
         2.13320743]]), array([[-0.97729923, -0.79928292],
       [-1.47151718,  1.14726163],
       [-0.65986577,  1.33105279],
       [-1.10122675, -2.2267921 ],
       [ 1.06794095,  0.09521859],
       [-0.26407432, -1.97769082]])], [array([1.64466144, 0.84343086, 1.85494133, 0.06971972, 1.17236993,
       0.54041687]), array([ 2.17526354, -0.75670258])]]]
[100, 8, -1, -1, 0, [[array([[-0.97916496, -0.71048185, -1.11817327,  2.28249989, -1.23445562,
        -1.51526238],
       [-0.44812615,  1.4694739 , -2.34043222,  2.29751608,  0.32886444,
        -1.01716894],
       [-0.87906011,  0.25366442, -0.30436235,  0.58385888, -1.32048158,
        -2.18949685],
       [ 0.01291195,  2.33276553,  2.28542631, -1.40915298, -1.72219326,
        -2.31922452],
       [ 0.48020005,  0.73968007, -1.09517344, -0.68125164,  2.02921501,
         0.21864677],
       [-0.70351657, -2.28774738, -1.5978282 , -1.28278895, -1.27239762,
         2.00935235]]), array([[-0.8756591 ,  2.02263799],
       [-0.69746763,  1.43318857],
       [ 1.8173139 ,  0.40396818],
       [-1.77231862, -1.82182556],
       [ 2.39118204, -1.31168021],
       [ 1.01953379, -1.78903212]])], [array([-1.57785637,  0.42185405,  2.34678169,  1.54377826, -2.32112915,
        2.27874088]), array([-1.99919696,  2.39306858])]]]
[100, 9, -1, -1, 1, [[array([[ 1.43226504, -1.12461538, -2.14436153,  1.6826047 , -0.20753014,
        -2.09618518],
       [ 1.50241566, -0.05948379, -2.11101595, -1.26897101,  1.36902697,
        -0.0823169 ],
       [ 0.71793979,  0.85560955,  1.16239072,  1.47915684,  0.7320345 ,
         0.26290749],
       [ 1.43635583,  0.73994834, -0.05461088, -1.67142774, -0.07773717,
        -0.28809399],
       [ 0.7171283 , -0.3249781 , -1.28759802,  1.97578586,  2.01472449,
         1.34420819],
       [-1.62166904,  2.41243804, -1.72839855,  1.46376701,  0.99402221,
        -0.78655867]]), array([[-2.2416904 ,  1.77261474],
       [ 0.92372597, -0.70899792],
       [ 1.52296389, -1.95042426],
       [-2.28440091, -0.63697102],
       [-1.52090975,  0.48893296],
       [-0.52034338, -1.28348699]])], [array([ 2.13001059, -1.57478407,  1.44861586, -1.27609568,  1.6241434 ,
       -0.56851506]), array([-1.87714323,  1.21571421])]]]
[100, 24, -1, -1, 0, [[array([[-2.39499654, -0.92970552,  2.09080537, -2.06240212,  1.35014924,
         1.8960745 ],
       [ 1.52862838,  1.07760493,  2.04919804, -0.27263141,  1.10900804,
        -1.00197902],
       [ 0.01112533,  2.04202759, -0.66458867,  2.32608559,  2.41619547,
        -1.77337694],
       [-1.18974519, -1.84051844, -2.11808741, -1.65356977,  1.62977434,
        -0.36463284],
       [ 1.33170598, -1.88925456, -0.96855882, -2.16541643, -0.65871076,
         1.67840867],
       [ 1.61881935,  1.30468826, -0.96416508,  2.36264383,  0.43378339,
         1.61252126]]), array([[ 2.16207105, -0.95166289],
       [-1.86046049, -1.00004617],
       [-0.2243398 , -0.131469  ],
       [ 0.13554929,  2.1719091 ],
       [-0.95786619,  1.25360051],
       [ 0.44761154, -0.95975545]])], [array([ 2.07521968, -0.32977285, -2.06503394, -0.93862059, -1.05059035,
       -0.45398944]), array([-2.41666191,  0.84413203])]]]
[863558, 16, 'death']
[863708, 21, 'death']
[863858, 14, 'death']
[864008, 20, 'death']
[864158, 22, 'death']
[864308, 1, 'death']
[864458, 6, 'death']
[864608, 5, 'death']
[864758, 15, 'death']
[864908, 19, 'death']
[865058, 2, 'death']
[865208, 17, 'death']
[865358, 0, 'death']
[865508, 4, 'death']
[865658, 3, 'death']
[865808, 18, 'death']
[865958, 13, 'death']
[866108, 11, 'death']
[866258, 23, 'death']
[866408, 7, 'death']
[866558, 10, 'death']
[866708, 12, 'death']
[866858, 8, 'death']
[867008, 9, 'death']
[867158, 24, 'death']
[867258, 14, 'birth', 15, 11, 0, [[array([[ 1.73884631,  1.28241652, -1.48792424,  0.58208075,  2.33102812,
        -0.7903898 ],
       [-0.53353168, -2.38314302, -1.48464793,  2.30039289,  0.46300709,
        -1.82348927],
       [-1.61107172, -0.88929298, -2.44948974,  1.57237183,  0.31183296,
         1.01795757],
       [ 2.44948974,  2.16905067, -1.39014451,  0.52685876,  1.8345997 ,
        -2.07642649],
       [-1.49865561, -1.53524565,  1.86547736,  1.8677668 , -1.96253584,
         2.44251712],
       [-0.02643711,  1.62978566, -2.08810058,  1.78853843, -1.75978751,
         1.03034193]]), array([[ 0.55900329, -0.86880048],
       [ 1.41421356, -1.41421356],
       [-1.41421356, -1.41421356],
       [-0.91141231, -0.89150508],
       [-0.01873565, -1.41421356],
       [-0.07290285,  0.83636542]])], [array([ 0.28701777, -0.84478132,  1.12259468,  0.52759563,  1.07173224,
       -0.80726223]), array([1.41421356, 1.41421356])]]]
[867258, 3, 'birth', 8, 12, 0, [[array([[-0.97916496, -0.71048185, -1.11817327,  2.28249989, -1.23445562,
         2.44948974],
       [-0.44812615,  1.4694739 , -2.34043222,  2.29751608, -2.44948974,
        -1.01716894],
       [ 0.84855171,  0.25366442, -0.30436235,  0.03791927, -1.71678745,
         2.07218098],
       [-0.7986011 , -1.35690248,  1.53619775, -2.44948974, -0.37435639,
         0.90522228],
       [ 0.17865452, -1.34487524,  1.4593328 ,  0.60143685, -1.6379496 ,
         0.03537219],
       [-0.03132956,  1.29026996, -2.44948974,  2.29672487, -0.20013982,
         2.13320743]]), array([[-0.97729923, -0.79928292],
       [-1.41421356,  1.14726163],
       [-0.65986577,  1.33105279],
       [-1.10122675, -1.41421356],
       [ 1.06794095,  0.50993568],
       [-1.12354276, -1.41421356]])], [array([ 1.64466144, -2.44948974,  1.85494133,  0.06971972,  1.17236993,
        0.54041687]), array([ 1.41421356, -0.75670258])]]]
[867258, 13, 'birth', 16, 4, 0, [[array([[ 0.45892944,  1.26702458,  0.76009992,  1.19437426, -2.44948974,
         2.44125039],
       [-2.12834754,  0.15285046,  1.14568944, -1.75538117, -2.24342785,
        -2.29005192],
       [ 0.50112093, -0.10999924,  1.01306951,  0.08966653,  2.11985315,
        -2.20393277],
       [ 0.90166534, -2.44948974,  0.28203125,  1.20700696,  2.25629886,
        -1.62777432],
       [ 1.74462973,  1.29929396,  1.39731464,  0.34455714, -1.28339928,
         1.17191285],
       [ 1.08703846,  2.2696947 , -2.22017565, -0.83518068, -0.43674933,
         0.316858  ]]), array([[ 1.41421356, -1.41421356],
       [ 0.88850268,  0.85872825],
       [ 0.16904856, -0.31505761],
       [ 1.41421356,  1.41421356],
       [ 0.09986836,  1.41421356],
       [ 1.41421356,  1.41421356]])], [array([ 2.08371493, -2.44948974,  0.45915774,  0.91202077,  0.15301422,
       -1.93179755]), array([ 0.44110349, -1.41421356])]]]
[867258, 21, 'birth', 0, 7, 1, [[array([[-1.34025252,  0.85411315, -2.40593426, -0.07816558,  0.609076  ,
         2.04496791],
       [-1.27641366,  0.46274028,  1.42889229,  2.31340355, -0.6956154 ,
         1.18801134],
       [ 1.25744338, -1.46427558,  1.80652086, -0.71888688, -0.843091  ,
        -1.04050734],
       [ 2.44948974,  2.44948974,  2.00061499,  2.28836771, -0.80589447,
        -0.35361315],
       [ 0.12644255,  0.92995257, -1.26507461,  1.2565471 ,  1.23602501,
        -0.26495392],
       [-0.41434931, -2.40765548,  1.43489431, -1.05546741,  1.41366292,
        -2.12666155]]), array([[-1.41421356,  0.42709844],
       [ 1.41421356, -0.9026681 ],
       [ 1.41421356,  1.41421356],
       [-1.41421356, -1.41421356],
       [-1.41421356, -1.41421356],
       [-1.40828971, -1.41421356]])], [array([-2.44948974, -0.2148515 , -0.00580236, -0.91245018, -0.15282175,
        0.81922912]), array([-1.41421356, -0.66545506])]]]
[867258, 18, 'birth', 0, 12, 1, [[array([[-1.34025252,  0.85411315, -2.40593426, -0.07816558,  0.609076  ,
         2.04496791],
       [-1.27641366,  0.46274028,  1.60624391,  2.26548058, -0.4660833 ,
        -1.11062924],
       [ 2.43230406,  2.44948974, -2.00350464, -1.09028574,  0.20432132,
         1.71223955],
       [-1.04503128, -0.02784038,  1.53619775,  0.47860009, -1.07939142,
         2.44948974],
       [ 0.17865452, -1.34487524,  1.4593328 ,  0.60143685, -1.6379496 ,
         0.03537219],
       [-0.03132956,  1.29026996, -0.09686052,  2.29672487, -0.20013982,
         2.13320743]]), array([[-1.41421356, -0.79928292],
       [-1.41421356,  1.14726163],
       [-1.41421356,  1.33105279],
       [-1.10122675, -1.41421356],
       [ 1.06794095,  0.09521859],
       [-1.41421356, -1.41421356]])], [array([ 1.64466144, -1.29493316,  1.85494133,  0.06971972,  1.17236993,
        0.54041687]), array([ 1.41421356, -0.75670258])]]]
[867258, 5, 'birth', 15, 19, 0, [[array([[ 1.73884631,  1.28241652, -1.48792424, -1.44659812, -0.16308141,
         2.08530773],
       [-1.83406795,  0.87530118, -2.44948974, -0.63435823, -0.45367372,
        -2.44948974],
       [-0.44624994, -2.44948974, -0.25615021, -1.86924806, -1.68673165,
        -1.53849147],
       [-0.71472809, -1.25507252,  0.12117241,  0.06532152,  0.21359765,
        -2.16755924],
       [ 1.89920653,  2.23568527,  0.05680361, -0.58858707, -1.125912  ,
        -0.47673602],
       [-0.38013227, -1.87080546, -2.40192763,  0.99119566, -0.82811658,
         1.87880151]]), array([[-1.41421356,  1.41421356],
       [-1.1795833 ,  0.97366959],
       [ 1.21977415, -0.60670066],
       [-1.41421356,  1.41421356],
       [ 1.41421356, -0.81474739],
       [ 0.50393913, -1.41421356]])], [array([-1.41800226, -2.27806387,  1.18559053, -1.41636284, -0.83850738,
       -1.82437919]), array([ 1.11539429, -1.41421356])]]]
[867258, 0, 'birth', 8, 7, 1, [[array([[-0.97916496, -0.71048185, -1.11817327,  2.28249989, -1.23445562,
        -1.51526238],
       [ 0.17875519,  1.4694739 , -2.34043222,  2.29751608,  0.32886444,
        -1.01716894],
       [-0.87906011,  0.25366442, -0.30436235,  0.58385888, -1.32048158,
        -2.18949685],
       [ 0.01291195,  2.33276553,  2.28542631, -1.40915298, -1.72219326,
        -2.31922452],
       [ 0.48020005,  0.73968007, -1.97699331, -0.68125164,  2.02921501,
         0.21864677],
       [-0.70351657, -2.28774738, -1.5978282 ,  1.90768518, -1.47115723,
         2.00935235]]), array([[-0.8756591 ,  1.41421356],
       [-1.41421356,  1.41421356],
       [ 1.41421356,  1.25647058],
       [-1.41421356, -1.41421356],
       [ 1.41421356, -1.31168021],
       [ 1.41421356, -1.41421356]])], [array([-1.57785637,  0.42185405, -0.00580236, -0.91245018, -0.15282175,
        0.81922912]), array([ 0.88950848, -1.41421356])]]]
[867258, 12, 'birth', 23, 21, 0, [[array([[ 0.09362675, -0.54142157,  1.94918569, -0.06754003, -1.40654009,
        -0.68490049],
       [ 2.31898849, -1.04900014,  0.24361329,  0.16762635,  0.78136917,
        -2.2695959 ],
       [-0.20255443,  2.30525771, -1.52316263,  2.11717449, -2.27329215,
         0.68461427],
       [-2.07923021, -1.64147335, -2.15555782,  1.22031989,  2.21913799,
         2.44948974],
       [ 0.24024907, -0.96891812,  1.24059929, -0.30898046, -2.10309915,
        -1.27708864],
       [ 1.91901762, -1.00830079,  2.44948974, -0.1711463 ,  2.15838058,
        -0.2235425 ]]), array([[-0.05103242,  0.76554722],
       [-1.41421356,  0.37766128],
       [ 1.07776127, -1.41421356],
       [-1.31621645, -0.92216217],
       [ 1.41421356,  1.41421356],
       [-1.00966099,  1.41421356]])], [array([ 0.54193924, -2.36848527,  2.22690503, -0.11811004, -2.44948974,
        2.44948974]), array([-1.01689685, -1.41421356])]]]
[867258, 7, 'birth', 23, 17, 1, [[array([[-0.44246887, -0.54142157,  1.94918569, -1.25202177, -1.40654009,
         0.41677488],
       [ 2.31898849, -2.44948974,  0.24361329,  0.16762635,  0.78136917,
        -2.2695959 ],
       [-1.85645096,  2.30525771,  0.8689051 ,  2.11717449, -2.27329215,
         0.45454996],
       [ 0.66987312, -2.44948974, -2.25243556, -1.30214607, -0.68020479,
        -1.10809259],
       [-1.60915394, -2.36963937,  0.40947476, -2.04024188, -0.15050252,
        -0.12011773],
       [ 1.02954362, -0.92476831, -1.35261579, -1.80952858,  1.1916077 ,
        -0.46194489]]), array([[ 1.23006451,  0.98392756],
       [-1.41421356, -0.37227346],
       [ 0.13316554, -1.41421356],
       [ 1.41421356,  1.24820215],
       [-1.41421356,  1.41421356],
       [-0.93822942,  1.41421356]])], [array([-0.19770985, -0.73048735,  1.07182416, -1.21467191,  1.40007092,
       -1.67222311]), array([-1.41421356,  0.60561281])]]]
[867258, 24, 'birth', 15, 20, 0, [[array([[ 1.73884631,  1.28241652, -1.48792424, -1.10465503, -0.16308141,
        -0.16495602],
       [-1.83406795,  0.87530118,  0.8653948 , -0.63435823, -1.77127097,
        -1.52604315],
       [ 0.8379997 , -1.84736241,  0.11830812,  0.74388646,  2.44948974,
         0.9097362 ],
       [-1.93023884, -1.6888322 ,  1.53098191, -1.09542483, -0.20384196,
        -2.38364876],
       [ 2.44948974,  1.18732525, -2.06116437,  0.61382911,  0.68155909,
        -0.63223646],
       [ 2.42085044, -0.3100355 ,  2.20430431,  0.25931818, -0.39724463,
        -2.4423479 ]]), array([[-1.22851355,  0.58791561],
       [-1.10252386,  1.41421356],
       [ 0.31427067, -1.41421356],
       [-1.18156338, -1.29515613],
       [ 0.61364341,  0.00266709],
       [ 1.41421356, -1.03117276]])], [array([-2.28724721, -1.50974673,  0.69921903, -1.28566457, -0.35719608,
        2.28713365]), array([-0.68087823,  1.41421356])]]]
[867258, 10, 'birth', 23, 11, 0, [[array([[-0.44246887, -0.54142157,  1.94918569, -1.25202177, -1.40654009,
        -0.7903898 ],
       [-0.53353168, -2.38314302, -1.48464793,  2.30039289, -0.63443216,
        -1.82348927],
       [-2.16598785, -0.88929298, -0.55199585, -0.34602821, -2.4434867 ,
         1.97865877],
       [ 1.02954677,  2.16905067, -1.39014451,  1.34119183,  1.8345997 ,
        -2.07642649],
       [-1.49865561, -1.19166053,  1.86547736,  1.8677668 , -1.96253584,
         2.44251712],
       [ 2.4240447 ,  1.62978566, -2.08810058,  2.07938535, -1.75978751,
         1.03034193]]), array([[ 0.55900329, -1.25408869],
       [ 1.41421356,  1.02864157],
       [-1.41421356, -1.41421356],
       [-0.91141231, -0.89150508],
       [-1.29874449, -1.41421356],
       [-0.07290285,  1.41421356]])], [array([ 1.32690355, -0.84478132,  1.12259468,  1.2968512 ,  1.07173224,
       -0.80726223]), array([1.41421356, 1.41421356])]]]
[980659, 23, 'birth', 14, 21, 1, [[array([[ 1.73884631, -1.81831813, -1.4014077 ,  1.7203973 ,  2.33102812,
        -0.7903898 ],
       [-0.53353168, -2.38314302, -1.48464793,  2.30039289,  0.46300709,
        -1.82348927],
       [-1.61107172, -0.88929298, -1.35936057,  1.57237183,  0.31183296,
        -2.44948974],
       [ 2.44948974,  2.16905067, -1.39014451,  0.52685876,  1.8345997 ,
        -2.07642649],
       [-1.49865561,  0.09764868,  2.44948974,  1.8677668 , -1.96253584,
         2.44251712],
       [ 0.15753193,  1.62978566, -2.08810058,  1.78853843, -0.58802692,
         0.13759493]]), array([[ 1.24628009, -0.86880048],
       [ 1.41421356, -1.41421356],
       [-1.41421356, -1.41421356],
       [-0.91141231, -1.21389595],
       [-0.01873565, -1.41421356],
       [-0.07290285, -1.41421356]])], [array([-2.44948974, -2.08462564, -0.00580236, -0.56910992, -0.15282175,
        0.81922912]), array([-1.41421356, -0.66545506])]]]
[1148311, 2, 'birth', 13, 18, 0, [[array([[ 0.45892944,  1.26702458,  0.76009992,  0.19139104, -2.44948974,
         2.44125039],
       [-0.83260213,  0.15285046,  1.14568944, -1.75538117, -2.24342785,
        -2.29005192],
       [ 0.50112093,  0.01277421,  1.01306951,  0.08966653,  2.44948974,
        -2.20393277],
       [ 0.90166534, -0.20276553,  0.28203125,  1.20700696,  2.25629886,
        -1.62777432],
       [ 1.74462973,  1.29929396,  1.39731464,  0.34455714, -1.28339928,
        -0.27805647],
       [ 1.08703846,  2.2696947 , -2.22017565, -0.83518068, -0.43674933,
        -1.13007429]]), array([[ 1.41421356, -1.41421356],
       [ 0.88850268,  0.85872825],
       [ 0.16904856,  0.21512056],
       [ 1.41421356,  1.41421356],
       [ 0.09986836,  0.09521859],
       [-1.41421356, -1.41421356]])], [array([ 1.64466144, -0.97147162,  1.85494133,  0.06971972,  1.17236993,
        0.54041687]), array([ 1.41421356, -0.75670258])]]]
[1286662, 14, 'death']
[1286812, 3, 'death']
[1286962, 13, 'death']
[1287112, 21, 'death']
[1287262, 18, 'death']
[1287412, 5, 'death']
[1287562, 0, 'death']
[1287712, 12, 'death']
[1287862, 7, 'death']
[1288012, 24, 'death']
[1288162, 10, 'death']
[1311463, 23, 'death']
[1311663, 2, 'death']
[1311663, 'Extinction!']
