[time, indiv, parent1, parent2, gender, brain]
[150, 1, -1, -1, 0, [[array([[-0.86003586, -2.33588948,  1.4343553 , -0.654055  ,  0.74058044,
         2.06400353],
       [-2.31182864, -2.10971706,  1.51018676,  2.18101979, -0.8856376 ,
        -1.49671039],
       [-1.49583084, -0.28610178, -1.06210115, -2.4158022 ,  0.50316524,
         1.1980814 ],
       [-1.57310511, -0.3657358 ,  0.27947258, -2.33258019, -0.77758191,
         2.17142018],
       [-0.66720286,  0.1433345 ,  1.11109812, -0.48790574,  2.38443534,
        -1.4612945 ],
       [-1.79549187, -0.33464269,  1.33970032,  1.69041084, -1.32451334,
         0.27526529]]), array([[ 2.24583808,  1.01806186],
       [ 1.67686591, -0.91652476],
       [ 1.8152303 ,  1.95965729],
       [-0.60317155,  1.69729154],
       [ 0.43561766,  1.16269974],
       [-0.60498546,  0.45140314]])], [array([-1.71798997, -2.20080991, -0.87228771,  1.67417263,  0.74835752,
        1.3010246 ]), array([-2.25737062, -2.26023756])]]]
[150, 24, -1, -1, 1, [[array([[-0.94539015, -1.25397244, -1.34540601,  2.18255639, -1.95760479,
        -2.43762012],
       [-2.03350186,  1.37947529, -0.86665627, -0.04941134,  1.07612286,
         2.19909994],
       [ 0.12506211,  0.82023843,  1.17153751,  1.70097291,  1.6888948 ,
        -1.441109  ],
       [ 0.12494382, -2.04103054,  0.92474096,  1.76220316,  0.54927235,
         1.3530943 ],
       [-0.54899541,  1.66211884, -0.81885474,  2.13220516, -0.91623365,
         1.25758411],
       [ 0.41440965, -2.40997412,  0.95870105,  1.32618836, -0.32084572,
        -2.18621046]]), array([[ 1.86269486, -1.22529429],
       [ 0.44170839,  2.15531627],
       [ 1.87247384,  0.46346595],
       [ 1.35888869,  1.05789285],
       [ 0.15250881,  1.79010906],
       [-1.19353953,  0.87795012]])], [array([-0.78262524, -0.04804787,  2.00654182, -1.35563306,  0.56119935,
       -2.13237779]), array([-2.07144356, -1.96761833])]]]
[150, 14, -1, -1, 0, [[array([[-0.66923606,  0.60661137, -0.28079424, -1.80435299,  1.37653311,
         1.06298692],
       [ 0.44478442, -1.87276124, -0.49155764,  0.25936614, -0.63348108,
         1.77277944],
       [-0.50845069,  0.996512  ,  1.75546136,  0.28934718,  0.36134915,
        -1.63851531],
       [ 0.97901117,  0.54666186, -0.58106952,  1.53776583, -1.93335647,
        -2.30599445],
       [-0.53790172,  1.9769558 , -2.07048529, -2.09479548,  1.12939354,
        -1.91425659],
       [ 1.32314569,  1.00014448, -1.3204066 , -0.06201374, -0.94903636,
        -1.77126064]]), array([[ 0.642335  , -0.49178365],
       [ 1.94509105,  0.07597713],
       [-1.05436856, -1.76372078],
       [ 0.79679674, -1.34863059],
       [-0.96323682, -0.26763811],
       [-1.15005142, -2.39862889]])], [array([ 0.73980903, -1.03393078,  0.4495072 ,  1.21912754,  2.14946939,
        1.54576359]), array([ 1.69589002, -1.27737346])]]]
[150, 9, -1, -1, 1, [[array([[ 2.17983343,  0.83734912,  1.88642638,  1.21915218,  1.73059343,
         2.15578369],
       [-2.09790812,  1.96975451, -0.05277305,  0.30107151,  0.16824598,
         0.24701559],
       [-0.61245747, -2.4119598 ,  0.99891956,  1.09022506, -1.31726626,
         1.42508622],
       [-0.7391294 ,  1.68269182, -0.70627254, -1.1251511 , -1.00162214,
        -2.36859029],
       [-1.29855208, -0.89181656,  0.57702449,  1.7101086 ,  0.81707759,
        -2.29104881],
       [-2.37993767,  1.11748001,  0.19254286,  2.34962374, -0.44453115,
         1.70918322]]), array([[ 2.2987921 , -0.69687938],
       [ 1.93896649, -0.31116611],
       [ 1.94305764,  0.74166608],
       [-1.82839911,  0.67341316],
       [-1.69795868,  0.67524266],
       [ 0.14458573,  2.43277886]])], [array([ 0.12843667,  0.99822376, -2.20093797, -0.27189296,  2.39835623,
        0.95200053]), array([-0.22708443,  0.69364507])]]]
[150, 4, -1, -1, 0, [[array([[ 0.38801568,  1.99190378,  0.1054957 , -1.78664117,  1.83382842,
         0.49706881],
       [-2.19628865, -2.01528531, -2.37456755, -1.98947134,  1.74993641,
         2.28711557],
       [ 0.74762319, -1.66407829,  2.42335861,  0.164415  ,  1.71031429,
        -1.08416851],
       [ 2.42502455, -1.80191508,  1.47164897, -1.29106657,  0.41835709,
        -1.95048365],
       [-1.49832487, -2.04510841,  0.41952621, -1.98613428,  1.93450283,
         2.31935549],
       [-0.0584748 ,  1.89107717, -1.43168235, -0.73646996, -1.57907218,
         0.92327016]]), array([[ 0.75784898,  1.86238771],
       [ 0.23086591,  2.1975218 ],
       [-1.59353437,  1.13995749],
       [-0.13797017,  0.60168203],
       [-1.11827217,  0.03219589],
       [-1.3119643 , -2.33805263]])], [array([ 0.59635153,  1.24609162,  0.22360279,  2.44531518, -0.81202985,
       -1.45034721]), array([2.32636758, 1.55484886])]]]
[150, 15, -1, -1, 1, [[array([[ 1.35987183, -1.80757568, -0.97984168, -2.14810962, -1.06786534,
         1.93108773],
       [-2.04179556,  1.40003321,  0.64158721,  1.21916225,  1.15930181,
         1.73277715],
       [-0.43901457,  2.42610619, -1.73974269,  2.43022505,  0.42232509,
        -0.94851799],
       [ 2.04729834, -1.32352065, -1.27324872,  2.2203819 ,  1.1240683 ,
         1.80186694],
       [-2.15588134, -0.28653522, -2.13063985, -1.95237163,  1.36210894,
         1.2013848 ],
       [-2.36048117,  2.15126578,  0.45240664,  1.91267318, -0.32385559,
        -1.19053829]]), array([[ 1.35480903,  1.25976107],
       [-1.68600811, -2.18856508],
       [-1.73083177, -2.19666087],
       [ 1.20529047,  1.93147666],
       [ 1.11671214, -1.76810004],
       [-1.30457234,  0.48033138]])], [array([ 0.6186913 ,  2.31215812,  0.09056106, -2.4272012 ,  1.15985685,
        0.83987436]), array([-1.25646314,  2.08851915])]]]
[150, 3, -1, -1, 0, [[array([[ 2.08940214, -2.13085535,  1.59753914, -0.20724982,  0.30547092,
         1.29190231],
       [-0.40893574,  2.36472642, -0.57996339, -2.41991723,  1.51105822,
         1.92602513],
       [-0.72845628, -0.57717153,  0.7412358 , -0.96115066, -2.02560896,
        -0.41631495],
       [ 0.80249495, -1.76286032, -0.93382818,  1.00876505, -1.97547714,
        -1.77662007],
       [ 1.63611871, -1.28311962, -0.80870981,  2.4343848 ,  2.02241921,
         0.09041935],
       [ 1.66639625,  1.99566718, -0.11214287, -1.56363491,  1.55744996,
        -1.95495088]]), array([[ 2.15014039, -0.49655786],
       [-1.84675788,  0.40699322],
       [-0.97981119,  0.28058805],
       [ 0.28297445, -2.30864017],
       [-1.72973806,  1.95912812],
       [-1.6916582 ,  1.17171391]])], [array([ 0.22327332,  2.32705973, -1.95743666, -1.3101571 ,  1.86619045,
        0.72649664]), array([-0.83794099,  2.02928011])]]]
[150, 7, -1, -1, 1, [[array([[ 1.30208015,  1.35305153,  1.65379782,  2.01087861, -0.2343266 ,
         0.28327849],
       [ 0.32072561, -0.45960144,  1.52683273,  2.3702424 ,  1.7036705 ,
        -0.80132266],
       [-1.90310933, -0.79716312, -2.41132448, -2.37946724,  2.39857974,
        -2.02200477],
       [ 0.58625807, -2.03453717,  1.97329767, -0.00661756, -0.9529569 ,
         2.01317597],
       [ 0.55808897,  1.6298884 , -0.25530674,  0.31601965,  1.30643967,
        -1.62300275],
       [ 0.51332585,  0.34725395,  0.90619498,  1.74414732, -0.92096079,
         0.28780164]]), array([[-1.21235979, -2.30109931],
       [ 1.43842382, -0.0807347 ],
       [-0.18858092,  2.28665458],
       [-2.05783473,  2.25343845],
       [-2.17797549,  0.23531134],
       [-1.92805408, -0.61863146]])], [array([-1.2707926 , -1.51391297, -1.5182106 ,  1.92611898, -0.98954323,
        0.23574019]), array([-0.00880303, -2.21413011])]]]
[150, 22, -1, -1, 0, [[array([[-1.53994843, -1.89627242, -1.66829789,  0.22206213, -0.86744336,
        -0.31647086],
       [-2.01185543,  1.25613443,  0.72157569,  0.20437906, -0.86334838,
         0.9161924 ],
       [ 1.62338737,  0.94699478, -1.35561041, -0.83490523, -1.37571176,
        -1.48129306],
       [ 1.61236024,  0.02979579,  1.54705317, -0.34375411, -2.2331499 ,
         0.49155624],
       [ 0.23762354,  0.04743279, -1.09120836, -0.55396664, -2.05931632,
        -1.57831755],
       [-0.6242061 ,  0.93675844,  0.7619489 , -0.87330832, -1.71134866,
         0.75454425]]), array([[ 0.96411677, -1.08580023],
       [ 0.74705838,  0.87687903],
       [ 1.97502044, -1.87633291],
       [ 2.08932335, -0.46581792],
       [-0.19472705,  1.96912819],
       [ 1.64467436,  2.29838054]])], [array([-2.07361614, -1.68047057, -0.92636017,  0.1253852 ,  2.05985496,
       -1.80374819]), array([ 1.67494485, -0.75043743])]]]
[150, 6, -1, -1, 1, [[array([[ 1.37106255e-02,  2.26769784e+00, -2.12497934e+00,
        -9.31142822e-01, -1.10625998e+00, -1.50574004e+00],
       [-1.64965255e+00, -2.21530790e+00, -2.15623865e+00,
        -3.95070907e-02, -1.34321339e+00, -1.01997368e+00],
       [ 2.40467870e+00, -2.36174946e+00, -1.71715455e+00,
        -8.37996926e-01,  1.99061085e+00,  1.52162808e+00],
       [-1.51820387e+00,  1.37449263e+00, -4.97728539e-04,
        -3.61299969e-01,  1.82112869e+00,  7.32717449e-01],
       [ 2.33344572e+00, -1.46738480e+00, -9.88804157e-01,
        -1.63722613e+00,  2.04759488e+00,  6.23899149e-01],
       [ 2.29628444e+00, -1.94897268e+00, -1.80869644e+00,
        -1.10413452e+00,  3.36182551e-01, -1.87945056e+00]]), array([[ 0.2573706 , -1.21813875],
       [-0.41159707, -2.44317929],
       [ 1.97818129,  1.57940652],
       [ 1.07719094,  2.08268773],
       [ 0.58807744,  0.83315486],
       [-1.96641358, -0.6115998 ]])], [array([ 1.50738007,  2.23702577, -2.19533877, -0.58257653,  2.3302668 ,
       -1.75527518]), array([-1.90680083, -1.48412798])]]]
[150, 0, -1, -1, 0, [[array([[-0.73338399,  0.72252182,  2.21467228,  1.78452114,  0.26081155,
         0.36275148],
       [ 1.6578285 , -1.88331054, -0.98645937,  0.30842717,  1.18474564,
         1.09550213],
       [-1.832638  ,  0.1719489 , -1.84981569, -0.40372732,  0.04359816,
        -0.60300965],
       [ 2.23289947,  0.16614082, -0.77012017, -1.59003146,  0.72153312,
        -2.0307868 ],
       [ 2.19846313, -2.21714627,  1.44868711, -1.34187118, -2.28207933,
         0.45175375],
       [ 1.76521007,  1.23302208, -1.92462041,  0.60128708, -1.24882195,
         1.38838708]]), array([[-2.30886503,  0.25173852],
       [ 1.75849388, -0.5384439 ],
       [-1.34278102,  2.19280451],
       [-2.19234582,  2.08281504],
       [-1.61364486, -1.65579774],
       [ 1.09597119, -0.89768179]])], [array([-2.10347974,  1.15839105, -0.88763611,  0.49141074, -0.21977812,
        0.99057335]), array([-2.19850034,  2.22021894])]]]
[150, 10, -1, -1, 1, [[array([[ 0.37681291,  0.05691895, -1.17723211,  0.95024816,  1.85397575,
        -0.51564905],
       [ 1.19241142, -1.03187276,  1.95647078,  1.82192946, -0.00867542,
         0.40040666],
       [-1.05920762, -2.31614846,  1.81057171,  1.42904737,  1.12369502,
         0.22044047],
       [ 0.26344625, -2.39279485,  1.88592202, -1.28892471,  0.51351247,
        -1.0157439 ],
       [-2.24388385, -0.9782381 ,  1.32438141, -0.48143636, -0.36405988,
        -1.08760317],
       [ 0.3580867 , -2.21990135, -1.33963829, -0.75983377,  0.43019329,
         1.26512778]]), array([[-1.77484261, -1.0822922 ],
       [ 2.05201778, -1.8882969 ],
       [-2.40358383, -1.33479124],
       [-1.96578571, -0.39404394],
       [-2.19210863,  0.49143339],
       [ 1.99187704,  0.22127356]])], [array([-1.07042223, -0.22752862, -1.96327753, -0.85564333,  1.08388814,
       -1.49067316]), array([ 1.64643552, -2.26149695])]]]
[150, 21, -1, -1, 0, [[array([[ 0.99070964, -0.26893602, -1.57371966,  2.28782953, -1.30523635,
         0.53231779],
       [-0.0466337 ,  0.44303861,  1.05185167, -2.4108167 , -0.05187374,
         0.9044306 ],
       [ 0.75344096, -1.05370139,  1.19410871,  1.67612806,  0.17876154,
         1.98352123],
       [-1.96727321,  1.50852722, -1.41789488, -0.42949881,  0.22718873,
         2.02947353],
       [ 1.67252483,  2.1445899 , -1.72740128, -0.08401803,  0.4509357 ,
         2.32389942],
       [ 0.90098135, -0.18473697, -0.29944757,  0.31541323, -1.55736363,
         0.27800063]]), array([[-0.83817574,  0.82307542],
       [ 0.410208  ,  1.93978738],
       [-2.39437939,  2.35643691],
       [-1.66845623,  1.47976448],
       [-1.26043389, -1.75343823],
       [ 0.20849319, -0.78219772]])], [array([-1.85191234,  1.55380243,  1.90594093,  1.24504277, -2.29648787,
        1.71183771]), array([-0.0517792 , -1.18956581])]]]
[150, 5, -1, -1, 1, [[array([[-0.04828069,  1.98203157,  0.27635237,  1.44285282,  0.37567368,
         1.75111908],
       [-2.15586496,  0.34650917, -1.06890145,  2.14859986,  1.56607758,
         1.24201178],
       [ 0.7348973 , -1.90848868, -2.32424021,  2.34608852,  0.1724318 ,
        -2.00830572],
       [ 1.89095822,  2.29167671, -1.16938204, -1.59892748,  0.94850042,
        -2.28248074],
       [ 0.54150392, -0.24114896, -1.1832274 , -0.2867824 , -0.58613048,
         2.00653435],
       [ 1.22432371,  1.57848713,  0.09597228,  0.01819858, -1.39740401,
        -1.7214566 ]]), array([[ 1.66336199, -1.2667989 ],
       [ 0.28935145, -0.97557236],
       [ 0.9078299 ,  0.63413551],
       [ 1.00502619,  0.50399854],
       [-0.44191112, -1.04370106],
       [-0.12473168, -1.34750563]])], [array([-0.00969486, -0.70777381, -0.5671375 , -2.35662508,  0.62149139,
        0.93960878]), array([0.61190167, 0.32092234])]]]
[150, 11, -1, -1, 0, [[array([[-1.02878261e+00, -9.48209171e-01, -2.25347592e+00,
         2.01637469e+00, -8.36280170e-01,  1.29105434e+00],
       [-2.02998232e+00,  1.13509008e+00,  8.22110760e-01,
         1.09429916e+00, -2.56979338e-01, -1.36994630e-01],
       [-9.28299326e-01,  2.10132791e+00, -4.28595051e-02,
        -2.14020953e+00,  1.57888779e+00,  1.24927854e+00],
       [ 2.36827844e+00,  9.33739232e-01, -1.14276383e-01,
        -2.29972355e+00,  1.51841796e+00, -1.94477225e-01],
       [-2.09545172e-03, -1.16307515e+00,  1.49456987e+00,
         4.99929648e-01, -2.17325107e+00, -1.59884278e+00],
       [-1.79683567e-02, -2.30297270e-01, -1.37541887e+00,
        -1.28769558e+00,  1.60821074e+00, -1.03205741e+00]]), array([[ 0.52961065, -0.051414  ],
       [ 0.84571401,  1.63129755],
       [-0.4389395 ,  0.15449149],
       [-0.92999567,  1.14450197],
       [-1.96571161,  0.40241637],
       [ 2.41917895, -1.21514297]])], [array([ 2.27184725,  1.15686549,  1.95769541, -1.53628841, -1.46823968,
        1.06163539]), array([-1.44882378, -0.37860973])]]]
[150, 12, -1, -1, 1, [[array([[ 0.57205149, -2.3554209 ,  0.54373906, -0.56611887, -1.7694973 ,
        -0.46807285],
       [-1.31732099, -0.16428346,  1.28902536, -1.134106  , -0.61878488,
        -1.8529588 ],
       [-2.38680619, -0.10743884,  1.39161744,  0.84919327,  1.22094114,
         2.10720213],
       [ 0.87758567,  0.77555395, -0.58071565, -1.30418633, -0.76455176,
         2.07528243],
       [-2.40668553,  0.12177135,  0.01972568, -0.01506124,  2.27833583,
        -0.72396612],
       [ 0.85492431, -2.07202675,  1.15696808,  2.35889292, -0.30110494,
         0.71895675]]), array([[ 0.15185277, -1.7653068 ],
       [ 1.00075722, -2.29963382],
       [-0.7198765 ,  0.41621436],
       [ 1.90074508,  0.50272897],
       [ 0.31950278,  1.9063023 ],
       [-0.56930389,  1.28923852]])], [array([-0.67064825,  2.33028442, -1.80527049,  0.72491831,  0.02866751,
       -2.34547144]), array([-1.98642743,  1.48562037])]]]
[150, 20, -1, -1, 0, [[array([[ 0.68118629, -0.38861302,  1.43597317, -0.61159741,  2.14638688,
         2.25829542],
       [-0.96184856, -0.13618031, -0.25621479,  1.14958277,  1.76730526,
         0.04755408],
       [-0.45609355, -0.16812765,  0.61842487, -0.98368913, -1.50516209,
         0.36717064],
       [-1.3956328 , -1.79487647,  1.13473335, -1.12706301, -1.68935612,
         2.17494142],
       [ 0.83552846, -1.71079342, -2.00933469, -1.89892873,  0.16168067,
        -1.72391196],
       [-1.50878169, -0.33859781, -1.12401748, -2.44112584, -2.16457124,
        -1.44551749]]), array([[ 0.31103217,  0.13984137],
       [-1.05054292, -0.707304  ],
       [ 0.07917112, -0.24267775],
       [ 1.38522814, -1.18372415],
       [-0.79295501, -1.70145723],
       [-1.98594832,  2.02529633]])], [array([ 2.3206566 , -0.92343349, -2.32135346,  1.59913286, -2.04954447,
       -0.52826746]), array([1.45830847, 1.46997878])]]]
[150, 16, -1, -1, 1, [[array([[-0.68587001,  0.36339034, -2.4383132 ,  0.71683785, -0.8599604 ,
        -2.38778843],
       [-1.71724408,  1.09659698, -1.72330543, -1.07396974,  2.35360694,
        -1.04685232],
       [ 1.11676738,  1.05363023,  0.38248403, -0.24656507, -0.17243005,
        -0.084181  ],
       [ 0.41088392, -0.35352141,  2.35679635,  1.40816637,  1.44900475,
        -2.10420122],
       [ 0.66203619, -0.53808846, -1.24342173,  1.54695382, -2.17154849,
         2.3240216 ],
       [-1.28682371,  1.1129338 , -0.19202775,  1.98093899,  0.36436566,
         1.62417677]]), array([[ 1.10387142,  2.23311334],
       [-0.33957683,  0.98977362],
       [ 1.0854912 ,  0.78616803],
       [-0.89733118,  1.12777031],
       [ 1.47437807,  0.85286565],
       [ 0.13033719, -0.07332067]])], [array([-0.80807114,  0.72349705, -0.95291993, -0.7454123 ,  0.96259878,
        0.28588806]), array([1.68262433, 1.05405686])]]]
[150, 19, -1, -1, 0, [[array([[-1.25685617,  0.38575254, -2.3810643 ,  0.72447389,  0.58137008,
         1.41511004],
       [-1.13404402, -2.22801669, -0.42256347, -0.57084521,  1.07136881,
        -2.25220831],
       [ 1.80669431,  0.65005009, -1.81329374,  1.02001984, -0.04549452,
        -0.29020295],
       [-1.17393852,  1.3190901 , -1.70499592,  2.1321406 , -1.82900654,
        -2.29011835],
       [-1.28424698,  0.98874729, -2.41137406, -2.0799236 , -0.01742541,
        -1.83823598],
       [ 2.05011118, -0.01113176,  1.6416476 ,  2.08778077,  0.82556392,
         0.85180509]]), array([[-2.32581741, -1.97647805],
       [ 0.50140751, -1.20702468],
       [ 0.08158139,  0.94796691],
       [ 1.48410943,  1.79130217],
       [ 1.26630182,  1.42441982],
       [-0.31348942,  2.20895523]])], [array([-1.26245545,  0.32908415,  2.07960319, -1.25317297, -0.46095169,
       -1.36408523]), array([ 1.94068015, -2.42801651])]]]
[150, 17, -1, -1, 1, [[array([[ 1.22393531, -1.77566139,  2.44540824, -0.19492071, -0.78598207,
        -2.37762069],
       [-1.80541049,  2.28648373,  2.08008848,  0.73025437,  0.47100426,
        -1.5223003 ],
       [-2.43961906, -2.44536764,  0.98738963,  1.68064486, -1.69905369,
         0.85815559],
       [ 0.49161596, -0.0260134 ,  1.28932049,  1.67654249,  1.29409129,
         1.52623008],
       [-2.27682502,  1.22939948,  0.93552497, -1.69909446,  0.75894319,
         2.140687  ],
       [-2.15863037,  1.8267344 ,  0.19173105,  1.76314621, -0.89900425,
        -1.48541668]]), array([[ 2.30770657, -0.6604502 ],
       [-1.00727997, -1.61866177],
       [-0.26018094,  2.04151575],
       [-0.47998502,  0.31419811],
       [ 2.2672693 , -1.87550996],
       [ 2.42513378,  1.84278315]])], [array([-0.14767596,  0.587104  ,  1.74270267, -2.30400455,  2.42296719,
        0.60503527]), array([-2.20296952,  2.43071831])]]]
[150, 23, -1, -1, 0, [[array([[ 1.90129239,  1.70285158,  2.19542639,  0.71876022, -0.50741539,
         0.81399987],
       [-0.86587288,  0.63019785,  0.37745291, -2.05861293,  2.12503491,
        -1.94609306],
       [-0.40577133,  0.58237314, -0.79705034,  1.64297255, -0.17685114,
         1.3209116 ],
       [ 1.47505523, -0.80023826, -1.92578926,  1.39100667,  1.18451788,
        -0.9110162 ],
       [ 0.05019498, -1.20936918, -1.39128707,  1.09216046, -1.1831784 ,
         2.05468944],
       [-0.25348707, -0.66623512,  1.95365975, -0.28825863,  0.53769581,
        -1.4425175 ]]), array([[-2.08844443, -2.2942712 ],
       [-0.90194704, -1.89180564],
       [ 1.77950037, -0.08862198],
       [ 1.92454641, -1.65131259],
       [ 0.41106368, -1.19732321],
       [-1.92903645,  2.15049717]])], [array([-1.15864453, -2.38071392, -1.57600711, -0.45641904, -1.89670059,
       -0.43016492]), array([0.3590756 , 1.45655567])]]]
[150, 8, -1, -1, 1, [[array([[ 2.41656663, -1.26608548, -1.61457356, -1.38664002,  1.96891289,
         0.75814616],
       [-2.28058554, -1.60030639, -0.46556984,  1.66003169,  1.76549914,
        -1.28374119],
       [ 2.1679661 ,  1.76232608,  1.1563647 , -0.40427509,  1.93284259,
        -1.63962861],
       [-0.97440848, -0.31415582,  1.77654896, -0.76847654, -2.20795533,
        -0.14978072],
       [-0.49756227, -0.784687  ,  1.4726855 ,  0.02764404, -2.09791708,
         2.44938504],
       [-0.95104221,  0.89604935,  1.46300862, -1.20594818,  1.95701753,
        -1.39570274]]), array([[-0.95015237,  1.45138052],
       [ 1.78451246, -1.29139094],
       [-1.24863721, -0.2554533 ],
       [-0.05874852,  1.5256011 ],
       [-1.17359998,  1.77567457],
       [ 1.83725499,  0.56661409]])], [array([-1.3676263 ,  1.48510649,  2.01153142,  0.10726477,  1.31687252,
       -0.73320602]), array([ 2.00325157, -1.5552092 ])]]]
[150, 13, -1, -1, 0, [[array([[ 0.50005477, -2.43969591, -2.11324968,  1.07056366,  2.18308224,
         1.05464964],
       [ 1.06288845,  0.05458262, -0.42216766,  1.23103099,  1.50319879,
         1.36420581],
       [ 1.33876344, -1.02948592,  1.30303282,  0.8557586 , -1.49044551,
        -1.12350219],
       [-1.51385921,  0.38060372,  2.29081616,  0.59924734,  1.87386336,
         1.10570977],
       [ 2.36192365,  1.86380238,  2.05647997, -0.24349222, -0.80013018,
        -1.38504782],
       [-1.84941706,  2.28482911, -1.45649816,  1.45226349, -2.13843075,
        -0.43920724]]), array([[ 0.2819901 , -2.13152994],
       [-1.08940741, -1.00505449],
       [-1.43431572,  0.29064955],
       [ 2.27783735,  0.23241438],
       [-1.36668531, -0.99753829],
       [-1.47341814,  1.01709216]])], [array([-0.39045939, -2.00925791, -1.3782816 ,  1.77295834, -1.8064358 ,
        0.87210691]), array([-0.25713574,  1.92678711])]]]
[150, 18, -1, -1, 1, [[array([[-0.81904556,  1.86925797, -0.10500967, -0.69845894, -1.09451934,
        -0.64821142],
       [-1.00705681,  1.34563368,  0.70297877, -1.94408036,  0.2003887 ,
        -0.16367109],
       [-1.47057841,  0.25154503, -2.18762357,  1.57620816, -1.26691275,
         0.00973652],
       [-0.52988864,  1.07369263,  0.40442439,  1.87701958, -0.78732131,
        -0.03345925],
       [-2.0617129 , -2.05285479,  2.09802353,  2.06105416, -1.92678551,
        -2.42994024],
       [ 0.77462411, -0.41696412, -1.83485203,  0.65034308,  1.46194053,
        -1.14660936]]), array([[-2.2664667 ,  0.83042624],
       [ 1.77840249,  1.82362947],
       [ 0.55169064,  2.15505841],
       [ 0.54823359, -0.81471129],
       [-0.27202094,  0.54494603],
       [-0.39635626,  0.20150015]])], [array([-1.64536449, -0.53675934, -2.20355193, -1.2220509 , -0.16175742,
       -2.39835212]), array([ 1.53734524, -0.74912683])]]]
[150, 2, -1, -1, 0, [[array([[-1.29665574, -0.5444256 ,  0.23490033, -1.65769261, -1.44370001,
        -0.71342282],
       [ 2.05616868,  2.36017499,  1.48501186,  0.3187266 , -1.1625003 ,
         0.32522865],
       [ 0.70127112, -2.00083575, -0.50278702, -1.80456656,  0.72286323,
        -2.35012928],
       [-2.368808  ,  2.3110176 ,  1.50352579, -0.80066963,  1.50565204,
         1.45130743],
       [-1.72400472,  0.47834969,  2.36683011, -1.10520139,  1.24622097,
        -1.80215395],
       [ 1.72705328,  0.0701008 , -1.18961734, -0.88658521,  1.31369724,
        -0.72568162]]), array([[-2.28146079, -0.96356578],
       [-1.87750175, -2.08678935],
       [ 1.45377069, -1.43440713],
       [ 1.00344696,  0.98356413],
       [-2.40244096, -0.14787568],
       [ 0.54940971, -0.1958491 ]])], [array([-0.50719355,  0.02783298,  2.38142716,  0.47086564, -0.76055672,
        1.21443391]), array([0.27210072, 1.78101819])]]]
[868408, 1, 'death']
[868608, 24, 'death']
[868758, 14, 'death']
[868908, 9, 'death']
[869058, 4, 'death']
[869208, 15, 'death']
[869358, 3, 'death']
[869508, 7, 'death']
[869658, 22, 'death']
[869808, 6, 'death']
[869958, 0, 'death']
[870108, 10, 'death']
[870258, 21, 'death']
[870408, 5, 'death']
[870608, 11, 'death']
[870758, 12, 'death']
[870908, 20, 'death']
[871058, 16, 'death']
[871208, 19, 'death']
[871358, 17, 'death']
[871508, 23, 'death']
[871708, 8, 'death']
[871858, 13, 'death']
[872008, 18, 'death']
[872158, 2, 'death']
[872258, 14, 'birth', 14, 18, 1, [[array([[-0.66923606,  0.60661137, -0.28079424, -0.82781183,  2.44948974,
         1.06298692],
       [ 0.44478442, -1.87276124, -0.49155764,  0.25936614, -0.63348108,
         1.77277944],
       [-0.50845069,  0.996512  ,  1.75546136,  0.28934718,  0.36134915,
        -1.63851531],
       [ 0.97901117,  0.54666186, -0.58106952,  1.53776583, -1.93335647,
        -2.30599445],
       [-0.53790172,  1.9769558 , -2.07048529, -2.09479548,  1.12939354,
        -1.91425659],
       [ 1.32314569,  1.00014448, -1.3204066 , -1.60430121,  0.27569586,
        -1.77126064]]), array([[ 0.642335  , -0.49178365],
       [ 1.41421356, -1.41421356],
       [-1.05436856,  1.41421356],
       [ 0.54823359, -0.81471129],
       [-0.27202094, -0.0801944 ],
       [-0.39635626,  0.20150015]])], [array([-1.64536449, -0.53675934, -2.20355193, -1.2220509 , -0.16175742,
       -2.39835212]), array([ 1.41421356, -0.74912683])]]]
[872258, 12, 'birth', 21, 17, 0, [[array([[ 2.44948974, -0.26893602, -1.57371966,  2.44948974,  2.44948974,
        -1.85404367],
       [-0.0466337 ,  0.44303861,  1.05185167, -2.44948974, -0.05187374,
         0.9044306 ],
       [ 0.75344096, -1.0960049 ,  0.0555928 ,  2.44948974,  0.17876154,
         1.98352123],
       [-0.30087313,  1.50852722, -1.41789488, -0.42949881,  0.22718873,
         2.44948974],
       [ 1.67252483,  2.1445899 , -1.72740128, -0.08401803,  0.97803961,
         2.32389942],
       [ 0.90098135, -0.18473697, -0.29944757,  0.31541323, -1.55736363,
         0.27800063]]), array([[-0.83817574, -0.01952489],
       [ 0.410208  ,  1.41421356],
       [-1.41421356,  1.41421356],
       [-1.41421356,  1.41421356],
       [-1.26043389, -1.41421356],
       [ 0.20849319, -0.78219772]])], [array([-1.85191234,  1.55380243,  1.90594093,  1.24504277, -2.29648787,
        0.60503527]), array([-0.67467216,  1.41421356])]]]
[872258, 19, 'birth', 22, 17, 1, [[array([[-1.53994843, -1.89627242, -1.66829789,  0.22206213, -2.44948974,
        -2.44948974],
       [-1.62829796,  1.25613443,  2.26594582,  1.35344143, -0.86334838,
         0.9161924 ],
       [ 1.62338737,  2.44948974, -1.35561041, -0.83490523, -2.29488099,
        -1.48129306],
       [ 1.01017724,  0.02979579,  2.44948974, -0.34375411, -2.2331499 ,
         0.49155624],
       [ 0.23762354,  0.04743279, -1.09120836, -0.55396664, -2.05931632,
         2.140687  ],
       [-2.15863037,  1.8267344 ,  0.19173105,  1.76314621, -0.49827874,
        -1.48541668]]), array([[ 1.41421356, -0.6604502 ],
       [-1.00727997, -1.41421356],
       [-0.4711238 ,  1.41421356],
       [-0.47998502,  0.31419811],
       [ 1.41421356, -1.41421356],
       [ 1.41421356,  1.41421356]])], [array([-0.14767596,  0.587104  ,  1.74270267, -2.30400455,  2.42296719,
        0.22836683]), array([-1.41421356,  1.41421356])]]]
[872258, 4, 'birth', 20, 9, 1, [[array([[ 0.68118629, -0.38861302,  1.43597317, -0.61159741,  2.14638688,
         2.44948974],
       [-0.96184856, -0.13618031, -0.25621479,  1.14958277,  1.76730526,
         0.04755408],
       [-2.44948974, -0.16812765,  0.61842487, -1.22341722, -1.50516209,
         0.36717064],
       [-1.37883103, -1.79487647,  1.13473335, -1.12706301, -1.68935612,
         2.44948974],
       [ 0.83552846, -0.64138305, -2.44948974, -1.89892873,  0.16168067,
        -1.72391196],
       [-1.50878169,  2.44948974, -1.12401748, -1.73471072, -2.16457124,
        -1.44551749]]), array([[-0.6907008 ,  0.13984137],
       [-1.41421356, -0.707304  ],
       [ 0.07917112, -1.13503746],
       [ 1.38522814, -1.18372415],
       [-0.79295501, -1.41421356],
       [-1.41421356,  1.41421356]])], [array([ 2.3206566 , -0.92343349, -2.32135346,  2.44948974,  2.39835623,
        0.95200053]), array([-0.22708443,  0.69364507])]]]
[872258, 18, 'birth', 14, 6, 0, [[array([[-6.69236060e-01,  6.06611370e-01, -2.80794241e-01,
         8.90363338e-01,  1.37653311e+00,  1.06298692e+00],
       [ 4.44784424e-01, -1.87276124e+00, -4.91557638e-01,
         2.59366143e-01,  1.72124657e+00,  2.44948974e+00],
       [-5.08450691e-01,  9.96511995e-01,  1.75546136e+00,
        -6.95698868e-01,  3.61349153e-01, -1.63851531e+00],
       [-1.61751224e+00,  5.46661861e-01, -4.97728539e-04,
        -3.61299969e-01,  1.82112869e+00,  1.40640290e+00],
       [ 2.33344572e+00,  6.82857013e-01, -9.88804157e-01,
        -1.63722613e+00,  2.04759488e+00,  6.23899149e-01],
       [ 2.44948974e+00, -1.14792785e+00, -1.80869644e+00,
        -1.10413452e+00,  3.36182551e-01, -1.87945056e+00]]), array([[ 0.2573706 , -1.21813875],
       [-0.41159707, -1.41421356],
       [ 1.05034247,  1.41421356],
       [ 1.07719094,  1.41421356],
       [ 0.58807744, -0.60921343],
       [-1.41421356, -0.6115998 ]])], [array([ 1.44702714,  2.23702577, -2.19533877, -0.58257653,  2.3302668 ,
       -1.32136128]), array([-1.41421356, -1.41421356])]]]
[872258, 8, 'birth', 11, 18, 1, [[array([[-1.02878261, -0.94820917, -2.25347592,  2.01637469, -0.83628017,
         1.29105434],
       [-2.44948974,  0.91526816,  0.82211076,  1.09429916, -0.25697934,
         0.31185891],
       [-0.92829933,  2.10132791, -0.04285951, -2.14020953,  1.57888779,
         1.24927854],
       [ 2.36827844,  0.5061789 , -0.11427638, -2.29972355,  1.51841796,
        -0.19447723],
       [-2.44948974, -1.16307515,  2.09802353,  2.06105416, -2.44948974,
        -2.42994024],
       [ 0.77462411, -0.41696412, -1.83485203,  0.65034308,  1.46194053,
        -1.14660936]]), array([[-1.41421356,  0.83042624],
       [ 1.41421356,  1.41421356],
       [ 0.55169064,  1.41421356],
       [ 0.54823359, -0.81471129],
       [-0.27202094,  0.54494603],
       [-0.39635626,  0.20150015]])], [array([-1.64536449, -0.53675934, -2.20355193, -1.2220509 ,  1.4367792 ,
       -2.39835212]), array([ 1.41421356, -0.74912683])]]]
[872258, 10, 'birth', 14, 15, 0, [[array([[-0.66923606,  0.60661137, -0.28079424, -1.80435299,  1.37653311,
         1.06298692],
       [ 0.44478442, -1.87276124, -0.49155764,  0.25936614, -0.63348108,
         1.77277944],
       [-0.50845069,  0.996512  ,  1.75546136,  0.28934718,  2.44948974,
        -2.44948974],
       [-2.44948974,  0.54666186,  1.18482928,  1.53776583, -1.93335647,
        -2.30599445],
       [-0.53790172,  1.9769558 , -2.07048529, -2.09479548,  1.12939354,
        -2.44948974],
       [-2.36048117,  2.15126578,  0.45240664,  0.52377545, -0.32385559,
        -2.44948974]]), array([[ 1.35480903,  1.25976107],
       [-1.41421356, -1.41421356],
       [-1.41421356, -1.41421356],
       [ 1.20529047,  1.41421356],
       [ 1.11671214, -1.41421356],
       [-1.30457234, -0.32728401]])], [array([ 0.13530092,  2.31215812,  1.79619572, -2.4272012 ,  1.15985685,
        0.83987436]), array([-1.25646314,  1.41421356])]]]
[872258, 21, 'birth', 14, 7, 1, [[array([[-0.66923606,  0.60661137, -0.28079424, -1.80435299,  1.37653311,
         1.06298692],
       [ 0.44478442, -1.87276124,  0.13402308, -0.67623189,  1.7036705 ,
        -0.80132266],
       [-1.90310933, -0.79716312, -2.41132448,  1.6132231 ,  2.39857974,
        -2.02200477],
       [-2.44948974, -2.03453717,  1.97329767, -0.00661756, -0.11171158,
         2.01317597],
       [-2.44948974,  1.6298884 , -0.25530674,  0.08057301,  1.30643967,
        -1.62300275],
       [ 2.44948974,  0.34725395,  0.90619498,  1.74414732, -0.92096079,
         0.28780164]]), array([[-1.21235979, -1.41421356],
       [ 1.41421356, -0.0807347 ],
       [-0.18858092,  1.41421356],
       [-1.41421356,  1.41421356],
       [-1.41421356,  0.23531134],
       [-1.41421356, -0.61863146]])], [array([-0.9228378 , -1.51391297, -1.5182106 ,  1.92611898, -0.98954323,
        0.23574019]), array([-0.00880303, -1.41421356])]]]
[872258, 3, 'birth', 3, 15, 1, [[array([[ 2.08940214, -2.13085535,  1.59753914, -0.20724982,  0.30547092,
         1.29190231],
       [-0.40893574,  2.36472642, -0.57996339, -2.41991723, -1.44060998,
         1.92602513],
       [-0.72845628, -0.57717153,  0.7412358 , -2.44948974, -2.02560896,
        -0.41631495],
       [ 0.80249495, -1.76286032, -0.93382818,  1.00876505, -1.97547714,
        -1.77662007],
       [ 1.63611871, -1.28311962, -0.80870981,  2.4343848 ,  2.02241921,
         0.09041935],
       [ 1.66639625,  1.99566718, -0.11214287,  1.91267318, -0.32385559,
        -1.19053829]]), array([[ 1.35480903, -0.33025149],
       [-1.41421356, -1.41421356],
       [-1.41421356, -1.41421356],
       [ 1.41421356,  1.41421356],
       [ 1.11671214, -1.41421356],
       [-1.30457234,  0.34391291]])], [array([ 0.6186913 ,  2.31215812,  0.49273726, -2.44948974,  1.15985685,
        0.83987436]), array([-1.25646314,  1.41421356])]]]
[872258, 6, 'birth', 21, 9, 0, [[array([[ 0.99070964, -0.26893602,  0.46670426,  2.28782953, -1.30523635,
         1.23720117],
       [-0.0466337 ,  0.44303861,  1.05185167, -2.4108167 , -0.05187374,
         0.29713188],
       [ 0.75344096, -1.05370139,  1.19410871,  1.67612806,  0.17876154,
         1.98352123],
       [-1.96727321,  1.50852722, -1.41789488, -1.19188328,  0.22718873,
         2.02947353],
       [ 1.67252483,  2.1445899 , -1.61329417,  1.7101086 ,  0.81707759,
        -2.29104881],
       [-2.37993767,  2.44948974,  0.19254286,  2.34962374,  2.44948974,
         1.70918322]]), array([[ 1.41421356, -0.69687938],
       [ 1.41421356, -0.31116611],
       [ 1.41421356,  0.74166608],
       [-1.41421356,  0.67341316],
       [-1.41421356,  0.67524266],
       [ 0.14458573,  1.41421356]])], [array([ 0.2055861 ,  1.97227338, -2.20093797,  0.66706504,  2.39835623,
        0.95200053]), array([0.69569684, 0.69364507])]]]
[872258, 7, 'birth', 21, 12, 1, [[array([[ 0.99070964, -0.26893602,  1.56865995,  2.28782953, -1.30523635,
        -1.65769677],
       [-0.0466337 ,  0.44303861,  1.05185167, -2.44948974, -0.05187374,
         0.9044306 ],
       [ 0.75344096, -2.44948974,  1.19410871,  2.44948974,  0.17876154,
         1.98352123],
       [-1.96727321,  2.40888592, -1.41789488, -0.42949881, -1.39392559,
         1.75057923],
       [ 1.67252483,  2.1445899 , -1.72740128,  0.44609009,  0.4509357 ,
         1.15511591],
       [ 0.90098135, -0.18473697, -0.29944757,  0.31541323, -1.55736363,
         0.27800063]]), array([[-0.83817574,  0.82307542],
       [ 0.410208  ,  1.41421356],
       [-1.41421356,  1.41421356],
       [-1.41421356,  1.41421356],
       [-1.26043389,  1.41421356],
       [ 1.41421356,  1.28923852]])], [array([ 0.85156431,  2.33028442,  2.44948974,  0.72491831,  0.02866751,
       -2.34547144]), array([-1.41421356,  1.41421356])]]]
[872258, 1, 'birth', 4, 6, 0, [[array([[ 0.38801568,  2.38772718,  0.1054957 , -1.78664117,  1.83382842,
         0.49706881],
       [-2.44948974, -2.01528531, -2.37456755, -1.98947134,  1.74993641,
         2.28711557],
       [-1.29186342,  1.29755979,  2.42335861,  0.164415  ,  1.71031429,
        -1.08416851],
       [ 2.42502455, -1.80191508,  1.47164897, -1.53683736,  0.41835709,
        -1.95048365],
       [-1.49832487, -2.04510841,  0.41952621, -2.33836409,  1.93450283,
         2.31935549],
       [-0.0584748 ,  2.44948974,  2.30371793, -2.44948974, -1.57907218,
         1.79166978]]), array([[ 0.75784898,  1.41421356],
       [ 0.23086591,  1.41421356],
       [-1.41421356,  1.13995749],
       [-1.41421356,  0.60168203],
       [-1.11827217,  0.03219589],
       [-1.3119643 , -1.41421356]])], [array([ 0.59635153,  2.44948974,  0.22360279,  2.44531518, -0.81202985,
       -1.75527518]), array([-1.41421356, -1.41421356])]]]
[872258, 0, 'birth', 19, 9, 0, [[array([[-1.25685617,  0.38575254, -2.3810643 ,  0.72447389,  0.9725907 ,
         1.41511004],
       [-1.13404402, -2.44948974, -0.42256347, -0.57084521,  1.07136881,
        -2.25220831],
       [ 1.80669431,  0.65005009, -1.81329374,  1.02001984,  1.35131477,
        -0.29020295],
       [-1.17393852,  1.3190901 , -1.70499592,  2.1321406 ,  2.44948974,
        -2.36859029],
       [-1.17041447, -0.89181656,  0.57702449,  1.7101086 ,  0.81707759,
        -2.29104881],
       [-2.11265984, -2.44948974,  0.19254286,  2.34962374, -0.44453115,
         1.70918322]]), array([[ 1.41421356, -0.14960807],
       [ 1.41421356, -0.31116611],
       [ 1.41421356, -1.11692108],
       [-1.41421356,  1.41421356],
       [-1.19545533,  1.41421356],
       [ 1.21488761,  1.41421356]])], [array([ 0.12843667, -1.95220031, -2.20093797,  0.48482527,  2.39835623,
        1.32095529]), array([0.69352904, 0.69364507])]]]
[872258, 22, 'birth', 21, 16, 1, [[array([[ 0.99070964, -0.26893602, -1.57371966,  0.69227631, -1.30523635,
        -2.44948974],
       [-0.0466337 ,  0.44303861, -0.67770019, -2.4108167 , -0.05187374,
         0.9044306 ],
       [ 0.75344096, -1.05370139, -2.44948974,  1.67612806,  0.17876154,
         1.98352123],
       [-1.96727321,  1.50852722, -1.41789488, -0.42949881,  0.22718873,
         2.02947353],
       [ 1.67252483,  2.1445899 , -2.44948974, -0.08401803,  0.4509357 ,
         2.32389942],
       [ 0.90098135, -0.18473697, -0.29944757,  1.68633044, -1.55736363,
         0.35825155]]), array([[ 0.79352662, -0.71672377],
       [ 0.410208  ,  1.41421356],
       [-1.41421356,  1.41421356],
       [-1.41421356,  1.41421356],
       [-1.26043389, -1.41421356],
       [ 0.20849319, -0.78219772]])], [array([-1.85191234,  1.55380243,  1.90594093,  1.24504277, -2.29648787,
        0.28588806]), array([1.41421356, 1.05405686])]]]
[880108, 5, 'birth', 6, 4, 1, [[array([[ 0.99070964, -1.78783448,  0.1480546 ,  2.28782953, -1.30523635,
         1.23720117],
       [-0.0466337 , -0.81586415,  1.05185167, -2.4108167 , -0.05187374,
         0.29713188],
       [ 0.75344096, -1.05370139,  1.19410871,  2.03767447,  2.44948974,
         2.44948974],
       [-1.96727321,  1.50852722, -1.41789488,  1.50220233, -1.68935612,
         2.44948974],
       [ 0.83552846, -0.64138305, -2.44948974, -1.89892873,  0.16168067,
        -1.72391196],
       [-1.50878169,  2.44948974,  1.52659941, -1.73471072, -1.37713007,
        -1.44551749]]), array([[-0.6907008 ,  0.13984137],
       [-1.41421356, -0.707304  ],
       [-0.03628994, -1.41421356],
       [ 1.38522814, -1.18372415],
       [-0.79295501, -1.41421356],
       [-1.41421356,  1.41421356]])], [array([ 2.3206566 , -1.71060089, -2.32135346,  2.44948974,  2.39835623,
        0.95200053]), array([-0.22708443,  0.69364507])]]]
[957309, 15, 'birth', 1, 21, 0, [[array([[ 0.76104002,  2.38772718,  0.1054957 , -1.78664117,  1.83382842,
         0.49706881],
       [-2.44948974, -2.01528531, -2.37456755, -1.98947134,  1.74993641,
         2.28711557],
       [-1.29186342,  1.29755979,  2.42335861,  0.164415  ,  1.71031429,
        -1.08416851],
       [ 1.264533  , -2.44948974,  1.47164897, -1.53683736,  0.41835709,
        -2.22286293],
       [-1.49832487, -2.04510841,  0.41952621, -0.13129943,  1.93450283,
         2.31935549],
       [-0.0584748 ,  2.44948974,  2.30371793, -2.44948974, -1.57907218,
         1.79166978]]), array([[-1.21235979, -1.41421356],
       [ 1.41421356, -0.0807347 ],
       [-0.18858092,  1.41421356],
       [-1.41421356,  1.41421356],
       [-1.41421356,  1.41421356],
       [-1.41421356, -0.61863146]])], [array([-0.9228378 ,  1.08376119, -1.5182106 ,  1.92611898, -0.98954323,
        0.23574019]), array([-0.00880303, -1.41421356])]]]
[1024360, 2, 'birth', 1, 5, 1, [[array([[ 0.38801568,  2.38772718,  0.1054957 , -1.78664117,  1.83382842,
         0.49706881],
       [-2.44948974, -2.01528531, -1.16818542, -2.44556076,  1.74993641,
         2.28711557],
       [-1.29186342,  1.29755979,  2.42335861, -0.85784313,  1.71031429,
        -1.08416851],
       [ 2.42502455,  1.50852722, -1.41789488, -0.61066445, -1.68935612,
        -0.54056855],
       [ 0.83552846, -2.44948974, -2.44948974, -1.89892873,  0.16168067,
        -1.72391196],
       [-1.50878169,  2.44948974,  1.52659941, -1.73471072, -1.37713007,
        -1.44551749]]), array([[-1.41421356, -0.53139678],
       [-1.41421356, -0.707304  ],
       [-0.03628994, -1.41421356],
       [ 1.38522814, -1.18372415],
       [-0.79295501, -1.41421356],
       [-1.41421356,  1.41421356]])], [array([ 2.3206566 , -1.71060089, -2.44948974, -0.66304205,  2.39835623,
        0.95200053]), array([-0.22708443,  0.69364507])]]]
[1064210, 11, 'birth', 15, 22, 0, [[array([[ 0.76104002,  2.38772718,  0.1054957 , -1.78664117,  1.83382842,
        -0.15824172],
       [-2.44948974, -2.01528531, -2.37456755, -1.98947134,  1.74993641,
         2.28711557],
       [-1.29186342,  1.29755979,  2.42335861, -1.39307953,  1.71031429,
        -1.08416851],
       [ 1.264533  , -2.44948974,  1.47164897, -1.19142777,  0.41835709,
        -2.22286293],
       [-0.73739567, -2.04510841,  0.41952621, -0.13129943,  1.93450283,
         2.31935549],
       [ 0.66315467,  2.44948974, -0.29944757,  1.68633044, -0.14170026,
         0.35825155]]), array([[ 0.79352662, -0.71672377],
       [ 0.410208  ,  1.41421356],
       [ 1.41421356,  1.41421356],
       [-1.41421356,  1.41421356],
       [-1.26043389, -1.41421356],
       [ 0.20849319, -0.78219772]])], [array([-1.85191234,  1.55380243,  1.90594093,  1.24504277, -2.29648787,
        0.28588806]), array([1.41421356, 1.05405686])]]]
[1114611, 16, 'birth', 15, 4, 0, [[array([[ 0.76104002,  2.38772718,  0.1054957 , -1.78664117,  1.83382842,
         0.49706881],
       [-2.44948974, -2.01528531, -2.37456755, -1.98947134,  1.74993641,
         2.44948974],
       [-1.29186342,  1.29755979,  2.42335861,  0.164415  ,  1.71031429,
        -1.08416851],
       [-1.64771412, -1.79487647,  1.13473335, -1.12706301,  0.15655847,
         2.44948974],
       [ 0.83552846, -0.64138305, -0.11219498, -1.89892873,  0.16168067,
        -1.72391196],
       [-2.44948974,  2.44948974, -1.12401748, -1.73471072, -2.16457124,
        -1.44551749]]), array([[-0.6907008 ,  1.41421356],
       [-1.41421356, -0.707304  ],
       [ 0.07917112, -0.53607416],
       [ 1.38522814, -1.18372415],
       [-0.79295501, -1.41421356],
       [-1.41421356,  1.41421356]])], [array([ 2.3206566 , -0.92343349, -2.32135346,  2.44948974,  2.39835623,
       -2.24362146]), array([-0.22708443,  0.69364507])]]]
[1123411, 17, 'birth', 1, 8, 0, [[array([[ 1.61578026,  2.38772718,  0.1054957 , -1.78664117,  0.12934644,
         0.49706881],
       [-2.44948974, -2.01528531, -2.37456755, -1.98947134,  1.74993641,
         2.28711557],
       [-1.29186342,  1.29755979,  2.42335861,  0.164415  ,  2.44948974,
        -1.08416851],
       [ 2.42502455,  2.07143744,  1.47164897, -1.53683736,  0.41835709,
        -1.95048365],
       [-1.49832487, -1.16307515,  2.09802353,  2.06105416, -2.44948974,
        -2.44948974],
       [ 0.77462411, -0.41696412, -1.83485203, -1.33903532,  2.44948974,
        -2.44948974]]), array([[-1.41421356,  0.83042624],
       [ 1.41421356,  1.41421356],
       [ 0.55169064,  1.41421356],
       [ 1.41421356, -0.31759355],
       [-0.27202094,  0.54494603],
       [-0.39635626,  0.20150015]])], [array([-1.64536449, -2.44948974, -2.20355193, -1.2220509 ,  1.4367792 ,
       -2.39835212]), array([ 1.41421356, -0.74912683])]]]
[1151961, 20, 'birth', 10, 22, 1, [[array([[-0.66923606,  0.60661137, -2.44948974, -1.80435299,  1.37653311,
        -2.44948974],
       [ 0.44478442, -1.87276124, -0.49155764,  0.25936614, -0.63348108,
         1.77277944],
       [-2.44948974,  0.996512  ,  1.55048114,  0.28934718,  2.44948974,
        -2.44948974],
       [-2.44948974,  0.84194651,  1.18482928,  1.53776583, -1.93335647,
        -2.30599445],
       [-0.53790172,  1.9769558 , -2.07048529, -2.09479548,  1.12939354,
        -2.44948974],
       [-2.36048117,  2.15126578,  0.45240664,  0.52377545, -0.32385559,
        -2.44948974]]), array([[ 1.41421356, -0.76077534],
       [ 0.410208  ,  1.41421356],
       [-1.41421356,  1.41421356],
       [-1.41421356,  1.41421356],
       [-1.26043389, -1.41421356],
       [ 0.20849319, -0.78219772]])], [array([-1.85191234,  1.55380243,  0.05461552,  1.24504277, -2.29648787,
        0.28588806]), array([1.41421356, 1.05405686])]]]
[1151961, 24, 'birth', 6, 7, 0, [[array([[ 1.72328592, -0.26893602,  0.46670426,  2.28782953, -1.30523635,
         1.23720117],
       [-0.0466337 ,  0.44303861,  1.05185167, -2.4108167 , -0.05187374,
         0.29713188],
       [ 0.75344096, -1.05370139,  1.19410871,  1.654166  ,  0.17876154,
         1.98352123],
       [-1.96727321,  0.19534949, -1.41789488, -1.19188328,  0.22718873,
         2.02947353],
       [ 1.67252483,  2.1445899 , -1.61329417,  1.7101086 ,  0.81707759,
        -1.51502602],
       [ 0.90098135, -0.66832556, -0.74405752,  0.31541323, -1.55736363,
         0.27800063]]), array([[-0.83817574,  0.82307542],
       [ 0.410208  ,  1.41421356],
       [-1.41421356,  1.41421356],
       [-1.41421356,  1.41421356],
       [-1.26043389,  1.41421356],
       [ 1.41421356,  1.28923852]])], [array([ 2.44948974,  2.44948974,  2.44948974,  0.72491831,  0.02866751,
       -2.34547144]), array([-1.41421356,  1.41421356])]]]
[1151961, 23, 'birth', 15, 3, 0, [[array([[ 2.08940214, -2.13085535,  1.59753914, -0.20724982,  0.30547092,
         1.29190231],
       [-1.84116054,  2.36472642, -0.57996339, -2.41991723, -1.71209401,
         1.92602513],
       [-2.44948974,  2.44948974,  1.77651132, -2.44948974, -2.02560896,
        -0.41631495],
       [ 0.80249495, -1.76286032, -0.93382818,  1.00876505, -1.37813702,
        -2.44948974],
       [ 1.63611871, -1.28311962,  0.91747877,  2.44948974,  2.02241921,
         0.09041935],
       [ 1.66639625,  1.99566718, -0.11214287,  1.91267318, -0.32385559,
        -1.19053829]]), array([[ 1.35480903, -0.24881964],
       [-1.41421356, -1.41421356],
       [-1.41421356, -1.41421356],
       [ 1.41421356,  1.41421356],
       [ 1.11671214, -1.41421356],
       [-1.41421356,  0.34391291]])], [array([ 0.6186913 ,  2.44948974,  0.49273726, -2.44948974,  1.15985685,
        0.83987436]), array([-1.25646314,  1.41421356])]]]
[1290313, 13, 'birth', 17, 4, 0, [[array([[ 1.61578026,  2.38772718,  0.1054957 , -2.44948974,  0.12934644,
         0.49706881],
       [-2.44948974, -2.01528531, -2.37456755, -1.98947134,  1.74993641,
         2.28711557],
       [-2.44948974, -2.44148336,  0.61842487, -1.22341722, -1.50516209,
         0.36717064],
       [-1.37883103, -1.79487647,  1.13473335, -1.12706301, -1.68935612,
         2.44948974],
       [ 0.64270806, -0.64138305, -2.44948974, -1.89892873,  0.16168067,
        -1.72391196],
       [-2.44948974,  2.44948974, -1.12401748, -1.73471072, -2.44948974,
        -1.44551749]]), array([[-0.6907008 , -0.91732936],
       [-1.41421356, -0.707304  ],
       [ 0.07917112, -1.13503746],
       [ 1.38522814, -1.18372415],
       [-0.79295501, -0.33487418],
       [-1.41421356,  1.41421356]])], [array([ 2.3206566 , -0.92343349, -2.32135346,  2.44948974,  2.39835623,
        0.95200053]), array([-0.22708443,  0.69364507])]]]
[1301513, 9, 'birth', 1, 3, 1, [[array([[ 0.38801568,  2.44948974, -2.44948974, -1.78664117,  1.83382842,
         0.49706881],
       [-2.44948974, -2.01528531, -2.37456755, -1.98947134,  2.44948974,
         2.28711557],
       [-1.77505421,  1.29755979,  2.42335861,  0.164415  , -2.02560896,
        -0.41631495],
       [ 0.80249495, -1.76286032, -0.93382818,  1.00876505, -1.97547714,
        -1.79078652],
       [-0.40729036, -1.28311962, -2.44948974,  2.4343848 ,  2.02241921,
         0.09041935],
       [ 1.66639625,  1.99566718, -0.11214287,  1.91267318,  2.44948974,
        -1.19053829]]), array([[ 0.43202521, -0.33025149],
       [-1.41421356, -1.41421356],
       [-1.41421356, -1.41421356],
       [ 1.41421356,  1.41421356],
       [ 1.11671214, -1.41421356],
       [-1.30457234,  0.34391291]])], [array([0.6186913 , 2.31215812, 0.49273726, 0.22049901, 1.15985685,
       0.83987436]), array([-1.25646314,  1.41421356])]]]
[1593066, 14, 'death']
[1593215, 12, 'death']
[1593416, 19, 'death']
[1593566, 4, 'death']
[1593766, 18, 'death']
[1593916, 8, 'death']
[1594115, 10, 'death']
[1594266, 21, 'death']
[1594465, 3, 'death']
[1594615, 6, 'death']
[1594766, 7, 'death']
[1594916, 1, 'death']
[1595116, 0, 'death']
[1595266, 22, 'death']
[1595965, 8, 'birth', 13, 2, 0, [[array([[ 1.61578026,  2.38772718,  0.1054957 , -2.44948974,  0.12934644,
         2.44948974],
       [-2.44948974, -2.01528531,  1.71985568, -1.98947134,  1.74993641,
         2.28711557],
       [-1.29186342,  2.21560226, -2.44948974, -0.85784313,  1.71031429,
        -1.08416851],
       [ 2.42502455,  0.31852715, -1.41789488, -2.44948974, -1.68935612,
        -0.93965662],
       [ 0.83552846, -2.44948974, -2.44948974, -1.92336878,  0.16168067,
        -1.50012119],
       [-1.50878169,  2.44948974,  1.52659941, -1.73471072, -1.37713007,
        -2.44948974]]), array([[-1.41421356, -0.53139678],
       [-1.41421356, -0.707304  ],
       [-0.03628994, -1.41421356],
       [ 1.38522814,  0.12040323],
       [-0.56003561, -1.41421356],
       [-1.41421356,  1.41421356]])], [array([ 2.3206566 , -1.71060089, -2.44948974, -0.66304205,  2.39835623,
        0.95200053]), array([-0.22708443,  0.69364507])]]]
[1595965, 21, 'birth', 23, 7, 1, [[array([[ 2.08940214, -2.13085535,  1.59753914, -0.20724982,  0.30547092,
         1.29190231],
       [-1.84116054,  2.36472642, -0.68564825, -2.41991723, -1.71209401,
         1.85714746],
       [-2.44948974,  2.44948974,  1.77651132, -2.44948974, -2.02560896,
        -0.41631495],
       [ 2.44948974, -1.76286032, -0.93382818,  1.00876505,  0.59533864,
        -2.44948974],
       [ 0.755318  , -1.28311962,  0.91747877,  2.44948974,  2.02241921,
         0.09041935],
       [ 2.44948974,  1.99566718, -0.11214287,  1.67453741,  0.04635201,
        -1.63174073]]), array([[ 1.35480903, -0.24881964],
       [-1.41421356, -1.41421356],
       [-1.41421356, -1.41421356],
       [ 1.41421356,  1.41421356],
       [ 1.11671214, -1.41421356],
       [-0.10990221,  0.34391291]])], [array([ 0.6186913 ,  2.44948974,  0.49273726, -2.44948974,  1.15985685,
       -2.34547144]), array([-1.41421356,  1.41421356])]]]
[1595965, 6, 'birth', 16, 2, 0, [[array([[ 0.76104002,  2.38772718,  0.1054957 , -2.35671609,  1.83382842,
         0.49706881],
       [-2.44948974, -2.01528531, -2.37456755, -1.98947134,  1.74993641,
         2.44948974],
       [ 2.44948974,  1.29755979,  2.42335861,  0.23972733,  1.71031429,
        -1.08416851],
       [-1.64771412, -1.79487647,  1.13473335, -2.44948974,  0.15655847,
         2.44948974],
       [ 0.83552846, -0.64138305, -0.11219498, -1.89892873,  0.16168067,
        -1.72391196],
       [-2.44948974,  2.07132462, -2.44948974, -2.44948974, -1.37713007,
        -1.44551749]]), array([[-1.41421356, -0.53139678],
       [-1.41421356, -0.707304  ],
       [-0.03628994, -1.41421356],
       [ 1.41421356, -0.75141527],
       [-0.79295501, -1.41421356],
       [-1.41421356,  1.41421356]])], [array([ 2.3206566 , -1.71060089, -2.44948974, -0.66304205,  2.39835623,
        0.95200053]), array([-0.22708443,  0.69364507])]]]
[1595965, 7, 'birth', 0, 19, 1, [[array([[-1.25685617, -2.43327471, -2.44948974,  2.44948974,  0.9725907 ,
         1.41511004],
       [-1.13404402, -2.44948974, -0.42256347,  1.35344143, -0.86334838,
         0.9161924 ],
       [ 1.62338737,  2.44948974, -1.95266846, -0.83490523, -2.29488099,
        -1.48129306],
       [ 1.01017724,  0.02979579,  2.44948974, -0.34375411, -2.2331499 ,
         0.49155624],
       [ 0.23762354,  0.04743279, -1.09120836, -0.55396664, -2.05931632,
         2.140687  ],
       [-2.15863037,  1.8267344 ,  0.19173105,  1.76314621, -0.49827874,
        -1.48541668]]), array([[ 1.41421356, -0.6604502 ],
       [-1.00727997, -0.11031764],
       [-0.4711238 ,  1.41421356],
       [-0.28545741,  0.31419811],
       [ 1.41421356, -1.41421356],
       [ 1.41421356,  1.41421356]])], [array([-0.14767596,  0.587104  , -1.70008788, -2.30400455,  2.42296719,
        0.22836683]), array([-1.41421356,  1.41421356])]]]
[1595965, 12, 'birth', 18, 22, 1, [[array([[-0.66923606,  0.60661137, -0.28079424,  2.44948974,  0.77724159,
         1.06298692],
       [ 0.44478442, -1.87276124, -0.49155764,  0.25936614, -1.37680022,
         2.44948974],
       [-0.50845069,  2.08551645,  1.75546136,  1.83053266,  0.36134915,
        -1.63851531],
       [-1.61751224,  0.54666186, -1.67400964, -0.36129997,  1.82112869,
         1.4064029 ],
       [ 2.33344572,  0.68285701, -0.98880416, -1.63722613,  2.04759488,
         0.62389915],
       [ 2.44948974, -0.18473697, -0.29944757,  1.68633044, -1.6347978 ,
         1.99367718]]), array([[ 0.79352662, -0.71672377],
       [ 0.410208  ,  1.41421356],
       [-1.41421356,  1.41421356],
       [-1.41421356,  1.35944613],
       [-1.26043389, -1.41421356],
       [ 0.14003699, -0.78219772]])], [array([-1.85191234,  1.55380243,  1.90594093,  1.24504277, -2.29648787,
        0.28588806]), array([1.41421356, 1.05405686])]]]
[1595965, 22, 'birth', 6, 3, 1, [[array([[ 0.99070964, -0.48353809,  0.46670426,  2.28782953, -1.30523635,
        -2.44948974],
       [-0.0466337 ,  0.44303861,  1.05185167,  1.78435301,  1.32927141,
         0.29713188],
       [ 0.75344096, -1.05370139,  1.19410871,  1.67612806,  0.17876154,
         0.67347876],
       [-1.96727321,  1.50852722, -1.41789488, -2.44948974,  0.22718873,
         2.02947353],
       [ 1.67252483,  2.1445899 , -1.61329417,  1.7101086 ,  2.44948974,
        -2.29104881],
       [-2.37993767,  2.44948974,  0.19254286,  2.34962374,  2.44948974,
         1.70918322]]), array([[ 0.98251149, -0.69687938],
       [ 1.41421356,  0.54686029],
       [ 1.41421356,  0.74166608],
       [-1.41421356,  0.67341316],
       [ 0.98587968,  0.67524266],
       [ 0.14458573,  0.34391291]])], [array([ 0.6186913 ,  2.44948974,  0.49273726, -2.44948974,  1.15985685,
       -0.75759055]), array([-1.25646314,  1.41421356])]]]
[1595965, 19, 'birth', 0, 14, 0, [[array([[-2.44948974,  0.38575254, -2.3810643 ,  0.72447389,  0.9725907 ,
         1.41511004],
       [-1.13404402, -2.44948974, -0.42256347, -0.57084521,  2.44948974,
        -2.25220831],
       [ 1.80669431, -0.4476728 , -1.81329374,  1.02001984, -1.81263264,
        -0.29020295],
       [-1.17393852,  1.3190901 , -1.70499592,  2.1321406 ,  2.44948974,
        -2.36859029],
       [-2.44948974, -0.89181656,  0.57702449,  1.7101086 ,  0.81707759,
        -2.29104881],
       [-2.11265984, -2.44948974,  0.19254286,  2.34962374, -0.44453115,
         2.44948974]]), array([[ 1.41421356, -0.14960807],
       [ 1.41421356, -0.31116611],
       [ 1.41421356, -1.11692108],
       [-1.41421356,  1.41421356],
       [-0.27202094, -0.0801944 ],
       [ 1.41421356,  0.20150015]])], [array([-1.64536449, -0.53675934, -2.20355193, -1.96703197, -0.16175742,
       -2.39835212]), array([ 1.41421356, -0.74912683])]]]
[1595965, 4, 'birth', 24, 4, 0, [[array([[ 1.72328592, -0.26893602,  0.8997693 ,  1.60034839, -2.44948974,
         1.23720117],
       [-0.0466337 ,  0.44303861,  1.31919629, -2.4108167 , -0.05187374,
         0.29713188],
       [ 0.75344096, -0.16812765,  0.61842487, -1.22341722, -1.50516209,
         0.36717064],
       [-2.44948974, -1.79487647,  1.13473335, -1.12706301, -1.68935612,
         2.44948974],
       [ 0.83552846, -1.03136631, -2.44948974, -1.89892873,  0.16168067,
        -1.72391196],
       [-1.50878169, -2.44948974, -1.12401748, -2.44948974, -2.16457124,
        -1.44551749]]), array([[-0.6907008 , -0.22223009],
       [-1.41421356, -0.707304  ],
       [ 0.07917112, -1.13503746],
       [-0.46340228, -1.18372415],
       [-0.79295501, -1.41421356],
       [-1.41421356,  1.41421356]])], [array([ 2.3206566 , -0.71675314, -2.32135346,  2.44948974,  2.39835623,
        2.44948974]), array([-0.22708443,  0.69364507])]]]
[1595965, 18, 'birth', 24, 9, 1, [[array([[ 1.72328592, -0.26893602,  0.46670426,  2.28782953, -2.44948974,
         1.23720117],
       [ 1.08164444,  0.21440875,  1.05185167, -2.4108167 , -0.05187374,
         0.29713188],
       [ 0.75344096, -1.05370139, -2.28738095,  1.654166  , -0.14633371,
         1.98352123],
       [-1.96727321, -1.70965761, -1.41789488, -1.19188328,  0.22718873,
         2.2464625 ],
       [ 1.67252483,  2.1445899 , -1.61329417,  1.7101086 ,  0.81707759,
        -1.51502602],
       [ 0.90098135, -0.66832556, -0.74405752,  0.31541323, -1.55736363,
         0.27800063]]), array([[-1.1000439 ,  0.82307542],
       [ 0.410208  ,  1.41421356],
       [-1.41421356, -1.41421356],
       [ 1.41421356,  1.41421356],
       [ 1.11671214, -1.41421356],
       [-1.41421356,  0.34391291]])], [array([0.6186913 , 2.31215812, 0.49273726, 2.44948974, 1.15985685,
       0.83987436]), array([-1.25646314,  1.41421356])]]]
[1605066, 5, 'death']
[1606116, 3, 'birth', 8, 21, 0, [[array([[ 0.32648305,  2.38772718, -1.21346456, -2.44948974,  1.40627643,
         2.44948974],
       [-2.44948974, -2.01528531,  2.44948974, -1.98947134,  1.74993641,
         2.28711557],
       [-2.44948974,  2.21560226,  1.61751416, -0.85784313,  1.71031429,
        -1.08416851],
       [ 2.42502455,  0.31852715, -1.41789488, -2.44948974, -1.68935612,
        -0.93965662],
       [ 0.83552846, -2.44948974, -2.44948974, -1.92336878,  0.16168067,
        -1.50012119],
       [-1.50878169,  2.44948974, -0.11214287,  1.67453741,  0.04635201,
        -1.63174073]]), array([[ 1.35480903, -0.24881964],
       [-1.41421356, -1.41421356],
       [-0.00812001, -1.41421356],
       [ 1.41421356,  1.41421356],
       [ 1.11671214, -1.41421356],
       [-0.10990221,  0.34391291]])], [array([ 0.6186913 ,  2.44948974,  0.49273726, -2.44948974,  1.15985685,
       -2.34547144]), array([-1.41421356,  1.41421356])]]]
[1625216, 10, 'birth', 4, 9, 1, [[array([[ 1.72328592, -0.26893602,  0.8997693 ,  1.60034839, -2.44948974,
         1.23720117],
       [-0.0466337 ,  0.44303861,  1.31919629, -2.4108167 , -0.05187374,
         0.29713188],
       [ 0.75344096, -2.44948974,  0.61842487, -1.22341722, -1.50516209,
         0.36717064],
       [-2.44948974, -1.79487647,  1.13473335,  0.16486194, -1.68935612,
         2.44948974],
       [ 0.83552846, -1.03136631, -2.44948974, -1.80805849,  0.16168067,
        -1.72391196],
       [-1.50878169, -2.44948974, -1.12401748, -2.44948974, -2.16457124,
        -1.44551749]]), array([[-0.6907008 , -0.22223009],
       [-1.41421356, -0.707304  ],
       [-1.41421356, -1.41421356],
       [ 1.41421356,  1.41421356],
       [ 1.11671214, -1.41421356],
       [-1.30457234, -1.10521203]])], [array([-2.44948974,  2.31215812,  0.49273726,  2.28022604,  2.44948974,
        0.83987436]), array([-1.25646314,  1.41421356])]]]
[1645216, 0, 'birth', 19, 9, 1, [[array([[-2.44948974,  0.38575254, -2.3810643 ,  0.72447389, -0.23848639,
         1.41511004],
       [-1.13404402, -2.44948974, -0.15819285, -1.15815101,  2.44948974,
        -2.25220831],
       [ 1.80669431, -0.4476728 , -1.81329374,  1.05643058, -2.44948974,
        -0.29020295],
       [-2.44948974,  1.3190901 , -2.44948974,  2.44948974,  2.44948974,
        -2.36859029],
       [-2.44948974, -1.28311962, -2.44948974,  2.4343848 ,  2.02241921,
         2.44948974],
       [ 1.66639625,  1.99566718, -0.11214287,  1.91267318,  2.44948974,
         0.31583315]]), array([[ 0.43202521, -0.33025149],
       [-1.41421356,  0.32158064],
       [-1.41421356, -1.41421356],
       [ 1.41421356,  1.41421356],
       [ 1.11671214, -1.41421356],
       [-1.30457234,  0.34391291]])], [array([ 2.44948974,  2.31215812, -0.84569932, -0.07618473,  1.15985685,
        0.83987436]), array([-0.61642482,  1.41421356])]]]
[1718017, 15, 'death']
[1719367, 15, 'birth', 23, 7, 0, [[array([[ 2.08940214, -2.13085535,  1.59753914, -0.20724982, -1.04067787,
         1.29190231],
       [-1.84116054,  2.36472642, -0.57996339, -1.78581299, -1.71209401,
        -0.94691465],
       [-2.44948974,  2.44948974,  1.16933093, -2.44948974, -2.02560896,
        -0.41631495],
       [ 0.80249495, -1.76286032, -0.93382818,  1.00876505, -2.33193655,
        -2.44948974],
       [ 1.63611871, -1.28311962,  0.03876464,  2.44948974,  2.02241921,
         2.44948974],
       [ 1.66639625,  2.44948974,  2.16188977,  1.72850286, -0.32385559,
        -1.19053829]]), array([[ 1.35450759, -0.24881964],
       [-1.41421356, -1.41421356],
       [-1.41421356, -1.41421356],
       [ 1.41421356,  1.41421356],
       [ 1.41421356, -1.41421356],
       [ 1.41421356,  1.41421356]])], [array([-0.14767596,  0.587104  , -1.88741732, -2.30400455,  2.42296719,
        0.22836683]), array([-0.64933811,  1.41421356])]]]
[1719367, 5, 'birth', 3, 0, 1, [[array([[ 0.32648305, -2.44948974, -1.21346456, -0.82137062, -1.10379591,
         2.13396564],
       [-2.44948974, -2.01528531, -2.44948974, -1.98947134,  1.74993641,
         2.28711557],
       [-2.44948974,  2.21560226,  0.40059832, -0.85784313,  1.71031429,
        -1.08416851],
       [ 2.42502455,  0.31852715, -2.44948974, -2.44948974,  2.44948974,
        -2.36859029],
       [-2.44948974, -2.44948974, -2.44948974,  2.4343848 ,  2.02241921,
         2.44948974],
       [ 2.44948974,  2.44948974, -0.11214287,  1.91267318,  2.44948974,
         0.31583315]]), array([[ 0.43202521, -0.33025149],
       [-1.1702354 ,  1.41421356],
       [-1.11674778, -1.41421356],
       [ 1.41421356,  1.41421356],
       [-1.41421356, -1.41421356],
       [-1.30457234,  0.34391291]])], [array([ 2.44948974,  2.31215812, -0.84569932, -0.07618473,  1.15985685,
        0.83987436]), array([-0.61642482,  1.41421356])]]]
[1818468, 2, 'death']
[1820018, 2, 'birth', 17, 0, 1, [[array([[ 1.55574645,  2.38772718,  0.1054957 , -1.78664117,  0.12934644,
         0.49706881],
       [-2.44948974, -2.01528531, -2.37456755, -1.98947134,  1.74993641,
         2.44948974],
       [-1.29186342,  1.34587513,  2.42335861, -2.44948974,  1.1020323 ,
        -0.29020295],
       [-2.44948974,  1.3190901 , -2.44948974,  2.44948974,  2.44948974,
        -2.44948974],
       [-2.44948974, -1.28311962, -2.44948974,  2.4343848 ,  2.44948974,
         2.44948974],
       [ 1.66639625,  1.99566718, -0.11214287,  1.91267318,  2.44948974,
         0.31583315]]), array([[ 0.22890325, -0.29762292],
       [-1.41421356,  0.32158064],
       [-1.41421356, -1.41421356],
       [ 1.41421356,  1.41421356],
       [ 1.11671214, -1.41421356],
       [-1.30457234,  0.34391291]])], [array([ 2.44948974,  2.31215812, -0.84569932, -0.07618473,  1.15985685,
        0.83987436]), array([-0.61642482,  1.35767908])]]]
[1875568, 11, 'death']
[1908169, 11, 'birth', 4, 0, 0, [[array([[ 1.72328592, -0.26893602,  0.8997693 ,  1.60034839, -2.44948974,
         1.23720117],
       [-0.0466337 ,  0.44303861,  1.31919629, -2.4108167 , -0.05187374,
         0.29713188],
       [-2.36280969, -0.16812765,  0.61842487, -1.22341722, -1.50516209,
         0.36717064],
       [-0.60936607, -1.79487647, -2.44948974, -1.12706301, -1.68935612,
         2.44948974],
       [ 0.83552846, -1.03136631, -2.44948974, -1.89892873,  0.16168067,
         2.44948974],
       [ 1.66639625,  1.99566718, -0.11214287,  1.91267318,  2.44948974,
         0.31583315]]), array([[ 0.43202521, -0.33025149],
       [-1.41421356,  0.32158064],
       [-1.41421356, -1.41421356],
       [ 1.41421356,  1.41421356],
       [ 1.11671214, -1.41421356],
       [-1.30457234,  0.34391291]])], [array([ 2.44948974,  2.31215812, -0.84569932, -0.07618473,  1.15985685,
        0.83987436]), array([-0.61642482,  1.41421356])]]]
[1930319, 14, 'birth', 6, 0, 0, [[array([[ 2.44948974,  2.38772718,  0.1054957 , -2.35671609,  1.83382842,
         0.28232998],
       [-2.44948974, -2.01528531, -2.37456755, -1.58340791,  1.74993641,
         2.44948974],
       [ 0.77750921, -0.35453046,  2.42335861,  0.23972733,  1.71031429,
        -1.08416851],
       [ 1.23801766,  1.3190901 , -2.44948974,  2.44948974,  2.44948974,
         2.44948974],
       [-2.44948974, -1.28311962, -2.44948974,  2.4343848 ,  2.02241921,
         2.44948974],
       [ 1.66639625,  1.99566718, -0.11214287,  1.91267318,  2.44948974,
         0.31583315]]), array([[ 0.43202521, -0.33025149],
       [-1.41421356,  0.32158064],
       [-1.41421356, -1.41421356],
       [ 1.41421356,  1.41421356],
       [ 1.11671214, -1.41421356],
       [-1.30457234,  0.34391291]])], [array([ 2.44948974,  2.31215812, -0.84569932,  1.65188345,  1.15985685,
        0.83987436]), array([-0.61642482,  1.41421356])]]]
[1940269, 16, 'death']
[1941519, 1, 'birth', 15, 0, 0, [[array([[ 2.08940214, -2.13085535,  1.59753914, -0.20724982, -1.04067787,
         1.29190231],
       [-1.84116054,  2.36472642, -0.57996339, -1.78581299, -1.71209401,
        -0.94691465],
       [-2.44948974,  2.44948974,  1.16933093, -2.44948974, -2.44948974,
        -1.61223155],
       [ 0.80249495, -0.68588175, -0.93382818,  1.85053908, -2.33193655,
        -2.44948974],
       [ 1.63611871, -1.28311962,  0.03876464,  2.44948974,  2.02241921,
         2.44948974],
       [-0.98926014,  2.44948974,  2.16188977,  2.44948974, -0.32385559,
        -1.19053829]]), array([[ 0.51090229, -0.24881964],
       [-1.41421356, -1.41421356],
       [-0.11911285, -1.41421356],
       [ 1.41421356,  1.41421356],
       [ 1.41421356,  1.08719197],
       [-1.30457234,  0.34391291]])], [array([ 2.44948974,  2.31215812,  0.07561402, -0.07618473,  1.15985685,
        0.83987436]), array([0.80078645, 1.41421356])]]]
[1951369, 17, 'death']
[1963269, 16, 'birth', 24, 0, 1, [[array([[ 1.72328592, -0.26893602,  0.46670426,  2.28782953, -1.30523635,
         1.23720117],
       [-0.0466337 ,  0.44303861,  1.05185167, -2.44948974, -1.20483574,
        -0.17033304],
       [ 0.75344096, -1.05370139,  1.19410871,  1.654166  , -2.44948974,
        -0.29020295],
       [-0.89242533,  1.83847097, -2.44948974,  2.44948974,  2.44948974,
        -2.36859029],
       [-2.44948974, -1.28311962, -2.44948974,  2.4343848 ,  2.02241921,
         2.44948974],
       [-2.44948974,  1.99566718, -0.11214287,  1.91267318,  2.44948974,
         0.09169398]]), array([[ 0.43202521, -0.33025149],
       [ 1.08319841,  0.32158064],
       [-1.13253077, -1.41421356],
       [ 0.68553653,  1.41421356],
       [ 1.11671214, -1.41421356],
       [-1.30457234,  0.34391291]])], [array([ 2.44948974,  2.31215812, -0.84569932, -0.07618473,  1.15985685,
        0.83987436]), array([-0.61642482,  1.41421356])]]]
[1984969, 20, 'death']
[1985169, 24, 'death']
[1985369, 23, 'death']
[2027420, 17, 'birth', 6, 5, 1, [[array([[ 2.44948974,  2.38772718,  0.1054957 , -0.35107899,  1.83382842,
        -2.44948974],
       [-2.44948974, -2.01528531, -2.37456755, -1.98947134,  1.74993641,
         2.44948974],
       [ 2.44948974, -1.46003091,  2.42335861,  0.23972733,  1.71031429,
        -1.08416851],
       [-1.64771412, -2.44948974,  1.13473335, -2.44948974,  0.15655847,
         0.63637438],
       [ 0.83552846, -0.64138305, -0.11219498, -1.89892873,  0.16168067,
        -1.72391196],
       [-2.44948974, -0.01461681, -2.44948974, -2.44948974, -1.37713007,
        -1.44551749]]), array([[-1.41421356, -0.53139678],
       [-1.41421356, -0.707304  ],
       [-1.11674778, -1.41421356],
       [ 1.41421356,  0.54442668],
       [-1.41421356, -1.41421356],
       [-0.44492131,  0.34391291]])], [array([ 2.44948974,  2.44948974, -0.84569932, -0.07618473,  1.15985685,
        0.83987436]), array([-0.61642482,  1.41421356])]]]
[2037870, 24, 'birth', 6, 17, 0, [[array([[ 0.76104002,  2.44948974,  0.1054957 ,  0.94380277,  1.83382842,
         0.49706881],
       [-2.44948974, -2.44948974, -2.37456755, -1.98947134,  1.74993641,
         2.44948974],
       [ 2.44948974, -1.46003091,  2.42335861,  0.23972733,  1.71031429,
        -1.08416851],
       [-2.44948974, -2.44948974,  1.13473335, -2.44948974,  0.15655847,
         0.63637438],
       [ 0.83552846, -0.64138305, -0.11219498, -1.72013182,  0.16168067,
        -1.76312421],
       [-2.44948974, -0.01461681, -2.44948974, -2.44948974, -1.37713007,
        -0.50780378]]), array([[-1.41421356, -0.53139678],
       [-1.41421356, -0.707304  ],
       [-1.11674778, -1.41421356],
       [ 1.41421356,  0.54442668],
       [-1.41421356, -1.41421356],
       [-0.44492131,  1.41421356]])], [array([ 2.44948974,  2.44948974, -1.67338116, -0.07618473,  1.15985685,
        2.44948974]), array([-0.61642482,  1.41421356])]]]
[2037870, 23, 'birth', 15, 17, 1, [[array([[ 2.44948974, -2.13085535, -1.80811407, -0.20724982, -1.04067787,
         1.29190231],
       [-1.84116054,  2.36472642, -0.57996339, -1.78581299, -1.71209401,
        -0.94691465],
       [-2.44948974,  2.44948974,  1.16933093, -2.44948974, -2.02560896,
        -0.41631495],
       [ 0.80249495, -2.44948974,  1.13473335,  0.34959119, -1.65853769,
         0.63637438],
       [-0.90078126, -0.64138305, -0.11219498, -1.89892873,  0.16168067,
        -1.72391196],
       [-2.44948974, -0.01461681, -2.44948974, -2.44948974, -1.37713007,
        -1.44551749]]), array([[-1.41421356, -0.53139678],
       [-1.41421356, -0.707304  ],
       [-1.11674778, -1.41421356],
       [ 0.25744119, -1.41421356],
       [-1.41421356, -1.41421356],
       [-0.90730813,  0.34391291]])], [array([ 2.44948974,  2.44948974, -0.84569932, -0.07618473,  1.15985685,
        0.83987436]), array([-0.61642482,  1.41421356])]]]
[2049070, 20, 'birth', 4, 23, 1, [[array([[ 1.72328592, -0.26893602,  0.8997693 ,  1.60034839, -2.44948974,
        -2.44948974],
       [-0.0466337 ,  0.08045323,  1.31919629, -2.4108167 , -0.05187374,
         0.29713188],
       [ 0.75344096, -0.16812765,  0.61842487, -1.22341722, -1.50516209,
         2.10708641],
       [-2.44948974, -1.79487647,  1.13473335, -1.12706301, -1.65853769,
         0.63637438],
       [-0.90078126, -0.64138305, -0.11219498, -1.89892873,  1.14652245,
        -1.72391196],
       [ 0.21372447, -0.01461681, -0.15379353, -2.44948974, -1.37713007,
        -1.44551749]]), array([[-1.41421356, -0.53139678],
       [-1.41421356, -0.707304  ],
       [-0.60817849,  1.24140022],
       [ 0.25744119, -1.41421356],
       [-1.41421356, -1.41421356],
       [-0.33335182,  0.34391291]])], [array([ 2.44948974,  2.44948974, -0.84569932,  0.40545628,  1.15985685,
        0.83987436]), array([0.0449505 , 1.41421356])]]]
[2128821, 13, 'death']
[2130221, 13, 'birth', 15, 7, 1, [[array([[-2.44948974, -2.43327471, -2.44948974,  2.44948974, -0.52430889,
         1.41511004],
       [-1.13404402, -1.41580431, -0.42256347,  1.35344143, -0.86334838,
         0.9161924 ],
       [ 1.62338737,  2.44948974, -1.95266846, -0.83490523, -2.29488099,
        -1.48129306],
       [ 2.44948974,  0.02979579,  2.44948974, -0.34375411, -2.2331499 ,
         0.49155624],
       [ 0.23762354,  0.04743279, -1.09120836, -0.55396664, -2.05931632,
         2.44948974],
       [-2.44948974,  1.8267344 ,  0.19173105,  1.76314621, -0.49827874,
        -1.48541668]]), array([[ 1.41421356, -0.6604502 ],
       [-0.63061662,  0.18701048],
       [-0.4711238 ,  1.41421356],
       [-0.28545741,  0.85585398],
       [ 1.41421356, -1.41421356],
       [ 1.41421356,  1.41421356]])], [array([-1.4053896 ,  0.587104  , -1.70008788, -2.30400455,  2.42296719,
        0.22836683]), array([-1.41421356,  0.98362801])]]]
[2140571, 9, 'death']
[2141871, 9, 'birth', 1, 16, 0, [[array([[ 2.08940214, -1.91328305,  2.44948974, -0.20724982, -1.04067787,
         1.29190231],
       [-1.84116054,  2.36472642, -0.57996339, -1.78581299, -1.20483574,
        -0.17033304],
       [ 0.75344096, -1.05370139,  2.44948974,  1.654166  , -2.44948974,
        -1.68476046],
       [-0.89242533,  1.83847097, -2.44948974,  2.44948974,  2.08412275,
        -2.44948974],
       [-2.44948974, -1.28311962, -2.44948974,  2.4343848 ,  2.02241921,
         2.44948974],
       [-2.44948974, -1.28713859, -0.11214287,  1.91267318,  2.44948974,
        -2.44948974]]), array([[ 1.17757453, -0.33025149],
       [ 1.41421356,  0.32158064],
       [-1.13253077, -1.41421356],
       [ 0.68553653,  1.41421356],
       [ 1.11671214, -1.41421356],
       [-1.30457234,  0.44565879]])], [array([ 2.44948974,  2.31215812, -0.84569932, -0.07618473,  1.15985685,
        0.83987436]), array([-0.61642482,  1.41421356])]]]
[2431574, 8, 'death']
[2431724, 21, 'death']
[2431874, 6, 'death']
[2432024, 7, 'death']
[2432174, 12, 'death']
[2432324, 22, 'death']
[2432474, 19, 'death']
[2432624, 4, 'death']
[2432774, 18, 'death']
[2433674, 8, 'birth', 6, 7, 1, [[array([[ 0.76104002,  2.38772718,  0.36639442,  0.90617868,  1.83382842,
         0.49706881],
       [-2.44948974,  1.92501354, -2.37456755, -1.98947134,  1.74993641,
         2.44948974],
       [ 2.44948974,  1.29755979,  2.42335861,  0.23972733,  1.71031429,
        -1.08416851],
       [-1.64771412, -1.79487647,  1.13473335, -2.44948974,  0.15655847,
         2.44948974],
       [ 0.83552846, -0.64138305, -0.11219498, -1.89892873,  0.16168067,
        -2.0446047 ],
       [-2.44948974,  1.8267344 ,  0.19173105,  1.76314621, -0.49827874,
        -1.48541668]]), array([[ 1.41421356, -0.6604502 ],
       [-1.00727997, -0.11031764],
       [-0.4711238 ,  1.41421356],
       [-0.28545741,  0.31419811],
       [ 1.41421356, -1.41421356],
       [ 1.41421356,  1.41421356]])], [array([-0.14767596,  0.587104  , -1.90723502, -2.44948974,  2.42296719,
        0.22836683]), array([-0.0875047 ,  1.41421356])]]]
[2433674, 21, 'birth', 4, 7, 0, [[array([[ 1.72328592, -0.26893602,  0.8997693 ,  1.60034839, -2.44948974,
         1.41511004],
       [-1.13404402, -2.44948974,  0.99787116,  2.44948974, -0.86334838,
         0.9161924 ],
       [ 1.62338737,  2.44948974, -1.95266846, -0.83490523, -2.29488099,
         1.70281045],
       [ 1.01017724,  0.02979579,  2.44948974, -0.34375411, -2.44948974,
         0.49155624],
       [ 0.23762354,  0.04743279, -1.09120836, -0.55396664, -2.44948974,
         2.140687  ],
       [-2.15863037,  1.8267344 ,  0.26896552,  1.76314621, -0.49827874,
        -1.48541668]]), array([[ 1.41421356, -0.6604502 ],
       [-1.41421356, -0.11031764],
       [-0.4711238 ,  1.41421356],
       [-0.28545741,  0.31419811],
       [ 1.41421356, -1.41421356],
       [ 1.41421356,  1.41421356]])], [array([-0.37054892,  0.587104  , -1.70008788, -2.30400455,  1.12991656,
        0.22836683]), array([-1.41421356,  1.41421356])]]]
[2433674, 6, 'birth', 19, 7, 0, [[array([[-2.44948974,  0.67756824, -2.3810643 ,  0.72447389,  0.9725907 ,
         1.41511004],
       [-1.13404402, -2.44948974, -0.42256347, -0.57084521,  2.44948974,
        -0.42280887],
       [ 1.80669431, -0.4476728 , -1.81329374,  1.02001984, -1.81263264,
        -0.29020295],
       [-1.17393852,  1.3190901 , -1.70499592,  2.1321406 ,  0.69292934,
        -2.36859029],
       [-2.44948974, -0.89181656, -2.44948974, -1.16754124,  0.68250859,
        -2.29104881],
       [-2.11265984, -2.44948974,  0.19254286,  2.34962374, -0.44453115,
         2.44948974]]), array([[ 1.41421356, -0.14960807],
       [ 1.41421356, -0.31116611],
       [ 1.41421356, -1.11692108],
       [-1.41421356,  1.41421356],
       [-0.27202094,  0.44379164],
       [ 1.41421356,  0.20150015]])], [array([-1.64536449,  1.76185393, -1.70008788, -2.30400455,  2.44948974,
        0.22836683]), array([-1.41421356,  1.41421356])]]]
[2433674, 18, 'birth', 4, 17, 1, [[array([[ 1.72328592, -0.26893602,  0.8997693 ,  1.60034839, -2.44948974,
         1.23720117],
       [-1.60831102,  0.44303861,  1.31919629, -0.30951558,  1.50319   ,
         0.29713188],
       [ 0.75344096, -0.16812765,  0.61842487, -1.22341722, -1.50516209,
         0.36717064],
       [-2.44948974, -1.79487647,  1.13473335, -2.44948974,  0.15655847,
        -1.835556  ],
       [ 0.83552846, -0.64138305, -0.11219498, -2.44948974,  0.16168067,
        -0.41588432],
       [-2.44948974, -2.44948974, -2.44948974, -2.44948974, -1.37713007,
         0.57317953]]), array([[-1.41421356, -0.53139678],
       [-1.41421356, -1.41421356],
       [-1.11674778, -1.41421356],
       [ 1.41421356,  0.54442668],
       [-1.41421356, -1.41421356],
       [-0.44492131,  1.41421356]])], [array([ 2.44948974,  2.44948974, -0.84569932, -0.07618473, -2.44948974,
        0.83987436]), array([-0.61642482,  1.41421356])]]]
[2433674, 4, 'birth', 19, 21, 1, [[array([[-2.44948974,  0.38575254, -2.44948974,  0.72447389,  0.9725907 ,
         1.41511004],
       [-1.13404402, -0.47650258, -0.42256347,  1.27227624, -0.84795201,
        -2.25220831],
       [ 1.80669431, -0.4476728 , -1.81329374,  1.02001984, -0.94183569,
        -0.29020295],
       [-1.17393852,  0.22469567, -1.70499592,  2.1321406 ,  2.44948974,
        -0.42050226],
       [-2.44948974, -1.23240119,  2.27412068,  1.7101086 ,  0.81707759,
        -2.29104881],
       [-2.11265984, -2.44948974,  1.82780544,  2.34962374, -2.44948974,
        -1.63174073]]), array([[ 1.35480903, -0.24881964],
       [-1.41421356, -1.41421356],
       [-1.41421356, -1.41421356],
       [ 1.41421356,  0.0729434 ],
       [ 1.11671214, -1.41421356],
       [-0.10990221,  1.15255957]])], [array([ 0.6186913 ,  2.44948974,  0.49273726, -2.44948974,  1.15985685,
       -2.34547144]), array([-1.41421356,  1.41421356])]]]
[2433674, 7, 'birth', 4, 21, 0, [[array([[ 1.72328592, -0.26893602,  0.8997693 ,  1.60034839, -2.44948974,
         2.44948974],
       [-1.84116054,  2.36472642, -0.68564825, -2.41991723, -1.71209401,
         1.85714746],
       [-2.44948974,  2.44948974,  1.77651132, -2.44948974, -2.02560896,
        -0.41631495],
       [ 2.44948974, -1.76286032, -0.93382818,  1.00876505,  0.59533864,
        -2.44948974],
       [ 0.755318  , -1.28311962,  0.91747877,  2.44948974,  2.02241921,
        -0.56839323],
       [ 2.44948974, -0.25715638, -0.11214287,  1.67453741,  0.04635201,
        -1.63174073]]), array([[ 1.35093155, -0.24881964],
       [-1.41421356, -1.41421356],
       [-1.41421356, -1.41421356],
       [ 1.41421356,  1.41421356],
       [ 1.11671214, -1.41421356],
       [ 0.18617296,  0.34391291]])], [array([ 0.6186913 ,  2.44948974,  0.49273726, -2.44948974,  1.15985685,
        0.79547414]), array([-1.41421356, -0.72327474])]]]
[2433674, 12, 'birth', 19, 23, 1, [[array([[-2.44948974,  0.38575254, -2.3810643 ,  0.72447389,  1.84877091,
         1.41511004],
       [-1.13404402, -2.44948974, -0.42256347,  1.22348109,  2.44948974,
        -2.25220831],
       [ 1.80669431, -0.4476728 , -1.81329374,  1.02001984, -1.81263264,
        -0.29020295],
       [ 0.80249495, -2.44948974,  2.44948974,  0.34959119, -1.65853769,
         0.63637438],
       [-0.90078126,  1.11800627,  2.44948974, -1.89892873,  0.16168067,
        -1.72391196],
       [-2.44948974, -0.01461681, -2.44948974, -2.44948974, -1.37713007,
        -1.95473999]]), array([[-1.41421356, -0.53139678],
       [-1.41421356, -0.707304  ],
       [ 0.82771082, -1.41421356],
       [ 0.25744119, -1.41421356],
       [-1.41421356, -1.41421356],
       [ 0.40811328,  0.34391291]])], [array([ 2.44948974,  2.44948974, -0.84569932, -0.07618473,  1.15985685,
        0.83987436]), array([-0.61642482,  1.41421356])]]]
[2433674, 22, 'birth', 6, 21, 1, [[array([[ 0.76104002,  2.38772718,  0.1054957 , -2.44948974, -0.62108353,
         1.29190231],
       [-1.84116054,  2.36472642, -0.68564825, -2.41991723, -1.71209401,
         1.85714746],
       [-2.44948974,  2.44948974,  1.77651132, -2.44948974, -2.02560896,
        -0.62273393],
       [ 1.92820822, -1.76286032, -0.93382818,  1.00876505,  0.59533864,
        -2.44948974],
       [ 0.755318  , -1.28311962,  0.78692696,  2.44948974,  2.02241921,
         0.09041935],
       [ 2.44948974,  1.99566718, -0.75061086,  2.44948974,  0.04635201,
        -1.63174073]]), array([[ 1.35480903, -0.24881964],
       [-1.41421356, -1.41421356],
       [-1.41421356, -0.93551139],
       [ 1.41421356,  1.23155344],
       [ 1.11671214, -1.41421356],
       [-0.10990221,  0.34391291]])], [array([-0.26688488,  2.44948974,  0.49273726, -2.44948974,  1.15985685,
       -2.34547144]), array([-1.41421356,  1.41421356])]]]
[2444174, 3, 'death']
[2465674, 10, 'death']
[2486275, 0, 'death']
[2554975, 15, 'death']
[2555175, 5, 'death']
[2617676, 0, 'birth', 14, 4, 1, [[array([[ 2.44948974,  2.38772718,  1.46791421, -2.35671609,  1.83382842,
         0.28232998],
       [-2.44948974,  0.65242923, -2.44948974, -1.58340791,  1.74993641,
        -2.44948974],
       [ 0.77750921, -0.35453046,  2.44948974,  2.44948974,  0.28945917,
        -1.08416851],
       [ 1.23801766,  1.3190901 , -2.44948974,  2.44948974,  2.44948974,
         2.44948974],
       [-2.44948974,  1.02448366, -2.44948974,  2.4343848 ,  2.02241921,
        -1.03486595],
       [ 1.66639625,  1.99566718, -0.11214287,  0.36476489,  2.44948974,
         0.31583315]]), array([[ 0.43202521, -0.33025149],
       [-1.41421356,  0.32158064],
       [-1.41421356, -1.41421356],
       [ 1.09160686,  1.41421356],
       [ 0.88957134, -1.41421356],
       [-1.30457234,  0.34391291]])], [array([ 2.44948974, -0.55556565, -0.84569932,  1.65188345,  1.15985685,
        0.83987436]), array([-1.41421356,  1.41421356])]]]
[2635176, 2, 'death']
[2705627, 11, 'death']
[2722477, 14, 'death']
[2730477, 1, 'death']
[2731427, 14, 'birth', 24, 18, 0, [[array([[ 0.76104002,  2.44948974,  0.1054957 , -2.44948974,  1.83382842,
         0.49706881],
       [-2.44948974, -2.44948974, -2.37456755, -2.44948974,  1.74993641,
         2.44948974],
       [ 1.63124263, -1.46003091,  2.44948974,  0.23972733,  1.71031429,
        -2.44948974],
       [-2.44948974, -2.44948974,  1.13473335, -2.44948974,  0.15655847,
         0.63637438],
       [ 0.83552846, -0.64138305, -0.11219498, -1.72013182,  0.16168067,
        -1.76312421],
       [-2.44948974, -0.01461681, -2.44948974, -2.44948974, -1.37713007,
        -0.50780378]]), array([[-1.41421356, -0.53139678],
       [-1.41421356, -0.707304  ],
       [-1.11674778, -1.41421356],
       [ 1.41421356,  0.54442668],
       [-0.59971883, -1.41421356],
       [-1.41421356,  1.41421356]])], [array([ 2.44948974,  2.44948974, -0.84569932, -0.07618473, -2.44948974,
        0.83987436]), array([-0.61642482,  1.41421356])]]]
[2731427, 11, 'birth', 24, 22, 0, [[array([[ 0.76104002,  2.44948974, -2.04688906,  0.12932447,  1.83382842,
         0.49706881],
       [-2.44948974,  2.36472642, -0.68564825, -2.41991723, -1.71209401,
         1.85714746],
       [-2.44948974,  2.44948974,  1.77651132, -0.33634646, -2.44948974,
        -0.62273393],
       [ 1.92820822, -1.76286032, -0.93382818,  1.00876505,  0.59533864,
        -2.44948974],
       [ 0.755318  , -1.28311962,  0.78692696,  2.44948974,  2.02241921,
         1.64739837],
       [ 2.44948974,  1.99566718, -0.75061086,  2.44948974,  0.04635201,
        -0.46467272]]), array([[ 1.35480903, -0.24881964],
       [-1.41421356, -1.41421356],
       [-1.41421356,  1.1282126 ],
       [ 1.41421356,  1.23155344],
       [ 1.11671214, -1.41421356],
       [-1.41421356,  0.34391291]])], [array([ 1.62060311,  2.44948974,  0.49273726, -2.44948974,  1.15985685,
       -2.34547144]), array([-1.41421356,  1.41421356])]]]
[2739827, 19, 'birth', 14, 4, 1, [[array([[ 0.76104002,  2.44948974,  0.91513706, -2.44948974,  1.20532556,
         0.49706881],
       [-2.44948974, -2.44948974, -2.37456755, -2.44948974,  1.74993641,
         2.44948974],
       [ 1.63124263, -1.46003091,  2.44948974,  0.23972733,  1.71031429,
        -2.44948974],
       [ 0.68434081, -2.44948974,  1.13473335, -2.44948974, -1.04917293,
        -0.42050226],
       [-2.44948974, -1.23240119,  2.27412068,  1.7101086 ,  0.81707759,
        -2.29104881],
       [-2.44948974, -2.44948974,  1.82780544,  2.34962374, -2.44948974,
        -1.63174073]]), array([[ 1.35480903, -0.24881964],
       [-1.41421356, -1.41421356],
       [-1.41421356, -1.41421356],
       [ 1.41421356,  0.0729434 ],
       [ 1.41421356, -1.41421356],
       [ 0.56424021,  1.15255957]])], [array([ 0.6186913 ,  0.53710924,  0.49273726, -2.44948974,  1.15985685,
       -0.91638557]), array([-1.41421356,  1.41421356])]]]
[2747677, 16, 'death']
[2748677, 16, 'birth', 14, 23, 1, [[array([[ 0.76104002,  2.44948974,  0.1054957 , -2.44948974,  1.83382842,
         2.44948974],
       [-2.44948974, -2.44948974, -2.37456755, -2.44948974,  0.50415963,
         1.60818766],
       [-1.57319414,  2.44948974,  1.16933093, -2.44948974, -2.02560896,
        -0.99060337],
       [ 0.80249495, -2.03599495,  1.13473335,  0.34959119, -1.65853769,
         0.63637438],
       [-0.90078126, -0.83203293, -0.11219498, -1.89892873,  1.38873022,
         2.44948974],
       [-2.44948974, -0.01461681, -2.44948974, -2.44948974, -1.37713007,
        -1.44551749]]), array([[-1.41421356, -0.53139678],
       [-1.41421356, -0.707304  ],
       [-1.11674778, -1.41421356],
       [ 0.25744119, -1.41421356],
       [-1.41421356, -1.41421356],
       [-0.90730813,  0.34391291]])], [array([ 2.44948974,  2.44948974, -0.84569932, -0.07618473,  1.15985685,
        0.83987436]), array([-1.41421356,  1.41421356])]]]
[2800378, 17, 'death']
[2808928, 24, 'death']
[2809078, 23, 'death']
[2816828, 20, 'death']
[2866528, 13, 'death']
[2873128, 9, 'death']
[2891879, 5, 'birth', 11, 4, 1, [[array([[ 0.76104002,  2.44948974, -2.04688906,  0.12932447,  1.83382842,
         0.49706881],
       [-2.44948974, -0.07261564, -0.68564825, -2.41991723, -1.71209401,
        -0.51159937],
       [-2.44948974,  2.44948974,  1.77651132, -0.33634646, -2.44948974,
        -0.62273393],
       [ 1.92820822, -1.76286032, -0.61372181,  1.00876505,  0.59533864,
        -2.44948974],
       [ 0.16157711,  1.8184521 ,  2.27412068,  1.7101086 ,  0.81707759,
        -2.29104881],
       [-2.11265984, -2.44948974,  1.40002911,  2.34962374, -2.44948974,
        -1.63174073]]), array([[ 1.35480903, -0.24881964],
       [-1.41421356, -1.41421356],
       [-1.41421356, -1.41421356],
       [ 1.41421356,  0.0729434 ],
       [ 0.32204881, -1.41421356],
       [-0.10990221,  1.41421356]])], [array([ 0.6186913 ,  2.44948974, -2.44948974, -2.44948974,  1.15985685,
       -2.44948974]), array([-1.41421356,  1.41421356])]]]
[2963829, 20, 'birth', 7, 5, 0, [[array([[ 1.72328592, -0.26893602, -1.0192557 , -2.026354  , -2.44948974,
         2.44948974],
       [-1.84116054,  2.36472642, -0.68564825, -2.44948974, -1.71209401,
         1.85714746],
       [-2.44948974,  2.44948974,  1.77651132, -2.44948974, -2.44948974,
        -0.41631495],
       [ 2.44948974, -1.76286032, -0.93382818,  1.59129434,  0.59533864,
        -2.44948974],
       [ 0.755318  , -1.28311962,  0.91747877,  2.44948974,  2.02241921,
        -0.56839323],
       [ 2.44948974, -0.25715638, -0.11214287,  1.67453741,  0.04635201,
        -1.63174073]]), array([[ 1.35093155, -0.24881964],
       [-1.41421356, -1.41421356],
       [-1.41421356, -1.41421356],
       [ 1.41421356,  1.41421356],
       [ 1.11671214, -1.41421356],
       [-0.10990221,  1.41421356]])], [array([ 0.6186913 ,  2.44948974, -2.44948974, -2.44948974,  1.15985685,
       -2.44948974]), array([-1.41421356,  1.41421356])]]]
[3019780, 9, 'birth', 21, 4, 1, [[array([[ 1.72328592, -0.26893602,  0.8997693 , -1.71189454,  0.9725907 ,
         1.41511004],
       [-1.13404402, -0.47650258, -0.42256347,  1.27227624,  2.22737988,
        -2.25220831],
       [ 1.80669431,  2.44948974, -1.81329374,  1.02001984, -0.94183569,
        -0.29020295],
       [-1.17393852,  0.22469567, -1.70499592,  2.1321406 ,  2.44948974,
        -0.42050226],
       [-2.44948974, -1.23240119,  2.27412068,  1.7101086 ,  0.81707759,
        -2.29104881],
       [-2.11265984, -2.44948974,  1.82780544,  2.34962374, -2.44948974,
        -1.63174073]]), array([[ 0.24003203, -0.24881964],
       [-1.41421356, -1.41421356],
       [-1.41421356, -1.41421356],
       [ 1.41421356, -1.27617305],
       [ 1.11671214, -1.41421356],
       [-0.10990221,  1.15255957]])], [array([ 0.6186913 ,  2.44948974,  0.49273726, -2.44948974,  2.44948974,
       -2.34547144]), array([-1.41421356,  1.41421356])]]]
[3041330, 8, 'death']
[3041480, 21, 'death']
[3041630, 6, 'death']
[3041780, 18, 'death']
[3041930, 4, 'death']
[3042080, 7, 'death']
[3042230, 12, 'death']
[3042380, 22, 'death']
[3057880, 7, 'birth', 11, 19, 1, [[array([[ 0.76104002,  2.44948974, -2.04688906,  0.12932447,  1.83382842,
         0.49706881],
       [-2.44948974,  2.36472642, -0.68564825, -2.41991723, -1.71209401,
         2.44948974],
       [-2.44948974,  2.44948974,  1.77651132, -0.33634646, -2.44948974,
        -0.62273393],
       [ 1.92820822, -1.76286032, -0.93382818,  1.00876505,  0.59533864,
        -2.44948974],
       [ 0.755318  , -1.28311962,  0.78692696,  2.44948974,  2.02241921,
         1.64739837],
       [ 2.44948974,  1.99566718, -0.75061086,  2.44948974,  2.33253735,
        -0.46467272]]), array([[-0.40886797, -0.24881964],
       [-1.41421356, -1.41421356],
       [-1.41421356,  1.1282126 ],
       [ 1.41421356,  0.0729434 ],
       [ 1.41421356, -1.41421356],
       [ 0.56424021,  1.15255957]])], [array([ 0.6186913 ,  0.53710924,  0.49273726, -2.44948974,  1.15985685,
       -0.91638557]), array([-1.41421356,  0.58681837])]]]
[3062130, 13, 'birth', 11, 5, 0, [[array([[ 0.76104002,  2.44948974, -2.04688906,  0.12932447,  1.83382842,
         1.49625289],
       [-2.44948974,  2.36472642, -0.68564825, -2.41991723, -1.71209401,
        -0.51159937],
       [-2.44948974, -2.44948974,  1.77651132, -0.33634646, -2.44948974,
        -0.62273393],
       [ 1.92820822, -1.76286032, -0.61372181,  1.00876505,  2.44948974,
        -2.44948974],
       [ 1.12089934,  1.8184521 ,  2.27412068,  1.7101086 ,  0.81707759,
        -2.29104881],
       [-2.11265984, -2.44948974,  1.40002911,  2.34962374, -2.44948974,
         1.27767909]]), array([[ 1.35480903, -0.24881964],
       [-1.41421356, -1.41421356],
       [-1.41421356, -1.41421356],
       [ 1.41421356,  0.0729434 ],
       [ 1.11026529, -1.41421356],
       [-0.10990221,  1.41421356]])], [array([ 0.6186913 ,  2.44948974, -2.44948974, -2.44948974,  1.15985685,
       -2.44948974]), array([-1.41421356,  1.41421356])]]]
[3108981, 1, 'birth', 20, 19, 1, [[array([[ 1.72328592, -0.26893602, -1.0192557 , -2.026354  , -2.44948974,
        -1.15466185],
       [-1.84116054,  2.36472642, -0.68564825, -2.44948974, -0.24383271,
         1.85714746],
       [-2.44948974,  2.44948974,  2.44948974, -2.44948974, -2.44948974,
        -0.32731871],
       [ 2.44948974, -1.76286032, -2.44948974, -0.97903866,  0.59533864,
        -2.44948974],
       [ 0.755318  , -0.90736721,  0.91747877,  1.64551791,  2.02241921,
        -0.56839323],
       [ 2.44948974, -1.46996393,  1.82780544,  2.34962374, -2.44948974,
        -1.63174073]]), array([[ 1.35480903, -0.24881964],
       [-1.41421356, -1.41421356],
       [-1.41421356, -1.41421356],
       [ 1.41421356,  0.0729434 ],
       [ 1.41421356, -1.41421356],
       [ 0.56424021,  1.15255957]])], [array([ 0.6186913 ,  0.53710924,  0.49273726, -2.32324578,  1.15985685,
       -0.91638557]), array([-1.04445233,  1.41421356])]]]
[3128981, 0, 'death']
[3171881, 12, 'birth', 11, 7, 1, [[array([[ 0.76104002,  1.58194681, -1.53828916,  0.16670922,  1.83382842,
         0.49706881],
       [-2.44948974,  2.36472642, -0.68564825, -2.41991723, -1.71209401,
         2.24149791],
       [-2.44948974,  2.44948974,  2.44948974, -0.33634646, -2.44948974,
        -1.5726581 ],
       [ 1.92820822, -2.256835  , -0.93382818,  1.00876505,  0.7323234 ,
        -2.44948974],
       [ 0.755318  , -1.28311962,  0.78692696,  2.44948974, -0.90472164,
         1.64739837],
       [ 2.44948974,  1.99566718, -0.75061086,  2.44948974,  2.33253735,
        -0.46467272]]), array([[-0.40886797, -0.98647634],
       [-1.41421356, -1.41421356],
       [-1.41421356,  1.1282126 ],
       [ 0.62485997,  0.0729434 ],
       [ 1.41421356, -1.41421356],
       [ 0.56424021,  1.41421356]])], [array([ 0.6186913 ,  0.53710924,  0.49273726, -2.44948974,  1.15985685,
       -0.91638557]), array([-1.41421356,  0.58681837])]]]
[3191832, 14, 'death']
[3191982, 11, 'death']
[3196332, 19, 'death']
[3200382, 16, 'death']
[3263782, 5, 'death']
[3295333, 20, 'death']
[3314833, 9, 'death']
[3328683, 7, 'death']
[3330383, 13, 'death']
[3341033, 1, 'death']
[3341233, 12, 'death']
[3341233, 'Extinction!']
