[time, indiv, parent1, parent2, gender, brain]
[200, 18, -1, -1, 0, [[array([[ 2.27047932, -1.47030756, -1.60626105,  0.56890344,  1.92556661,
        -1.37382226],
       [ 1.03695189, -0.12104557, -1.35502366,  0.9332717 , -0.16653049,
         0.36985814],
       [ 1.69705551,  2.4387428 ,  0.86336396,  1.73936899, -0.37693844,
        -1.25448025],
       [-0.0967209 ,  2.17745099,  0.1864468 , -1.19539493, -1.22314885,
         1.21863941],
       [-1.61495641,  1.26389827, -1.94590501, -2.3078039 , -2.32228453,
         2.08838639],
       [-1.94578391, -2.38864326, -0.87393058, -0.46473838,  2.3387984 ,
         0.60783527]]), array([[-1.16838052, -1.99255034],
       [-1.35062519, -0.46965294],
       [ 1.62500719, -2.21271257],
       [ 0.61519871, -1.23119665],
       [ 1.74111925, -0.37754134],
       [-0.34733583, -2.42057445]])], [array([-2.22873753,  0.34821432,  2.13703987, -2.13092955,  1.44168399,
        0.17172108]), array([-0.60456777, -2.05767429])]]]
[200, 22, -1, -1, 1, [[array([[-0.29959838, -2.21589693,  1.51141656,  1.37491528, -1.74397985,
         0.90861675],
       [ 1.03296561,  0.60600477, -2.12725858, -1.99109581,  1.27368625,
        -0.26269125],
       [ 2.36347245, -1.49054035,  1.39035123, -0.64023819,  0.68240656,
        -1.03302849],
       [ 0.44264886, -2.02311932, -1.50054712,  1.83714908,  1.0853053 ,
         0.24843552],
       [ 1.68144618, -0.63186025, -0.11909021, -1.94708306,  0.8078454 ,
        -1.95613201],
       [ 0.07980784,  0.28409662, -1.01777752, -0.43013602, -2.01147334,
         2.07333428]]), array([[ 0.87396906,  0.55875213],
       [ 2.13207613,  2.02425766],
       [ 0.1568177 ,  0.01325314],
       [-2.22928447, -0.91525597],
       [-0.86868415,  0.10987997],
       [ 1.44274885,  2.10783367]])], [array([-0.42874439, -1.20293618, -0.84774606,  0.00536739,  0.43022662,
        1.69698653]), array([0.57686685, 0.43904538])]]]
[200, 21, -1, -1, 0, [[array([[ 2.37509335, -1.45610922, -1.74442683, -1.03606246, -1.39945468,
         0.4533911 ],
       [ 0.75076744,  2.04930449,  1.70920371,  1.1359696 ,  2.06017066,
         0.11923731],
       [-0.20217219,  1.81917663,  0.13259879, -0.1696999 , -0.27485478,
        -1.26296023],
       [ 2.09145852,  1.18191044,  1.26211934,  2.32084562,  1.68330046,
         0.24834946],
       [-0.22583131, -1.43509519,  0.21178008, -2.23815483, -1.69032067,
         1.02409719],
       [-0.37276068,  1.31570254,  0.73430161,  1.90826459, -2.26346846,
        -1.20717415]]), array([[ 1.63706882, -1.92904745],
       [ 1.72101395,  2.16681586],
       [ 1.29507367,  0.48898866],
       [ 1.04009567, -0.14720651],
       [ 0.35625204,  0.8457803 ],
       [ 2.15976239, -0.634777  ]])], [array([ 1.38198118,  1.11033475,  0.74940658,  0.53558873, -0.05159236,
        0.67973793]), array([-1.57652021, -0.42781685])]]]
[200, 17, -1, -1, 1, [[array([[ 2.41131441,  1.49570082,  0.91005973,  2.29404618,  0.3763316 ,
        -0.72867512],
       [ 1.26208767,  1.55143539, -1.34417556, -0.14917559, -2.32150171,
         1.46893601],
       [ 1.62041759,  2.06693219,  2.38281043,  1.5892256 ,  0.93653972,
         0.2431695 ],
       [ 1.22218137,  1.18017188, -0.06136027,  1.10593131, -2.35682377,
         1.30851989],
       [ 0.86812461, -1.87052599, -2.31139411,  0.58203911,  1.12667245,
        -1.17178405],
       [-0.30490001, -2.26359434, -0.99280461, -0.22204165,  2.21812692,
         0.96021188]]), array([[-1.33047747, -1.16273619],
       [-0.80506914, -1.29945251],
       [ 2.03220639, -1.46855112],
       [ 1.0304806 , -0.95559061],
       [-0.21752109,  0.91346322],
       [-1.44197948,  0.57355269]])], [array([-2.08020137,  1.29119882,  1.19282455, -1.87375818,  1.29692115,
        2.04933637]), array([-1.80189136,  2.32269434])]]]
[200, 3, -1, -1, 0, [[array([[-0.87537142,  0.53203033, -0.65991055,  1.89823626,  2.32864526,
         0.97935389],
       [-2.22047277,  0.21975782, -1.76025063,  1.87498008, -0.91288664,
        -0.2592887 ],
       [-0.03090555, -0.58656333, -1.8339254 ,  0.66257174, -2.37504549,
        -2.21415482],
       [-0.90837016,  0.05898186,  0.88247875,  0.4511191 ,  0.64814557,
         1.45387557],
       [ 0.61111387, -2.16801509, -1.83736794,  0.65411301, -1.69326803,
        -1.1857654 ],
       [ 2.09011372, -0.28134459, -2.33355717, -1.48137012, -1.05748116,
        -2.27730002]]), array([[ 1.93536622, -0.63398017],
       [ 1.88980247,  1.2643141 ],
       [ 0.4227443 , -1.16060435],
       [ 0.0532383 ,  1.93028427],
       [-0.98562356, -0.15013351],
       [-1.94380103, -1.37479857]])], [array([-1.05440315,  0.95715117, -1.58810589, -0.80324382, -0.60466731,
        2.4290542 ]), array([2.08533233, 1.92739677])]]]
[200, 1, -1, -1, 1, [[array([[-2.27892163e+00,  7.25509640e-01, -1.81739939e+00,
        -1.17420357e-01, -4.38716855e-01, -6.83567106e-01],
       [-2.41498620e+00, -1.47044209e+00,  1.06041695e+00,
        -2.19461515e-01,  3.85151635e-01, -9.34823345e-01],
       [ 1.71383815e+00, -6.14374720e-02, -7.38054365e-01,
         2.18899737e+00,  8.85871583e-01,  2.00583772e+00],
       [-8.55448010e-01, -2.35699682e-03, -7.57322477e-01,
         2.03770269e+00,  2.52136312e-01,  2.07486451e+00],
       [ 1.44420848e+00, -1.64640829e+00, -2.19668591e+00,
         1.70844308e+00,  1.96163166e+00,  1.63808648e+00],
       [-1.09795212e+00, -2.44201699e+00, -2.39601808e+00,
        -1.20060783e+00, -1.76219016e+00,  2.24638214e+00]]), array([[-0.6938021 , -1.02662795],
       [-0.44306267,  0.79335646],
       [ 1.66298627,  1.78489271],
       [ 1.50394327, -1.38361976],
       [-0.21718187,  1.78343365],
       [ 0.59904515,  1.37195092]])], [array([ 0.56719235, -0.94550368,  1.62532275, -1.55605837,  1.24353483,
        1.25013095]), array([-1.20749584,  1.18240287])]]]
[200, 14, -1, -1, 0, [[array([[-1.53269532, -0.0937249 , -2.00562459,  0.25461676, -0.66190281,
         2.32389401],
       [-2.37235756,  2.07122254, -1.85867922,  0.1658646 ,  0.76807951,
         0.04938775],
       [-0.83321547,  0.93228862, -1.0667149 ,  0.19862668,  2.07495997,
        -1.70634614],
       [-1.51230471, -0.41885216,  0.25214034, -1.13587048,  0.55777779,
         1.04587179],
       [-0.70139491, -0.9804959 , -2.08986258, -1.84777356, -1.50120224,
         0.93556816],
       [-2.15412735,  1.8976863 ,  2.3186312 ,  2.24687804,  0.78097715,
         1.11290084]]), array([[ 1.6697669 ,  2.32743385],
       [ 1.92092593,  1.40348472],
       [-0.64991935,  1.14184678],
       [-0.30441349,  1.64431471],
       [ 0.02350899, -0.08631709],
       [ 1.10690331, -0.62494935]])], [array([-1.13799328,  1.94685629, -0.68913501,  0.22671275,  0.74977193,
       -1.12554489]), array([-0.91279397, -2.07382644])]]]
[200, 23, -1, -1, 1, [[array([[-1.34859246,  0.76114978,  2.29549458, -0.54123627,  2.1669622 ,
         2.38902084],
       [-0.50652166, -1.54392157,  2.15705403, -2.342811  , -2.4002971 ,
         1.70291321],
       [ 1.89458161,  2.38340538, -1.81077582, -1.763519  ,  2.38558877,
        -2.39338224],
       [-2.13730843,  1.91191404, -2.32895661, -0.53656225, -0.40361131,
         1.58595802],
       [-0.45755253,  0.10240745, -1.69625761, -0.54932774,  0.0123877 ,
        -0.71006283],
       [ 0.78216605, -1.18127886, -1.66601333, -1.47371759, -2.3806949 ,
        -1.90181289]]), array([[ 0.36328748, -1.19832364],
       [-2.04800289,  0.56178936],
       [ 1.59887821,  0.72060762],
       [-1.96990457, -0.54966589],
       [ 0.24576414, -0.63774608],
       [ 1.77532206, -2.1412606 ]])], [array([ 2.28929977, -0.14507757,  2.22107413, -1.73059331,  0.56590569,
        0.03294298]), array([ 0.17161631, -0.69948061])]]]
[200, 6, -1, -1, 0, [[array([[-1.28859355,  2.01666069,  0.25843235, -1.24072999, -1.14715784,
        -1.09764638],
       [-0.16432536,  0.4014648 ,  0.40630353,  1.38894707, -2.03072917,
         1.57461078],
       [-0.05787089, -1.48916556,  1.31844426,  1.84425034,  1.52047492,
         1.23231751],
       [ 0.88763968, -1.41394842,  0.00875248, -2.13360591, -1.64450304,
         0.01422851],
       [ 0.64638292,  2.22636515,  0.21918703, -1.53228901, -0.56155369,
        -1.21353703],
       [-1.15669874, -1.02113453, -0.36483096, -1.32726313,  2.13181366,
         1.49710472]]), array([[ 1.37456354, -0.61098834],
       [-1.94489332,  0.59004526],
       [-2.26872601,  0.0672867 ],
       [ 1.8353895 , -2.22817967],
       [ 1.85043589, -2.03346192],
       [-2.37256277, -0.0507438 ]])], [array([ 0.40168902, -2.40510823, -1.45200813,  2.06929624, -1.95330205,
        2.06605863]), array([-0.15503508,  2.02301851])]]]
[200, 13, -1, -1, 1, [[array([[-0.26609865, -1.57286152,  1.07273534,  0.0141798 ,  2.39468447,
        -2.21274279],
       [ 0.90353202, -2.43479286,  1.63551707, -0.27263175,  1.08106788,
        -1.71744548],
       [-0.46273875, -1.08817681, -1.31156223, -2.35825898, -0.66212858,
        -0.01376791],
       [ 0.75443846,  2.01060965,  0.58338952,  1.44240127, -0.6199605 ,
         2.27009084],
       [ 2.17842276, -1.61331891,  0.27653895,  0.64377513, -1.81922092,
         0.7522991 ],
       [-0.45844066,  1.35991268,  1.21238554,  1.72738295,  1.77414728,
         0.34223598]]), array([[ 1.98028302, -0.16721027],
       [-1.6563602 ,  0.37923822],
       [ 0.11391221,  2.19079022],
       [-1.62373136,  2.16002638],
       [ 0.34855612, -0.44846737],
       [ 0.36550613, -0.18472072]])], [array([ 0.93227647,  1.90348587, -0.65974273, -0.40496622, -1.34652397,
        2.41404746]), array([-1.83991099, -2.426598  ])]]]
[200, 2, -1, -1, 0, [[array([[-2.3695259 , -1.87553467, -1.41127665, -1.63904775, -0.42746495,
         0.50660872],
       [-1.55509517, -0.0803297 , -0.05034155,  1.39103936,  2.27501374,
        -0.19611322],
       [ 2.29563448,  0.39904917, -0.34651636,  1.01400029,  0.04039841,
         1.74356401],
       [ 0.75382501,  0.41484682, -2.05717068,  1.4377534 ,  2.13071641,
         1.15708684],
       [ 2.04917418,  1.90979401,  0.70134195,  1.560362  , -1.00158847,
        -1.4344431 ],
       [ 0.96431968,  1.25428947, -1.04591197, -1.53404234,  0.09393313,
        -0.18295148]]), array([[-0.20463114,  1.1931216 ],
       [-0.20554203,  0.29296655],
       [-1.80171847, -1.81029792],
       [-0.97871363, -0.20780316],
       [ 2.2929931 , -1.56342359],
       [ 1.22697103,  2.23374028]])], [array([ 1.71721492,  2.08592766,  0.4471986 ,  1.23760144, -2.31238002,
       -0.34002335]), array([0.97379194, 2.38305244])]]]
[200, 10, -1, -1, 1, [[array([[ 0.86559315, -1.39753759, -1.90060411,  1.25433943, -1.38279926,
         0.93770475],
       [ 2.21359364, -2.2615901 , -2.32605391,  1.70829153, -0.56588437,
        -1.79128563],
       [ 1.27367169,  0.50226638,  2.21391113,  1.17297395,  0.29560903,
         0.28264375],
       [-2.42609971,  2.23158515, -1.04964994, -1.97667744, -2.32716578,
        -1.30986691],
       [-0.31181831, -1.90898169, -0.41096658, -1.87887751, -0.75967551,
        -1.4812133 ],
       [ 2.11992959,  1.68975183, -1.07140549,  1.19830522, -0.77201034,
         1.14340791]]), array([[-1.0318206 ,  1.4185177 ],
       [-2.00929274,  2.261903  ],
       [ 0.29512163, -2.20802753],
       [-0.57159995, -1.322979  ],
       [ 0.05813938, -1.89696307],
       [-2.10307883,  0.59002489]])], [array([-2.06971969,  0.24534749,  1.67066545, -0.02429207,  0.18843728,
       -1.06024608]), array([-1.30791576, -0.70834969])]]]
[200, 5, -1, -1, 0, [[array([[ 1.76847326,  0.39198346,  0.646714  ,  1.78478506,  1.40516109,
         1.72212829],
       [-1.36563192,  1.74621885, -0.73499159,  2.155554  , -1.93496738,
        -1.14703306],
       [ 0.67914546,  2.18832403, -0.66024782, -0.17621033,  1.47081217,
         0.74027504],
       [ 2.19430729,  2.19049907,  0.5222255 , -1.29538115,  2.14484289,
         1.45319809],
       [-0.45798064, -0.32645709,  0.90223479,  1.10380832,  1.8155084 ,
        -0.47627073],
       [-0.28105025, -0.84138358, -0.70262365, -0.23688099, -0.42761132,
        -1.8219354 ]]), array([[-2.24067301,  1.17955023],
       [-0.07722906, -2.1737688 ],
       [-0.28851524,  2.24216083],
       [-1.70674532, -0.70780636],
       [-0.49428297,  0.5878053 ],
       [-1.98247162,  1.86281749]])], [array([ 2.18811977,  0.04140287, -1.41525885,  2.31166986, -1.69362242,
       -0.6621564 ]), array([-0.26681628, -1.9353483 ])]]]
[200, 4, -1, -1, 1, [[array([[ 0.05064551, -0.35704941,  1.1957299 ,  0.95338965,  1.83338979,
        -1.7153589 ],
       [-1.89911602,  0.65334946,  1.9612338 , -0.77359825,  1.04823378,
        -0.14647493],
       [ 0.77953631, -0.34103425, -1.12748677, -1.88910445,  1.21102817,
        -1.68059194],
       [ 1.74605483,  1.36115196,  1.78511339, -0.96752454, -0.69776244,
        -1.24347382],
       [ 0.23317729, -0.71646698, -1.1084796 ,  0.18919582, -1.62106241,
         0.1906673 ],
       [ 2.02290429,  1.93935749,  2.01424347, -0.30800024, -0.58687783,
         0.74046924]]), array([[-2.05430194,  0.4131593 ],
       [-0.31373184,  2.0540453 ],
       [-1.61171984,  1.00799581],
       [ 2.22701241, -1.06852734],
       [ 1.65269292, -0.93205935],
       [-1.61050806, -0.32425481]])], [array([-1.71952119,  0.61204711,  1.93877648, -1.50035358,  0.25543076,
       -1.07330881]), array([ 0.97459779, -1.23595844])]]]
[200, 12, -1, -1, 0, [[array([[ 2.27491351, -1.04240626,  0.67595954, -1.95671433,  0.8450949 ,
         0.5434958 ],
       [ 1.33630754, -0.10072182,  1.55250409,  1.60200598, -0.08446682,
         0.51112006],
       [-0.08898348,  0.13719384, -0.70808077, -2.38371155, -1.06506009,
        -0.66623746],
       [ 2.11558633,  0.61453127, -1.02784239, -2.25015976,  0.78859606,
         2.34711144],
       [ 2.01937943, -1.87191278,  2.36190425,  1.38746666,  0.87109972,
        -0.91030237],
       [-0.61553221, -1.27099319,  2.28719575,  2.3248001 ,  1.69055961,
        -1.64323777]]), array([[ 1.13760423, -2.00017975],
       [ 2.13445415,  0.79325868],
       [ 2.15167801,  0.52386574],
       [ 1.83817699,  1.09514672],
       [ 2.35360774,  0.92888919],
       [-0.69744116, -2.42777989]])], [array([-1.61819917, -2.41267454,  0.76245053,  1.95429906,  1.89225553,
        0.65382775]), array([2.15399755, 0.49895496])]]]
[200, 8, -1, -1, 1, [[array([[ 1.14497047,  0.16541477,  0.3869216 ,  2.21081238,  1.827452  ,
         2.04037796],
       [ 0.63593906, -1.25983567, -0.60701905,  0.226688  , -0.39905258,
        -1.50828027],
       [-0.44525964, -1.74548622, -1.65807038,  0.03511774,  0.43002744,
        -0.96820737],
       [-0.28405203,  2.00040627, -2.24921458, -0.35482835,  0.36210738,
         1.39963213],
       [-0.7423035 ,  0.70860294,  0.60062855,  1.16040613, -1.28303311,
        -0.40759457],
       [-1.42490836, -0.65902675,  0.56563285, -1.27482181,  0.56421493,
         1.10168166]]), array([[ 0.46053651, -1.25078615],
       [-1.60027726,  1.49404664],
       [ 1.35943013,  1.47282837],
       [ 1.71529364,  0.90616237],
       [ 0.67572291,  2.1338411 ],
       [ 2.43212632, -2.25669008]])], [array([-1.06739637, -2.35649313, -0.03074937,  2.41660523,  1.80656676,
        2.16038118]), array([ 1.65028235, -0.25008237])]]]
[200, 9, -1, -1, 0, [[array([[-1.97276647, -2.03310895,  0.44123388, -1.09494655, -1.70533819,
        -1.47609088],
       [ 1.48244375, -2.00220649, -0.62411813,  0.79344294,  2.33826516,
         0.45614616],
       [ 0.83719654,  2.08871936,  1.59915787,  0.14385813, -0.82224414,
        -2.10909666],
       [ 0.86567563,  0.74245139, -0.00613194, -1.5789194 , -1.77627462,
         1.98609769],
       [ 2.44699576, -2.0966234 , -1.5491101 , -1.99961843, -0.34169079,
        -1.13435311],
       [ 2.15133732,  0.8647453 , -0.59492171, -1.79647244,  0.66110489,
         2.35334884]]), array([[-1.12239788,  1.35325001],
       [ 0.23579262, -1.67656944],
       [-0.1405421 ,  1.87985371],
       [ 1.66788963, -2.30582683],
       [ 1.26121826, -1.58457439],
       [-1.21405046, -1.42960044]])], [array([-1.57950497, -1.89120418,  0.27902455,  0.41939107, -1.89311932,
        1.08825704]), array([-1.52426426,  0.1264286 ])]]]
[200, 16, -1, -1, 1, [[array([[ 2.42635597,  1.59373272,  0.97577297, -1.19567015, -2.31443126,
        -0.60924617],
       [ 2.31498028, -2.05628868, -2.09027947,  1.5975558 ,  1.46121846,
         1.22101442],
       [-0.9502709 ,  2.23979516,  0.78701428,  1.95672964, -2.1787267 ,
         1.77384608],
       [ 0.67120454, -2.2293025 , -0.04793235,  1.03639523, -1.28770638,
         2.17218953],
       [-2.26704182,  1.19008238, -1.75011761, -0.16533476,  1.80157224,
        -2.2388993 ],
       [-1.69835286, -2.07957208,  0.38812927, -2.04437933, -0.90036618,
        -0.02976855]]), array([[ 0.10554951, -0.23062104],
       [ 1.84712462,  1.81363722],
       [-0.34978289,  0.30002193],
       [ 2.06939679,  1.38570117],
       [-0.95876866,  1.47006496],
       [-1.9828429 , -0.95181497]])], [array([-0.72721536,  2.07499308, -2.07659285, -1.95747773,  1.99564014,
       -0.53620601]), array([-0.78307245,  1.80042341])]]]
[200, 20, -1, -1, 0, [[array([[-2.34218017,  1.39841197,  1.1938889 ,  1.0658599 ,  0.91718107,
         1.91126762],
       [-2.32801526,  0.67252255,  0.38836526,  2.32671581, -1.07727906,
         2.24506144],
       [ 0.06481323, -0.54656675, -0.11715374, -0.10251449,  1.90003022,
        -0.16864819],
       [ 1.95204649,  0.36968351, -0.15170155,  2.27798427,  0.03381583,
         2.30835594],
       [ 0.80219302, -1.3886309 ,  0.00550111, -1.31027634, -1.49725502,
        -1.45664402],
       [-1.95594012, -1.58688346,  1.14533132, -0.83805316,  0.34365531,
         1.34035697]]), array([[-1.807758  , -1.34856326],
       [-0.92062485,  2.19728674],
       [ 1.17182128, -1.24383094],
       [-0.77422849,  0.70773574],
       [ 2.26759866,  1.34783412],
       [-2.03747482, -0.68484393]])], [array([-0.81372647, -0.84559271,  0.68634948,  0.17903501,  1.2780035 ,
       -0.00892759]), array([-0.71519716, -1.01320365])]]]
[200, 7, -1, -1, 1, [[array([[ 1.6216704 ,  1.08640251, -1.6694714 , -1.94482383,  1.66375897,
        -1.49035489],
       [-0.42183913,  1.7804631 , -0.6231658 ,  0.1261472 , -1.72433324,
         0.62071254],
       [ 0.83878059, -0.83853438, -0.41490401, -2.23761995, -1.97109725,
         0.91911499],
       [-1.7369882 ,  1.15932486,  2.33920149,  0.45215897, -1.93328268,
        -0.60901453],
       [-2.0228386 , -2.25231639, -2.3334905 ,  1.41326288,  0.44320664,
         1.3820851 ],
       [ 2.41144858, -1.33193046, -1.6145271 , -0.84666356,  1.83741126,
        -2.1378864 ]]), array([[-2.31097983,  1.72424543],
       [ 1.4781764 , -0.70775851],
       [ 0.5516863 , -2.18432063],
       [-2.10211854, -0.91958109],
       [-0.0589692 , -1.29057291],
       [ 2.09689637,  1.99430034]])], [array([ 2.10113571,  0.90884766,  1.71700255,  2.00092261, -0.25632383,
        0.46670223]), array([0.3971828 , 1.13479381])]]]
[200, 19, -1, -1, 0, [[array([[-1.76212448, -0.15117758, -1.38849378,  2.11796761,  0.18663691,
         0.64055534],
       [-0.65939373, -1.73926279, -2.21117504,  1.52252638, -1.2675096 ,
        -1.69585927],
       [ 1.482567  , -0.92517394,  2.23124935, -2.09692775, -0.64679384,
         0.88978645],
       [ 1.61852866, -0.17769996,  0.28886826,  0.34385356, -0.83419619,
         2.35661534],
       [-1.02757501, -1.13007698, -2.21471277, -2.1776883 ,  0.81579052,
        -0.31475506],
       [-0.74536403,  2.13319426,  1.96949655, -1.59834932, -2.40247304,
        -1.89185772]]), array([[ 2.19614743,  1.0764535 ],
       [-0.80565819, -0.19571763],
       [ 0.16348775,  1.19506786],
       [-1.32714139,  1.58444108],
       [ 1.46579582, -1.9125209 ],
       [ 0.31653212, -1.29234195]])], [array([ 0.52437271,  1.7297195 ,  1.93011548,  2.37424588,  1.01235061,
       -1.31893639]), array([1.26937632, 0.64791851])]]]
[200, 0, -1, -1, 1, [[array([[ 0.38249539, -2.31363036,  1.3991955 ,  2.4131718 , -1.00641796,
        -0.94483653],
       [-1.25882257,  0.9383996 ,  0.09614798,  2.31192216, -0.91192808,
         0.57994941],
       [-2.13680124,  2.10513103,  2.24680229, -0.77785612,  1.68775569,
         2.14602274],
       [-1.01828145,  1.08270894,  1.45162186,  2.25814398,  0.28447168,
        -2.15107577],
       [-0.30579713,  1.01835387,  1.41312762, -1.42880684,  0.93353822,
         0.02845001],
       [-1.63201474,  0.28458971, -2.0158531 ,  2.13730435, -1.78941357,
        -0.30351133]]), array([[ 1.35837003, -1.0192465 ],
       [ 2.03791994,  0.77692077],
       [ 1.02236988,  1.00096531],
       [ 0.4613788 , -1.05625336],
       [ 2.35329358, -1.54155389],
       [-0.89794486, -0.81026915]])], [array([ 0.90694583,  2.16410158,  0.4753624 , -1.17043732, -0.05099663,
        1.06146067]), array([-1.12686743,  2.20546001])]]]
[200, 15, -1, -1, 0, [[array([[ 0.60751623, -1.76556346,  0.60000797, -0.8232052 ,  1.37891603,
         0.88191767],
       [ 0.58265915,  0.52588717,  2.08792509,  2.31187674,  0.60722023,
        -2.06694088],
       [-2.24091846, -1.13142009,  1.26060301, -1.89281607, -0.52218599,
         0.68483446],
       [-0.72511312, -1.73137614,  1.46868178, -0.64324747, -0.30280136,
        -0.77971182],
       [-1.46630614, -1.04109632, -0.43224564, -1.93030152,  1.95000467,
         0.67019699],
       [-1.38164737, -2.03604114, -1.80359153,  1.15290773, -1.64656066,
         1.38257623]]), array([[ 0.4316583 , -2.41005669],
       [ 1.15749974, -1.0784102 ],
       [ 1.73888899,  2.26974367],
       [-1.81441981, -1.8319731 ],
       [-0.95146866,  1.86915434],
       [ 2.1353888 ,  0.15643427]])], [array([ 0.6112208 , -0.85472205, -0.87848163, -0.76843241, -1.13726263,
        1.85279318]), array([-0.88656944, -0.78162728])]]]
[200, 11, -1, -1, 1, [[array([[-2.03156492,  0.29497509,  2.06885118, -0.29956783, -1.48318132,
        -0.64668813],
       [-0.25265111,  2.32374376,  1.90116848,  0.42461102,  0.18196195,
         2.21469644],
       [-1.0616684 ,  2.23885071,  0.22437343, -2.36550091, -1.15326457,
        -2.08984031],
       [-1.67006969, -1.15351504,  2.33333933,  1.79705999, -1.59749404,
        -1.84964893],
       [ 1.01137838,  1.43772599,  0.9444816 ,  0.35268063,  2.06663477,
        -0.41052368],
       [ 0.71147402,  1.58990305, -0.54096345,  0.29081782,  1.21880669,
         1.30829335]]), array([[-0.25896581, -0.30479851],
       [-0.28586015, -0.8444514 ],
       [-0.97298586,  2.38276941],
       [-0.83426062, -1.20276238],
       [ 0.19139547, -0.07379334],
       [ 1.32079945,  2.12398557]])], [array([-0.4162631 , -2.40919497,  1.43997056, -0.16261248, -0.30125882,
        1.42327263]), array([-0.23645698,  1.06271903])]]]
[200, 24, -1, -1, 0, [[array([[ 2.30366015, -0.41375585,  0.44318509,  2.11504393, -0.9760242 ,
        -2.24430972],
       [ 0.14067807,  1.84321306, -2.0613878 ,  0.21427756,  2.09251028,
        -0.97204034],
       [-0.63748249, -2.00715222,  2.19763767, -0.53406996,  0.29063504,
         1.54379362],
       [ 0.50965393, -2.09398295, -1.29409292, -0.0398864 ,  0.86657754,
        -0.83971109],
       [-0.33068841, -2.3003055 , -1.07203676,  0.56711631,  0.50244258,
         0.87389157],
       [ 2.39250915,  2.00024307, -0.71919169, -0.1636213 ,  0.36644748,
         0.47855866]]), array([[ 1.28513125,  0.68446076],
       [ 0.52806775,  1.43329492],
       [ 0.20720301, -1.33627112],
       [ 0.90716456,  0.00709772],
       [ 0.03681369,  1.83422702],
       [-2.10858043,  0.16119712]])], [array([-2.07521731, -1.09660393,  1.78125648, -0.88611498,  1.04011331,
        1.11620927]), array([-1.26929613, -0.05966613])]]]
[861858, 18, 'death']
[862008, 22, 'death']
[862208, 21, 'death']
[862358, 17, 'death']
[862508, 3, 'death']
[862658, 1, 'death']
[862808, 14, 'death']
[862958, 23, 'death']
[863108, 6, 'death']
[863258, 13, 'death']
[863408, 2, 'death']
[863558, 10, 'death']
[863708, 5, 'death']
[863858, 4, 'death']
[864008, 12, 'death']
[864158, 8, 'death']
[864308, 9, 'death']
[864458, 16, 'death']
[864608, 20, 'death']
[864758, 7, 'death']
[864908, 19, 'death']
[865058, 0, 'death']
[865208, 15, 'death']
[865358, 11, 'death']
[865558, 24, 'death']
[865658, 20, 'birth', 15, 11, 1, [[array([[ 0.60751623, -1.76556346,  0.60000797, -0.8232052 ,  2.44948974,
         0.88191767],
       [ 0.58265915,  0.52588717,  1.90116848,  0.42461102,  0.18196195,
         2.21469644],
       [-1.0616684 ,  2.23885071,  0.22437343, -2.36550091, -1.15326457,
        -2.44948974],
       [-1.67006969, -1.15351504,  2.33333933,  1.79705999, -1.59749404,
        -1.84964893],
       [ 1.01137838,  1.43772599,  0.9444816 , -0.79324378,  2.06663477,
        -1.58568868],
       [ 0.71147402,  1.58990305, -0.54096345,  2.04725111,  1.66986317,
         1.30829335]]), array([[-0.25896581, -0.30479851],
       [-0.28586015, -0.8444514 ],
       [-0.97298586,  1.41421356],
       [-0.96078716, -1.20276238],
       [ 0.19139547, -0.07379334],
       [ 1.32079945,  0.17188228]])], [array([-0.4162631 , -2.40919497,  1.43997056, -0.16261248, -0.30125882,
        0.01313426]), array([-0.23645698,  1.06271903])]]]
[865658, 16, 'birth', 15, 7, 0, [[array([[ 0.60751623, -1.76556346,  0.60000797, -0.8232052 ,  1.93292592,
         0.88191767],
       [ 0.58265915,  0.52588717,  2.08792509,  2.44948974,  0.60722023,
        -2.06694088],
       [-2.24091846, -1.13142009,  1.26060301, -1.89281607, -0.52218599,
        -0.14339405],
       [-0.72511312, -1.73137614,  1.46868178, -0.64324747, -2.44948974,
        -0.77971182],
       [-1.46630614,  0.51765765, -2.06454193, -1.93030152,  1.95000467,
         0.67019699],
       [-1.38164737, -2.03604114, -1.80359153,  1.15290773, -1.64656066,
         1.38257623]]), array([[ 0.4316583 , -1.41421356],
       [ 1.15749974, -1.0784102 ],
       [ 1.41421356,  1.41421356],
       [-1.41421356, -1.41421356],
       [-0.0589692 , -1.29057291],
       [ 0.37313355,  1.41421356]])], [array([ 2.10113571,  0.90884766,  1.71700255,  2.44948974, -0.25632383,
        0.46670223]), array([0.770638  , 1.40359212])]]]
[865658, 24, 'birth', 19, 23, 0, [[array([[-1.76212448, -0.15117758, -1.38849378,  2.44877278,  1.5111443 ,
         0.64055534],
       [-0.65939373, -1.73926279, -2.44948974,  1.52252638, -1.2675096 ,
        -1.69585927],
       [ 2.44948974, -0.92517394,  2.23124935, -2.09692775, -0.64679384,
         0.88978645],
       [ 1.61852866, -0.17769996,  0.28886826,  1.40054269, -0.83419619,
         2.35661534],
       [ 0.93604379, -1.13007698, -2.21471277, -2.1776883 ,  0.81579052,
        -0.31475506],
       [-0.74536403,  2.13319426,  1.96949655, -1.59834932, -2.40247304,
        -1.89185772]]), array([[ 1.41421356,  1.0764535 ],
       [-0.80565819, -0.19571763],
       [ 0.16348775,  1.19506786],
       [-1.32714139,  1.11533429],
       [ 1.41421356, -1.41421356],
       [ 0.31653212, -1.36768913]])], [array([ 0.52437271,  1.7297195 ,  1.93011548,  2.37424588,  1.01235061,
       -1.31893639]), array([ 0.17161631, -0.69948061])]]]
[865658, 2, 'birth', 19, 4, 1, [[array([[ 0.89963828, -0.35704941,  1.1957299 ,  0.95338965,  1.83338979,
        -2.44948974],
       [-1.89911602,  0.65334946, -0.22388847,  0.50277409, -0.64691793,
        -0.14647493],
       [ 0.77953631, -0.34103425, -1.12748677, -1.88910445,  1.21102817,
        -1.68059194],
       [ 1.74605483,  1.37128177,  1.78511339, -0.96752454, -0.69776244,
        -1.24347382],
       [ 0.23317729, -0.71646698, -1.1084796 ,  0.18919582, -1.62106241,
        -1.40778803],
       [ 2.02290429,  1.93935749,  2.01424347, -0.30800024, -0.58687783,
         1.75133161]]), array([[-1.41421356,  0.4131593 ],
       [-0.31373184,  1.41421356],
       [-1.41421356,  1.41421356],
       [ 1.41421356, -1.06852734],
       [ 1.41421356, -0.93205935],
       [-1.41421356, -0.32425481]])], [array([-2.44948974,  1.37283541,  1.93877648, -1.50035358,  0.25543076,
       -1.07330881]), array([ 0.97459779, -1.23595844])]]]
[865658, 7, 'birth', 24, 13, 0, [[array([[ 2.30366015, -0.41375585,  0.44318509,  2.11504393, -0.9760242 ,
         0.05355742],
       [ 0.14067807,  1.84321306, -2.0613878 ,  0.21427756,  2.09251028,
        -0.97204034],
       [-0.63748249, -2.44948974,  2.19763767, -0.53406996, -0.07946155,
        -1.01311178],
       [ 0.50965393, -2.09398295, -1.29409292, -0.0398864 ,  0.86657754,
        -0.83971109],
       [-0.33068841, -2.44948974, -1.07203676,  0.56711631,  0.50244258,
         0.87389157],
       [ 2.39250915,  2.00024307, -0.71919169, -0.1636213 ,  0.36644748,
         0.47855866]]), array([[ 1.28513125,  0.68446076],
       [ 0.52806775,  1.41421356],
       [ 0.20720301, -1.41421356],
       [-0.48573703,  1.41421356],
       [ 0.34855612, -0.44846737],
       [ 0.36550613, -0.18472072]])], [array([ 0.93227647,  2.44948974, -0.65974273, -0.40496622, -1.34652397,
        0.11682712]), array([-1.41421356, -1.41421356])]]]
[865658, 6, 'birth', 9, 8, 0, [[array([[-1.58981639, -2.03310895,  0.44123388, -1.09494655, -1.70533819,
        -1.47609088],
       [ 1.48244375, -2.00220649, -1.71877612,  0.79344294,  2.33826516,
         0.45614616],
       [ 0.83719654,  2.08871936,  1.59915787,  0.14385813, -0.82224414,
        -2.10909666],
       [ 0.86567563,  2.04187169, -0.00613194, -1.5789194 , -1.77627462,
         1.98609769],
       [ 2.44948974, -2.0966234 , -2.44948974, -1.99961843, -0.34169079,
        -1.13435311],
       [ 2.44948974,  2.44948974, -0.59492171, -1.79647244,  0.66110489,
         2.35334884]]), array([[-1.12239788,  1.35325001],
       [ 0.23579262, -1.41421356],
       [ 1.38105701,  1.41421356],
       [ 1.41421356, -1.41421356],
       [ 1.26121826, -1.41421356],
       [-1.21405046, -1.41421356]])], [array([-1.06739637, -2.35649313, -2.3634978 ,  2.44948974,  1.80656676,
        0.92884772]), array([ 1.41421356, -0.25008237])]]]
[865658, 19, 'birth', 12, 16, 0, [[array([[ 2.27491351, -1.04240626,  0.67595954, -1.95671433,  0.8450949 ,
         2.1180707 ],
       [ 1.33630754, -0.10072182,  1.55250409,  2.44948974, -0.08446682,
         0.51112006],
       [-0.08898348, -1.29532147, -0.70808077, -2.44948974, -1.06506009,
        -0.66623746],
       [ 2.11558633,  0.61453127, -2.44948974, -2.25015976,  0.78859606,
         2.34711144],
       [ 2.44948974, -2.44948974,  2.44948974,  1.38746666,  0.87109972,
        -0.91030237],
       [-1.69835286, -2.44948974,  0.38812927, -2.04437933, -0.90036618,
        -0.02976855]]), array([[ 0.10554951, -0.23062104],
       [ 1.41421356,  1.41421356],
       [-0.34978289,  0.30002193],
       [ 1.41421356,  1.38570117],
       [-0.95876866,  1.41421356],
       [-1.41421356, -0.95181497]])], [array([-0.72721536,  2.07499308, -2.07659285, -1.95747773,  1.99564014,
       -0.53620601]), array([-0.78307245,  1.41421356])]]]
[915859, 8, 'birth', 24, 20, 0, [[array([[-1.76212448, -0.15117758, -2.44948974,  2.44877278,  2.44948974,
         0.88191767],
       [-1.54327287,  2.1454289 ,  1.90116848,  0.42461102,  0.18196195,
         2.21469644],
       [-1.0616684 ,  2.23885071, -0.18190189, -2.36550091, -1.15326457,
        -2.44948974],
       [-1.67006969, -2.44948974,  2.33333933,  1.79705999, -1.59749404,
         0.72663897],
       [ 1.01137838,  1.43772599, -2.13730793, -0.79324378,  2.06663477,
        -1.58568868],
       [ 0.71147402,  1.58990305, -0.54096345,  2.04725111,  1.66986317,
         1.30829335]]), array([[-0.25896581, -0.30479851],
       [-0.28586015,  0.43714602],
       [-0.97298586,  1.41421356],
       [-0.96078716, -1.41421356],
       [ 0.19139547, -0.07379334],
       [ 1.32079945,  0.17188228]])], [array([-0.4162631 ,  1.4155881 ,  1.43997056, -0.16261248, -0.30125882,
        0.01313426]), array([-0.29893557,  1.06271903])]]]
[990959, 21, 'birth', 6, 20, 0, [[array([[-1.58981639, -2.03310895,  0.44123388, -1.09494655, -2.44948974,
        -1.47609088],
       [ 1.48244375, -2.00220649, -2.30570136, -2.44948974,  2.33826516,
         0.45614616],
       [ 0.83719654,  2.08871936,  1.59915787,  0.14385813, -0.82224414,
        -2.10909666],
       [-2.09816412,  2.04187169, -0.00613194, -1.5789194 , -1.77627462,
         1.98609769],
       [ 2.44948974, -2.0966234 ,  2.264112  , -1.99961843, -0.34169079,
        -0.13075109],
       [ 2.44948974,  2.44948974, -0.59492171, -1.79647244, -1.14479469,
         2.35334884]]), array([[-1.12239788,  1.35325001],
       [ 0.23579262, -1.41421356],
       [ 1.38105701,  1.41421356],
       [ 1.41421356, -1.41421356],
       [ 1.26121826, -1.41421356],
       [-1.21405046, -1.41421356]])], [array([-1.06739637, -2.35649313, -2.3634978 , -0.16261248, -0.30125882,
        0.01313426]), array([-0.23645698,  1.06271903])]]]
[1012210, 5, 'birth', 16, 2, 1, [[array([[ 0.60751623, -1.76556346,  0.60000797, -0.8232052 ,  2.43305994,
         0.88191767],
       [ 0.58265915,  0.52588717,  2.08792509,  2.44948974,  0.60722023,
        -2.12295095],
       [-2.24091846, -1.13142009,  1.26060301, -1.89281607, -0.52218599,
        -0.14339405],
       [-0.72511312, -1.73137614,  1.46868178,  2.18663913, -2.44948974,
        -0.77971182],
       [-1.46630614,  0.51765765, -2.06454193, -1.93030152,  1.95000467,
         0.67019699],
       [-1.68331096, -2.03604114, -1.80359153,  1.15290773, -1.64656066,
         1.38257623]]), array([[ 0.4316583 , -1.41421356],
       [ 1.15749974,  1.35154233],
       [ 1.41421356,  1.41421356],
       [-1.41421356, -1.163995  ],
       [-0.0589692 , -1.29057291],
       [ 0.37313355,  1.41421356]])], [array([ 2.10113571,  0.90884766,  1.93877648, -1.50035358,  0.25543076,
       -1.07330881]), array([ 0.97459779, -1.23595844])]]]
[1059010, 15, 'birth', 21, 20, 1, [[array([[-1.58981639,  0.67069782,  2.16196488,  2.41483929, -2.44948974,
        -1.47609088],
       [ 1.5745741 , -2.00220649, -2.30570136, -2.44948974,  2.33826516,
         0.45614616],
       [ 0.83719654,  2.08871936,  1.59915787,  0.14385813, -0.82224414,
        -2.10909666],
       [-2.44948974, -0.71369718,  0.55700736, -1.5789194 , -1.77627462,
         0.03630776],
       [ 2.44948974, -2.0966234 ,  1.28734339, -1.99961843, -2.30051917,
        -0.13075109],
       [ 2.44948974,  2.44948974,  2.36455852, -1.79647244,  0.25804678,
         2.35334884]]), array([[-1.12239788,  1.35325001],
       [ 0.23579262, -0.72357496],
       [ 1.38105701,  1.41421356],
       [ 1.41421356, -1.41421356],
       [ 1.26121826, -0.24706321],
       [-1.21405046, -1.41421356]])], [array([-1.06739637, -2.40919497,  1.43997056, -0.16261248, -0.30125882,
        0.01313426]), array([-0.23645698,  1.06271903])]]]
[1185911, 20, 'death']
[1186061, 16, 'death']
[1186211, 24, 'death']
[1186361, 2, 'death']
[1186511, 7, 'death']
[1186661, 6, 'death']
[1186811, 19, 'death']
[1216312, 8, 'death']
[1246412, 21, 'death']
[1251862, 5, 'death']
[1252062, 15, 'death']
[1252062, 'Extinction!']
