[time, indiv, parent1, parent2, gender, brain]
[200, 13, -1, -1, 0, [[array([[ 2.28994923,  1.64297379, -1.35182653,  2.40867714, -1.57455336,
        -0.27719929],
       [ 1.29514969, -1.22786364, -0.05128398,  0.91651618, -2.22285584,
         2.33059015],
       [-1.52573322, -2.12580389, -1.28977232,  1.95560784, -1.16960519,
        -1.14122609],
       [ 0.52609049, -1.96039994, -0.04355194, -0.66594704,  2.26815489,
         0.22002779],
       [-0.69419832, -0.75292946, -0.55385078,  0.24786157, -1.92129684,
         0.19483204],
       [ 1.70304237, -0.01576745,  2.05774853, -1.2036859 , -0.46969481,
         2.00830124]]), array([[ 0.52828973,  0.60968676],
       [ 0.48283447, -2.17188728],
       [-0.26075761, -1.51217114],
       [-2.29684054,  1.94001719],
       [-0.90206388,  1.45617254],
       [-1.98465833, -0.35527468]])], [array([ 1.63568545e-01,  1.13127458e+00,  1.12999780e-03,  6.58707934e-02,
       -1.92245249e+00, -2.27885286e+00]), array([-1.34831153, -2.31028794])]]]
[200, 0, -1, -1, 1, [[array([[-2.35036475,  1.07576913, -0.56475508, -0.53707444, -1.17526144,
         1.41526519],
       [ 2.44610371, -0.58098495, -2.06248789,  2.17579683,  0.17977019,
        -1.34206094],
       [-1.80811621, -0.66938243, -1.46359437,  1.97829821,  1.99955867,
        -1.15695974],
       [-0.14861009,  1.9284795 ,  0.8241384 ,  1.42985555, -0.70961228,
        -1.1503333 ],
       [-0.71377125,  1.2792471 , -1.77727837, -1.21982791, -2.00855396,
         1.71862145],
       [-0.04195047, -2.11768312,  1.61320768,  0.09628673, -1.12826758,
         2.02811599]]), array([[ 2.42933331,  1.6608446 ],
       [-2.0296899 , -0.5293065 ],
       [ 0.07605431, -0.4463217 ],
       [ 1.68217614,  2.26302391],
       [-1.89083648,  0.46714408],
       [-0.34384817,  0.27785809]])], [array([-0.84366648,  0.48060052, -0.72916274, -0.84831454, -0.24108456,
       -2.16183173]), array([ 1.19145118, -2.25101713])]]]
[200, 21, -1, -1, 0, [[array([[-1.32518118, -1.02526658, -0.57879435, -2.40155581,  0.40191236,
         0.32228715],
       [-2.22429196,  1.04400307,  0.5036207 ,  0.37718813, -0.15716933,
        -1.18574032],
       [ 1.32586958, -1.97875048,  0.42667832, -0.39858776, -2.35153946,
         1.97094078],
       [-2.17211466, -2.41830239,  1.45964943, -0.71180389,  1.131035  ,
         1.50029891],
       [-0.96967423,  2.05797688,  1.2558028 , -0.65237223,  0.74671023,
         1.40161693],
       [-0.37260687,  1.30740336,  1.53395333, -2.25939173, -2.42660607,
        -2.04504176]]), array([[-2.05261319,  0.03996114],
       [ 2.41320146, -1.24497486],
       [-2.09880978,  0.14648136],
       [ 1.9842279 ,  0.48267208],
       [ 2.06569421, -1.9558882 ],
       [ 2.32930928,  1.10427422]])], [array([-0.90282341, -2.30126874,  0.95167118, -0.7056217 ,  1.21061248,
       -0.26434447]), array([-2.43725959, -1.99872027])]]]
[200, 7, -1, -1, 1, [[array([[-0.09961779,  1.87508605, -0.59235498,  0.5185449 ,  2.34376161,
         0.63650453],
       [-1.33185601, -1.59437871, -1.55855208,  0.62825558, -0.94203054,
         1.25482987],
       [ 1.56459596, -1.72409461, -0.63836082,  1.81430983,  0.67749293,
         2.03406646],
       [-0.79140089, -1.92507842,  0.48342146, -1.15430756, -1.09851545,
        -0.83868095],
       [ 2.44580561,  2.33751029, -0.37345746,  2.31007555,  2.39624342,
        -1.31871093],
       [ 0.75014998, -0.01934944, -0.36194517,  0.69148439, -1.58028288,
         0.07690074]]), array([[ 0.56917415,  0.22062116],
       [-0.91484713,  1.88906335],
       [-2.30557648,  0.85696335],
       [ 0.62507375,  2.12075761],
       [ 1.96808483, -1.98420117],
       [ 0.90507498,  2.06870511]])], [array([ 0.92529091, -2.42771438, -1.04607178,  0.73418367, -1.67317562,
        0.5700248 ]), array([2.02856561, 0.21679181])]]]
[200, 6, -1, -1, 0, [[array([[-0.31621833, -1.30138381,  2.10254036,  0.8240701 ,  1.19302267,
        -0.59407413],
       [-1.97864641, -0.58894174,  2.00884298,  1.78049744, -1.77365594,
         1.48458174],
       [ 1.06708186, -0.41761047,  2.13421006,  1.9794692 , -2.13474168,
         0.77273687],
       [ 0.52102771,  0.50509572,  1.80051985,  0.10196922,  1.61739091,
        -1.39647505],
       [-0.92372275, -0.37491365, -1.25998606,  1.65479236,  0.00281753,
         1.02180428],
       [-0.13974769, -1.94416412, -0.77854855, -2.43160555,  1.08159449,
         2.00576568]]), array([[ 1.40911597,  1.69429482],
       [ 2.08890978,  1.50301369],
       [-0.58958182,  1.80411294],
       [ 1.63930696,  0.31222157],
       [ 1.84861601,  1.35808744],
       [-1.04822901,  2.38647432]])], [array([-0.03961256,  0.41677219,  0.21328418,  0.62346726, -2.03231855,
       -0.76003269]), array([-0.31261443,  2.15858763])]]]
[200, 10, -1, -1, 1, [[array([[ 0.09810988,  2.18547851, -0.06646683, -0.93812045, -1.10324808,
         2.28158685],
       [-1.35894523,  2.13247581, -1.46267528, -0.28505385,  2.42701571,
        -0.62756205],
       [-0.73472595,  0.33591282, -1.00715155,  0.64618272,  2.35279236,
         1.30022646],
       [ 0.90026417, -0.5019482 , -0.23944463, -2.00089222, -0.11673428,
        -1.36163114],
       [-1.31044376,  1.53732819, -0.52070485,  0.82763448, -1.15060423,
        -0.85527078],
       [-0.07896084,  0.41669265,  1.9769729 , -1.99195069,  0.6513951 ,
        -1.96514053]]), array([[-0.14380361,  1.95913719],
       [-2.03667371, -2.15273539],
       [-0.96611678, -0.47995456],
       [-1.47131428,  0.49725798],
       [ 2.41189543,  0.51994869],
       [-2.43384595, -2.10155472]])], [array([-1.2515946 ,  0.52448543,  2.18207444,  2.33904354,  1.90755877,
       -0.36209044]), array([1.50215752, 1.3915391 ])]]]
[200, 8, -1, -1, 0, [[array([[ 1.10012936,  0.98511472,  0.79332933,  0.90183387,  0.13370247,
         1.42395494],
       [ 0.42851287,  0.37046681,  2.32981395, -2.18439816,  1.71482998,
         1.29204928],
       [-2.18381604, -1.07799572,  0.85953384, -2.351702  ,  1.96032506,
        -0.90540614],
       [ 1.57234189, -1.60562779, -1.5202385 , -0.43405536, -0.56283399,
        -1.63592949],
       [ 1.50339665, -1.67718958,  2.33783083, -0.8760115 ,  0.72666913,
         1.48524041],
       [-0.93674167, -0.851297  ,  2.14153958,  1.74343514, -1.22035222,
        -1.57077535]]), array([[ 1.38690403, -1.68707659],
       [ 0.73290288, -1.21435637],
       [-0.70908915,  1.99526294],
       [ 2.386608  , -1.10310138],
       [ 0.43097132,  2.14295864],
       [-1.42278555,  0.86697298]])], [array([ 0.57035045,  1.77611833,  0.3464274 , -0.55038563, -0.20632916,
        0.70452599]), array([-0.37398812,  1.31160712])]]]
[200, 18, -1, -1, 1, [[array([[ 0.36257978,  1.97809593, -0.75445432,  1.46445958,  0.69183832,
         0.00866838],
       [ 1.13136166, -0.0122302 ,  1.69632958,  0.04827966,  0.58403919,
         0.97757821],
       [-0.95903912,  0.99727638,  0.44698537,  0.73356165,  1.13242377,
        -1.60529464],
       [-2.32486568, -0.33992742, -1.57757923,  0.16647357,  1.40790444,
         1.38277968],
       [-2.14539842,  0.86797118, -0.21997428, -1.28685273,  2.31207401,
        -1.6156626 ],
       [ 2.44610894, -0.33919923,  2.27092244, -1.37257246,  0.45542817,
         0.25220104]]), array([[ 1.94889353, -0.55384227],
       [ 0.78233129,  1.47129427],
       [-1.28968143, -2.13682227],
       [-0.16476206, -0.44830187],
       [ 1.55329248,  1.847906  ],
       [-1.42072589, -0.83902215]])], [array([-1.49825069, -0.32916329, -2.30124468, -1.62070242,  1.20651404,
       -2.37383431]), array([-1.53509219,  0.65379823])]]]
[200, 17, -1, -1, 0, [[array([[-0.92542998, -0.68776272, -1.27775814,  0.37965581, -1.87593763,
        -0.68627894],
       [-1.20271449, -0.594826  ,  0.77905307, -1.70990983, -1.65838168,
        -2.11422004],
       [ 1.11849908,  1.92623468,  0.85149319,  1.38687145,  0.56809592,
        -1.25286471],
       [ 0.98350053,  1.29245501, -1.52068615,  1.50477165,  0.09662129,
         2.08260627],
       [ 2.44012332, -0.45204366, -1.50568764,  0.22076766,  0.24320748,
         1.34801446],
       [-1.48394415, -0.88810326, -1.80959518,  1.33344545,  1.85963606,
        -2.10319759]]), array([[-0.91457221, -0.18008544],
       [ 1.05794907,  1.91076587],
       [ 1.98271552, -2.43299216],
       [-1.58137017,  0.67596328],
       [ 1.56752027, -0.13941367],
       [-1.16669435, -0.81722002]])], [array([-1.09194812, -0.32521286, -2.34500962,  1.13808611, -1.09453449,
        0.49354392]), array([-1.86514798,  0.10552597])]]]
[200, 24, -1, -1, 1, [[array([[-1.76311745, -0.20827516, -0.47330464,  2.09615847, -1.48312505,
        -0.78274074],
       [-0.34530835,  1.32592991,  0.89365512, -0.93978954,  2.36467171,
        -0.28727209],
       [-2.01588675, -1.25558878,  2.0280409 , -1.532245  , -1.94379233,
        -1.91626473],
       [-0.31662031,  0.26529133, -2.23132729, -2.26137403,  1.60544368,
         2.04850003],
       [-1.77571706,  1.74814262,  2.32333277,  0.30569984,  1.03543942,
        -1.28034699],
       [ 2.29957457, -1.48577795,  2.263276  , -1.47243248,  2.21902747,
        -0.45447062]]), array([[ 1.7208725 , -1.17026616],
       [ 0.32513306,  2.01831438],
       [ 0.52591508,  2.3401204 ],
       [-0.62521027,  0.31543543],
       [-2.14103561,  1.17064606],
       [-2.24327409,  0.12573928]])], [array([ 2.39343174,  1.24290914, -2.33301937,  0.69400103, -1.8951489 ,
        2.02958162]), array([2.23805012, 2.26175645])]]]
[200, 15, -1, -1, 0, [[array([[-0.41005941, -0.37575109, -1.09436582, -1.66866983,  0.81063456,
         0.66384298],
       [ 2.33879744, -2.08588978,  1.09930947, -2.30465835,  0.61433813,
        -1.11762943],
       [-0.57452234, -1.41325256, -1.75433817,  0.28082599, -1.39029655,
        -1.66069811],
       [ 1.68875712,  0.30622434, -0.40456444, -2.09928366,  2.11110732,
         1.7488761 ],
       [ 0.35927894,  2.33982857,  1.46574208,  1.75917128, -0.42831293,
        -1.31214982],
       [ 1.32234482, -1.6583546 ,  1.97729898,  0.03770002, -0.66151672,
        -0.00380435]]), array([[ 0.98391631,  0.5417653 ],
       [-1.6515322 , -0.59269418],
       [ 0.01286855,  0.73736073],
       [ 0.77242976,  1.87636453],
       [-1.35291135,  1.93383801],
       [-2.2041155 ,  2.33194922]])], [array([-1.25573731, -0.56560189, -1.39250805, -1.42890946, -2.41349005,
       -0.31145434]), array([1.04747114, 1.99268473])]]]
[200, 20, -1, -1, 1, [[array([[-1.07155104, -1.55450343, -0.34934279, -1.95114854, -2.18566739,
         0.57083562],
       [ 0.61475419, -1.73208704, -2.42852369,  1.58102569,  1.06892416,
        -1.99710705],
       [ 1.34369316, -2.06199667, -1.63145566,  1.58635318, -1.9185598 ,
        -0.3583213 ],
       [-2.36697907,  1.27519244,  0.23641314,  1.10375808,  1.12730822,
        -0.99200264],
       [ 1.0700995 , -0.09651086, -0.98465034,  2.33868876,  1.24885583,
        -1.30278158],
       [ 0.41355117, -0.90835031,  1.3038751 , -1.53332282, -1.17021806,
        -1.7653201 ]]), array([[ 1.80950281, -1.31182974],
       [-2.04724788, -0.38073649],
       [-0.82647429, -0.11326717],
       [-1.48254274,  0.99517339],
       [-2.40701499, -1.02736152],
       [ 1.97937269,  0.6912926 ]])], [array([ 0.01700402, -0.93780016, -2.21480207,  1.09145829,  0.95625563,
        0.41992463]), array([ 1.50616328, -0.01380014])]]]
[200, 16, -1, -1, 0, [[array([[ 0.86040953, -1.41434534,  0.99575542, -0.92269945,  1.87699447,
        -1.15136265],
       [ 0.24952788, -0.50215443, -0.38315415,  2.44756673, -0.9607008 ,
        -0.59053715],
       [ 2.21563807,  0.70947901, -0.01635392,  1.46578078,  0.47954655,
         1.15676786],
       [ 1.90406801, -0.30869053, -1.91745619, -0.30848344, -0.99737881,
        -1.12279891],
       [ 0.68848093, -1.113112  ,  0.47438746, -1.86221668,  1.94913889,
         2.30645164],
       [-2.03097087, -0.90111738, -1.32699441, -1.73850998,  0.29720809,
         1.40769795]]), array([[-0.24631428, -2.22198421],
       [ 0.01643142, -0.66737515],
       [-0.33382828, -0.26749138],
       [-0.22651071,  1.95477013],
       [-1.87007913,  0.60880694],
       [-1.46336659,  2.32941542]])], [array([-2.37337962, -0.48489204,  1.32961967,  1.16087683,  0.55550469,
        1.14517775]), array([-0.83862485,  0.16983511])]]]
[200, 23, -1, -1, 1, [[array([[ 0.96365483, -1.15853972,  2.40346963, -1.85667546,  0.45628899,
        -1.27254195],
       [-0.3528747 ,  1.38930365, -0.20655423,  1.83880603,  1.27074383,
         0.51149188],
       [-1.59217599,  1.95479107, -0.09364139,  0.55456741,  1.38062087,
         2.16678255],
       [-0.56774196,  0.45439473,  0.90609689, -1.25634197,  0.33937648,
         1.19148088],
       [ 1.31789753,  1.06723833, -0.8885888 , -1.57064821, -1.51630403,
         2.35358576],
       [ 0.33591033, -1.09425301, -1.25326247,  1.13962859, -0.87084921,
        -1.20124649]]), array([[-2.37927417, -0.38851992],
       [ 2.31568318,  1.06684615],
       [ 1.77822795, -2.26028709],
       [ 1.00527076, -0.35446912],
       [-1.82852698,  0.17034924],
       [ 1.3137915 , -1.21614038]])], [array([ 0.41582254,  2.13752344, -2.15999195,  1.81911732, -2.0438036 ,
        0.42642028]), array([1.11981005, 2.39445405])]]]
[200, 14, -1, -1, 0, [[array([[ 2.37401709,  2.42002462, -1.59256135,  2.31882081, -0.51047861,
        -1.79902686],
       [ 0.98961269, -1.43808325, -1.13365687, -2.29526263,  2.30791689,
         2.18328024],
       [-0.22189817,  1.13568032,  0.72026507, -0.86525074, -0.06892326,
         2.30383589],
       [-1.03571278, -1.18482181,  1.59692719, -1.58862537, -0.62312818,
        -0.11230271],
       [-0.40129362,  0.51897158, -1.65233836, -1.45883552,  2.01911056,
        -0.61151985],
       [ 1.38024416,  0.23011341,  0.96667132,  1.58390684,  1.33191601,
        -2.07059904]]), array([[-1.95714693,  1.67289764],
       [-0.26448857,  2.32996452],
       [-1.69306406, -1.54033048],
       [ 0.78151488, -0.47067039],
       [ 0.21936981,  1.77616273],
       [ 0.82111558,  0.21626664]])], [array([-2.17884592, -1.5451682 , -2.35726764,  0.54739444,  2.36141524,
        0.97367042]), array([1.81479679, 1.7536335 ])]]]
[200, 11, -1, -1, 1, [[array([[ 1.09005489, -2.03613377,  0.94995014,  2.15868311,  2.20974832,
         1.04696736],
       [-1.39335918,  2.02310417, -2.08418739,  2.16329621, -1.9002907 ,
         1.28557408],
       [ 1.43992902, -0.62094672,  1.52958721,  1.22718621, -2.36658563,
         1.46723366],
       [-1.57730019,  1.7444496 , -1.58854313, -0.17814692,  0.56565644,
         2.32935953],
       [ 1.89541193, -2.05070439, -0.63306307, -1.45084325,  1.52564969,
         1.08148666],
       [-0.45381535,  0.11358632, -0.20247624, -1.6347404 , -0.52557423,
        -0.07708477]]), array([[ 0.78584961, -1.52333667],
       [ 0.99285357,  0.53936919],
       [-1.51067126, -1.42362919],
       [-1.95564624, -1.62184646],
       [ 0.97882479,  1.57614921],
       [ 2.0657901 , -0.40539984]])], [array([ 1.38228946, -0.09584288,  2.27852624,  2.26939419,  2.04757143,
        0.54649051]), array([0.83716809, 1.05261163])]]]
[200, 3, -1, -1, 0, [[array([[-2.06520829,  0.71870523, -0.7346687 , -1.30463651, -1.2224494 ,
         1.12967343],
       [-1.01688991, -1.19002085,  0.18798455,  1.99861621,  1.03584761,
         1.59364308],
       [-1.00104255, -1.22972672,  2.4137306 ,  0.28300838, -0.67491638,
         1.01058073],
       [ 2.42251301, -1.31536751,  2.04506737, -1.80200479,  1.37483306,
         1.26114562],
       [-1.01396262,  1.79300655, -1.70261116, -2.1697713 ,  1.30805134,
        -1.08726286],
       [-0.5152122 ,  2.25647826, -0.33875496,  1.93603612,  1.87737622,
        -1.22267987]]), array([[-0.7584811 ,  0.94037399],
       [ 0.09263542, -0.26811259],
       [-1.30747164, -1.19110874],
       [ 0.66152242, -1.60816981],
       [-0.05685417,  0.43390012],
       [ 0.44332694, -1.63084013]])], [array([ 0.20641385,  1.78929882, -0.40447981, -2.23983322, -1.88363696,
        1.75111315]), array([-0.82630263,  1.88355669])]]]
[200, 12, -1, -1, 1, [[array([[-0.17146751, -1.54663011,  1.65442287, -2.18907114,  0.89584262,
         0.99108998],
       [-2.23263133,  2.28933775, -2.18239753, -1.59650655,  0.13535122,
        -0.46270786],
       [-1.75874953,  1.40843902, -2.03959076, -1.72903277,  0.77388485,
         0.42588243],
       [ 1.8645097 , -2.00304458,  1.65486097, -1.76989483,  0.92548749,
        -0.04763623],
       [ 2.32187365, -2.04617591, -1.71918995,  1.18344179,  0.89569994,
        -1.06309003],
       [ 0.77408143, -2.20904506,  2.33488131, -2.12197694,  1.78543236,
        -0.65140634]]), array([[ 1.84623622, -0.88782871],
       [-1.44048474,  0.8547138 ],
       [ 0.3973168 ,  0.95379832],
       [ 2.39872203,  0.54174096],
       [-0.31659418, -1.80893226],
       [ 1.01215294, -2.25949063]])], [array([ 1.92425367,  0.6138135 , -0.9092992 , -1.05942835, -1.14182401,
       -1.11891785]), array([-0.71572421,  2.24118256])]]]
[200, 19, -1, -1, 0, [[array([[-1.44212838, -1.85841327, -1.61418669,  0.11033392, -1.67175707,
        -1.60365357],
       [-1.40419106,  1.08130561, -0.09849063,  1.70572314,  0.55586248,
         0.61083437],
       [-1.5902652 ,  1.93451147, -1.81723805,  2.26407449, -0.26061586,
         2.00920842],
       [ 0.65017585,  0.25223836,  1.05809322, -1.47438757,  0.32103395,
         0.47062117],
       [-0.43685659,  0.81487236, -1.90509833,  1.21958441,  0.28422568,
         1.24762018],
       [-2.24694828, -0.48831341, -1.50309001, -2.03059203,  1.22518206,
        -2.20703164]]), array([[ 1.52706504,  0.94254207],
       [-1.68919572,  2.19532931],
       [ 0.81888843,  0.0646598 ],
       [ 1.74666528,  0.47396694],
       [ 0.88221784,  2.34921487],
       [ 0.6201433 , -0.04687899]])], [array([ 0.02393038, -2.26343361,  1.56206102, -1.18465669,  1.63489039,
       -2.07541402]), array([1.34538621, 1.21958812])]]]
[200, 5, -1, -1, 1, [[array([[-0.61113254,  1.23531474,  1.05758985,  0.82311121, -1.17982729,
         1.29539582],
       [-0.33230536,  0.87427053, -0.84796303, -0.24564584, -1.77659618,
         0.67886908],
       [-0.46867088, -1.37106403, -0.80211698,  1.15365256, -1.30452636,
         2.1264317 ],
       [ 0.95314425,  0.40484718,  1.60785014, -2.38076856,  1.48645234,
        -1.43006056],
       [-1.28031056, -0.52365471,  1.30694454, -1.64545306,  0.08797288,
         2.09400338],
       [ 0.03065945, -0.12841845, -1.26587442,  1.3659358 ,  2.09050413,
        -0.44125707]]), array([[ 1.10676473, -1.54907426],
       [-1.50362749, -1.9299383 ],
       [ 1.95538707, -1.88633998],
       [ 0.05257006, -0.14916319],
       [ 1.15909292, -0.61311244],
       [ 1.56181971, -1.35097015]])], [array([-2.33050877, -2.18830984,  1.30804427, -0.15465151, -0.44401686,
       -1.28821309]), array([ 0.4225876 , -0.76360002])]]]
[200, 4, -1, -1, 0, [[array([[ 0.96512095,  1.73825979,  1.74253098, -0.53398858, -1.9074733 ,
        -0.47485147],
       [-1.41014023, -1.49406891, -2.38159706,  2.38531232, -1.61513767,
        -0.99222497],
       [-2.41282542,  0.51252001, -1.03452128,  2.37092534, -1.85960725,
         0.82001064],
       [-1.02143368,  1.90757711, -2.39688907,  0.68148156,  1.49905014,
         2.12827222],
       [-0.48431077, -1.22216678,  1.11948013, -1.81140392,  1.67051461,
         0.78894342],
       [ 0.70956092,  0.1694041 , -0.04602381, -2.00588128,  1.62937854,
         0.92334678]]), array([[ 2.26706105e+00, -1.22854759e-01],
       [ 1.13124733e-03,  4.83604913e-01],
       [-5.83926862e-01,  2.01774033e+00],
       [-2.38187537e+00,  5.69395909e-01],
       [-2.15550144e+00,  1.35515798e+00],
       [ 1.05163069e+00, -2.28588366e+00]])], [array([ 0.59183594,  1.8979903 , -1.12460488, -0.0993692 , -2.2605372 ,
        0.49433895]), array([-0.93555413, -0.43448144])]]]
[200, 22, -1, -1, 1, [[array([[ 1.90550246e+00, -2.24994035e+00,  2.39307112e+00,
        -5.49241958e-01, -2.05624806e+00,  1.81270113e+00],
       [ 1.24800750e+00, -1.51187224e+00,  1.61131644e+00,
         2.05381744e+00, -2.92753930e-01,  2.06241574e+00],
       [ 3.65878058e-01, -1.26596594e+00,  7.00178195e-01,
        -1.59312894e+00,  2.19197987e-01, -6.73914836e-01],
       [-2.06908833e+00,  2.39515643e+00,  1.16906476e-02,
         1.87702966e-01, -1.61136381e-01,  8.19474786e-01],
       [-9.50259422e-02, -1.59446631e+00,  2.23635984e-03,
         8.00001014e-01, -1.36801127e+00, -1.80165134e-01],
       [-1.26076239e+00, -8.86171366e-01,  4.46450088e-03,
        -1.36891806e+00,  1.94528252e+00, -1.74595711e+00]]), array([[-1.4758812 ,  1.42376776],
       [ 1.41926133,  2.44463006],
       [ 1.08613452, -2.31082242],
       [-0.40700131,  2.40968635],
       [ 0.81679273,  1.31074013],
       [ 0.24785485, -0.58257773]])], [array([-0.32135227,  1.59706848,  2.28718615,  1.41854015, -0.78889983,
       -2.26974323]), array([-1.61228896, -2.36051548])]]]
[200, 9, -1, -1, 0, [[array([[ 2.03176994,  0.46484142, -0.09590369,  1.13347115,  1.68266491,
         1.69334314],
       [ 0.75763442,  1.60433456, -1.8868276 , -1.80269086,  0.33160978,
        -1.23200353],
       [-0.44237171,  1.53597097,  1.99239033,  1.30283884,  1.46205674,
         0.86233817],
       [-1.46286803,  1.98136856,  0.80521684,  1.53907123,  1.39238142,
         2.17796849],
       [ 0.62197249, -0.22413355,  1.13612754,  0.85734866, -0.52717779,
         0.48196984],
       [ 1.7147312 , -1.97992545, -2.41481667, -0.26242861, -1.47487063,
        -0.98734153]]), array([[-0.75815358,  2.36012962],
       [ 1.24124364,  1.22296903],
       [-0.2153287 , -1.19610785],
       [-1.83187539,  1.2552516 ],
       [-2.16147885, -2.3833219 ],
       [-0.26023278,  0.25833971]])], [array([ 2.24707414, -2.25521836,  0.36170157,  0.76400721,  0.70891723,
        0.33387672]), array([-0.08892533, -1.75070164])]]]
[200, 2, -1, -1, 1, [[array([[-1.1978126 , -0.41637228, -0.62329583,  0.96978109,  1.0486493 ,
         0.31646509],
       [ 1.26617391,  1.34685934,  1.27064546, -0.94014504,  1.20199632,
        -2.02796503],
       [ 1.02450159,  1.47788863, -0.18328327,  1.96138823, -1.29636993,
        -0.64810737],
       [ 0.04589257,  0.43219522, -1.17775293,  2.10622066,  0.53745396,
        -2.24880863],
       [ 1.7522008 , -1.86451736,  0.30157862,  1.87868623,  0.25159411,
         1.43279167],
       [ 0.17760978,  0.65132328, -1.44837929,  0.06161075, -0.87125753,
         2.11703404]]), array([[ 0.21561867,  0.85520815],
       [ 0.75615047,  0.66925596],
       [-0.86269745, -1.13753624],
       [-0.45871734,  1.20858635],
       [-1.22646086, -0.30204722],
       [-0.67741757, -2.14502201]])], [array([ 1.9796027 , -0.95227512, -2.0355445 , -0.96313807, -0.11631938,
        2.29844975]), array([0.0095282 , 0.21120294])]]]
[200, 1, -1, -1, 0, [[array([[-2.05674327,  2.13420772,  1.68159336,  2.07076983, -0.80474219,
         1.75925554],
       [-0.0756499 ,  1.53963673, -0.58794659, -0.79691889,  0.19511892,
        -1.82486806],
       [-0.56928245, -0.10695145,  1.03227347, -0.93234958,  1.13362545,
         0.5329164 ],
       [ 2.03106546, -1.13905806,  1.59196174,  0.53148781, -2.20336679,
        -1.63293562],
       [ 1.39862181,  1.25526447, -0.82007994, -0.25310148,  1.068962  ,
        -2.3646883 ],
       [ 0.25248244, -0.30583474,  1.60470648, -2.04814415,  2.15674565,
        -1.9877264 ]]), array([[ 0.47386711,  0.82478431],
       [-1.25693717,  0.65392795],
       [-0.24223387,  1.90177415],
       [-1.13642426, -1.56635892],
       [-0.9877379 ,  2.28400549],
       [ 1.8905621 ,  2.41999818]])], [array([-0.53854344,  1.86904553, -1.26168169,  1.22763454,  0.88697176,
       -1.62369645]), array([ 1.03066984, -1.12102236])]]]
[892308, 13, 'death']
[892458, 0, 'death']
[892658, 21, 'death']
[892808, 7, 'death']
[892958, 6, 'death']
[893108, 10, 'death']
[893258, 8, 'death']
[893458, 18, 'death']
[893659, 17, 'death']
[893808, 24, 'death']
[893958, 15, 'death']
[894108, 20, 'death']
[894258, 16, 'death']
[894409, 23, 'death']
[894558, 14, 'death']
[894708, 11, 'death']
[894858, 3, 'death']
[895008, 12, 'death']
[895159, 19, 'death']
[895358, 5, 'death']
[895508, 4, 'death']
[895709, 22, 'death']
[895858, 9, 'death']
[896009, 2, 'death']
[896159, 1, 'death']
[896259, 15, 'birth', 1, 5, 0, [[array([[-2.05674327,  2.13420772,  1.68159336,  2.07076983, -0.80474219,
         1.75925554],
       [-0.0756499 ,  2.44948974,  0.13282155, -0.79691889,  0.19511892,
        -1.82486806],
       [-0.56928245, -0.10695145,  1.03227347, -0.93234958,  1.13362545,
         2.44948974],
       [-1.65259928, -2.44948974,  1.59196174, -1.90187285, -1.25056345,
        -1.63293562],
       [ 0.39393699,  1.25526447, -0.82007994, -2.03245907,  1.068962  ,
        -2.3646883 ],
       [ 0.25248244, -0.30583474,  1.60470648, -2.44948974,  2.15674565,
        -1.9877264 ]]), array([[ 1.41421356,  0.82478431],
       [-1.25693717,  0.65392795],
       [-0.24223387,  1.41421356],
       [-1.13642426, -1.41421356],
       [-0.9877379 ,  1.41421356],
       [ 1.41421356, -1.35097015]])], [array([-2.33050877, -2.18830984,  1.30804427, -0.15465151, -0.44401686,
       -0.05495989]), array([ 0.4225876 , -0.76360002])]]]
[896259, 0, 'birth', 4, 0, 0, [[array([[ 0.96512095,  1.73825979,  1.74253098, -0.53398858, -1.9074733 ,
        -0.47485147],
       [-1.41014023, -1.49406891, -2.38159706,  1.66008901, -0.16758562,
        -0.99222497],
       [-2.41282542,  0.51252001, -1.03452128,  2.44948974,  1.99955867,
        -1.15695974],
       [-0.14861009,  1.9284795 ,  0.8241384 ,  1.42985555, -0.70961228,
         2.17359247],
       [-0.71377125,  1.2792471 , -1.77727837, -1.21982791, -2.00855396,
         1.71862145],
       [-0.04195047, -2.11768312,  1.61320768,  0.09628673, -1.12826758,
         2.02811599]]), array([[ 1.41421356,  1.41421356],
       [-1.41421356, -0.5293065 ],
       [ 0.07605431, -0.4463217 ],
       [ 1.41421356,  1.41421356],
       [-1.41421356,  0.46714408],
       [-1.41421356,  0.27785809]])], [array([-0.84366648,  2.44948974, -0.72916274, -0.84831454,  0.9714603 ,
       -2.16183173]), array([ 1.41421356, -1.41421356])]]]
[896259, 21, 'birth', 4, 11, 0, [[array([[-2.44948974,  1.73825979,  1.74253098, -0.53398858, -1.9074733 ,
        -0.47485147],
       [-1.41014023, -1.49406891, -2.38159706,  2.38531232,  0.14098776,
        -0.99222497],
       [-2.44948974,  0.79634542, -1.03452128,  2.37092534, -1.85960725,
         0.82001064],
       [-1.02143368,  1.90757711, -2.39688907,  0.68148156,  1.49905014,
         2.12827222],
       [-0.48431077, -0.39754415,  1.11948013, -1.81140392, -1.52514738,
         1.08148666],
       [-0.45381535,  0.11358632, -0.20247624,  0.16466572, -0.52557423,
        -0.07708477]]), array([[ 0.34003842, -1.41421356],
       [ 0.99285357,  0.88849921],
       [-1.41421356, -1.41421356],
       [-1.41421356, -1.41421356],
       [ 1.41421356,  1.41421356],
       [ 1.41421356, -0.40539984]])], [array([ 1.38228946, -0.09584288,  2.27852624,  2.26939419,  2.04757143,
        0.54649051]), array([0.83716809, 1.05261163])]]]
[896259, 8, 'birth', 8, 24, 0, [[array([[ 1.10012936,  0.98511472,  0.79332933,  0.90183387,  0.13370247,
         0.3502473 ],
       [ 0.42851287,  0.37046681,  2.32981395, -2.18439816,  1.71482998,
         1.29204928],
       [-2.18381604, -1.07799572,  0.85953384, -2.351702  ,  2.44948974,
        -0.90540614],
       [ 1.7494741 , -1.60562779, -1.5202385 ,  2.44948974, -0.56283399,
        -1.63592949],
       [ 1.50339665, -1.67718958, -2.44948974, -0.8760115 ,  2.44948974,
        -1.28034699],
       [ 2.29957457, -0.45225101,  2.44948974, -1.47243248,  2.21902747,
        -2.07114599]]), array([[ 1.41421356, -1.17026616],
       [ 0.32513306,  1.41421356],
       [ 0.52591508,  1.41421356],
       [-0.62521027,  0.31543543],
       [-1.41421356,  1.41421356],
       [-1.41421356,  0.12573928]])], [array([ 2.39343174,  1.24290914, -2.33301937,  0.69400103, -1.8951489 ,
        2.02958162]), array([1.41421356, 1.41421356])]]]
[896259, 20, 'birth', 3, 18, 0, [[array([[-2.06520829,  2.44948974, -1.33386617, -1.30463651, -2.44948974,
         1.12967343],
       [ 2.30805308, -1.19002085,  0.18798455,  0.70900756,  1.03584761,
        -2.44948974],
       [-1.00104255, -1.22972672,  2.4137306 ,  0.28300838, -0.67491638,
         1.01058073],
       [ 0.57818132,  0.08795299,  2.00779108, -1.80200479,  1.37483306,
         1.26114562],
       [ 2.44948974,  1.79300655, -1.70261116, -2.1697713 ,  1.30805134,
        -1.08726286],
       [-0.5152122 ,  2.25647826, -0.33875496,  1.93603612, -0.030992  ,
        -2.44948974]]), array([[-0.7584811 ,  0.94037399],
       [ 0.09263542, -0.26811259],
       [-1.30747164, -1.19110874],
       [ 0.66152242, -1.41421356],
       [-0.05685417,  1.39368546],
       [ 0.44332694, -1.41421356]])], [array([ 0.20641385,  1.78929882, -0.40447981, -2.23983322, -1.88363696,
       -2.37383431]), array([-1.41421356,  0.65379823])]]]
[896259, 4, 'birth', 19, 22, 0, [[array([[ 0.34783122, -2.44948974, -1.90339925,  0.11033392, -1.67175707,
        -1.60365357],
       [-2.13063199,  0.37329904, -0.09849063,  1.70572314, -0.29275393,
         2.06241574],
       [ 0.36587806, -1.26596594,  1.13755612, -1.59312894,  0.21919799,
        -0.67391484],
       [-2.06908833,  2.44948974,  0.01169065,  0.18770297, -0.16113638,
        -2.44948974],
       [-0.09502594, -1.59446631,  0.74590257,  0.80000101, -1.36801127,
        -0.18016513],
       [-1.26076239, -1.89421908,  0.0044645 , -1.36891806,  1.94528252,
        -1.74595711]]), array([[-1.41421356,  1.41421356],
       [ 1.41421356,  1.41421356],
       [ 1.08613452, -1.41421356],
       [-0.40700131,  1.41421356],
       [ 0.81679273,  0.98573624],
       [ 0.24785485, -0.58257773]])], [array([-0.32135227,  1.59706848,  2.28718615,  1.41854015, -0.78889983,
       -2.26974323]), array([-1.41421356, -1.41421356])]]]
[1113511, 15, 'death']
[1113661, 0, 'death']
[1113811, 21, 'death']
[1113961, 8, 'death']
[1114111, 20, 'death']
[1114261, 4, 'death']
[1114411, 'Extinction!']
