[time, indiv, parent1, parent2, gender, brain]
[200, 7, -1, -1, 0, [[array([[ 0.8416927 , -0.26226513,  0.53923356, -1.21755068,  0.35762714,
         1.52532461],
       [ 1.68643984,  0.28609319, -2.2441293 , -1.15242155,  0.44826007,
        -1.00858798],
       [ 1.81271678, -0.40228029, -1.8860496 , -1.41999992, -0.2258029 ,
        -1.16026888],
       [ 1.38518492,  0.99504116, -0.85132822,  0.66102355, -0.26052771,
        -1.92629987],
       [-1.12700881, -0.79060757, -2.2628588 , -0.39707607,  1.58402355,
         0.69498598],
       [ 2.36538922,  2.36781217,  1.89778776, -0.99074157,  2.23743105,
         0.02159936]]), array([[ 0.39265497, -0.05404797],
       [-0.58024569,  1.11566249],
       [ 2.33564953, -0.07252487],
       [ 0.0688999 , -1.73831504],
       [ 1.43975591, -0.99695267],
       [-0.13226964,  1.98105882]])], [array([-0.58849607, -2.42116203, -1.66110501, -0.56937712,  1.30033154,
       -1.65438462]), array([-0.98479592,  0.56273023])]]]
[200, 10, -1, -1, 1, [[array([[ 1.09294476, -1.62955802,  1.10609698, -0.94633953, -2.37634912,
         0.8121253 ],
       [ 2.11404762, -1.85028658, -0.84198484,  1.43087237, -1.89522099,
        -1.48864572],
       [-2.31593827,  1.81090286, -1.47141641, -2.33055067,  1.73516006,
         0.37534227],
       [-1.07580254, -1.22903483, -0.73460785,  2.38120233, -0.99484347,
        -0.43990994],
       [ 2.19087194, -1.96383381, -2.25354421, -0.20689677, -1.35738914,
         2.02671374],
       [ 0.72663299,  1.27416417,  1.84428401,  1.79161202,  0.20669704,
        -1.22317901]]), array([[ 0.81933158,  1.09346041],
       [ 0.23032486, -0.26535758],
       [ 1.36149503,  1.19576668],
       [ 2.09413388,  0.27501079],
       [ 1.48704113, -1.69554601],
       [-0.72789658, -1.04009003]])], [array([-2.09728712, -2.15507655,  0.63789512,  2.02786451,  0.65937512,
        0.05685662]), array([ 1.39595797, -0.26355549])]]]
[200, 19, -1, -1, 0, [[array([[ 0.66767558, -0.62393089, -0.50456962, -1.10174856,  0.93570995,
        -1.96697112],
       [-0.79425486, -0.69992369, -2.14816394, -0.90700296,  2.04224394,
        -0.77455731],
       [ 0.65768862,  2.33638901, -1.67976473, -1.30994328,  0.81775984,
        -1.5691944 ],
       [-0.87280245,  2.0704201 ,  1.61501346,  0.72356398, -0.51986879,
         1.68455994],
       [-1.99011353, -0.48097446,  0.90267649,  1.07372915, -1.48491436,
         0.10116757],
       [-1.9382654 , -1.500573  , -1.13154522, -1.5689059 ,  1.00590862,
        -1.24612771]]), array([[ 0.88037871,  2.14795338],
       [ 1.00747482, -0.04207574],
       [-0.14095484,  2.28312351],
       [-0.80588077,  2.22748352],
       [ 1.50414937, -1.20349526],
       [ 1.5771701 , -2.15712522]])], [array([-2.00013362,  1.878859  ,  0.91421201, -0.29032932, -0.46631602,
        1.60736652]), array([1.40149854, 1.29369684])]]]
[200, 12, -1, -1, 1, [[array([[-2.25815744,  0.61360502,  0.12752234,  1.40086055, -1.47951712,
         1.30428513],
       [ 0.75852001, -0.19182638, -2.34689464, -2.22652432, -1.92442755,
        -0.04180845],
       [ 0.54663045,  1.06678275, -0.51101879,  0.1788071 ,  0.02287079,
        -1.9249352 ],
       [-0.95755712, -0.31125955,  0.72568643, -2.13658542, -0.50553813,
         2.25619969],
       [-1.45076194,  1.08258491,  1.69858883, -1.71658342,  1.0995399 ,
        -0.80529672],
       [-0.3797714 , -1.78716407,  2.24625638,  1.04297094,  1.41655188,
         1.07564759]]), array([[-2.42565612,  2.40897734],
       [-1.14455709,  0.9522248 ],
       [-1.18515945,  1.13036756],
       [-1.3883132 ,  0.64465847],
       [ 1.51332493, -2.18341903],
       [ 0.64903496,  0.88554459]])], [array([ 0.70435813,  2.01725892, -1.69857784, -0.48476719, -1.51542227,
        2.43011826]), array([-0.44543779,  2.10845315])]]]
[200, 18, -1, -1, 0, [[array([[ 1.0449314 , -0.85615886,  1.11505998,  0.20806429, -1.53836419,
         1.84073458],
       [-0.56092122, -2.01573498, -0.2679035 ,  0.26541419, -0.06780057,
         1.98387067],
       [ 1.55920497, -0.83816052, -2.20954767, -1.21880643, -1.98886684,
        -1.81006282],
       [ 0.80568686,  0.51540939, -0.27257327,  1.85858339, -0.08748506,
         1.63069747],
       [-1.24969962, -1.83650708,  1.59634399,  1.81126116, -1.78003568,
         0.13758813],
       [ 0.54803622,  1.93465675,  0.54342768, -1.0731344 , -1.60445212,
         1.05330711]]), array([[-1.25399446,  0.62226996],
       [-0.30150227,  2.04245623],
       [-1.55972877, -1.74712847],
       [-0.78433981,  0.47320621],
       [-2.29194313,  0.40269175],
       [ 1.40798433, -1.09677336]])], [array([ 1.49297248, -0.02320854,  0.85333496,  0.1636109 ,  2.00599768,
        0.2263842 ]), array([0.03705157, 0.80120961])]]]
[200, 14, -1, -1, 1, [[array([[-1.2905832 , -0.99129259, -2.42428034,  0.4484639 ,  1.36131184,
         1.41909035],
       [-2.01384412,  0.00339222,  1.13742254,  1.19474366, -0.29571378,
         0.07286121],
       [ 2.3398815 , -2.02604373, -0.78598277, -1.76180855,  1.94301215,
         1.388048  ],
       [-0.00722063, -1.32984885,  0.30820399, -0.23085482, -2.37733039,
         1.86842262],
       [-0.67216272, -0.13298465, -1.2079484 , -2.30794423,  2.37623205,
         1.96846893],
       [ 1.32992411,  0.08199894,  1.27941286,  1.53958118,  0.44682673,
        -0.86849828]]), array([[ 2.36284996, -1.35531597],
       [ 1.05404651,  1.27037745],
       [-1.37417012, -0.3314201 ],
       [ 2.16750076,  0.68045125],
       [ 0.68873645,  1.74720482],
       [ 1.62279623,  1.48699911]])], [array([ 1.92201402,  0.26246165, -0.80391237, -1.28948902,  2.1041814 ,
       -0.52514355]), array([ 0.63975678, -1.65255351])]]]
[200, 21, -1, -1, 0, [[array([[ 1.7857686 , -0.72741363, -2.01272948, -2.16894707,  0.67515332,
         0.24861566],
       [ 0.22731088,  0.30419162, -1.73908405,  2.01096198, -2.40202119,
         0.46979777],
       [ 0.65216211,  1.47596445, -0.66749547, -2.08258202, -0.64071245,
         1.72315398],
       [-1.45122878,  1.0153364 , -0.08492979, -1.16409574, -2.15608627,
         0.42061201],
       [-0.28901423,  0.02839185,  0.89744618,  0.52426073,  1.52827765,
         0.71575164],
       [ 2.1809286 , -1.9086288 ,  2.25637864, -1.62599556,  0.0372495 ,
        -0.55358425]]), array([[ 1.084825  ,  1.56164691],
       [ 1.9883813 ,  1.6107303 ],
       [-0.64493902, -0.25225624],
       [-2.23970286, -1.61773158],
       [-2.28070596,  2.13161085],
       [-1.07260791,  1.51249299]])], [array([ 1.57658479, -0.50137319, -0.91670524,  0.87006107,  1.50634939,
       -2.35142051]), array([-1.36840193,  0.07933055])]]]
[200, 22, -1, -1, 1, [[array([[ 1.48892659,  1.99119558, -2.3864382 , -1.46727176, -1.40462362,
         1.40846956],
       [ 1.36636724,  0.56042644,  1.37316643, -2.03385773,  0.58545392,
         2.06432156],
       [-1.68380483, -0.25601734, -1.60477846,  2.31406584,  1.96291989,
         0.74705793],
       [ 0.97406614, -2.43660406, -1.64113752,  1.95702879,  2.11626735,
        -0.35552234],
       [-2.1305508 , -0.94514009,  1.21918781, -2.04582318, -0.64551463,
        -2.41315732],
       [-1.36188657, -1.28826263,  1.63283163,  1.57598775,  0.87815226,
         1.8148821 ]]), array([[ 1.3371794 ,  0.66368247],
       [ 1.13599777,  1.83542211],
       [-1.34681701,  2.0098531 ],
       [-1.02244099, -1.53485125],
       [ 2.11647965,  0.92839184],
       [-1.66606393, -0.05100122]])], [array([ 0.7736871 ,  1.25003444, -1.15540464,  2.40359762,  2.16371391,
       -1.38769419]), array([-1.45594999,  1.3419991 ])]]]
[200, 11, -1, -1, 0, [[array([[-1.59636596,  0.78683316, -1.6902822 , -0.60745763, -1.06444386,
        -0.22092913],
       [ 1.94305791,  2.40561344, -0.44197685, -0.28004425, -0.36399973,
         0.12146467],
       [-0.56953898,  1.40037349, -1.46057469, -2.4350716 ,  1.8408541 ,
        -1.57495014],
       [-2.07053591, -0.99248175, -2.21807475,  0.88028693, -1.46231711,
         0.17360614],
       [-1.62213888, -0.9459568 ,  1.32632683,  1.45949864,  0.4872662 ,
         1.869946  ],
       [-0.88742947, -1.33756752,  0.78615319,  0.3268594 , -1.5542456 ,
         2.13781792]]), array([[-1.1255138 ,  1.37843394],
       [-0.66406657,  0.78685731],
       [-0.95238969,  2.15932618],
       [-0.08973703, -1.31946481],
       [-1.74952797, -2.16644544],
       [ 1.852829  ,  0.37339592]])], [array([ 1.60720516, -1.09155527, -1.23735454,  0.95241597,  0.88512038,
        1.3687769 ]), array([2.08311001, 0.75497256])]]]
[200, 2, -1, -1, 1, [[array([[ 1.61649278, -2.29993935, -0.84370706,  0.82630625,  1.15742256,
        -2.25811854],
       [ 1.83590804,  0.74481027, -2.13204753,  0.29100136, -0.96785379,
         2.12421999],
       [-0.83602273, -0.76189837, -0.52496121,  0.71396403, -1.459228  ,
         1.17857141],
       [ 0.52269392, -2.275074  , -1.03892935, -1.07137691, -1.56849908,
        -2.28787834],
       [ 0.91595651,  1.73605183, -0.71106108,  1.74267867, -0.92602384,
         1.97129049],
       [-1.26523776,  0.86100552, -1.71492632,  0.71118762, -2.28277077,
         0.58898671]]), array([[ 0.77128691, -1.45168113],
       [ 0.03716539,  1.33463631],
       [ 2.05309857,  0.19549937],
       [-1.35088212,  1.84459988],
       [ 0.60632056,  2.1059492 ],
       [ 1.03425055, -1.39837713]])], [array([ 0.36391746,  1.83173309,  2.20471361,  0.42137928,  2.06531579,
       -1.83166007]), array([-0.37600553,  0.36950258])]]]
[200, 20, -1, -1, 0, [[array([[-1.94421654, -0.30123185,  1.45003659, -1.35085355, -0.53281726,
        -1.89538106],
       [ 1.04659558, -1.52771261,  1.04976295, -1.80730149, -1.59778173,
        -2.4307101 ],
       [-0.19248609, -0.26425965, -0.27951352, -2.04639494,  0.50627655,
         1.92663024],
       [-2.37208321, -1.58771845,  0.98795714, -1.88954404, -0.43780918,
        -1.52638185],
       [-0.663371  , -0.6369396 , -0.07946255,  1.92753033, -0.68747546,
        -1.12356599],
       [ 1.98418308,  0.89508959,  0.85958476, -1.16592059, -1.4975496 ,
        -1.5477479 ]]), array([[ 0.23426353, -0.88117864],
       [-1.73300263, -1.93663135],
       [ 1.59894752,  1.03222974],
       [ 0.06899467,  1.99505982],
       [ 0.16308549, -0.76175658],
       [ 1.09046986,  2.26548496]])], [array([ 0.57571961, -1.37773504, -2.29498156, -0.42878424, -1.30747408,
       -0.71651991]), array([1.7133226 , 2.33825551])]]]
[200, 17, -1, -1, 1, [[array([[-1.77568648e+00,  1.73050531e+00, -1.27231160e+00,
        -2.35551868e+00, -1.73541703e+00,  1.14459086e+00],
       [-2.11721719e+00, -1.25450946e+00,  1.30074469e+00,
        -1.23292559e+00, -3.17776223e-01,  1.78100571e+00],
       [ 1.84655846e+00,  5.04329418e-01,  2.39337990e+00,
        -1.50556776e-01,  1.50236869e+00,  1.36276383e+00],
       [ 1.26265910e+00, -5.32056617e-01,  1.48897189e+00,
        -1.09754175e+00,  1.98773912e+00, -2.32081231e+00],
       [ 9.66846950e-01,  1.18322349e-01, -1.84472142e+00,
         2.44163347e+00, -2.95378497e-01, -2.68593900e-01],
       [ 1.23835941e-03,  1.90838395e+00,  1.61465944e+00,
        -7.05960020e-01,  2.25907442e+00,  1.63840393e+00]]), array([[ 2.05378665, -0.73761057],
       [-1.33919645, -0.50102168],
       [ 1.32319204,  0.80488562],
       [ 2.09874397, -0.28439181],
       [ 1.78207371,  0.18464568],
       [ 1.35884006,  0.27301209]])], [array([-1.19480547, -2.18222101, -1.06807469, -1.02119146,  2.09374468,
        0.12508195]), array([ 2.08863183, -0.77644315])]]]
[200, 1, -1, -1, 0, [[array([[ 2.27170849, -0.8740852 , -0.69570831, -0.07266095,  1.63599153,
        -1.95962663],
       [ 0.96931424, -0.06970519, -0.20529837, -0.67180334,  2.17965546,
        -1.37746747],
       [ 1.00314918,  1.31703138,  0.72400366, -0.15809489, -1.25299389,
        -0.21709216],
       [-2.04287242, -1.71833931,  1.15945428, -0.89023126, -1.8041089 ,
         1.19077055],
       [-0.93269278,  1.57612669, -0.79044122,  1.20310821, -1.31284901,
        -0.17357706],
       [ 2.37495696,  0.13804782, -0.52927023,  1.8247881 , -2.22392417,
        -0.35124604]]), array([[-2.33898755, -0.90376391],
       [-2.14904904,  0.43470217],
       [-1.39082188,  2.09629187],
       [ 0.05507456, -0.9891956 ],
       [ 1.89263714, -0.60573353],
       [ 0.63473213, -0.15210782]])], [array([-1.57922758,  0.53341048,  1.49493659,  2.36895823, -0.26055972,
       -0.00572035]), array([ 0.11832929, -2.18139825])]]]
[200, 24, -1, -1, 1, [[array([[-0.5419888 , -1.99991236, -2.14861536, -2.4388179 ,  2.23800203,
        -1.22735262],
       [-1.00308355, -1.73710563, -2.18833556, -1.4057467 ,  2.02100539,
         0.25324072],
       [-0.58521518, -1.64550866,  0.62374058,  1.19924148, -2.25544466,
        -1.96159151],
       [-1.91161048,  0.85807218, -2.10267423,  0.44673649,  1.58529491,
         1.30313465],
       [ 1.87304321, -1.75202012,  1.05154395,  0.48957913,  0.09235019,
         0.11713267],
       [-1.84679648,  2.14407846, -0.86423664, -2.11430119,  0.32680883,
        -1.75625816]]), array([[ 0.71045741, -0.98415892],
       [-0.90371103, -0.30476894],
       [-1.99993796, -1.71206162],
       [-0.47833234,  0.71300934],
       [-0.29509081, -0.69233109],
       [ 1.63276918,  2.4202692 ]])], [array([ 0.76337546,  0.55638241, -1.52919429, -1.199753  ,  0.24296278,
        0.28732639]), array([1.27979885, 1.64004334])]]]
[200, 13, -1, -1, 0, [[array([[ 0.83796672, -2.20937843, -2.04373846,  2.40627013,  1.06248318,
        -0.04767296],
       [-0.66907349,  1.95991235, -1.78478561, -1.74694264, -0.86986432,
        -2.19903855],
       [ 2.44948592,  0.37092206,  1.50124543,  1.96134799,  2.00965026,
        -1.53161701],
       [ 1.92614386,  0.24046388,  1.95807026,  2.36166323, -1.84873116,
        -0.0192366 ],
       [ 0.65941538,  1.90998851,  1.8995696 ,  1.88885402,  2.04999821,
         0.11191057],
       [ 0.99756938, -0.54864378,  0.65977955, -1.53157781, -0.60195139,
        -0.60165015]]), array([[-2.29611758,  0.37344607],
       [-1.94202353,  0.3123062 ],
       [-2.38854254,  1.79283024],
       [ 0.87999967,  0.22459984],
       [ 0.68946034,  0.37950055],
       [-1.15468356,  0.72419024]])], [array([ 0.11922651,  0.78000592,  1.26905564,  0.47256249, -1.70153928,
       -0.02286023]), array([1.20376577, 0.0176608 ])]]]
[99150, 0, 'birth', 21, 24, 0, [[array([[ 2.44948974, -0.72741363, -2.01272948,  0.5212868 ,  0.67515332,
         0.24861566],
       [ 0.22731088,  0.30419162, -1.73908405,  2.01096198, -2.40202119,
         0.46979777],
       [ 0.65216211,  1.47596445, -2.44948974, -2.08258202, -0.64071245,
         1.72315398],
       [-2.44948974,  1.0153364 , -0.08492979,  1.51057178, -2.15608627,
         0.42061201],
       [-0.28901423, -1.75202012,  1.05154395,  0.48957913,  0.09235019,
         0.11713267],
       [-1.84679648,  2.44948974, -0.86423664, -2.11430119,  0.32680883,
        -2.12455044]]), array([[ 0.71045741, -0.98415892],
       [-0.90371103, -0.30476894],
       [-1.41421356, -1.41421356],
       [-0.47833234,  0.71300934],
       [-0.17238273, -1.41421356],
       [ 1.41421356,  1.41421356]])], [array([ 0.49269168,  0.55638241, -2.44948974, -2.44948974,  0.24296278,
        0.28732639]), array([1.27979885, 1.41421356])]]]
[182501, 3, 'birth', 20, 14, 1, [[array([[-2.44948974, -0.30123185,  1.45003659, -1.35085355, -0.53281726,
        -1.89538106],
       [ 1.04659558, -1.52771261,  1.04976295, -1.80730149, -1.59778173,
        -0.40742365],
       [-0.19248609, -0.26425965,  0.913241  , -2.04639494,  0.50627655,
         1.92663024],
       [-0.00722063, -1.32984885,  0.30820399,  1.76256676, -2.37733039,
         1.86842262],
       [-0.67216272, -0.13298465, -1.2079484 , -2.30794423,  2.37623205,
         1.96846893],
       [ 1.76689119,  0.08199894,  1.27941286,  1.53958118, -2.00186145,
        -0.86849828]]), array([[ 1.41421356, -1.35531597],
       [ 1.05404651,  1.27037745],
       [-1.41421356,  0.50703874],
       [ 1.41421356, -1.38020077],
       [ 0.05602594,  1.41421356],
       [ 1.41421356,  1.41421356]])], [array([ 1.92201402,  0.26246165,  0.13110285, -1.28948902,  2.1041814 ,
       -0.52514355]), array([ 0.63975678, -1.41421356])]]]
[324253, 6, 'birth', 7, 14, 1, [[array([[ 0.95222024, -0.26226513,  0.53923356,  0.72357054,  0.35762714,
         1.52532461],
       [ 2.44948974,  0.28609319, -2.2441293 , -1.15242155,  0.59843659,
        -1.00858798],
       [ 1.81271678, -0.40228029, -1.8860496 , -0.14674384, -0.2258029 ,
        -1.16026888],
       [ 1.38518492,  2.43552075, -0.85132822, -0.78702575, -0.26052771,
        -1.92629987],
       [-1.12700881, -0.79060757, -2.2628588 , -0.39707607,  1.58402355,
         0.69498598],
       [ 1.8194982 ,  2.36781217,  1.89778776, -0.99074157,  2.23743105,
         0.02159936]]), array([[ 0.39265497,  1.12260743],
       [-1.41421356,  1.11566249],
       [ 1.41421356, -0.07252487],
       [ 0.0688999 , -1.41421356],
       [ 1.41421356, -0.99695267],
       [-0.13226964,  1.41421356]])], [array([ 1.92201402, -0.8852093 , -0.80391237, -1.28948902,  2.1041814 ,
       -0.52514355]), array([ 0.63975678, -0.72055817])]]]
[524755, 4, 'birth', 13, 6, 0, [[array([[ 0.21758483, -2.20937843, -2.04373846,  2.40627013,  1.06248318,
        -0.04767296],
       [ 2.44948974,  1.95991235, -1.78478561, -1.74694264, -0.86986432,
        -2.44948974],
       [ 2.44948974,  0.87420786,  1.50124543, -1.424707  ,  2.00965026,
        -1.05378966],
       [ 1.92614386, -1.20648879,  1.95807026,  2.36166323, -1.84873116,
        -2.39447253],
       [ 0.65941538,  2.44948974,  1.8995696 ,  1.88885402,  0.17775502,
         0.11191057],
       [ 0.99756938, -1.14757085,  0.65977955, -1.53157781, -0.60195139,
        -0.60165015]]), array([[-1.41421356,  0.37344607],
       [-1.41421356,  1.11566249],
       [ 0.47121431, -0.07252487],
       [ 0.0688999 ,  0.07205466],
       [ 1.41421356, -0.99695267],
       [-0.13226964,  1.41421356]])], [array([ 1.92201402, -0.8852093 , -0.80391237, -1.28948902,  2.1041814 ,
       -0.52514355]), array([ 0.63975678, -0.72055817])]]]
[650156, 7, 'death']
[650456, 10, 'death']
[650756, 19, 'death']
[651056, 12, 'death']
[651356, 18, 'death']
[651656, 14, 'death']
[651956, 21, 'death']
[652256, 22, 'death']
[652556, 11, 'death']
[652856, 2, 'death']
[653156, 20, 'death']
[653406, 17, 'death']
[653706, 1, 'death']
[654006, 24, 'death']
[654256, 13, 'death']
[680356, 0, 'death']
[697457, 3, 'death']
[711157, 6, 'death']
[711557, 4, 'death']
[711557, 'Extinction!']
