[time, indiv, gender, coords]
[12200, 'popsize', 15, 'queuesize', 0]
[13800, 7, 0, [4.4622063636779785, -1.276779055595398]]
[13800, 19, 0, [8.730378150939941, -3.763479709625244]]
[13800, 18, 0, [3.734961986541748, -3.7456772327423096]]
[13800, 21, 0, [5.614853382110596, -8.7060546875]]
[13800, 11, 0, [6.251817226409912, -1.2259581089019775]]
[13800, 20, 0, [8.705094337463379, -6.210514545440674]]
[13800, 1, 0, [11.5928955078125, -11.238040924072266]]
[13800, 13, 0, [3.709780216217041, -11.204339981079102]]
[13800, 10, 1, [1.2629889249801636, -6.204756736755371]]
[13800, 12, 1, [10.561591148376465, -8.71479320526123]]
[13800, 14, 1, [1.4375778436660767, -3.890794277191162]]
[13800, 22, 1, [3.127751111984253, -6.207871913909912]]
[13800, 2, 1, [0.6497806906700134, -11.21753978729248]]
[13800, 17, 1, [3.4082095623016357, -8.658995628356934]]
[13800, 24, 1, [5.704689025878906, -6.212244987487793]]
[24500, 'popsize', 15, 'queuesize', 0]
[26100, 7, 0, [5.405276775360107, -1.4695838689804077]]
[26100, 19, 0, [8.756098747253418, -3.753871440887451]]
[26100, 18, 0, [3.756241798400879, -3.7323293685913086]]
[26100, 21, 0, [4.607549667358398, -8.460798263549805]]
[26100, 11, 0, [6.246419906616211, -1.207767367362976]]
[26100, 20, 0, [8.75456714630127, -6.200134754180908]]
[26100, 1, 0, [11.451319694519043, -11.390278816223145]]
[26100, 13, 0, [3.7671210765838623, -11.211612701416016]]
[26100, 10, 1, [1.1945693492889404, -6.209700584411621]]
[26100, 12, 1, [9.55685806274414, -8.482569694519043]]
[26100, 14, 1, [2.1720027923583984, -4.619379997253418]]
[26100, 22, 1, [2.1250669956207275, -5.967423439025879]]
[26100, 2, 1, [0.12333182990550995, -11.127250671386719]]
[26100, 17, 1, [3.4273698329925537, -8.674897193908691]]
[26100, 24, 1, [5.283534526824951, -6.119551181793213]]
[36800, 'popsize', 15, 'queuesize', 0]
[38400, 7, 0, [6.301793575286865, -1.825477957725525]]
[38400, 19, 0, [8.76370620727539, -3.7400097846984863]]
[38400, 18, 0, [3.762213945388794, -3.713463068008423]]
[38400, 21, 0, [3.6693270206451416, -8.027114868164062]]
[38400, 11, 0, [6.242249488830566, -1.1896134614944458]]
[38400, 20, 0, [8.786996841430664, -6.151073455810547]]
[38400, 1, 0, [11.546372413635254, -11.574519157409668]]
[38400, 13, 0, [3.745727062225342, -11.232026100158691]]
[38400, 10, 1, [1.229836106300354, -6.144031524658203]]
[38400, 12, 1, [8.638723373413086, -8.024867057800293]]
[38400, 14, 1, [2.722788095474243, -5.488574504852295]]
[38400, 22, 1, [1.855010986328125, -5.689654350280762]]
[38400, 2, 1, [0.12333699315786362, -11.118990898132324]]
[38400, 17, 1, [3.4353976249694824, -8.694571495056152]]
[38400, 24, 1, [4.891764163970947, -6.34253454208374]]
[48950, 'popsize', 15, 'queuesize', 0]
[50550, 7, 0, [6.479058265686035, -1.8851629495620728]]
[50550, 19, 0, [8.816617965698242, -3.4083476066589355]]
[50550, 18, 0, [3.7525696754455566, -3.731137752532959]]
[50550, 21, 0, [2.848682165145874, -7.417246341705322]]
[50550, 11, 0, [6.2128167152404785, -1.1812682151794434]]
[50550, 20, 0, [8.757086753845215, -6.208375453948975]]
[50550, 1, 0, [11.750459671020508, -11.545345306396484]]
[50550, 13, 0, [3.7518510818481445, -11.251821517944336]]
[50550, 10, 1, [1.28078031539917, -6.186455249786377]]
[50550, 12, 1, [7.857551097869873, -7.37105131149292]]
[50550, 14, 1, [3.0535054206848145, -6.445481777191162]]
[50550, 22, 1, [2.232368230819702, -5.895732879638672]]
[50550, 2, 1, [0.12333204597234726, -11.114776611328125]]
[50550, 17, 1, [3.4406213760375977, -8.715639114379883]]
[50550, 24, 1, [4.325418472290039, -6.312865734100342]]
[61150, 'popsize', 15, 'queuesize', 0]
[62750, 7, 0, [6.351383209228516, -1.741142749786377]]
[62750, 19, 0, [8.689038276672363, -2.9289116859436035]]
[62750, 18, 0, [3.0339975357055664, -3.5318965911865234]]
[62750, 21, 0, [2.1795499324798584, -6.647315979003906]]
[62750, 11, 0, [6.190967082977295, -1.1917567253112793]]
[62750, 20, 0, [8.732625007629395, -6.1957688331604]]
[62750, 1, 0, [11.83871078491211, -11.509821891784668]]
[62750, 13, 0, [3.7266194820404053, -11.235345840454102]]
[62750, 10, 1, [1.267892599105835, -6.107912540435791]]
[62750, 12, 1, [7.672083377838135, -7.165974140167236]]
[62750, 14, 1, [3.1589295864105225, -7.462782382965088]]
[62750, 22, 1, [2.2278337478637695, -5.882335186004639]]
[62750, 2, 1, [0.12333004176616669, -11.111078262329102]]
[62750, 17, 1, [3.4332568645477295, -9.068325996398926]]
[62750, 24, 1, [3.795881509780884, -6.337924957275391]]
[73250, 'popsize', 15, 'queuesize', 0]
[74850, 7, 0, [6.143752098083496, -1.5325706005096436]]
[74850, 19, 0, [8.329005241394043, -2.326580286026001]]
[74850, 18, 0, [2.0698227882385254, -3.325639009475708]]
[74850, 21, 0, [2.2983269691467285, -6.526289939880371]]
[74850, 11, 0, [6.201400279998779, -1.2129470109939575]]
[74850, 20, 0, [8.733390808105469, -6.116908550262451]]
[74850, 1, 0, [12.043867111206055, -12.27401351928711]]
[74850, 13, 0, [3.726249933242798, -11.20283031463623]]
[74850, 10, 1, [1.2770143747329712, -6.128626346588135]]
[74850, 12, 1, [7.77359676361084, -6.760063171386719]]
[74850, 14, 1, [3.063270330429077, -8.473421096801758]]
[74850, 22, 1, [2.77392315864563, -6.213685035705566]]
[74850, 2, 1, [0.12333784997463226, -11.103212356567383]]
[74850, 17, 1, [3.4158856868743896, -9.126429557800293]]
[74850, 24, 1, [3.5343759059906006, -6.691154479980469]]
[85350, 'popsize', 15, 'queuesize', 0]
[86900, 7, 0, [6.125296115875244, -1.6044312715530396]]
[86900, 19, 0, [8.316756248474121, -2.3868963718414307]]
[86900, 18, 0, [1.880191683769226, -3.335793972015381]]
[86900, 21, 0, [3.030439853668213, -7.222855567932129]]
[86900, 11, 0, [6.233493328094482, -1.2375671863555908]]
[86900, 20, 0, [8.625715255737305, -6.025242328643799]]
[86900, 1, 0, [11.862645149230957, -12.181963920593262]]
[86900, 13, 0, [3.787317991256714, -11.197429656982422]]
[86900, 10, 1, [1.2141557931900024, -6.137810707092285]]
[86900, 12, 1, [7.766779899597168, -6.0453200340271]]
[86900, 14, 1, [3.1909244060516357, -8.901346206665039]]
[86900, 22, 1, [3.5564889907836914, -6.8587327003479]]
[86900, 2, 1, [0.12333454936742783, -11.099931716918945]]
[86900, 17, 1, [3.878565549850464, -9.264738082885742]]
[86900, 24, 1, [3.4374096393585205, -7.2199320793151855]]
[97400, 'popsize', 15, 'queuesize', 0]
[99000, 7, 0, [6.101189136505127, -1.684969425201416]]
[99000, 19, 0, [8.273232460021973, -2.0601465702056885]]
[99000, 18, 0, [1.90723717212677, -3.3381545543670654]]
[99000, 21, 0, [3.2363786697387695, -7.772923469543457]]
[99000, 11, 0, [6.318888187408447, -1.265451431274414]]
[99000, 20, 0, [8.406615257263184, -5.837185859680176]]
[99000, 1, 0, [11.720723152160645, -12.327290534973145]]
[99000, 13, 0, [3.732053279876709, -11.117444038391113]]
[99000, 10, 1, [1.231384515762329, -6.0652174949646]]
[99000, 12, 1, [7.972175598144531, -5.050936222076416]]
[99000, 14, 1, [3.958324432373047, -9.536674499511719]]
[99000, 22, 1, [3.460151433944702, -7.238396644592285]]
[99000, 2, 1, [0.12333118915557861, -11.09177303314209]]
[99000, 17, 1, [4.142337322235107, -9.574275016784668]]
[99000, 24, 1, [3.0478529930114746, -7.856462478637695]]
[110351, 'popsize', 16, 'queuesize', 0]
[112051, 7, 0, [6.274608135223389, -1.1852794885635376]]
[112051, 19, 0, [8.042973518371582, -1.5259206295013428]]
[112051, 18, 0, [1.9168436527252197, -3.3434972763061523]]
[112051, 21, 0, [3.3226282596588135, -7.658760070800781]]
[112051, 11, 0, [6.4434003829956055, -1.253792405128479]]
[112051, 20, 0, [8.412881851196289, -5.782395839691162]]
[112051, 1, 0, [11.73314094543457, -12.375875473022461]]
[112051, 13, 0, [3.611898422241211, -10.65295696258545]]
[112051, 0, 0, [10.6646146774292, -1.2126587629318237]]
[112051, 10, 1, [1.25321364402771, -6.0979228019714355]]
[112051, 12, 1, [8.435083389282227, -4.072760105133057]]
[112051, 14, 1, [4.339832305908203, -9.62214469909668]]
[112051, 22, 1, [2.3862407207489014, -7.086270809173584]]
[112051, 2, 1, [0.123331218957901, -11.085006713867188]]
[112051, 17, 1, [4.246860980987549, -9.389398574829102]]
[112051, 24, 1, [2.7286558151245117, -7.433420658111572]]
[123401, 'popsize', 16, 'queuesize', 0]
[125001, 7, 0, [6.369700908660889, -1.4368442296981812]]
[125001, 19, 0, [7.888567924499512, -1.359264850616455]]
[125001, 18, 0, [1.9217098951339722, -3.3352136611938477]]
[125001, 21, 0, [4.379612445831299, -7.389025688171387]]
[125001, 11, 0, [6.314867973327637, -1.602197289466858]]
[125001, 20, 0, [8.391148567199707, -5.7739973068237305]]
[125001, 1, 0, [11.748607635498047, -12.375868797302246]]
[125001, 13, 0, [3.6539297103881836, -10.664724349975586]]
[125001, 0, 0, [9.708316802978516, -0.9829103350639343]]
[125001, 10, 1, [1.3583853244781494, -6.062298774719238]]
[125001, 12, 1, [8.600117683410645, -3.821690320968628]]
[125001, 14, 1, [5.3530802726745605, -9.207341194152832]]
[125001, 22, 1, [1.5882331132888794, -6.7102556228637695]]
[125001, 2, 1, [0.12333352118730545, -11.074627876281738]]
[125001, 17, 1, [4.377015113830566, -9.315876007080078]]
[125001, 24, 1, [1.8015012741088867, -6.867021560668945]]
[136051, 'popsize', 16, 'queuesize', 0]
[137751, 7, 0, [6.654921054840088, -1.735862374305725]]
[137751, 19, 0, [7.9068217277526855, -0.9746093153953552]]
[137751, 18, 0, [1.5851601362228394, -3.253556966781616]]
[137751, 21, 0, [5.095871925354004, -7.426087856292725]]
[137751, 11, 0, [6.201374053955078, -1.5015710592269897]]
[137751, 20, 0, [8.284111976623535, -5.79202938079834]]
[137751, 1, 0, [11.766512870788574, -12.375840187072754]]
[137751, 13, 0, [3.639892578125, -10.690475463867188]]
[137751, 0, 0, [9.441117286682129, -1.4479743242263794]]
[137751, 10, 1, [1.295008659362793, -6.040360450744629]]
[137751, 12, 1, [8.610700607299805, -3.8272767066955566]]
[137751, 14, 1, [5.718085289001465, -8.869659423828125]]
[137751, 22, 1, [2.1844449043273926, -6.740593433380127]]
[137751, 2, 1, [0.12333208322525024, -11.070643424987793]]
[137751, 17, 1, [4.0384440422058105, -9.2132568359375]]
[137751, 24, 1, [1.7572405338287354, -6.750757694244385]]
[147901, 'popsize', 16, 'queuesize', 0]
[148801, 7, 0, [7.615443706512451, -1.9808871746063232]]
[148801, 19, 0, [7.950226306915283, -0.8446043133735657]]
[148801, 18, 0, [0.8354215621948242, -3.1905510425567627]]
[148801, 21, 0, [5.17144250869751, -7.818631649017334]]
[148801, 11, 0, [6.206325531005859, -1.5435389280319214]]
[148801, 20, 0, [8.004931449890137, -5.930283069610596]]
[148801, 1, 0, [11.78099536895752, -12.375858306884766]]
[148801, 13, 0, [3.6877589225769043, -10.650522232055664]]
[148801, 0, 0, [8.819620132446289, -2.1404049396514893]]
[148801, 10, 1, [1.3216552734375, -5.992866039276123]]
[148801, 12, 1, [8.608651161193848, -3.857922077178955]]
[148801, 14, 1, [6.094723701477051, -7.971660137176514]]
[148801, 22, 1, [2.1548550128936768, -6.752862453460693]]
[148801, 2, 1, [0.1233314573764801, -11.064806938171387]]
[148801, 17, 1, [4.03559684753418, -9.258590698242188]]
[148801, 24, 1, [1.7411823272705078, -6.705982208251953]]
[155401, 'popsize', 16, 'queuesize', 0]
[156751, 7, 0, [8.191702842712402, -2.237612009048462]]
[156751, 19, 0, [7.926522254943848, -0.8010111451148987]]
[156751, 18, 0, [0.8623862266540527, -3.233727216720581]]
[156751, 21, 0, [5.097033500671387, -7.390923500061035]]
[156751, 11, 0, [6.209665775299072, -1.5031678676605225]]
[156751, 20, 0, [7.997164249420166, -5.9256696701049805]]
[156751, 1, 0, [11.790486335754395, -12.375875473022461]]
[156751, 13, 0, [3.7030255794525146, -10.666532516479492]]
[156751, 0, 0, [8.631307601928711, -2.306077241897583]]
[156751, 10, 1, [1.3684929609298706, -6.03650426864624]]
[156751, 12, 1, [8.378652572631836, -4.259200572967529]]
[156751, 14, 1, [6.447049617767334, -7.437175750732422]]
[156751, 22, 1, [1.6782543659210205, -6.787220478057861]]
[156751, 2, 1, [0.12333139032125473, -11.05841064453125]]
[156751, 17, 1, [4.088046073913574, -9.31554889678955]]
[156751, 24, 1, [1.1752398014068604, -6.365054607391357]]
[167601, 'popsize', 16, 'queuesize', 0]
[169301, 7, 0, [8.397699356079102, -2.2942991256713867]]
[169301, 19, 0, [7.977682590484619, -0.8669092059135437]]
[169301, 18, 0, [0.8001063466072083, -3.234222650527954]]
[169301, 21, 0, [5.155209064483643, -6.363092422485352]]
[169301, 11, 0, [6.206416606903076, -1.5235836505889893]]
[169301, 20, 0, [8.001365661621094, -5.961352825164795]]
[169301, 1, 0, [11.805950164794922, -12.375932693481445]]
[169301, 13, 0, [3.7057650089263916, -10.671613693237305]]
[169301, 0, 0, [9.616687774658203, -1.9709340333938599]]
[169301, 10, 1, [1.3861806392669678, -6.00849723815918]]
[169301, 12, 1, [7.764523983001709, -5.082014083862305]]
[169301, 14, 1, [7.152672290802002, -6.683330535888672]]
[169301, 22, 1, [1.4781286716461182, -6.627511024475098]]
[169301, 2, 1, [0.1233302503824234, -11.053118705749512]]
[169301, 17, 1, [4.203588008880615, -9.269105911254883]]
[169301, 24, 1, [0.40108492970466614, -5.664254188537598]]
[180701, 'popsize', 16, 'queuesize', 0]
[182401, 7, 0, [7.715925693511963, -1.5326865911483765]]
[182401, 19, 0, [7.984188556671143, -0.8718034029006958]]
[182401, 18, 0, [0.83505779504776, -3.207127094268799]]
[182401, 21, 0, [5.467957973480225, -5.311239242553711]]
[182401, 11, 0, [6.206691265106201, -1.5195833444595337]]
[182401, 20, 0, [8.08929443359375, -5.944047451019287]]
[182401, 1, 0, [11.822332382202148, -12.375839233398438]]
[182401, 13, 0, [3.715916156768799, -10.620145797729492]]
[182401, 0, 0, [10.706412315368652, -1.943101167678833]]
[182401, 10, 1, [1.4244846105575562, -6.080682277679443]]
[182401, 12, 1, [6.928228855133057, -5.793936252593994]]
[182401, 14, 1, [7.976222991943359, -6.108805179595947]]
[182401, 22, 1, [1.4592787027359009, -6.391170501708984]]
[182401, 2, 1, [0.12333337962627411, -11.043108940124512]]
[182401, 17, 1, [4.425398349761963, -9.169633865356445]]
[182401, 24, 1, [0.12334692478179932, -5.326512336730957]]
[194601, 'popsize', 17, 'queuesize', 0]
[196351, 7, 0, [7.401164531707764, -1.0765626430511475]]
[196351, 19, 0, [7.972740650177002, -0.8986352682113647]]
[196351, 18, 0, [0.8569971323013306, -3.2230236530303955]]
[196351, 21, 0, [6.0428080558776855, -4.301253318786621]]
[196351, 11, 0, [6.227107524871826, -1.4910101890563965]]
[196351, 20, 0, [8.314126014709473, -5.829479694366455]]
[196351, 1, 0, [11.840606689453125, -12.375839233398438]]
[196351, 13, 0, [3.6797373294830322, -10.6345853805542]]
[196351, 0, 0, [11.811057090759277, -2.2652292251586914]]
[196351, 10, 1, [1.375510334968567, -6.100020408630371]]
[196351, 12, 1, [5.8845624923706055, -6.297353267669678]]
[196351, 14, 1, [8.198101997375488, -5.958423614501953]]
[196351, 22, 1, [1.6444478034973145, -6.07429838180542]]
[196351, 2, 1, [0.12333027273416519, -11.035210609436035]]
[196351, 17, 1, [4.577099323272705, -8.822588920593262]]
[196351, 24, 1, [0.12333326041698456, -5.321116924285889]]
[196351, 3, 1, [1.0560704469680786, -1.1000773906707764]]
[208352, 'popsize', 17, 'queuesize', 0]
[210102, 7, 0, [8.163384437561035, -1.73180091381073]]
[210102, 19, 0, [7.944501876831055, -0.9033111333847046]]
[210102, 18, 0, [0.8762863278388977, -3.211625099182129]]
[210102, 21, 0, [6.827045440673828, -3.460139751434326]]
[210102, 11, 0, [6.257029056549072, -1.4967186450958252]]
[210102, 20, 0, [8.1236572265625, -5.699450969696045]]
[210102, 1, 0, [11.856616020202637, -12.375845909118652]]
[210102, 13, 0, [3.686952590942383, -10.651768684387207]]
[210102, 0, 0, [12.376669883728027, -2.586815595626831]]
[210102, 10, 1, [1.3888185024261475, -6.031214237213135]]
[210102, 12, 1, [4.764441967010498, -6.5208258628845215]]
[210102, 14, 1, [8.177681922912598, -5.862894058227539]]
[210102, 22, 1, [1.7638674974441528, -6.005456447601318]]
[210102, 2, 1, [0.12333918362855911, -11.02615737915039]]
[210102, 17, 1, [4.481695652008057, -8.455411911010742]]
[210102, 24, 1, [0.1233300119638443, -5.31550931930542]]
[210102, 3, 1, [1.3607027530670166, -0.9532954096794128]]
[221602, 'popsize', 17, 'queuesize', 0]
[223352, 7, 0, [7.840803623199463, -1.1770471334457397]]
[223352, 19, 0, [7.962334156036377, -0.8255281448364258]]
[223352, 18, 0, [0.8932827711105347, -3.1765851974487305]]
[223352, 21, 0, [7.73917818069458, -2.845961570739746]]
[223352, 11, 0, [6.267249584197998, -1.4911826848983765]]
[223352, 20, 0, [8.335943222045898, -5.5069499015808105]]
[223352, 1, 0, [11.875049591064453, -12.37586784362793]]
[223352, 13, 0, [3.6922354698181152, -10.657439231872559]]
[223352, 0, 0, [12.376669883728027, -2.5920403003692627]]
[223352, 10, 1, [1.4576711654663086, -6.077682971954346]]
[223352, 12, 1, [3.657846450805664, -6.470856666564941]]
[223352, 14, 1, [8.295624732971191, -5.6678786277771]]
[223352, 22, 1, [1.9472848176956177, -6.089437484741211]]
[223352, 2, 1, [0.12333092093467712, -11.021686553955078]]
[223352, 17, 1, [4.472689151763916, -8.442058563232422]]
[223352, 24, 1, [0.12332990020513535, -5.308356761932373]]
[223352, 3, 1, [1.2716164588928223, -0.8482211828231812]]
[234552, 'popsize', 17, 'queuesize', 0]
[236352, 7, 0, [8.071626663208008, -1.8358149528503418]]
[236352, 19, 0, [8.003780364990234, -0.8166795969009399]]
[236352, 18, 0, [0.8754568696022034, -3.1541831493377686]]
[236352, 21, 0, [8.744102478027344, -2.435535430908203]]
[236352, 11, 0, [6.267902374267578, -1.4994679689407349]]
[236352, 20, 0, [8.260480880737305, -5.359144687652588]]
[236352, 1, 0, [11.892013549804688, -12.375866889953613]]
[236352, 13, 0, [3.6889772415161133, -10.661449432373047]]
[236352, 0, 0, [12.376669883728027, -2.597367525100708]]
[236352, 10, 1, [1.3995702266693115, -6.031324863433838]]
[236352, 12, 1, [2.605541467666626, -6.186947345733643]]
[236352, 14, 1, [8.318877220153809, -5.507260322570801]]
[236352, 22, 1, [1.9854499101638794, -6.554477691650391]]
[236352, 2, 1, [0.12333619594573975, -11.016087532043457]]
[236352, 17, 1, [4.4691972732543945, -8.440717697143555]]
[236352, 24, 1, [0.123334139585495, -5.301764488220215]]
[236352, 3, 1, [0.47884610295295715, -0.4316910207271576]]
[247902, 'popsize', 17, 'queuesize', 0]
[249702, 7, 0, [8.238614082336426, -2.944369077682495]]
[249702, 19, 0, [8.074268341064453, -0.8341616988182068]]
[249702, 18, 0, [0.9624177813529968, -3.148825168609619]]
[249702, 21, 0, [9.834067344665527, -2.244744300842285]]
[249702, 11, 0, [6.274046897888184, -1.5091180801391602]]
[249702, 20, 0, [8.139363288879395, -5.104946613311768]]
[249702, 1, 0, [11.908530235290527, -12.375826835632324]]
[249702, 13, 0, [3.6909244060516357, -10.664340019226074]]
[249702, 0, 0, [12.376668930053711, -2.606858253479004]]
[249702, 10, 1, [1.481711983680725, -6.0369648933410645]]
[249702, 12, 1, [1.6151353120803833, -5.6610589027404785]]
[249702, 14, 1, [8.177987098693848, -5.259687900543213]]
[249702, 22, 1, [1.9604336023330688, -6.5581746101379395]]
[249702, 2, 1, [0.12333148717880249, -11.011387825012207]]
[249702, 17, 1, [4.613121032714844, -8.654285430908203]]
[249702, 24, 1, [0.12333133071660995, -5.296008110046387]]
[249702, 3, 1, [0.5248920917510986, -0.4091353118419647]]
[261552, 'popsize', 17, 'queuesize', 0]
[263352, 7, 0, [8.260289192199707, -3.627091407775879]]
[263352, 19, 0, [8.081928253173828, -0.8597395420074463]]
[263352, 18, 0, [0.9487632513046265, -3.178982973098755]]
[263352, 21, 0, [10.972535133361816, -2.297442674636841]]
[263352, 11, 0, [6.265110492706299, -1.5308934450149536]]
[263352, 20, 0, [7.989804744720459, -4.8375678062438965]]
[263352, 1, 0, [11.927458763122559, -12.375864028930664]]
[263352, 13, 0, [3.710597038269043, -10.669563293457031]]
[263352, 0, 0, [12.376668930053711, -2.61509370803833]]
[263352, 10, 1, [1.4091362953186035, -5.992660045623779]]
[263352, 12, 1, [1.0009983777999878, -5.210868835449219]]
[263352, 14, 1, [8.033827781677246, -4.9901442527771]]
[263352, 22, 1, [1.7570862770080566, -6.720632553100586]]
[263352, 2, 1, [0.12333177775144577, -11.003539085388184]]
[263352, 17, 1, [4.896227836608887, -8.830110549926758]]
[263352, 24, 1, [0.12333246320486069, -5.288522720336914]]
[263352, 3, 1, [0.6314598321914673, -0.6423659920692444]]
[275052, 'popsize', 17, 'queuesize', 0]
[276802, 7, 0, [7.397298812866211, -3.2704548835754395]]
[276802, 19, 0, [8.076960563659668, -0.8769737482070923]]
[276802, 18, 0, [0.88309246301651, -3.2074718475341797]]
[276802, 21, 0, [12.055852890014648, -2.584270477294922]]
[276802, 11, 0, [6.251598834991455, -1.5375365018844604]]
[276802, 20, 0, [8.13418197631836, -4.523863792419434]]
[276802, 1, 0, [11.945216178894043, -12.37587833404541]]
[276802, 13, 0, [3.7132723331451416, -10.66422176361084]]
[276802, 0, 0, [12.376667976379395, -2.6252472400665283]]
[276802, 10, 1, [1.463670253753662, -6.0410990715026855]]
[276802, 12, 1, [0.6820412874221802, -5.507811069488525]]
[276802, 14, 1, [7.990856170654297, -4.627339839935303]]
[276802, 22, 1, [1.4022736549377441, -6.833213806152344]]
[276802, 2, 1, [0.12333009392023087, -10.995848655700684]]
[276802, 17, 1, [4.874905586242676, -8.832468032836914]]
[276802, 24, 1, [0.12333133816719055, -5.281707286834717]]
[276802, 3, 1, [0.39915263652801514, -0.35946857929229736]]
[286702, 'popsize', 17, 'queuesize', 0]
[287602, 7, 0, [7.875449180603027, -3.6014411449432373]]
[287602, 19, 0, [8.071282386779785, -0.8468062877655029]]
[287602, 18, 0, [0.9304583668708801, -3.2140214443206787]]
[287602, 21, 0, [12.189210891723633, -2.6471362113952637]]
[287602, 11, 0, [6.270900249481201, -1.4985811710357666]]
[287602, 20, 0, [8.369322776794434, -4.699192047119141]]
[287602, 1, 0, [11.957261085510254, -12.375846862792969]]
[287602, 13, 0, [3.722008228302002, -10.619332313537598]]
[287602, 0, 0, [12.37669849395752, -2.6295793056488037]]
[287602, 10, 1, [1.4487615823745728, -6.019832134246826]]
[287602, 12, 1, [0.6513769030570984, -5.5024495124816895]]
[287602, 14, 1, [8.212055206298828, -4.650247097015381]]
[287602, 22, 1, [1.3754278421401978, -7.066773414611816]]
[287602, 2, 1, [0.12333482503890991, -10.98646068572998]]
[287602, 17, 1, [5.029989242553711, -8.717265129089355]]
[287602, 24, 1, [0.12333432585000992, -5.275712490081787]]
[287602, 3, 1, [0.7038858532905579, -0.3700571358203888]]
[295252, 'popsize', 17, 'queuesize', 0]
[296752, 7, 0, [7.986148357391357, -3.660839796066284]]
[296752, 19, 0, [7.980416297912598, -0.6257503628730774]]
[296752, 18, 0, [0.9154680967330933, -3.146595001220703]]
[296752, 21, 0, [12.189657211303711, -2.655381917953491]]
[296752, 11, 0, [6.213946342468262, -1.5293350219726562]]
[296752, 20, 0, [8.415495872497559, -4.63862419128418]]
[296752, 1, 0, [11.968963623046875, -12.375862121582031]]
[296752, 13, 0, [3.7407264709472656, -10.642977714538574]]
[296752, 0, 0, [12.376667976379395, -2.63588285446167]]
[296752, 10, 1, [1.4761141538619995, -5.895741939544678]]
[296752, 12, 1, [0.2546538710594177, -5.122574329376221]]
[296752, 14, 1, [8.262114524841309, -4.6981000900268555]]
[296752, 22, 1, [1.1840648651123047, -6.968100547790527]]
[296752, 2, 1, [0.12333197146654129, -10.982969284057617]]
[296752, 17, 1, [5.058899879455566, -8.922945022583008]]
[296752, 24, 1, [0.12333263456821442, -5.272027969360352]]
[296752, 3, 1, [0.6487343311309814, -0.26048052310943604]]
[308453, 'popsize', 17, 'queuesize', 0]
[310253, 7, 0, [8.42611312866211, -4.298697471618652]]
[310253, 19, 0, [7.95003604888916, -0.691081702709198]]
[310253, 18, 0, [0.9276832938194275, -3.1301066875457764]]
[310253, 21, 0, [12.189681053161621, -2.665102958679199]]
[310253, 11, 0, [6.201611042022705, -1.5197879076004028]]
[310253, 20, 0, [8.440690040588379, -4.511887550354004]]
[310253, 1, 0, [11.985210418701172, -12.375832557678223]]
[310253, 13, 0, [3.792792558670044, -10.656072616577148]]
[310253, 0, 0, [12.376672744750977, -2.645780086517334]]
[310253, 10, 1, [1.1691198348999023, -6.186062335968018]]
[310253, 12, 1, [0.1402861624956131, -4.961209297180176]]
[310253, 14, 1, [8.36256217956543, -4.653580188751221]]
[310253, 22, 1, [1.609634280204773, -6.675984859466553]]
[310253, 2, 1, [0.12333784997463226, -10.973006248474121]]
[310253, 17, 1, [4.752232074737549, -8.472237586975098]]
[310253, 24, 1, [0.12333015352487564, -5.266506195068359]]
[310253, 3, 1, [0.6872090697288513, -0.12335975468158722]]
[322353, 'popsize', 17, 'queuesize', 0]
[324103, 7, 0, [8.406795501708984, -4.283007621765137]]
[324103, 19, 0, [7.954231262207031, -0.6524032950401306]]
[324103, 18, 0, [0.9236138463020325, -3.1109373569488525]]
[324103, 21, 0, [12.189667701721191, -2.6750552654266357]]
[324103, 11, 0, [6.195107460021973, -1.4874095916748047]]
[324103, 20, 0, [8.510039329528809, -4.408747673034668]]
[324103, 1, 0, [12.002755165100098, -12.375846862792969]]
[324103, 13, 0, [3.767807722091675, -10.616640090942383]]
[324103, 0, 0, [12.376669883728027, -2.655662775039673]]
[324103, 10, 1, [1.041972041130066, -6.358068466186523]]
[324103, 12, 1, [0.12260013818740845, -4.869885444641113]]
[324103, 14, 1, [8.4779691696167, -4.561975479125977]]
[324103, 22, 1, [1.5210163593292236, -6.66841983795166]]
[324103, 2, 1, [0.12334003299474716, -10.966413497924805]]
[324103, 17, 1, [4.969439506530762, -8.004505157470703]]
[324103, 24, 1, [0.1233321875333786, -5.257965564727783]]
[324103, 3, 1, [0.7018200755119324, -0.12333077937364578]]
[336853, 'popsize', 18, 'queuesize', 0]
[338703, 7, 0, [8.468376159667969, -4.272627353668213]]
[338703, 19, 0, [8.025349617004395, -0.6453758478164673]]
[338703, 18, 0, [0.9756683111190796, -3.1339895725250244]]
[338703, 21, 0, [12.18963623046875, -2.6853840351104736]]
[338703, 11, 0, [6.2329487800598145, -1.4710270166397095]]
[338703, 20, 0, [8.606729507446289, -4.395645618438721]]
[338703, 1, 0, [12.019770622253418, -12.375855445861816]]
[338703, 13, 0, [3.788241147994995, -10.648307800292969]]
[338703, 0, 0, [12.376659393310547, -2.665897846221924]]
[338703, 10, 1, [1.0862497091293335, -6.371860504150391]]
[338703, 12, 1, [0.12333321571350098, -4.866465091705322]]
[338703, 14, 1, [8.526101112365723, -4.535211086273193]]
[338703, 22, 1, [1.9041725397109985, -7.036978721618652]]
[338703, 2, 1, [0.12333042174577713, -10.961133003234863]]
[338703, 17, 1, [5.809272289276123, -8.415148735046387]]
[338703, 24, 1, [0.12333662062883377, -5.253889083862305]]
[338703, 3, 1, [0.7149900197982788, -0.12333995848894119]]
[338703, 6, 1, [1.3529226779937744, -8.800878524780273]]
[350703, 'popsize', 18, 'queuesize', 0]
[352553, 7, 0, [8.642650604248047, -4.29356050491333]]
[352553, 19, 0, [8.042760848999023, -0.6736260652542114]]
[352553, 18, 0, [0.9135234951972961, -3.163632392883301]]
[352553, 21, 0, [12.189722061157227, -2.6950228214263916]]
[352553, 11, 0, [6.255265712738037, -1.4983580112457275]]
[352553, 20, 0, [8.782477378845215, -4.383657932281494]]
[352553, 1, 0, [12.036002159118652, -12.375863075256348]]
[352553, 13, 0, [3.7614877223968506, -10.60606575012207]]
[352553, 0, 0, [12.376659393310547, -2.6753835678100586]]
[352553, 10, 1, [1.0363891124725342, -6.324234485626221]]
[352553, 12, 1, [0.1306382715702057, -4.862414360046387]]
[352553, 14, 1, [8.648870468139648, -4.521851539611816]]
[352553, 22, 1, [1.416161060333252, -7.252725124359131]]
[352553, 2, 1, [0.12333953380584717, -10.951276779174805]]
[352553, 17, 1, [5.525825500488281, -9.128402709960938]]
[352553, 24, 1, [0.12333109229803085, -5.247897624969482]]
[352553, 3, 1, [0.727286159992218, -0.1233411654829979]]
[352553, 6, 1, [2.061049222946167, -9.712303161621094]]
[363853, 'popsize', 18, 'queuesize', 0]
[365703, 7, 0, [8.759997367858887, -4.316575527191162]]
[365703, 19, 0, [8.035173416137695, -0.6868340373039246]]
[365703, 18, 0, [0.9027263522148132, -3.146716594696045]]
[365703, 21, 0, [12.189688682556152, -2.7041802406311035]]
[365703, 11, 0, [6.257477760314941, -1.5124958753585815]]
[365703, 20, 0, [8.867152214050293, -4.443052291870117]]
[365703, 1, 0, [12.051352500915527, -12.375852584838867]]
[365703, 13, 0, [3.7514491081237793, -10.605586051940918]]
[365703, 0, 0, [12.376665115356445, -2.6845810413360596]]
[365703, 10, 1, [1.064629077911377, -6.362353801727295]]
[365703, 12, 1, [0.12378203868865967, -4.902311325073242]]
[365703, 14, 1, [8.701155662536621, -4.539460182189941]]
[365703, 22, 1, [1.4111312627792358, -7.5382080078125]]
[365703, 2, 1, [0.12333181500434875, -10.946331024169922]]
[365703, 17, 1, [5.579132556915283, -9.04621696472168]]
[365703, 24, 1, [0.12333168089389801, -5.241278648376465]]
[365703, 3, 1, [0.7411544322967529, -0.12334457784891129]]
[365703, 6, 1, [2.291200637817383, -10.014973640441895]]
[377153, 'popsize', 18, 'queuesize', 0]
[378903, 7, 0, [8.86480712890625, -4.373328685760498]]
[378903, 19, 0, [8.020975112915039, -0.7023410201072693]]
[378903, 18, 0, [0.891122579574585, -3.1216139793395996]]
[378903, 21, 0, [12.189675331115723, -2.713776111602783]]
[378903, 11, 0, [6.245450496673584, -1.5288890600204468]]
[378903, 20, 0, [8.937640190124512, -4.5229926109313965]]
[378903, 1, 0, [12.06814956665039, -12.37584114074707]]
[378903, 13, 0, [3.7612853050231934, -10.603521347045898]]
[378903, 0, 0, [12.376654624938965, -2.6942996978759766]]
[378903, 10, 1, [1.1289945840835571, -6.314172267913818]]
[378903, 12, 1, [0.12836876511573792, -4.675163745880127]]
[378903, 14, 1, [8.752237319946289, -4.573572635650635]]
[378903, 22, 1, [1.3527698516845703, -7.50774621963501]]
[378903, 2, 1, [0.1233312115073204, -10.939088821411133]]
[378903, 17, 1, [5.801028251647949, -9.06574535369873]]
[378903, 24, 1, [0.12333610653877258, -5.231199741363525]]
[378903, 3, 1, [0.7548729777336121, -0.1233321949839592]]
[378903, 6, 1, [2.3704309463500977, -9.625678062438965]]
[390703, 'popsize', 18, 'queuesize', 0]
[392603, 7, 0, [8.976739883422852, -4.4833455085754395]]
[392603, 19, 0, [8.005200386047363, -0.7107731699943542]]
[392603, 18, 0, [0.7480218410491943, -3.1292238235473633]]
[392603, 21, 0, [12.189671516418457, -2.7230165004730225]]
[392603, 11, 0, [6.2251296043396, -1.5371464490890503]]
[392603, 20, 0, [9.147195816040039, -4.593603134155273]]
[392603, 1, 0, [12.083942413330078, -12.37582015991211]]
[392603, 13, 0, [3.777039051055908, -10.602594375610352]]
[392603, 0, 0, [12.376652717590332, -2.7034809589385986]]
[392603, 10, 1, [1.1302465200424194, -6.291301250457764]]
[392603, 12, 1, [0.1222560703754425, -4.545860290527344]]
[392603, 14, 1, [8.959990501403809, -4.65584659576416]]
[392603, 22, 1, [1.6701449155807495, -7.327600479125977]]
[392603, 2, 1, [0.1233307346701622, -10.931411743164062]]
[392603, 17, 1, [5.928587436676025, -9.11962890625]]
[392603, 24, 1, [0.12333010882139206, -5.225452899932861]]
[392603, 3, 1, [0.7690352201461792, -0.12335017323493958]]
[392603, 6, 1, [1.3565149307250977, -10.135064125061035]]
[404804, 'popsize', 18, 'queuesize', 0]
[406604, 7, 0, [9.191301345825195, -4.6135053634643555]]
[406604, 19, 0, [8.151636123657227, -1.1227226257324219]]
[406604, 18, 0, [0.6759995222091675, -3.044081449508667]]
[406604, 21, 0, [12.189665794372559, -2.7333831787109375]]
[406604, 11, 0, [6.195127010345459, -1.5177679061889648]]
[406604, 20, 0, [9.380034446716309, -4.732733249664307]]
[406604, 1, 0, [12.100086212158203, -12.375868797302246]]
[406604, 13, 0, [3.750666379928589, -10.58636474609375]]
[406604, 0, 0, [12.376666069030762, -2.7138752937316895]]
[406604, 10, 1, [1.0518070459365845, -6.324220180511475]]
[406604, 12, 1, [0.13331621885299683, -4.447539806365967]]
[406604, 14, 1, [9.199775695800781, -4.790098667144775]]
[406604, 22, 1, [1.7634499073028564, -7.169831275939941]]
[406604, 2, 1, [0.12333321571350098, -10.9227876663208]]
[406604, 17, 1, [6.023909091949463, -10.021565437316895]]
[406604, 24, 1, [0.12333116680383682, -5.215426921844482]]
[406604, 3, 1, [0.7831114530563354, -0.12334785610437393]]
[406604, 6, 1, [0.33450961112976074, -10.364241600036621]]
[418704, 'popsize', 18, 'queuesize', 0]
[420404, 7, 0, [8.999704360961914, -4.539008617401123]]
[420404, 19, 0, [8.5078125, -1.2387583255767822]]
[420404, 18, 0, [0.3136202394962311, -2.8377797603607178]]
[420404, 21, 0, [12.189732551574707, -2.7436647415161133]]
[420404, 11, 0, [6.201752185821533, -1.4875671863555908]]
[420404, 20, 0, [9.476827621459961, -4.634180545806885]]
[420404, 1, 0, [12.116796493530273, -12.375836372375488]]
[420404, 13, 0, [3.756643056869507, -10.603316307067871]]
[420404, 0, 0, [12.376655578613281, -2.7238311767578125]]
[420404, 10, 1, [1.0588632822036743, -6.361763000488281]]
[420404, 12, 1, [0.13526472449302673, -4.364875793457031]]
[420404, 14, 1, [9.46994686126709, -4.82135009765625]]
[420404, 22, 1, [1.7478946447372437, -7.1556806564331055]]
[420404, 2, 1, [0.12358465790748596, -10.919300079345703]]
[420404, 17, 1, [5.692075252532959, -10.215611457824707]]
[420404, 24, 1, [0.1233319342136383, -5.209524154663086]]
[420404, 3, 1, [0.7977444529533386, -0.12335091084241867]]
[420404, 6, 1, [0.14064499735832214, -10.737176895141602]]
[428104, 'popsize', 18, 'queuesize', 0]
[429054, 7, 0, [9.254976272583008, -4.874998092651367]]
[429054, 19, 0, [8.582173347473145, -1.2681149244308472]]
[429054, 18, 0, [0.15906992554664612, -2.7501981258392334]]
[429054, 21, 0, [12.189630508422852, -2.7498116493225098]]
[429054, 11, 0, [6.25507116317749, -1.5089272260665894]]
[429054, 20, 0, [9.445234298706055, -4.639647006988525]]
[429054, 1, 0, [12.127891540527344, -12.375849723815918]]
[429054, 13, 0, [3.722665309906006, -10.526183128356934]]
[429054, 0, 0, [12.376660346984863, -2.730156660079956]]
[429054, 10, 1, [1.0827224254608154, -6.328940391540527]]
[429054, 12, 1, [0.13294434547424316, -4.257039546966553]]
[429054, 14, 1, [9.45737361907959, -4.8111419677734375]]
[429054, 22, 1, [1.427268624305725, -7.628929138183594]]
[429054, 2, 1, [0.12452410906553268, -10.937551498413086]]
[429054, 17, 1, [5.793952465057373, -10.216428756713867]]
[429054, 24, 1, [0.12333612889051437, -5.201186180114746]]
[429054, 3, 1, [0.8065282106399536, -0.12333998829126358]]
[429054, 6, 1, [0.1410399079322815, -10.734189987182617]]
[439354, 'popsize', 18, 'queuesize', 0]
[441254, 7, 0, [9.006837844848633, -4.285557746887207]]
[441254, 19, 0, [8.591291427612305, -1.2683652639389038]]
[441254, 18, 0, [0.16281194984912872, -2.75795841217041]]
[441254, 21, 0, [12.18960952758789, -2.7586143016815186]]
[441254, 11, 0, [6.239893913269043, -1.476575493812561]]
[441254, 20, 0, [9.753328323364258, -4.521463871002197]]
[441254, 1, 0, [12.140846252441406, -12.375831604003906]]
[441254, 13, 0, [3.248823404312134, -9.65588665008545]]
[441254, 0, 0, [12.37666130065918, -2.739443063735962]]
[441254, 10, 1, [1.125397801399231, -6.332977771759033]]
[441254, 12, 1, [0.12186726182699203, -4.199886798858643]]
[441254, 14, 1, [9.58518123626709, -4.56733512878418]]
[441254, 22, 1, [0.8373249769210815, -8.038741111755371]]
[441254, 2, 1, [0.12414196133613586, -10.951820373535156]]
[441254, 17, 1, [6.416037559509277, -10.70200252532959]]
[441254, 24, 1, [0.1233372688293457, -5.19736385345459]]
[441254, 3, 1, [0.8176499605178833, -0.12332989275455475]]
[441254, 6, 1, [0.12927313148975372, -10.704541206359863]]
[453704, 'popsize', 18, 'queuesize', 0]
[455554, 7, 0, [8.91415023803711, -4.091734886169434]]
[455554, 19, 0, [8.6094970703125, -1.2025887966156006]]
[455554, 18, 0, [0.1795167177915573, -2.7655699253082275]]
[455554, 21, 0, [12.189688682556152, -2.7697179317474365]]
[455554, 11, 0, [6.245980262756348, -1.5179307460784912]]
[455554, 20, 0, [9.781952857971191, -4.681456565856934]]
[455554, 1, 0, [12.159015655517578, -12.375855445861816]]
[455554, 13, 0, [3.0681064128875732, -8.657246589660645]]
[455554, 0, 0, [12.376662254333496, -2.7502753734588623]]
[455554, 10, 1, [1.0855716466903687, -6.315459728240967]]
[455554, 12, 1, [0.12004249542951584, -4.226212978363037]]
[455554, 14, 1, [10.060571670532227, -4.6969313621521]]
[455554, 22, 1, [0.6972407102584839, -8.272698402404785]]
[455554, 2, 1, [0.12417609244585037, -10.965851783752441]]
[455554, 17, 1, [6.287533283233643, -11.17320728302002]]
[455554, 24, 1, [0.12333028018474579, -5.190906524658203]]
[455554, 3, 1, [0.8323103785514832, -0.12335409969091415]]
[455554, 6, 1, [0.1687823086977005, -10.718602180480957]]
[468054, 'popsize', 18, 'queuesize', 0]
[469954, 7, 0, [9.000685691833496, -3.8304097652435303]]
[469954, 19, 0, [8.567721366882324, -1.207157850265503]]
[469954, 18, 0, [0.1946243941783905, -2.738816738128662]]
[469954, 21, 0, [12.189682960510254, -2.780290126800537]]
[469954, 11, 0, [6.2054972648620605, -1.5234642028808594]]
[469954, 20, 0, [9.790909767150879, -4.724513530731201]]
[469954, 1, 0, [12.177299499511719, -12.375850677490234]]
[469954, 13, 0, [3.033203363418579, -8.649087905883789]]
[469954, 0, 0, [12.376664161682129, -2.760671377182007]]
[469954, 10, 1, [1.0711055994033813, -6.397335052490234]]
[469954, 12, 1, [0.12506961822509766, -4.237216949462891]]
[469954, 14, 1, [10.048759460449219, -4.6757659912109375]]
[469954, 22, 1, [0.3448868989944458, -8.354732513427734]]
[469954, 2, 1, [0.12414710968732834, -10.9784517288208]]
[469954, 17, 1, [6.217050075531006, -11.266756057739258]]
[469954, 24, 1, [0.12333158403635025, -5.18194580078125]]
[469954, 3, 1, [0.8488270044326782, -0.12332843244075775]]
[469954, 6, 1, [0.6669291853904724, -10.733504295349121]]
[481854, 'popsize', 18, 'queuesize', 0]
[483754, 7, 0, [9.272854804992676, -2.7848448753356934]]
[483754, 19, 0, [8.586323738098145, -1.1521172523498535]]
[483754, 18, 0, [0.21590223908424377, -2.75321102142334]]
[483754, 21, 0, [12.189733505249023, -2.790860414505005]]
[483754, 11, 0, [6.17971134185791, -1.5001953840255737]]
[483754, 20, 0, [9.783086776733398, -4.735066890716553]]
[483754, 1, 0, [12.195159912109375, -12.375835418701172]]
[483754, 13, 0, [3.0768535137176514, -8.662795066833496]]
[483754, 0, 0, [12.37665843963623, -2.7711267471313477]]
[483754, 10, 1, [1.1467673778533936, -6.353337287902832]]
[483754, 12, 1, [0.12391909956932068, -4.221744537353516]]
[483754, 14, 1, [10.03759765625, -4.669333457946777]]
[483754, 22, 1, [0.6265143156051636, -8.80311107635498]]
[483754, 2, 1, [0.12415948510169983, -10.991827964782715]]
[483754, 17, 1, [6.165806293487549, -11.366188049316406]]
[483754, 24, 1, [0.12333095073699951, -5.1776933670043945]]
[483754, 3, 1, [0.8645532727241516, -0.12334416061639786]]
[483754, 6, 1, [1.0258092880249023, -10.252246856689453]]
[495654, 'popsize', 18, 'queuesize', 0]
[497404, 7, 0, [9.791949272155762, -1.8251374959945679]]
[497404, 19, 0, [8.561685562133789, -1.204468846321106]]
[497404, 18, 0, [0.11340376734733582, -2.8604609966278076]]
[497404, 21, 0, [12.189720153808594, -2.8009088039398193]]
[497404, 11, 0, [6.177419662475586, -1.472627878189087]]
[497404, 20, 0, [9.658141136169434, -4.413787841796875]]
[497404, 1, 0, [12.211363792419434, -12.375856399536133]]
[497404, 13, 0, [3.040574073791504, -8.622292518615723]]
[497404, 0, 0, [12.376660346984863, -2.7812418937683105]]
[497404, 10, 1, [1.1445848941802979, -6.3326005935668945]]
[497404, 12, 1, [0.13806281983852386, -4.198501110076904]]
[497404, 14, 1, [9.712312698364258, -4.585784912109375]]
[497404, 22, 1, [0.2956763207912445, -7.998753070831299]]
[497404, 2, 1, [0.12414755672216415, -11.005617141723633]]
[497404, 17, 1, [6.130786418914795, -11.47243595123291]]
[497404, 24, 1, [0.12333168089389801, -5.1727423667907715]]
[497404, 3, 1, [0.8802144527435303, -0.12334022670984268]]
[497404, 6, 1, [1.8830130100250244, -9.491864204406738]]
[509255, 'popsize', 18, 'queuesize', 0]
[511105, 7, 0, [10.467540740966797, -1.0068291425704956]]
[511105, 19, 0, [8.603827476501465, -1.1439614295959473]]
[511105, 18, 0, [0.1748446524143219, -2.826098680496216]]
[511105, 21, 0, [12.189664840698242, -2.8109943866729736]]
[511105, 11, 0, [6.200640678405762, -1.4598053693771362]]
[511105, 20, 0, [10.014220237731934, -4.2558393478393555]]
[511105, 1, 0, [12.227715492248535, -12.375835418701172]]
[511105, 13, 0, [3.025794506072998, -8.645431518554688]]
[511105, 0, 0, [12.37665843963623, -2.791512966156006]]
[511105, 10, 1, [1.1262978315353394, -6.321840286254883]]
[511105, 12, 1, [0.1342165321111679, -4.0524091720581055]]
[511105, 14, 1, [9.843696594238281, -4.295465469360352]]
[511105, 22, 1, [0.2977222502231598, -7.552596092224121]]
[511105, 2, 1, [0.12415587157011032, -11.018685340881348]]
[511105, 17, 1, [6.112763404846191, -11.57634449005127]]
[511105, 24, 1, [0.12333188951015472, -5.164370059967041]]
[511105, 3, 1, [0.8933612108230591, -0.12334856390953064]]
[511105, 6, 1, [2.867215871810913, -8.90556526184082]]
[522905, 'popsize', 18, 'queuesize', 0]
[524605, 7, 0, [10.584850311279297, -0.836725652217865]]
[524605, 19, 0, [8.644006729125977, -1.1418662071228027]]
[524605, 18, 0, [0.18237432837486267, -2.8635218143463135]]
[524605, 21, 0, [12.189597129821777, -2.820784330368042]]
[524605, 11, 0, [6.227500915527344, -1.463646650314331]]
[524605, 20, 0, [10.084121704101562, -4.508822917938232]]
[524605, 1, 0, [12.243433952331543, -12.375818252563477]]
[524605, 13, 0, [3.0237278938293457, -8.615449905395508]]
[524605, 0, 0, [12.376670837402344, -2.801591157913208]]
[524605, 10, 1, [0.8854151964187622, -6.738749027252197]]
[524605, 12, 1, [0.14524555206298828, -3.9890940189361572]]
[524605, 14, 1, [9.980755805969238, -4.365873336791992]]
[524605, 22, 1, [0.27057528495788574, -7.581027507781982]]
[524605, 2, 1, [0.1241573765873909, -11.031402587890625]]
[524605, 17, 1, [6.112188816070557, -11.684886932373047]]
[524605, 24, 1, [0.12333356589078903, -5.159936904907227]]
[524605, 3, 1, [0.9084479808807373, -0.12333261221647263]]
[524605, 6, 1, [3.2378830909729004, -8.705689430236816]]
[536955, 'popsize', 19, 'queuesize', 0]
[538905, 7, 0, [9.525935173034668, -1.362146258354187]]
[538905, 19, 0, [8.59960651397705, -1.1346701383590698]]
[538905, 18, 0, [0.19534076750278473, -2.8571882247924805]]
[538905, 21, 0, [12.189669609069824, -2.831295967102051]]
[538905, 11, 0, [6.245037078857422, -1.4895468950271606]]
[538905, 20, 0, [10.220268249511719, -4.500195026397705]]
[538905, 1, 0, [12.261171340942383, -12.375856399536133]]
[538905, 13, 0, [3.0902886390686035, -8.345816612243652]]
[538905, 0, 0, [12.376665115356445, -2.811878204345703]]
[538905, 4, 0, [11.259811401367188, -3.745836019515991]]
[538905, 10, 1, [0.5270143151283264, -6.972311019897461]]
[538905, 12, 1, [0.13847173750400543, -3.8750829696655273]]
[538905, 14, 1, [9.967158317565918, -4.513260841369629]]
[538905, 22, 1, [0.6995970010757446, -7.7197747230529785]]
[538905, 2, 1, [0.12414772063493729, -11.045039176940918]]
[538905, 17, 1, [6.130856037139893, -11.799182891845703]]
[538905, 24, 1, [0.12333419173955917, -5.155653476715088]]
[538905, 3, 1, [0.9232968091964722, -0.12335483729839325]]
[538905, 6, 1, [2.934047222137451, -8.365748405456543]]
[551105, 'popsize', 19, 'queuesize', 0]
[552955, 7, 0, [8.369379043579102, -1.5819908380508423]]
[552955, 19, 0, [8.610782623291016, -1.0984196662902832]]
[552955, 18, 0, [0.20441433787345886, -2.835411310195923]]
[552955, 21, 0, [12.189682960510254, -2.841667652130127]]
[552955, 11, 0, [6.218686580657959, -1.5266996622085571]]
[552955, 20, 0, [10.194467544555664, -4.504487037658691]]
[552955, 1, 0, [12.279179573059082, -12.375837326049805]]
[552955, 13, 0, [3.1659228801727295, -8.43810749053955]]
[552955, 0, 0, [12.376660346984863, -2.822160482406616]]
[552955, 4, 0, [11.24195384979248, -3.7479331493377686]]
[552955, 10, 1, [0.5021002888679504, -6.9831976890563965]]
[552955, 12, 1, [0.1361967772245407, -3.810626268386841]]
[552955, 14, 1, [9.877046585083008, -4.972069263458252]]
[552955, 22, 1, [1.4365684986114502, -8.193552017211914]]
[552955, 2, 1, [0.1241489052772522, -11.059678077697754]]
[552955, 17, 1, [6.167837142944336, -11.907524108886719]]
[552955, 24, 1, [0.12333022058010101, -5.146695613861084]]
[552955, 3, 1, [0.9382638335227966, -0.12334773689508438]]
[552955, 6, 1, [2.4543044567108154, -8.831158638000488]]
[563205, 'popsize', 19, 'queuesize', 0]
[564205, 7, 0, [7.361575126647949, -1.5392382144927979]]
[564205, 19, 0, [8.610610961914062, -1.0930932760238647]]
[564205, 18, 0, [0.20480498671531677, -2.860187292098999]]
[564205, 21, 0, [12.189684867858887, -2.8500735759735107]]
[564205, 11, 0, [6.245421886444092, -1.5028935670852661]]
[564205, 20, 0, [10.154073715209961, -4.493173599243164]]
[564205, 1, 0, [12.294649124145508, -12.375860214233398]]
[564205, 13, 0, [3.1887102127075195, -8.377492904663086]]
[564205, 0, 0, [12.37667179107666, -2.8303050994873047]]
[564205, 4, 0, [11.265450477600098, -3.713926315307617]]
[564205, 10, 1, [0.5204023718833923, -6.9480156898498535]]
[564205, 12, 1, [0.1260363906621933, -3.8427517414093018]]
[564205, 14, 1, [9.91463565826416, -4.990126609802246]]
[564205, 22, 1, [1.0455241203308105, -8.458508491516113]]
[564205, 2, 1, [0.1241396814584732, -11.07167911529541]]
[564205, 17, 1, [6.209408283233643, -11.989937782287598]]
[564205, 24, 1, [0.12333309650421143, -5.141989231109619]]
[564205, 3, 1, [0.950088381767273, -0.12333197891712189]]
[564205, 6, 1, [1.6639903783798218, -9.35240650177002]]
[573605, 'popsize', 19, 'queuesize', 0]
[575605, 7, 0, [6.503450393676758, -1.3573217391967773]]
[575605, 19, 0, [8.646584510803223, -1.0938996076583862]]
[575605, 18, 0, [0.2535347640514374, -2.85245418548584]]
[575605, 21, 0, [12.189690589904785, -2.8575687408447266]]
[575605, 11, 0, [6.200538158416748, -1.4691896438598633]]
[575605, 20, 0, [10.122504234313965, -4.530010223388672]]
[575605, 1, 0, [12.308794021606445, -12.375838279724121]]
[575605, 13, 0, [3.225316286087036, -8.410378456115723]]
[575605, 0, 0, [12.376653671264648, -2.837925434112549]]
[575605, 4, 0, [11.23844051361084, -3.6743037700653076]]
[575605, 10, 1, [0.5279466509819031, -6.8846211433410645]]
[575605, 12, 1, [0.17708121240139008, -3.8732221126556396]]
[575605, 14, 1, [9.707728385925293, -4.673722267150879]]
[575605, 22, 1, [0.7296839952468872, -8.552656173706055]]
[575605, 2, 1, [0.12416420876979828, -11.082369804382324]]
[575605, 17, 1, [6.261340141296387, -12.064632415771484]]
[575605, 24, 1, [0.1233353540301323, -5.138590335845947]]
[575605, 3, 1, [0.9620710611343384, -0.12333362549543381]]
[575605, 6, 1, [0.9505425095558167, -9.672693252563477]]
[589005, 'popsize', 19, 'queuesize', 0]
[591005, 7, 0, [6.6500043869018555, -0.9416232705116272]]
[591005, 19, 0, [8.697731018066406, -1.0486350059509277]]
[591005, 18, 0, [0.1433085948228836, -2.7961297035217285]]
[591005, 21, 0, [12.189682006835938, -2.8681764602661133]]
[591005, 11, 0, [6.238659381866455, -1.5230071544647217]]
[591005, 20, 0, [10.018484115600586, -4.559437274932861]]
[591005, 1, 0, [12.32807731628418, -12.37584400177002]]
[591005, 13, 0, [3.209254503250122, -8.394986152648926]]
[591005, 0, 0, [12.37666130065918, -2.8485827445983887]]
[591005, 4, 0, [11.263839721679688, -3.7283365726470947]]
[591005, 10, 1, [0.5385956764221191, -6.949366092681885]]
[591005, 12, 1, [0.5360794067382812, -4.212924480438232]]
[591005, 14, 1, [9.151823043823242, -3.5246331691741943]]
[591005, 22, 1, [0.5955182313919067, -8.353514671325684]]
[591005, 2, 1, [0.12415149062871933, -11.097532272338867]]
[591005, 17, 1, [6.348866939544678, -12.15425968170166]]
[591005, 24, 1, [0.12333611398935318, -5.128770351409912]]
[591005, 3, 1, [0.9761112928390503, -0.1233510747551918]]
[591005, 6, 1, [0.5484134554862976, -10.233898162841797]]
[604156, 'popsize', 19, 'queuesize', 0]
[606156, 7, 0, [5.993551731109619, -1.2833757400512695]]
[606156, 19, 0, [8.697912216186523, -1.0995827913284302]]
[606156, 18, 0, [0.12313356250524521, -2.80824875831604]]
[606156, 21, 0, [12.189687728881836, -2.8787012100219727]]
[606156, 11, 0, [6.188653945922852, -1.5035940408706665]]
[606156, 20, 0, [10.021016120910645, -4.551449298858643]]
[606156, 1, 0, [12.345794677734375, -12.375860214233398]]
[606156, 13, 0, [3.1810855865478516, -8.377801895141602]]
[606156, 0, 0, [12.376654624938965, -2.8591437339782715]]
[606156, 4, 0, [11.212035179138184, -3.716747999191284]]
[606156, 10, 1, [0.48768648505210876, -6.954601764678955]]
[606156, 12, 1, [0.4962262511253357, -4.2485809326171875]]
[606156, 14, 1, [8.926709175109863, -2.2730867862701416]]
[606156, 22, 1, [0.9398086667060852, -8.252927780151367]]
[606156, 2, 1, [0.12416339665651321, -11.112349510192871]]
[606156, 17, 1, [6.2340545654296875, -12.115140914916992]]
[606156, 24, 1, [0.12332992255687714, -5.122053146362305]]
[606156, 3, 1, [0.9911015629768372, -0.12334556877613068]]
[606156, 6, 1, [0.3004946708679199, -10.65645980834961]]
[619506, 'popsize', 19, 'queuesize', 0]
[621506, 7, 0, [6.833483695983887, -1.0625113248825073]]
[621506, 19, 0, [8.725508689880371, -1.039282202720642]]
[621506, 18, 0, [0.11297687888145447, -2.6886534690856934]]
[621506, 21, 0, [12.189714431762695, -2.889803409576416]]
[621506, 11, 0, [6.234671592712402, -1.4682685136795044]]
[621506, 20, 0, [10.081979751586914, -4.528281211853027]]
[621506, 1, 0, [12.364990234375, -12.375859260559082]]
[621506, 13, 0, [3.769965410232544, -8.392133712768555]]
[621506, 0, 0, [12.376646995544434, -2.8700764179229736]]
[621506, 4, 0, [11.249388694763184, -3.6700987815856934]]
[621506, 10, 1, [0.5222949385643005, -6.8784942626953125]]
[621506, 12, 1, [0.5545294284820557, -4.254235744476318]]
[621506, 14, 1, [9.008166313171387, -1.3907288312911987]]
[621506, 22, 1, [1.0202709436416626, -7.927443504333496]]
[621506, 2, 1, [0.12416082620620728, -11.126721382141113]]
[621506, 17, 1, [6.365967750549316, -12.376009941101074]]
[621506, 24, 1, [0.1233317032456398, -5.11124849319458]]
[621506, 3, 1, [1.0068929195404053, -0.12334829568862915]]
[621506, 6, 1, [0.8566651940345764, -11.240945816040039]]
[634806, 'popsize', 19, 'queuesize', 0]
[636706, 7, 0, [8.1032133102417, -0.9882779717445374]]
[636706, 19, 0, [8.242764472961426, -1.3334176540374756]]
[636706, 18, 0, [0.20853671431541443, -2.6011571884155273]]
[636706, 21, 0, [12.18970012664795, -2.9006402492523193]]
[636706, 11, 0, [6.231290817260742, -1.5271425247192383]]
[636706, 20, 0, [10.060469627380371, -4.488703727722168]]
[636706, 1, 0, [12.37137508392334, -12.37631607055664]]
[636706, 13, 0, [3.7446296215057373, -8.350974082946777]]
[636706, 0, 0, [12.376665115356445, -2.880966901779175]]
[636706, 4, 0, [11.251764297485352, -3.7416558265686035]]
[636706, 10, 1, [0.5624001622200012, -6.9028520584106445]]
[636706, 12, 1, [1.024577260017395, -4.408987045288086]]
[636706, 14, 1, [8.964227676391602, -1.4457734823226929]]
[636706, 22, 1, [1.135210394859314, -7.567553997039795]]
[636706, 2, 1, [0.12416479736566544, -11.140719413757324]]
[636706, 17, 1, [6.380239963531494, -12.375849723815918]]
[636706, 24, 1, [0.12333124876022339, -5.104704856872559]]
[636706, 3, 1, [1.0244084596633911, -0.12334635853767395]]
[636706, 6, 1, [0.9790560007095337, -11.131808280944824]]
[649856, 'popsize', 19, 'queuesize', 0]
[654756, 0, 0, [12.376657485961914, -2.894298553466797]]
[654756, 4, 0, [11.263983726501465, -3.705805778503418]]
[654756, 3, 1, [1.042664885520935, -0.12334033846855164]]
[654756, 6, 1, [1.516716718673706, -10.923131942749023]]
[657656, 'popsize', 4, 'queuesize', 0]
[658156, 0, 0, [12.376667022705078, -2.8958566188812256]]
[658156, 4, 0, [11.198409080505371, -3.7168993949890137]]
[658156, 3, 1, [1.0462608337402344, -0.12334950268268585]]
[658156, 6, 1, [1.522754430770874, -10.966604232788086]]
[660906, 'popsize', 4, 'queuesize', 0]
[661406, 0, 0, [12.37667179107666, -2.896918296813965]]
[661406, 4, 0, [11.268492698669434, -3.7123796939849854]]
[661406, 3, 1, [1.0494561195373535, -0.1233491525053978]]
[661406, 6, 1, [1.489854335784912, -10.949457168579102]]
[664306, 'popsize', 4, 'queuesize', 0]
[664806, 0, 0, [12.376673698425293, -2.8980021476745605]]
[664806, 4, 0, [11.207486152648926, -3.7146055698394775]]
[664806, 3, 1, [1.0530781745910645, -0.12334489822387695]]
[664806, 6, 1, [1.522101640701294, -10.931347846984863]]
[667406, 'popsize', 4, 'queuesize', 0]
[667906, 0, 0, [12.376670837402344, -2.898953437805176]]
[667906, 4, 0, [11.275991439819336, -3.7115890979766846]]
[667906, 3, 1, [1.0571849346160889, -0.12333182990550995]]
[667906, 6, 1, [1.5203278064727783, -10.966331481933594]]
[670656, 'popsize', 4, 'queuesize', 0]
[671106, 0, 0, [12.376669883728027, -2.899956226348877]]
[671106, 4, 0, [11.215533256530762, -3.7270641326904297]]
[671106, 3, 1, [1.0603991746902466, -0.12333942204713821]]
[671106, 6, 1, [1.4886705875396729, -10.950396537780762]]
[673656, 'popsize', 4, 'queuesize', 0]
[674106, 0, 0, [12.376672744750977, -2.9009323120117188]]
[674106, 4, 0, [11.2730131149292, -3.7076430320739746]]
[674106, 3, 1, [1.0632133483886719, -0.12335465848445892]]
[674106, 6, 1, [1.5224093198776245, -10.933424949645996]]
[676906, 'popsize', 4, 'queuesize', 0]
[677406, 0, 0, [12.37667465209961, -2.9019935131073]]
[677406, 4, 0, [11.22169303894043, -3.7346277236938477]]
[677406, 3, 1, [1.06673264503479, -0.12334548681974411]]
[677406, 6, 1, [1.524673581123352, -10.97606086730957]]
[680056, 'popsize', 4, 'queuesize', 0]
[680756, 4, 0, [11.279132843017578, -3.703749656677246]]
[680756, 3, 1, [1.0697617530822754, -0.12335211038589478]]
[680756, 6, 1, [1.4893139600753784, -10.956900596618652]]
[682856, 'popsize', 3, 'queuesize', 0]
[683256, 4, 0, [11.239681243896484, -3.749070405960083]]
[683256, 3, 1, [1.0724807977676392, -0.12335105985403061]]
[683256, 6, 1, [1.515397071838379, -10.937585830688477]]
[685456, 'popsize', 3, 'queuesize', 0]
[685806, 4, 0, [11.241949081420898, -3.6887309551239014]]
[685806, 3, 1, [1.0748333930969238, -0.12333903461694717]]
[685806, 6, 1, [1.537116289138794, -10.966004371643066]]
[687906, 'popsize', 3, 'queuesize', 0]
[688306, 4, 0, [11.280689239501953, -3.7315518856048584]]
[688306, 3, 1, [1.07717764377594, -0.1233544796705246]]
[688306, 6, 1, [1.5090545415878296, -10.98015308380127]]
[690506, 'popsize', 3, 'queuesize', 0]
[690856, 4, 0, [11.222115516662598, -3.7283947467803955]]
[690856, 3, 1, [1.0796886682510376, -0.12334179878234863]]
[690856, 6, 1, [1.491225004196167, -10.953133583068848]]
[693056, 'popsize', 3, 'queuesize', 0]
[693406, 4, 0, [11.2685546875, -3.6883442401885986]]
[693406, 3, 1, [1.0818673372268677, -0.12334497272968292]]
[693406, 6, 1, [1.5214862823486328, -10.93814754486084]]
[695256, 'popsize', 3, 'queuesize', 0]
[695606, 4, 0, [11.269577980041504, -3.7431962490081787]]
[695606, 3, 1, [1.0835018157958984, -0.12332792580127716]]
[695606, 6, 1, [1.5348767042160034, -10.963571548461914]]
[697306, 'popsize', 3, 'queuesize', 0]
[697657, 4, 0, [11.222671508789062, -3.7184338569641113]]
[697657, 6, 1, [1.514567494392395, -10.979755401611328]]
[698557, 'popsize', 2, 'queuesize', 0]
[698757, 4, 0, [11.234212875366211, -3.6902706623077393]]
[698757, 6, 1, [1.503875970840454, -10.973614692687988]]
[699707, 'popsize', 2, 'queuesize', 0]
[699857, 4, 0, [11.267291069030762, -3.685070753097534]]
[699857, 6, 1, [1.4964232444763184, -10.960267066955566]]
[700757, 'popsize', 2, 'queuesize', 0]
[700907, 4, 0, [11.284990310668945, -3.70937442779541]]
[700907, 6, 1, [1.5017338991165161, -10.946194648742676]]
[701807, 'popsize', 2, 'queuesize', 0]
[701957, 4, 0, [11.275307655334473, -3.7380290031433105]]
[701957, 6, 1, [1.5136339664459229, -10.936294555664062]]
[702857, 'popsize', 2, 'queuesize', 0]
[703007, 4, 0, [11.245976448059082, -3.748478412628174]]
[703007, 6, 1, [1.5282342433929443, -10.936883926391602]]
[703907, 'popsize', 2, 'queuesize', 0]
[704057, 4, 0, [11.221890449523926, -3.728891372680664]]
[704057, 6, 1, [1.5389450788497925, -10.946405410766602]]
[704957, 'popsize', 2, 'queuesize', 0]
[705107, 4, 0, [11.225129127502441, -3.7002525329589844]]
[705107, 6, 1, [1.543832540512085, -10.962891578674316]]
[706107, 'popsize', 2, 'queuesize', 0]
[706307, 4, 0, [11.257006645202637, -3.6880249977111816]]
[706307, 6, 1, [1.5359658002853394, -10.977149963378906]]
[707657, 'popsize', 2, 'queuesize', 0]
[707907, 4, 0, [11.281817436218262, -3.722827911376953]]
[707907, 6, 1, [1.514077067375183, -10.981010437011719]]
[709157, 'popsize', 2, 'queuesize', 0]
[709407, 4, 0, [11.252047538757324, -3.7537224292755127]]
[709407, 6, 1, [1.5000743865966797, -10.966390609741211]]
[710857, 'popsize', 2, 'queuesize', 0]
[711357, 4, 0, [11.21627426147461, -3.7145895957946777]]
