[time, indiv, parent1, parent2, gender, brain]
[150, 8, -1, -1, 0, [[array([[ 0.33310889,  2.24656377,  0.14916022,  2.37820056,  1.47303455,
         0.62438021],
       [ 0.29051108, -2.0646907 , -1.33789322,  2.33991958,  1.15191497,
        -0.67297086],
       [-1.09966584,  0.56125253,  1.95580965, -0.71121849, -0.87113958,
        -0.52334969],
       [ 0.59577567,  0.5546976 ,  2.13581374, -0.14197743,  0.79967792,
        -0.77792938],
       [-0.92975117, -0.35101429,  0.34388597, -0.71358034, -2.35881864,
         0.97737802],
       [ 1.59103675,  2.29228755,  2.12267164,  0.69682334, -0.24788909,
         0.14243933]]), array([[ 1.15361532,  1.85113402],
       [-1.65869931, -1.26953797],
       [ 1.88438499,  1.80999371],
       [ 1.10489072,  0.95860798],
       [ 1.88816406, -2.09915722],
       [-1.61403519,  2.05176256]])], [array([ 1.56821509, -0.99249539,  0.80461538, -2.05047102, -0.59264766,
       -0.97764615]), array([ 0.88392227, -1.81472738])]]]
[150, 4, -1, -1, 1, [[array([[-2.32776274, -1.80249894, -0.24957978,  1.56535708,  2.40311174,
         0.59370908],
       [ 0.43791423, -1.87929239, -1.0391449 ,  0.61795649, -1.02939045,
         2.23069643],
       [-1.27446967,  2.40712338,  1.8293388 , -2.00658049,  1.82242708,
         1.68193267],
       [ 1.9452131 ,  1.41807803, -2.03431334,  1.66604902,  1.01446571,
         0.89704416],
       [-1.15282201,  1.89063357,  1.74589584,  0.98150544, -1.60818325,
        -0.75244316],
       [ 0.39631241, -1.09440928, -1.11140642, -0.8416922 , -1.19813008,
         0.30338455]]), array([[ 2.23088522, -1.14044148],
       [-1.49477036,  2.34630775],
       [-1.75832896, -1.71603167],
       [-1.68950342,  1.04085303],
       [ 1.26313601,  1.71443276],
       [ 1.05432639,  2.03928849]])], [array([-1.74713207, -1.28369479,  0.40151309, -0.87767164,  1.77653919,
       -0.27071739]), array([1.41500255, 0.46853391])]]]
[150, 17, -1, -1, 0, [[array([[ 2.35666568, -1.8379035 ,  0.47905146,  2.31870703, -0.55126726,
        -1.97248284],
       [ 1.23404466, -0.76085265,  1.60849902,  1.52379473, -0.09496334,
        -0.25564702],
       [-0.57444484, -1.36556115, -0.01520005,  2.05174601, -0.18842156,
         1.27868602],
       [-1.523008  , -2.42839413, -0.20334489, -0.85029327, -2.0228705 ,
        -2.38279146],
       [-0.52449729, -1.53535539, -1.98874491,  0.9312281 , -1.90073659,
         0.09381154],
       [ 0.35596061,  1.35671806,  0.9667711 , -0.6865553 , -1.26987036,
         2.33644399]]), array([[ 1.90835545,  1.28139986],
       [-0.52624336,  1.5961555 ],
       [-2.25768623,  1.87422596],
       [ 0.87720231, -0.37914366],
       [ 1.78101965, -2.09398956],
       [ 0.81917503, -0.11276317]])], [array([ 2.33574919, -1.42263852,  0.13955578, -0.92285343,  0.69607564,
       -1.47344604]), array([ 1.20843183, -0.49237545])]]]
[150, 7, -1, -1, 1, [[array([[-1.31967097, -0.09482422, -0.01158564, -2.41442278,  2.00909911,
        -0.97728806],
       [ 1.24201327,  1.07756837, -2.33055398, -1.02481296, -0.90396542,
        -0.72644278],
       [ 1.59821302, -0.03583136,  0.41700859,  2.32425094, -1.43622831,
        -1.75518554],
       [ 1.70669318,  2.00174781, -0.72402026,  2.37875785,  1.40845748,
        -0.78451754],
       [-1.04837938, -1.61479508,  0.8012987 , -1.75870224,  0.89294094,
        -0.92753621],
       [-0.90650757, -2.13649606,  1.01694783, -0.80266361, -1.89924919,
         1.332156  ]]), array([[-1.78774904, -0.64510541],
       [ 1.31030551,  1.94034453],
       [ 0.15078028,  1.23476146],
       [ 1.00442236, -0.41692802],
       [ 0.15587733, -1.18641823],
       [ 1.39666565,  1.9484817 ]])], [array([ 2.22585625,  0.85774145,  0.38616165, -0.07405001,  0.22497306,
        1.24377462]), array([-2.44254689, -1.80601644])]]]
[150, 21, -1, -1, 0, [[array([[-1.61456687, -0.0778474 ,  1.14457551,  1.11689943, -2.15900791,
        -0.6942232 ],
       [ 0.90593279,  1.76097671,  2.34077263,  0.46726606,  1.65854233,
        -1.88563621],
       [ 1.2300289 ,  1.31373403, -0.78533103, -1.23887703, -2.41321932,
         1.11391738],
       [-2.10648478,  0.10487983,  0.72667549, -0.46043179, -1.94936423,
         1.6347024 ],
       [ 0.95918859,  1.47444953, -2.28494071,  2.04195269,  0.25512319,
        -2.24301283],
       [ 0.75149348, -0.80712088,  1.00036276, -1.40478742, -2.19800746,
         0.77506615]]), array([[-1.18605619,  0.81776243],
       [ 1.03146461,  2.15083609],
       [ 1.27865933,  2.10721391],
       [-1.51707468,  1.90956845],
       [-1.21018212,  1.15101894],
       [-1.38447989,  0.64482556]])], [array([-0.95474512, -1.69871637, -1.69251642,  2.08436804, -1.78276193,
       -1.73319921]), array([2.34130383, 2.20453425])]]]
[150, 1, -1, -1, 1, [[array([[-2.14882662, -1.25150444, -0.28278659,  0.73433423,  1.72569105,
         1.83716632],
       [-1.74763461,  1.34294762,  1.25375337, -2.12390476, -2.29387292,
         0.4382229 ],
       [ 0.46670743,  0.69692969,  2.43942534,  1.03763628,  0.88325616,
         1.30628627],
       [ 0.35574196,  1.22145299, -0.92748863,  0.96322393, -0.54843115,
         1.72185859],
       [-0.72072895, -0.37881002, -1.25843123, -0.65658352, -0.46696131,
        -0.75475436],
       [ 1.14586481,  0.60786021,  2.26961025, -0.08437745,  0.31064019,
        -0.14005412]]), array([[ 1.37780164, -0.7116534 ],
       [-1.97183259, -2.39257374],
       [-0.67671365, -0.35822443],
       [ 1.29982004, -0.49037409],
       [-1.56627821, -1.33454535],
       [ 1.63382344,  1.2283664 ]])], [array([-1.21782878, -0.74382165, -0.11044763,  2.01843785,  1.69629701,
        0.02516307]), array([0.77364344, 0.2566486 ])]]]
[150, 19, -1, -1, 0, [[array([[-1.60345394,  0.70596699, -0.04672041, -0.16035307, -1.87256243,
        -2.25390508],
       [-0.16497835,  2.1433475 , -1.02479524,  2.30127607,  1.47289237,
        -1.89657241],
       [ 0.8893677 , -1.61073662, -1.16716768,  1.91718899,  1.54329017,
         1.48439767],
       [ 1.25378282, -1.78865776,  1.95131256,  1.64518108, -1.71677367,
         0.99458818],
       [-1.75908563, -0.94141591, -1.24652339,  1.55803106, -2.24585121,
        -2.1442395 ],
       [-0.92167597,  1.85563298, -1.27980686, -0.10759341, -1.6327807 ,
         1.9594701 ]]), array([[ 0.11365613,  0.92683794],
       [ 2.39481045,  2.37055179],
       [ 0.42256628,  1.48143991],
       [ 1.55402884,  1.29417154],
       [-0.26456648, -1.8643173 ],
       [-0.76770084,  1.28795111]])], [array([ 0.74612554,  1.85428722,  0.1761856 , -0.88720381, -1.50635262,
        0.06964318]), array([-1.08429092,  0.78689618])]]]
[150, 15, -1, -1, 1, [[array([[-2.2330696 , -2.26936801, -1.29684761, -0.3246316 ,  1.36091294,
        -1.06223996],
       [ 2.09067044,  1.79942408, -0.90280749, -1.56981509,  1.47874306,
        -1.52035257],
       [ 0.40541588, -1.01008971,  1.31146168, -1.06016607,  0.20409636,
         1.48022562],
       [ 1.05739139,  1.44922893, -2.24796505,  1.21228406,  2.24020496,
         0.96084745],
       [ 0.67590845,  1.85755824,  1.91820376, -2.05320299, -0.14301645,
         2.20001392],
       [-0.35916402, -1.07497386, -1.44656311,  1.11552739, -0.747479  ,
         1.93230237]]), array([[-1.5945269 , -1.61186107],
       [-0.52715949,  0.66426648],
       [-1.52693415, -0.6300943 ],
       [ 0.00355901, -1.74435632],
       [ 0.98159648,  1.07112862],
       [ 1.00813523,  0.69964688]])], [array([ 1.90261754,  0.26562245, -1.85240967,  1.94008825,  1.77358994,
       -0.35536346]), array([-0.10017104, -1.0581331 ])]]]
[150, 13, -1, -1, 0, [[array([[ 0.13199525, -0.8376787 , -1.81168266, -0.02394126, -1.38594334,
        -2.18339652],
       [ 2.0379704 ,  1.42691104, -2.31546941,  2.08650833, -1.33241586,
         0.68660478],
       [ 1.94613398, -1.70355841,  1.60828136, -1.74257848, -0.13659444,
         0.03438978],
       [ 0.6386875 ,  2.40430861,  0.97156022, -1.40850805,  0.22903894,
        -2.20351891],
       [ 0.07898906, -0.84544385,  1.48911341, -0.00553635,  0.85292049,
        -1.51512992],
       [ 1.37015003,  1.52353947,  1.39262784,  0.45879061,  0.5364889 ,
         2.24488176]]), array([[ 1.32184339, -1.46413835],
       [-1.35783476, -0.03607628],
       [-1.95638991,  0.46250475],
       [ 1.1744949 , -0.91448219],
       [-1.12604131,  2.33700444],
       [-2.35413826,  0.60652693]])], [array([ 2.09175206,  2.30285072, -1.12037706, -0.53134231, -0.37145903,
       -0.21237471]), array([-1.56339303,  0.66286321])]]]
[150, 9, -1, -1, 1, [[array([[ 1.76669784, -1.66335493, -0.84750782, -1.61112912,  0.72225422,
        -0.24206371],
       [-1.86564722,  1.70119563,  0.31100263,  1.68019778, -1.74617778,
         1.04993109],
       [ 1.27067478,  0.81679601,  0.12352694,  0.33299516,  1.38547219,
        -1.48019516],
       [-1.2265256 ,  1.50989313, -1.34818302, -0.35224682, -2.13918648,
         0.28895099],
       [ 1.5201642 , -0.1677395 ,  0.75264984, -0.12373113,  1.26906412,
         1.74564335],
       [-0.27852917, -1.61594318, -1.18902741, -0.42997822, -2.09824766,
         0.6208011 ]]), array([[ 1.81334769, -2.31332817],
       [ 1.81401068,  1.5454083 ],
       [-1.31326356,  0.17982677],
       [ 0.9488791 ,  1.33496911],
       [-1.6561568 , -1.9418308 ],
       [ 1.74551897,  1.6142179 ]])], [array([ 2.11289399,  1.37180685, -0.71658322,  1.21041488,  0.38861651,
        0.9922003 ]), array([1.02386637, 0.35258799])]]]
[150, 0, -1, -1, 0, [[array([[ 1.81745809, -0.1946376 , -1.1846475 ,  0.01547986,  1.16706043,
         0.68973619],
       [-0.3262291 , -1.5159983 , -0.97526415,  0.82352808, -0.52920324,
        -1.66457925],
       [-0.77975268, -2.03803429,  1.8299057 , -1.9264777 ,  0.47409336,
         0.87980049],
       [-0.90432465,  1.59052176,  1.03482401,  0.94467854, -0.84789006,
         0.27942746],
       [-2.23123362,  1.103752  , -0.9918606 , -0.84145511, -0.94388232,
        -1.02855671],
       [ 0.65721863,  2.22291064,  1.34790836, -2.26229312, -0.5627102 ,
        -1.68730211]]), array([[-1.96696117,  1.45466517],
       [ 1.83956963,  1.92116763],
       [-1.64665439,  1.15197231],
       [ 1.39074384, -0.16755079],
       [ 1.76109867, -1.13382856],
       [-0.72325364, -0.09355712]])], [array([0.68397158, 1.68354789, 1.51945498, 1.42383312, 1.9020727 ,
       0.63880961]), array([ 1.18983127, -2.28144177])]]]
[150, 5, -1, -1, 1, [[array([[ 1.4967048 , -1.86277013, -1.62290668, -1.93795918, -2.39368919,
        -1.33346963],
       [ 0.48351876, -0.32453885, -1.74669256, -0.46353222,  0.27475372,
         0.04192573],
       [ 1.94448199, -0.86832547,  0.45458921,  0.92315113,  2.12532065,
         1.99286217],
       [ 0.04866637, -0.18195558, -1.72137943,  1.76775565, -0.6155437 ,
        -2.2816565 ],
       [-0.24504994, -0.52152404, -0.87633479,  1.09952485, -0.9855435 ,
         2.06117704],
       [-0.28248495, -1.79448382,  0.97130852, -1.45353935,  2.26912132,
         0.453032  ]]), array([[-0.09875392, -0.12200748],
       [ 2.44407343, -1.59607782],
       [ 2.00121895,  1.84681603],
       [ 0.12636192,  1.38889162],
       [-1.25282944,  0.93714452],
       [-1.2561888 , -0.61877148]])], [array([-2.2817524 , -1.6478229 , -0.85742767, -2.29577001,  1.01653383,
       -1.72480616]), array([-1.59956542,  1.71319717])]]]
[150, 10, -1, -1, 0, [[array([[-0.53701259,  1.42294471,  0.14838501, -1.63745283, -1.03548414,
        -0.91790515],
       [ 0.16760752, -1.03761641, -1.38393503, -2.42318634,  0.34726314,
        -1.44500987],
       [ 0.00933819, -2.36709392,  1.20027604, -1.44275245,  0.12311512,
        -0.94516106],
       [ 0.78830894,  1.60504544,  1.93162346,  2.38863898,  1.24370181,
        -0.39054595],
       [ 1.40138773,  0.52200748,  0.7107325 ,  1.24634422, -0.97100203,
         2.26707346],
       [-1.27435118, -0.82431242, -2.18000016, -0.96616018,  0.70940295,
         1.17099725]]), array([[-0.47622255,  1.2414701 ],
       [ 0.42369233, -1.44595481],
       [-2.14495845,  2.39775904],
       [-0.60723225, -0.65402791],
       [ 0.58885332, -1.4042793 ],
       [-0.22951698, -0.6240689 ]])], [array([-1.03084195, -2.24715395, -2.13253451, -1.26540258, -0.25506543,
        1.72403977]), array([-1.02961704, -1.84091842])]]]
[150, 12, -1, -1, 1, [[array([[-1.04917477,  0.06443817,  0.08469826,  1.51136891,  2.19259717,
        -0.38667963],
       [ 1.44728189, -0.46048673, -1.51210797,  1.39550372, -2.05901979,
        -2.16161352],
       [ 0.24050302,  0.1031007 , -0.65690996,  0.38348317, -1.06373023,
         1.51852498],
       [-0.41524721, -1.63244271,  0.27380639,  0.10859493,  0.78670391,
        -2.17268727],
       [-0.36675961, -0.67784484, -0.61277594,  1.76678385, -2.38306688,
         0.66909415],
       [-1.63333802,  0.76690605, -2.35692047,  1.46190912,  1.65331524,
         2.33340298]]), array([[-1.42442005,  0.79005445],
       [-2.29081811,  1.81287484],
       [-1.80702851, -2.07043496],
       [-1.07072311, -1.18980694],
       [ 2.01897175,  0.68903652],
       [-0.13753552,  1.78578478]])], [array([-2.36280432,  1.39038465, -0.1853996 , -0.02802198, -0.17919836,
        0.289169  ]), array([-0.22481346,  1.97988525])]]]
[150, 3, -1, -1, 0, [[array([[-1.26382891,  0.42640149, -0.7907022 , -2.15047766,  1.9312122 ,
        -1.87566753],
       [ 2.13932927, -1.58804561,  2.23066764,  0.34194411,  1.58410956,
        -0.19814828],
       [-0.03796939, -2.25501308,  1.42075733,  0.38582964, -1.46766438,
         0.019982  ],
       [-2.08308109, -0.90266924, -0.38187018, -1.9926869 ,  0.59077482,
         0.64884714],
       [ 0.53258812, -0.17744219, -0.38207882, -0.5507837 ,  1.12161181,
         2.13456985],
       [-2.41499531, -0.88818005,  0.62761799, -1.79091508,  0.15806587,
        -1.59948716]]), array([[-0.869067  , -0.33640244],
       [-0.65241044, -1.48809658],
       [-1.82314621, -0.37113939],
       [ 1.11436157, -1.33609344],
       [-1.90527252, -1.43816427],
       [ 1.94095373, -2.01212207]])], [array([0.71782349, 1.11070184, 0.48380771, 0.17227544, 2.06988312,
       1.64083928]), array([-0.79074269,  0.95899306])]]]
[150, 6, -1, -1, 1, [[array([[-1.60909718, -0.44010794, -2.35362911, -1.19802564,  1.26965469,
        -0.67071677],
       [ 0.99200696,  0.83005539, -0.41747864, -0.75841428,  2.25106588,
        -0.22088437],
       [ 0.02438106, -1.89594827, -1.20329932, -1.02952643,  0.95347777,
        -1.65326796],
       [-1.95631218, -0.63790756,  0.22997218,  1.45895017, -0.99775866,
         1.48928679],
       [ 1.07380679, -1.14246327,  2.37818217, -1.42243781, -1.87369547,
         1.5708838 ],
       [-1.91159194,  1.68115764, -1.79778288, -1.12055458, -1.16929229,
        -1.17905275]]), array([[ 2.30269228,  1.35232666],
       [-0.50910231,  0.08277817],
       [ 1.23561388,  1.14001292],
       [-1.7400051 ,  0.96245491],
       [-1.78492385, -0.53077913],
       [-1.0517104 , -2.27944553]])], [array([-0.82739756, -2.23333981, -1.84244599,  0.41346876, -1.86593672,
       -1.52109409]), array([-0.76694477, -1.11787407])]]]
[150, 22, -1, -1, 0, [[array([[ 2.44425812,  1.34998793, -1.51085868,  1.04380389,  0.55357759,
         0.5362151 ],
       [ 0.32805073,  1.50101115,  2.06285314, -2.30242693,  0.92355201,
         1.01990506],
       [ 0.28905577,  1.15633633,  2.02150207, -1.37304802,  1.06062507,
         1.25455447],
       [ 1.18740008,  2.35309345, -1.90580442,  0.28090426, -0.71379803,
         1.33515241],
       [-0.67492517, -0.2754953 , -1.48577963, -0.49713323, -2.36024127,
         0.56042769],
       [-0.58088159, -1.36234793,  1.27854497, -1.32045461, -1.873792  ,
         0.10006728]]), array([[ 2.27677792, -0.04649485],
       [-2.37251398, -0.72340544],
       [ 1.11881326,  1.62274925],
       [ 2.38647313,  1.53706983],
       [ 1.08165345, -1.95284062],
       [ 1.18596136, -0.49863967]])], [array([ 2.4244676 ,  0.59308963,  0.92449889, -2.01159032,  0.88535265,
        2.22417776]), array([-0.95372347,  1.57877479])]]]
[150, 20, -1, -1, 1, [[array([[-1.3406806 ,  1.51670333,  0.77002238,  1.41144092, -0.15047221,
        -0.74865437],
       [-0.15748957, -1.29688148, -1.8617367 , -1.26587873, -1.52011447,
        -0.22495701],
       [-0.5912945 , -0.44146867,  2.14328619,  0.18814312,  1.04948172,
         1.17788449],
       [-2.27800269,  0.97660598, -0.14330712, -1.1891351 , -0.06611111,
        -1.92006198],
       [-0.08456464, -1.38439801,  2.43065416, -0.61851256, -0.4945888 ,
         1.08142966],
       [-0.44175607, -0.2127543 , -2.24796463,  0.01305176,  1.89476682,
         0.56553431]]), array([[ 0.58719414, -0.56611675],
       [ 0.71528467,  0.02970937],
       [-1.73151428, -1.63948696],
       [ 1.8415524 ,  0.72840235],
       [-1.74706479,  0.67028479],
       [ 0.32076893, -1.404634  ]])], [array([-1.38915593,  0.83410773, -2.01773404, -1.95169297, -1.90307461,
       -0.91771313]), array([ 0.02281057, -1.31560583])]]]
[150, 18, -1, -1, 0, [[array([[-2.076884  ,  2.24247198,  0.21095016,  1.48424422,  1.14539673,
         1.17573579],
       [-0.99319905,  1.94793993,  2.29421637, -2.27097023,  1.85691008,
        -0.44399517],
       [-2.42612253, -1.77971076, -0.91120309,  1.79219427, -1.24922758,
        -0.58068227],
       [-1.83521949, -0.35678768,  2.1555579 ,  1.40087398, -2.35011162,
         0.94456799],
       [ 2.13007325,  2.07741027, -1.44178805,  1.15461701,  1.51173376,
         0.07472248],
       [ 0.45732918, -1.29138651, -0.67230058,  1.35858755,  0.47210213,
         0.87582188]]), array([[-1.264949  , -0.08964894],
       [-1.87206046,  2.11152142],
       [ 0.90864241, -1.52939659],
       [-1.11457731,  1.59894123],
       [ 0.44231001,  1.88875155],
       [ 0.23904833,  1.4663744 ]])], [array([ 1.3769931 ,  2.23260481, -0.59933785,  1.52253954, -0.94810304,
       -1.21513247]), array([ 0.6180713 , -1.54797959])]]]
[150, 14, -1, -1, 1, [[array([[-0.14480161,  0.01698613,  2.14649888, -2.33793227, -0.95984774,
        -2.06705778],
       [ 2.22281555, -0.19427979, -2.10902182,  0.94731009, -1.45818967,
        -0.47080285],
       [-2.31054798, -0.29734633, -1.41182916,  1.11178349, -1.71873264,
        -1.89035095],
       [-0.02303437, -0.30537392, -1.60390182, -2.26014101, -1.23016273,
        -2.43157604],
       [-1.43957198, -1.75139268,  0.35802805,  1.52480762,  2.01242275,
        -1.00644774],
       [-2.31927023,  2.00159075,  0.16125803,  0.42188065,  0.45691057,
        -1.56421388]]), array([[ 1.27613188,  0.60670738],
       [-0.03659319,  1.13803675],
       [-2.43966931,  1.55246992],
       [-2.13772637,  1.91735009],
       [ 0.42731532,  2.29849751],
       [ 0.38695432, -1.54682521]])], [array([ 0.09151074,  2.08036531, -1.5445386 , -0.25585123, -1.67927154,
       -1.22997149]), array([-1.28684712, -0.78961868])]]]
[140151, 2, 'birth', 18, 15, 1, [[array([[-2.076884  ,  2.24247198,  0.21095016,  1.48424422,  1.14539673,
         1.17573579],
       [-0.99319905,  1.94793993,  2.29421637, -2.27097023,  1.85691008,
        -0.44399517],
       [-2.44948974, -1.77971076, -0.91120309,  1.79219427,  0.20409636,
         1.48022562],
       [ 1.05739139,  2.44948974, -2.24796505,  1.21228406,  0.47924802,
         0.96084745],
       [ 0.67590845,  1.92500449,  1.91820376, -2.05320299, -1.22175919,
         2.20001392],
       [-0.35916402, -1.07497386, -1.44656311,  1.11552739, -0.747479  ,
         1.93230237]]), array([[-1.41421356, -1.41421356],
       [-0.52715949,  0.66426648],
       [-1.41421356, -0.6300943 ],
       [ 0.00355901, -1.41421356],
       [ 0.98159648,  1.07112862],
       [ 1.41421356,  1.41421356]])], [array([ 2.44948974,  0.26562245, -1.85240967,  1.94008825,  1.77358994,
       -0.35536346]), array([-0.10017104, -1.0581331 ])]]]
[169151, 23, 'birth', 17, 1, 1, [[array([[ 2.35666568, -1.8379035 ,  0.47905146,  2.31870703, -0.55126726,
        -1.97248284],
       [ 1.23404466, -0.76085265,  1.60849902,  1.52379473, -0.09496334,
        -0.25564702],
       [-0.57444484, -1.36556115, -0.01520005,  2.44948974, -0.18842156,
         1.27868602],
       [-1.523008  , -1.55621023, -0.20334489, -1.13704265, -2.0228705 ,
        -2.38279146],
       [-0.72072895, -0.37881002,  2.07460383, -0.97020319, -0.46696131,
        -0.75475436],
       [ 1.14586481,  0.60786021,  2.26961025, -0.08437745,  0.31064019,
        -0.14005412]]), array([[ 0.14610764, -0.7116534 ],
       [-1.41421356,  0.63069477],
       [-0.67671365,  1.41421356],
       [ 1.29982004, -0.49037409],
       [-1.41421356, -1.33454535],
       [ 1.41421356,  1.2283664 ]])], [array([-1.21782878, -0.74382165, -0.11044763,  2.01843785,  1.69629701,
        2.44948974]), array([0.77364344, 0.2566486 ])]]]
[179351, 11, 'birth', 17, 2, 0, [[array([[ 2.44948974, -2.44948974,  0.47905146,  2.31870703, -0.55126726,
        -1.97248284],
       [ 1.23404466, -0.76085265,  1.60849902,  1.52379473, -0.09496334,
        -0.25564702],
       [-0.57444484, -1.36556115, -0.01520005,  2.05174601, -0.18842156,
         1.27868602],
       [-1.523008  , -2.42839413, -2.24796505,  0.79255736, -0.383612  ,
         2.44948974],
       [-0.4898669 ,  1.92500449,  1.91820376, -2.05320299, -1.22175919,
         2.20001392],
       [ 1.85224582, -1.07497386, -1.44656311,  1.11552739, -0.747479  ,
         1.93230237]]), array([[-1.41421356, -1.41421356],
       [-0.52715949,  0.66426648],
       [-1.41421356, -0.6300943 ],
       [ 1.41421356, -1.41421356],
       [ 0.98159648,  1.07112862],
       [ 1.41421356,  1.41421356]])], [array([ 2.44948974,  0.26562245, -1.85240967,  1.94008825,  1.77358994,
       -0.35536346]), array([-0.10017104, -1.0581331 ])]]]
[263852, 24, 'birth', 10, 6, 0, [[array([[-2.44948974, -2.44948974,  0.14838501, -1.63745283, -1.03548414,
         0.52891274],
       [ 0.16760752, -1.03761641, -1.38393503, -2.42318634,  0.34726314,
        -1.44500987],
       [ 0.00933819, -2.36709392,  1.20027604, -1.44275245,  0.12311512,
        -0.94516106],
       [ 0.78830894,  1.60504544, -1.12531054,  1.45895017, -0.99775866,
         1.48928679],
       [-0.48129401, -2.44948974,  2.44948974, -1.42243781,  1.57001317,
         1.5708838 ],
       [-1.2463572 ,  1.68115764, -1.79778288, -1.12055458,  2.44948974,
         0.27953427]]), array([[ 1.41421356,  1.35232666],
       [-0.50910231,  0.08277817],
       [ 1.23561388,  1.14001292],
       [-1.41421356,  0.96245491],
       [-1.41421356, -0.53077913],
       [-1.0517104 , -1.41421356]])], [array([-0.82739756, -2.23333981, -1.84244599,  0.41346876, -1.86593672,
        2.44948974]), array([-0.76694477, -1.11787407])]]]
[296802, 16, 'birth', 10, 15, 0, [[array([[-0.53701259, -0.67914256,  0.14838501,  0.73028459, -1.03548414,
        -1.18425237],
       [ 0.16760752, -2.44948974, -1.38393503, -2.42318634,  0.34726314,
        -1.44500987],
       [ 0.00933819, -2.36709392,  1.20027604, -1.44275245,  0.12311512,
        -0.94516106],
       [ 0.78830894, -1.99903413,  1.93162346,  2.38863898,  2.1790608 ,
        -0.42287245],
       [ 1.40138773, -0.29470341,  0.7107325 ,  0.6005377 , -0.97100203,
         0.02048708],
       [-1.27435118, -0.82431242, -2.18000016,  0.12374325,  0.70940295,
         1.17099725]]), array([[-0.47622255,  1.2414701 ],
       [-0.52715949,  0.66426648],
       [-1.41421356, -0.6300943 ],
       [ 0.00355901, -1.41421356],
       [ 0.98159648,  1.07112862],
       [ 1.00813523,  1.41421356]])], [array([ 1.90261754,  0.26562245, -1.85240967,  1.94008825,  1.8136637 ,
       -0.35536346]), array([-0.10017104, -1.0581331 ])]]]
[1098311, 8, 'death']
[1098461, 4, 'death']
[1098611, 17, 'death']
[1098761, 7, 'death']
[1098911, 21, 'death']
[1099061, 1, 'death']
[1099211, 19, 'death']
[1099361, 15, 'death']
[1099511, 13, 'death']
[1099661, 9, 'death']
[1099811, 0, 'death']
[1099961, 5, 'death']
[1100111, 10, 'death']
[1100261, 12, 'death']
[1100411, 3, 'death']
[1100561, 6, 'death']
[1100711, 22, 'death']
[1100861, 20, 'death']
[1101011, 18, 'death']
[1101161, 14, 'death']
[1101511, 4, 'birth', 24, 23, 0, [[array([[-2.44948974, -2.44948974, -1.68654774, -1.63745283, -1.03548414,
         0.52891274],
       [ 0.16760752, -1.03761641, -1.38393503, -2.42318634, -0.74674604,
        -1.44500987],
       [ 0.00933819, -2.36709392,  1.20027604, -1.44275245,  0.12311512,
        -0.94516106],
       [ 0.78830894,  1.60504544, -1.12531054,  1.45895017, -0.99775866,
         1.48928679],
       [-0.48129401, -1.82809619,  2.44948974,  1.22375228,  1.57001317,
         1.5708838 ],
       [-1.2463572 ,  1.68115764, -1.74501548,  1.98708084,  2.44948974,
         0.27953427]]), array([[ 1.41421356,  1.35232666],
       [-0.50910231,  0.08277817],
       [ 1.23561388,  0.9002607 ],
       [-1.41421356,  0.96245491],
       [-1.41421356,  0.9481858 ],
       [-1.0517104 , -0.45382619]])], [array([-0.82739756, -2.23333981,  2.44948974,  2.01843785,  1.69629701,
        2.44948974]), array([0.77364344, 1.41421356])]]]
[1101511, 21, 'birth', 10, 2, 0, [[array([[-0.53701259,  1.42294471,  0.14838501, -1.63745283, -1.03548414,
        -0.91790515],
       [ 0.16760752, -1.03761641, -1.38393503, -2.42318634,  0.34726314,
        -1.44500987],
       [ 0.00933819, -2.36709392, -0.91120309,  1.79219427,  0.20409636,
         1.48022562],
       [ 1.05739139,  2.44948974, -2.24796505,  2.44948974,  0.47924802,
         0.96084745],
       [ 0.67590845,  1.92500449,  2.44948974, -2.05320299, -0.95334168,
         2.44948974],
       [-0.35916402, -1.07497386, -1.44656311,  1.11552739, -0.747479  ,
         1.93230237]]), array([[-1.41421356, -1.41421356],
       [ 0.60989995,  0.66426648],
       [-1.41421356, -0.6300943 ],
       [-0.48957228, -1.41421356],
       [ 0.98159648,  1.07112862],
       [ 1.41421356,  0.47756067]])], [array([ 2.44948974,  2.06231017, -1.85240967,  1.94008825,  1.77358994,
       -0.35536346]), array([-0.01202816, -1.0581331 ])]]]
[1101511, 22, 'birth', 11, 7, 0, [[array([[ 2.44948974, -2.44948974,  0.47905146,  1.85960648, -0.55126726,
        -1.97248284],
       [ 1.23404466, -1.46795339,  1.60849902,  1.52379473, -0.00553801,
        -2.44948974],
       [-0.57444484, -1.36556115,  1.12713811,  2.05174601, -0.18842156,
         1.27868602],
       [-0.06861181, -2.42839413, -2.24796505,  0.79255736, -0.383612  ,
         2.44948974],
       [-0.4898669 ,  1.92500449,  1.02489812, -2.05320299, -1.22175919,
         2.20001392],
       [ 0.86288346, -1.07497386, -1.44656311,  1.11552739, -1.89924919,
         1.61296552]]), array([[-1.41421356, -0.64510541],
       [ 1.31030551,  1.41421356],
       [ 0.15078028,  1.23476146],
       [ 1.00442236, -0.41692802],
       [ 0.15587733, -1.18641823],
       [-1.07670126,  1.41421356]])], [array([ 2.22585625,  0.85774145,  0.28124918, -0.07405001,  0.22497306,
        1.24377462]), array([-1.41421356, -1.41421356])]]]
[1101511, 20, 'birth', 3, 15, 1, [[array([[-1.26382891,  0.42640149, -0.7907022 , -0.46494498,  1.9312122 ,
        -1.87566753],
       [-1.37642577, -1.58804561,  2.23066764,  0.34194411,  2.11007257,
         2.27585643],
       [-0.03796939, -2.25501308,  1.42075733,  0.38582964, -1.46766438,
         0.019982  ],
       [-2.08308109, -0.90266924, -0.38187018, -1.9926869 , -1.79370203,
         0.96084745],
       [ 0.67590845,  1.85755824,  1.91820376, -2.05320299, -0.14301645,
         2.44948974],
       [-0.35916402, -1.07497386, -1.44656311,  1.11552739,  2.44948974,
        -1.30418915]]), array([[-1.41421356, -1.41421356],
       [-0.52715949,  0.66426648],
       [-1.41421356, -0.6300943 ],
       [ 1.1531678 , -1.41421356],
       [ 0.98159648,  1.07112862],
       [ 1.00813523,  0.69964688]])], [array([ 2.44948974,  0.26562245, -1.85240967,  2.44948974,  1.77358994,
       -0.35536346]), array([-0.10017104, -0.51591834])]]]
[1101511, 12, 'birth', 21, 4, 1, [[array([[-1.61456687, -0.0778474 ,  1.14457551,  1.28633446, -2.15900791,
        -1.34678656],
       [ 0.90593279,  1.76097671,  2.34077263,  0.46726606,  1.65854233,
         2.23069643],
       [-1.27446967,  2.40712338,  1.8293388 , -2.00658049,  1.82242708,
         1.68193267],
       [ 1.9452131 ,  1.41807803, -2.03431334,  1.66604902,  1.01446571,
        -2.44948974],
       [-1.06962068,  1.89063357,  1.74589584,  0.98150544, -1.60818325,
        -0.75244316],
       [ 0.39631241, -1.09440928, -1.11140642, -0.8416922 , -1.19813008,
         0.30338455]]), array([[ 1.41421356, -1.14044148],
       [-1.41421356,  1.41421356],
       [-1.41421356, -1.41421356],
       [-1.41421356,  1.04085303],
       [ 1.26313601, -0.15278563],
       [ 1.05432639,  1.41421356]])], [array([-1.74713207, -1.28369479,  0.40151309, -2.44948974,  1.77653919,
       -0.27071739]), array([1.41421356, 0.46853391])]]]
[1101511, 14, 'birth', 24, 7, 1, [[array([[-2.44948974, -2.44948974,  0.14838501, -1.63745283, -1.03548414,
         0.52891274],
       [ 0.16760752, -1.03761641, -1.33404511, -2.42318634,  0.34726314,
         0.70350109],
       [ 0.00933819, -2.44948974,  1.77656613, -1.44275245, -1.0493777 ,
         0.35782356],
       [ 0.78830894,  1.60504544, -1.12531054,  1.45895017, -0.99775866,
         1.48928679],
       [ 2.44948974, -1.61479508,  0.8012987 , -1.75870224,  0.89294094,
        -0.92753621],
       [-0.90650757, -0.49700717,  1.01694783, -0.80266361, -2.44948974,
         1.332156  ]]), array([[-1.41421356, -0.64510541],
       [ 1.31030551,  1.41421356],
       [ 0.15078028,  1.23476146],
       [ 1.00442236, -1.0093763 ],
       [ 0.15587733, -1.18641823],
       [ 1.39666565,  1.41421356]])], [array([ 2.22585625, -2.44948974,  0.38616165, -1.95156047,  0.22497306,
        1.24377462]), array([-1.41421356, -1.41421356])]]]
[1101511, 9, 'birth', 18, 4, 1, [[array([[-0.02521008,  2.24247198,  0.21095016,  1.48424422,  1.14539673,
         1.17573579],
       [-0.99319905,  1.94793993,  2.31633815, -2.27097023,  1.85691008,
        -0.44399517],
       [-2.42612253, -1.77971076, -0.91120309,  2.39936503,  1.07910125,
        -0.03111574],
       [-1.83521949, -0.35678768,  2.1555579 ,  1.40087398, -2.35011162,
         0.94456799],
       [ 2.13007325,  2.07741027, -2.44948974,  1.15461701, -1.60818325,
        -0.75244316],
       [ 0.39631241, -2.44948974, -2.44948974, -0.8416922 , -1.19813008,
         0.30338455]]), array([[ 1.41421356, -1.14044148],
       [-1.41421356,  1.41421356],
       [-1.41421356, -1.41421356],
       [-1.41421356,  1.04085303],
       [ 1.41421356,  0.13758318],
       [ 1.05432639,  1.41421356]])], [array([-1.03399014, -1.28369479,  0.40151309, -0.87767164,  1.77653919,
       -1.87509986]), array([1.41421356, 0.46853391])]]]
[1184861, 2, 'death']
[1200362, 23, 'death']
[1205212, 11, 'death']
[1239062, 24, 'death']
[1250512, 16, 'death']
[1353513, 1, 'birth', 21, 20, 1, [[array([[-0.53701259,  1.42294471,  0.14838501, -2.44948974, -1.03548414,
        -0.91790515],
       [ 0.16760752, -1.03761641,  1.84582667, -2.44948974,  2.44509323,
        -1.44500987],
       [ 0.00933819, -2.36709392, -0.91120309,  1.79219427,  0.20409636,
         1.48022562],
       [-1.82218058,  2.44948974, -2.24796505,  2.44948974,  2.44948974,
         0.96084745],
       [ 0.67590845,  2.44948974,  1.91820376, -2.05320299, -0.14301645,
         0.46396845],
       [-0.35916402, -1.07497386, -1.44656311,  1.11552739,  2.44948974,
        -1.30418915]]), array([[-1.41421356, -1.41421356],
       [-0.52715949,  0.66426648],
       [-1.41421356, -0.6300943 ],
       [ 1.1531678 , -1.41421356],
       [ 0.98159648,  1.41421356],
       [ 1.00813523,  0.69964688]])], [array([ 2.44948974,  0.26562245, -1.85240967,  2.44948974,  1.77358994,
        1.40455368]), array([-0.10017104, -0.51591834])]]]
[1502015, 4, 'death']
[1502165, 21, 'death']
[1502315, 22, 'death']
[1502465, 20, 'death']
[1502615, 12, 'death']
[1502765, 14, 'death']
[1502915, 9, 'death']
[1503115, 1, 'death']
[1503115, 'Extinction!']
