[time, indiv, parent1, parent2, gender, brain]
[150, 16, -1, -1, 0, [[array([[-0.9164933 , -0.88299525,  0.06999796,  1.55015831, -0.62547974,
         1.2877834 ],
       [ 0.91667867,  1.39898016,  0.95950914, -0.71489384,  0.73876591,
        -0.79108196],
       [-1.92043973,  1.68731205, -0.10110446,  1.31773249,  1.69399176,
         1.15922857],
       [-1.83028654, -1.53208897, -1.22271783,  1.74099746,  1.0004312 ,
        -0.79687206],
       [-0.82484365, -2.06792822,  0.804608  ,  0.22087004,  2.07092398,
        -1.24521262],
       [ 0.0134203 , -2.23411483,  2.34835901,  0.59369209,  1.24588692,
        -0.30582758]]), array([[-0.11072215,  2.06640003],
       [-1.59473235, -1.85073372],
       [ 1.98263067, -0.09702515],
       [-1.51306367,  0.35299026],
       [ 2.00658933, -1.72642405],
       [-1.70711707, -0.30136008]])], [array([ 0.24528791, -1.07798282,  0.87702726,  1.08188662,  0.52006934,
        1.07766197]), array([-0.03400583, -1.90932653])]]]
[150, 19, -1, -1, 1, [[array([[ 1.11695621,  2.42159105, -2.32980771,  1.53340863, -1.20999227,
         2.10970648],
       [ 0.19453938, -1.46256661,  2.44164741, -0.64900846, -0.54406236,
        -1.13318629],
       [ 2.43924664, -1.26482356, -1.57032103,  0.56230461, -0.91927651,
         1.12844441],
       [ 0.80608134,  2.14573141, -1.51332544, -1.61817974,  1.59142935,
         2.44669065],
       [ 1.97071106,  2.12608673, -1.52202623, -0.175988  ,  2.27116798,
        -1.17477864],
       [-1.57574282, -2.18432482,  1.35864524, -0.44435003, -1.9827241 ,
        -1.53756127]]), array([[ 1.26465762,  1.07291661],
       [-2.42283509,  2.06275017],
       [-1.8556148 , -2.03252737],
       [-1.70305886,  1.09588326],
       [-0.9672868 , -0.16719014],
       [ 0.1434236 , -0.39096012]])], [array([ 1.25929715, -0.44419458, -0.8440336 , -0.21397158,  1.45736944,
       -2.00404125]), array([ 0.95802338, -2.06453872])]]]
[150, 15, -1, -1, 0, [[array([[-1.81214906,  2.16848825,  2.39747799,  1.67472163,  1.19277469,
        -0.41624423],
       [-1.63531831, -1.1211369 ,  0.79995827,  2.03240839,  1.95873757,
         1.05047536],
       [-0.80866213, -1.23796096, -1.92196568,  1.53714363, -0.87311205,
        -1.56356073],
       [ 0.49115641, -1.03540717,  2.06021815, -0.89608046,  0.3204911 ,
         2.32709407],
       [ 1.62922778, -0.1343361 ,  1.00191397,  2.04007418, -0.62569986,
         0.65031711],
       [-0.07927272, -0.7451557 , -0.81327549, -1.66225124, -1.78638724,
         0.96423547]]), array([[-2.06812873, -0.31251688],
       [-2.18890462, -2.09324531],
       [-2.04428894,  0.74498656],
       [ 0.04565609, -1.45673492],
       [ 0.14269826,  1.90138582],
       [ 0.97084385,  0.02019739]])], [array([ 1.46029912, -0.54760331, -1.74536611, -0.3266749 ,  0.5179757 ,
        0.87414894]), array([0.44908298, 0.94106332])]]]
[150, 3, -1, -1, 1, [[array([[ 0.71616206,  0.00913045, -0.39783601,  1.63061028, -0.30311284,
         0.54005263],
       [ 0.10255125,  1.53671146, -1.39763702, -0.69471274, -1.76184567,
         0.02388572],
       [-1.26124273, -1.09970556, -2.44586578, -1.82004722, -2.23882209,
        -1.5096348 ],
       [ 1.70363675,  1.99072268,  0.81228834,  1.32751509, -1.66704463,
         0.04323627],
       [ 2.0637364 , -1.51322674,  1.24687431,  2.29097862, -0.9324554 ,
         0.84134634],
       [-2.37143545,  2.15501007,  0.47341952, -0.70764903,  0.84735309,
         1.03512399]]), array([[ 0.36431503, -0.77573809],
       [ 0.47963541, -0.30261791],
       [-1.5029728 ,  1.07336798],
       [ 0.16282683, -0.70906639],
       [ 0.70548544,  0.13446837],
       [-1.84603457, -0.85240214]])], [array([-2.1012836 ,  1.9201551 , -1.89741288,  0.74784466,  2.05008871,
       -2.11832888]), array([-0.43859698,  0.75218212])]]]
[150, 7, -1, -1, 0, [[array([[ 1.26499858,  1.69143824, -2.21050591,  0.83826855,  2.35840646,
         1.02705381],
       [-0.47037218,  1.28181553, -0.46975312,  2.14534552,  1.96382455,
        -0.6862615 ],
       [-1.84544585,  1.28644741, -0.92492225,  0.24514264,  2.0619186 ,
        -0.2304599 ],
       [ 2.27928961,  0.07452888,  2.03403756, -0.12195129,  2.43126299,
        -0.44398947],
       [ 0.54341121,  2.15688202,  2.10183993,  1.94011709, -2.41888458,
        -2.14695669],
       [-0.75310939, -0.86348637,  1.48296619,  2.13816019, -1.81609189,
         1.33071735]]), array([[-0.18504834,  1.1253613 ],
       [-1.49412909,  1.05178557],
       [ 0.14706421,  1.38973308],
       [-2.3021655 , -1.55067914],
       [-1.77240817,  1.81750857],
       [-0.21133325,  1.783927  ]])], [array([ 2.12035265, -1.71268545,  2.05584665,  0.97523983, -0.60022147,
       -1.05413022]), array([ 0.29016837, -1.36061618])]]]
[150, 5, -1, -1, 1, [[array([[-1.96551772,  2.04707509, -2.18497645,  1.62099581, -2.20318998,
        -0.37442339],
       [ 2.31375858, -0.89527461, -2.22436409, -0.11326747, -1.02865419,
         0.04637599],
       [-1.98259442,  1.12745909,  2.05719455, -0.51484271, -0.69899337,
         1.39001345],
       [ 1.33062381, -1.80418214, -1.28257132,  1.56486805,  1.23572366,
        -1.11519853],
       [-2.34475544, -0.02425927, -0.48154679, -1.68008325, -0.49078354,
         0.24561079],
       [-2.35226681,  2.05169181, -2.14011745, -0.62093849, -1.45270038,
        -1.25417301]]), array([[ 0.57118543,  1.7321629 ],
       [ 2.38749001,  1.30351075],
       [-1.37516306,  0.5283994 ],
       [-0.32600307, -2.40401756],
       [-0.51850966,  0.64181892],
       [ 1.4843799 ,  1.37347319]])], [array([-1.3167126 , -1.39911593,  1.4381221 ,  1.08092902, -1.93857573,
       -1.06500621]), array([0.17739466, 1.53009129])]]]
[150, 2, -1, -1, 0, [[array([[ 2.36829033, -2.05861353, -1.4053833 , -2.30951802, -0.24804018,
        -0.24552795],
       [-0.97743416, -1.89853575, -1.47056958,  1.57167528, -1.55853923,
        -0.39464705],
       [-1.12977394,  1.35930488, -0.06198356,  1.00477622,  1.43253838,
        -2.12008245],
       [-2.16813917,  1.3763003 , -0.47168991, -1.94889301, -1.1897843 ,
        -1.91102516],
       [-1.18669338, -1.61318593,  2.25603407,  0.82547961,  1.0022559 ,
        -1.53781202],
       [ 1.63172606, -0.89348903, -0.51712548,  0.76437251, -1.98722844,
         1.55430648]]), array([[ 0.83895175,  1.00941069],
       [ 1.1034606 , -2.3283517 ],
       [-2.33668638,  0.21439803],
       [-2.29157003,  0.60015272],
       [ 0.97616083, -1.88170949],
       [-2.24969912,  0.52544529]])], [array([ 0.12203281,  0.72774291,  0.24742663,  1.8742058 , -0.84397446,
        0.92262825]), array([ 0.37424388, -0.34820623])]]]
[150, 11, -1, -1, 1, [[array([[-0.41158583,  1.41575467, -0.21321584,  1.1471006 ,  2.23444015,
        -0.68634995],
       [ 1.43130515, -1.87501448,  1.42850166, -1.58031382, -0.38324025,
         0.99122102],
       [-0.08615481, -0.80038031,  1.62245933,  1.93422652, -0.60076143,
         0.50905499],
       [-2.31570834, -1.95958178, -2.29197207, -2.16066573, -1.68048102,
        -0.82308941],
       [-1.51259371, -1.86699481, -1.5825995 , -2.01045298, -0.8123975 ,
        -0.23451407],
       [ 1.34234188,  1.43404185,  0.69181188, -0.08959389,  0.78508915,
         2.1200163 ]]), array([[-1.0895353 , -1.01356924],
       [ 0.23617922,  1.97217947],
       [-0.06939291, -0.16947394],
       [-0.09387772,  2.20647541],
       [-1.0369169 ,  2.01353838],
       [ 1.88549798,  0.85499398]])], [array([ 1.55760922,  0.43884141, -2.18571082, -1.95595004,  0.59619324,
       -1.12550139]), array([-0.74167028,  0.92325542])]]]
[150, 4, -1, -1, 0, [[array([[ 0.03408262, -0.42306264,  2.42677087,  0.58936363,  0.5279597 ,
        -0.39018415],
       [ 1.02661643,  0.95510651,  1.02820332,  1.28778618, -1.73418495,
        -2.27010496],
       [-0.84822157,  0.72344512, -0.73780597, -0.14818608, -2.09257035,
         1.44469372],
       [-1.62177886, -1.47157092, -0.10738492,  0.86136131,  1.99798022,
        -0.36060134],
       [ 1.95188395, -0.08028598,  2.38106641, -1.8629963 ,  0.28108911,
        -0.95728462],
       [-0.30695841, -2.25874121, -0.83822978, -1.64910991, -0.69693293,
        -1.43348298]]), array([[ 0.44057977, -1.12591141],
       [ 1.36122985,  1.40769719],
       [ 2.41809967,  0.93535409],
       [ 0.98506665,  2.43692959],
       [-1.41425309,  0.47907206],
       [ 1.31905724,  2.37998252]])], [array([-1.0071605 ,  1.0275326 ,  0.23779189,  1.738753  ,  0.57438118,
        1.75523357]), array([-0.46178759, -2.23595885])]]]
[150, 12, -1, -1, 1, [[array([[ 1.51169087, -0.57690177,  0.92902984, -1.72066198,  0.49044234,
         0.29856617],
       [-0.22314695,  0.05427022,  0.44942506, -0.80881028, -0.03295732,
        -0.08167247],
       [-0.50238678,  0.97341378, -1.38024497, -1.81305218,  0.96673516,
        -0.92274415],
       [-0.94399932, -2.40186736,  0.49310139, -2.10831588, -0.68725642,
         2.3666109 ],
       [ 1.52255903, -0.42376631, -1.46000353,  1.69407464,  2.43507984,
         1.15453966],
       [-0.99751132,  0.91285938, -0.59740019,  1.23939184, -2.16885388,
         1.07352323]]), array([[-0.2109622 , -1.35925035],
       [ 2.38155358,  1.72788363],
       [ 2.24436495,  1.04884514],
       [-1.84864011,  1.61567091],
       [ 1.51335943, -1.95172906],
       [ 1.78270095,  0.93937113]])], [array([-0.5678258 ,  0.57243721, -0.26896127, -2.03885705,  0.05475815,
       -0.56214936]), array([ 0.75997752, -0.07607252])]]]
[150, 21, -1, -1, 0, [[array([[ 1.24914321,  1.8693359 ,  1.97979435, -1.11869778, -1.93586049,
        -0.97620722],
       [ 1.64216161, -1.64478484, -1.7783823 , -2.21149863,  1.70803755,
        -1.17115537],
       [ 1.45246719, -0.24297353,  0.35553114, -0.3923723 ,  0.1854076 ,
         1.68991649],
       [ 1.08945782, -1.34010348, -0.78323702, -0.12726728, -1.69614886,
        -1.30041997],
       [-0.27900489,  0.75398398,  1.96841773, -0.03944035, -1.60434195,
        -2.2338747 ],
       [ 1.43219683, -1.41746042, -0.97450961, -2.08972327, -0.22509201,
        -1.41540983]]), array([[-0.29452023,  0.3248725 ],
       [-1.84118952,  2.43153193],
       [ 1.8599068 ,  1.95237788],
       [-1.52207087,  0.30402298],
       [-0.39824157,  1.47855462],
       [-1.5909578 , -0.54888725]])], [array([ 2.22275793,  0.96255747,  0.40532858, -1.07152453, -1.15744194,
        0.12421987]), array([ 2.16974891, -1.22367851])]]]
[150, 10, -1, -1, 1, [[array([[-0.74828204, -0.94182567, -0.65694355,  1.81359648, -2.13419257,
        -0.35624282],
       [-1.10820804,  1.37313273, -1.84646862,  1.97083171,  2.16716041,
         1.82113544],
       [-0.62822311, -0.86435793, -0.79807343, -1.63583732, -0.29396395,
         0.96870564],
       [-1.46751285, -0.93029074, -0.58998169,  1.69257008,  1.24918518,
        -0.10818895],
       [ 1.95169227, -0.55225594, -1.20922474, -0.62604849, -1.65600467,
         2.42059168],
       [-0.49806797,  1.83193418,  0.79035126, -1.70612055, -2.04621318,
         0.47378357]]), array([[-1.72323669, -0.24754139],
       [ 0.38172197, -0.54460522],
       [ 2.32357839,  1.04869024],
       [ 2.15664391,  1.06860448],
       [ 1.87684681, -0.44418685],
       [ 1.17420865, -2.05742458]])], [array([-1.9896877 ,  0.66152154,  0.74774847, -0.42718356, -0.5270363 ,
       -1.02671112]), array([-1.83654702, -0.39699787])]]]
[150, 24, -1, -1, 0, [[array([[-1.2974458 , -0.56768879,  0.99055648, -1.39618229, -1.86393575,
        -0.01659974],
       [-0.45604611,  0.13337978, -0.12114235, -0.30523499, -0.168954  ,
        -1.16528647],
       [-1.57577623, -2.05209196,  1.31967421,  1.61912508, -0.19100371,
        -1.92767058],
       [-1.8885618 , -2.36643357,  0.24675618, -1.48916747,  2.22366093,
         2.08871585],
       [ 0.10093246,  1.40119728,  0.11771096, -0.77216901, -0.16684147,
        -1.19639279],
       [-0.18133982, -0.36741587,  2.24345109,  1.61871693,  0.22601275,
        -2.36732706]]), array([[ 2.38463853, -1.24535812],
       [-0.26353528, -0.46108012],
       [-1.70874451,  0.80837789],
       [-2.12115756, -1.72189762],
       [ 0.19389783,  0.83256051],
       [-2.05798616, -1.00215461]])], [array([-2.33236725,  2.37135445,  0.53169126, -0.58817716, -0.9961147 ,
       -0.70738217]), array([ 2.04304806, -0.61906608])]]]
[150, 20, -1, -1, 1, [[array([[ 0.31556014, -0.68549582, -0.13978787, -2.40620116, -2.42105343,
         2.44511483],
       [ 2.00298491,  0.23438545, -1.06854539, -0.10401807, -1.56336383,
         0.25742041],
       [ 1.80515567, -0.0843621 ,  0.12261958,  1.22542784,  1.20477886,
        -0.52519684],
       [ 0.80694584, -2.16049059,  2.01808568, -2.02643945, -1.11102517,
         1.1874897 ],
       [-0.08640966, -0.03680412, -1.5995286 ,  2.1081096 , -2.14878177,
         1.00358542],
       [ 1.26558756, -0.9103599 ,  1.02343179, -0.03514484,  0.63340363,
        -2.00925363]]), array([[ 1.56919267, -0.83619312],
       [-0.1395546 ,  1.74965564],
       [-1.49094091,  0.71405715],
       [ 0.84854424, -1.00499303],
       [-0.47889947,  1.35098871],
       [ 1.55320673,  1.33966332]])], [array([ 1.81793704, -1.15353579,  2.12590973, -0.19479736, -2.00200231,
       -0.11316174]), array([-2.4047722 ,  1.70822637])]]]
[150, 8, -1, -1, 0, [[array([[ 0.16902909, -2.40105741,  1.50139378,  0.83610216,  1.99856364,
         2.11744155],
       [ 0.77343267, -2.28624301, -1.2897147 ,  0.06696006,  0.52674495,
        -0.30279345],
       [-1.10569471, -1.80137453,  0.6828915 , -1.1088421 , -1.60364809,
        -0.12703756],
       [-0.69242146, -1.60493028,  1.38758504,  0.97828289, -1.92486902,
        -0.01889078],
       [ 1.85772459, -1.04049481, -0.86510747,  2.02898225,  0.14840455,
         0.13926018],
       [ 0.04566317, -2.08110906,  1.17351733,  1.42251945, -0.49117508,
         1.08984921]]), array([[-0.33008176, -1.66938993],
       [-1.81165776,  0.17291696],
       [ 2.05542411,  0.69435711],
       [ 0.30308741, -0.57502774],
       [-0.84147386, -0.30003218],
       [ 0.46161216,  0.53443449]])], [array([ 0.59223625,  1.20312451, -1.56194903,  1.79664272, -0.40987791,
       -1.48288302]), array([0.73855858, 0.50896648])]]]
[150, 14, -1, -1, 1, [[array([[ 2.11408053,  1.11425017,  0.08972154, -1.84000585, -2.21899815,
        -1.14809305],
       [ 0.97368896, -0.83265219, -0.85195004,  1.74630228,  2.1251369 ,
        -0.38343849],
       [-1.4420193 ,  1.29963011,  1.95625271,  0.29313516,  1.79143743,
        -1.73301635],
       [ 2.1221877 , -1.49395288,  1.95183166, -0.38487883, -0.11241932,
         0.08061512],
       [ 1.26956479, -0.22499913,  1.43472728,  2.38727165, -1.59687275,
        -1.1585063 ],
       [ 0.3522938 , -0.53548083,  0.80712731,  1.52820192,  0.67880984,
        -1.68904657]]), array([[-0.9464466 ,  0.73559589],
       [ 1.45970156,  0.93949253],
       [ 2.43156069, -0.06465605],
       [ 0.17593841, -1.66493612],
       [-2.05313771,  1.4179896 ],
       [ 1.84060671,  1.75157574]])], [array([-2.10356052, -2.44450801, -1.48999203, -2.04204511,  1.46911762,
        1.05296878]), array([-1.2204934 ,  2.08546612])]]]
[150, 17, -1, -1, 0, [[array([[-1.70642469,  1.75582873,  0.19513182,  0.98293027, -1.3336385 ,
        -2.24706125],
       [ 0.71186068, -1.73899408, -2.120795  ,  2.34002053, -2.20540164,
         2.27719792],
       [ 2.35007499, -0.3146244 , -1.32652616, -1.93961085,  0.95365106,
        -0.909243  ],
       [-0.72842785,  1.05743853, -0.98661861,  0.08459874,  1.71006515,
        -2.15255259],
       [-0.97142685,  0.78053822, -2.23990077,  1.71791909,  0.36192096,
        -0.29862135],
       [-1.19050419, -0.58751077,  1.3516332 , -2.2643723 ,  2.1258669 ,
        -0.25330648]]), array([[ 0.48143904,  0.56264404],
       [ 2.34704894,  1.78634169],
       [ 2.44523053,  2.37246503],
       [-0.82048432, -2.01964115],
       [-1.14020922, -0.34397604],
       [ 2.12125983, -0.73507073]])], [array([ 1.41187909, -1.53845046,  0.4510259 ,  1.23048361, -1.15682233,
        0.016221  ]), array([-0.61752296,  1.7448113 ])]]]
[150, 9, -1, -1, 1, [[array([[ 0.70440378, -1.20129677, -1.43755221, -0.57972698,  1.27662452,
        -2.13798491],
       [ 1.33732622, -0.47556794,  2.21169158, -1.99217886,  1.21672247,
         2.33697056],
       [-2.1763538 ,  0.54874236, -0.75911048,  2.3519921 ,  1.9478299 ,
        -0.27273347],
       [ 1.04282521,  0.36847201, -0.09630675,  0.64633319, -1.22274071,
        -0.81557187],
       [-1.79507595, -2.24296767,  1.504625  , -1.24625851,  2.05718711,
         2.37619517],
       [ 1.44808646, -1.92817477,  0.01049072, -1.1243223 ,  0.5511257 ,
        -1.94523649]]), array([[ 1.79376524,  1.00200354],
       [-0.30264395, -0.74237217],
       [ 1.57857854, -0.32871435],
       [-1.7061012 , -0.08905176],
       [-0.60417496, -1.31305122],
       [-2.1326817 , -2.17402412]])], [array([-1.96773639, -2.37208528,  0.03639684, -1.51912421, -2.35650957,
       -2.40308592]), array([0.28779014, 0.71291107])]]]
[150, 0, -1, -1, 0, [[array([[ 0.97081164,  1.72268106,  1.57223323,  0.51122004,  1.93984907,
         0.07671923],
       [-1.8063056 , -0.46826212,  0.30004263,  1.59897231,  1.08067756,
         0.32993229],
       [ 0.11375715, -1.81137016,  2.05396467,  1.42680247,  0.26041984,
        -1.53515962],
       [-1.12257828,  0.11429916, -0.12755009,  2.05223761,  1.80552736,
        -1.6649545 ],
       [ 1.54706732, -2.01921439,  2.38845693, -1.48082047,  1.57283468,
         1.95901535],
       [-1.14167164,  2.38999223, -2.0682142 ,  0.98749564,  0.66521686,
         1.89470592]]), array([[ 1.63106468, -1.37218783],
       [ 0.34696581, -0.87985645],
       [-1.39909897, -0.6794281 ],
       [-2.0491659 , -0.71742294],
       [-1.94770123,  0.19565469],
       [ 1.72208138,  0.45900966]])], [array([-0.07457398, -0.49056078,  0.30534209, -0.5572681 , -0.10745761,
        0.28385292]), array([-0.46318468,  0.92663728])]]]
[150, 22, -1, -1, 1, [[array([[-0.52325419, -1.78086151, -0.27265114, -0.03367151,  0.74166922,
        -0.91625896],
       [ 0.1757129 , -2.20228051,  0.80467889, -0.22332605,  1.15401913,
         2.23854092],
       [ 1.35704335, -0.23605318, -2.41866081, -1.70375229, -2.39873843,
         1.121141  ],
       [ 2.30552339, -1.66743316,  0.52805374,  2.17599231,  0.63039991,
         0.59674431],
       [-1.38995725,  1.68625632, -2.15049297, -1.21877152,  0.54299238,
         0.64481344],
       [ 0.97320234,  0.14669791, -2.35304395, -1.6337292 , -2.37472347,
         1.14698883]]), array([[-2.35346059,  2.29426408],
       [ 0.83966578,  2.21485453],
       [-2.3505305 , -0.52917389],
       [ 1.11364097, -1.72841729],
       [-2.15610094,  0.72584342],
       [ 1.3399695 ,  2.30785356]])], [array([-0.9469477 ,  1.97016101, -2.32454666, -0.26775772, -0.58495361,
       -0.32114839]), array([-0.69605403,  1.76654184])]]]
[48450, 1, 'birth', 8, 19, 0, [[array([[ 0.16902909, -2.40105741,  1.50139378,  0.83610216,  1.99856364,
         2.11744155],
       [ 0.77343267, -2.28624301, -0.98847588,  0.06696006,  0.52674495,
        -0.30279345],
       [-1.10569471, -1.80137453,  0.6828915 , -1.1088421 , -1.60364809,
        -0.12703756],
       [ 0.80608134,  2.14573141, -1.51332544, -1.61817974,  1.59142935,
         2.44669065],
       [ 0.57418525,  2.12608673, -1.52202623, -0.175988  ,  2.27116798,
        -1.17477864],
       [-1.57574282, -2.44948974,  1.35864524, -0.44435003, -1.9827241 ,
        -1.53756127]]), array([[ 1.2787021 ,  1.07291661],
       [-1.41421356,  1.41421356],
       [-1.41421356, -1.41421356],
       [-1.41421356,  1.09588326],
       [-0.9672868 , -0.16719014],
       [ 0.1434236 , -0.39096012]])], [array([ 1.25929715, -0.44419458,  1.76631856,  2.43024329,  1.45736944,
       -2.00404125]), array([ 1.41421356, -1.41421356])]]]
[58150, 6, 'birth', 16, 5, 1, [[array([[-0.20281477,  1.0569862 ,  0.06999796,  1.55015831, -0.62547974,
         1.2877834 ],
       [ 0.91667867,  1.39898016,  0.95950914, -0.71489384, -1.23406771,
        -0.79108196],
       [-1.92043973,  1.08604975, -0.10110446,  1.98873699,  1.69399176,
         1.15922857],
       [-1.85184369, -2.30596647, -1.22271783,  1.74099746,  1.19405332,
        -0.79687206],
       [-0.82484365, -0.02425927, -0.48154679, -1.68008325, -0.49078354,
        -2.44948974],
       [-2.44948974,  2.05169181, -2.14011745, -0.62093849, -1.45270038,
        -1.07354865]]), array([[ 0.57118543,  1.41421356],
       [ 1.41421356,  1.41421356],
       [-1.37516306,  0.5283994 ],
       [-0.32600307, -0.13905615],
       [-0.51850966,  0.64181892],
       [ 1.41421356,  1.37347319]])], [array([-1.3167126 , -1.39911593,  0.33609607,  1.08092902, -1.93857573,
       -1.06500621]), array([0.17739466, 1.41421356])]]]
[88700, 18, 'birth', 21, 9, 0, [[array([[ 1.24914321,  1.8693359 ,  1.97979435, -1.11869778, -1.93586049,
        -2.21845546],
       [ 2.44948974, -1.64478484, -1.7783823 , -2.44948974,  2.04545504,
         2.33697056],
       [ 1.53507736,  0.54874236,  2.44948974,  2.3519921 ,  1.9478299 ,
        -0.27273347],
       [ 2.13230988,  0.03407922, -0.09630675,  0.7359215 , -1.22274071,
        -0.81557187],
       [-1.79507595, -1.35290288,  1.504625  , -1.24625851,  2.05718711,
         2.37619517],
       [ 1.44808646,  2.44948974,  1.75421871, -1.1243223 ,  0.5511257 ,
        -0.46988659]]), array([[ 1.41421356,  1.00200354],
       [-0.30264395,  0.16094229],
       [ 1.41421356, -0.32871435],
       [-1.41421356, -0.08905176],
       [-0.60417496, -1.31305122],
       [-1.41421356, -1.41421356]])], [array([-1.96773639, -2.44948974, -2.19874202, -0.32707493, -2.35650957,
       -2.44948974]), array([0.28779014, 0.71291107])]]]
[88700, 13, 'birth', 8, 11, 1, [[array([[ 0.16902909, -2.40105741,  1.50139378,  0.83610216,  1.99856364,
         2.11744155],
       [ 0.77343267, -2.28624301, -1.2897147 ,  0.06696006,  0.52674495,
        -0.30279345],
       [-1.10569471, -1.80137453,  0.24779728, -1.1088421 , -1.60364809,
        -0.12703756],
       [-0.69242146, -1.60493028,  1.38758504,  0.97828289, -1.92486902,
        -0.01889078],
       [ 1.85772459, -1.04049481,  1.35444804,  2.02898225,  0.14840455,
        -2.44948974],
       [ 0.04566317, -2.44948974,  1.17351733,  1.42251945,  0.78508915,
         2.1200163 ]]), array([[-1.0895353 , -1.01356924],
       [-0.29922533,  1.41421356],
       [-0.06939291, -1.41421356],
       [ 0.18304184,  1.41421356],
       [-1.0369169 ,  1.41421356],
       [ 1.41421356,  0.85499398]])], [array([ 1.55760922,  0.43884141, -2.18571082, -1.95595004,  0.59619324,
       -1.12550139]), array([-0.74167028,  1.41421356])]]]
[122401, 23, 'birth', 17, 6, 1, [[array([[-1.70642469,  1.75582873,  0.19513182,  0.98293027, -1.3336385 ,
        -2.24706125],
       [ 0.71186068, -1.73899408, -2.120795  ,  2.34002053, -2.20540164,
         2.27719792],
       [ 2.35007499,  0.17261896, -1.32652616, -1.83731875,  0.95365106,
        -0.909243  ],
       [-0.72842785,  1.05743853, -0.98661861,  0.08459874,  2.44948974,
        -2.15255259],
       [-0.97142685,  0.78053822,  0.3497426 ,  1.71791909,  0.36192096,
        -0.29862135],
       [-1.19050419, -0.58751077, -2.14011745, -0.62093849,  0.96378291,
        -1.07354865]]), array([[ 1.16811207,  1.41421356],
       [ 1.41421356,  1.41421356],
       [-0.8768022 ,  0.5283994 ],
       [-0.32600307, -0.13905615],
       [-0.51850966,  0.64181892],
       [ 1.41421356,  1.37347319]])], [array([-1.17589325, -1.2982532 ,  0.33609607,  1.08092902, -1.93857573,
       -1.06500621]), array([0.17739466, 1.41421356])]]]
[1146061, 16, 'death']
[1146261, 19, 'death']
[1146561, 15, 'death']
[1146711, 3, 'death']
[1146861, 7, 'death']
[1147011, 5, 'death']
[1147211, 2, 'death']
[1147461, 11, 'death']
[1147661, 4, 'death']
[1147811, 12, 'death']
[1147961, 21, 'death']
[1148111, 10, 'death']
[1148311, 24, 'death']
[1148511, 20, 'death']
[1148711, 8, 'death']
[1148861, 14, 'death']
[1149111, 17, 'death']
[1149311, 9, 'death']
[1149461, 0, 'death']
[1149711, 22, 'death']
[1150111, 10, 'birth', 2, 14, 0, [[array([[ 2.36829033, -2.05861353, -1.4053833 , -2.30951802, -0.24804018,
        -0.24552795],
       [-0.97743416, -2.44948974, -1.47056958,  1.57167528, -1.55853923,
        -0.39464705],
       [-1.12977394,  1.35930488, -0.06198356,  1.00477622,  2.44948974,
        -2.44948974],
       [-0.89020959,  1.3763003 , -0.47168991, -0.51791317, -1.1897843 ,
        -1.91102516],
       [-1.21598618, -0.82183597,  1.43472728,  2.38727165, -1.59687275,
        -1.1585063 ],
       [ 1.82746289, -0.53548083,  0.12598027, -2.44948974,  1.05496177,
        -1.68904657]]), array([[-9.46446598e-01,  3.10747525e-04],
       [-5.59961564e-01,  9.39492528e-01],
       [ 1.41421356e+00,  1.41421356e+00],
       [ 1.75938406e-01, -1.41421356e+00],
       [-1.41421356e+00,  1.41421356e+00],
       [ 1.41421356e+00,  1.41421356e+00]])], [array([-2.10356052, -2.44450801, -1.48999203, -2.04204511,  1.46911762,
        1.05296878]), array([-1.41421356,  0.78921715])]]]
[1150111, 17, 'birth', 18, 5, 0, [[array([[ 1.24914321,  1.8693359 ,  1.97979435,  1.51015237, -1.93586049,
        -2.44948974],
       [ 2.44948974, -1.64478484, -1.7783823 , -2.44948974,  2.04545504,
         0.04637599],
       [-1.98259442,  1.12745909,  2.1721417 , -0.51484271, -0.69899337,
         1.39001345],
       [ 1.33062381,  2.44948974, -1.28257132,  1.56486805,  1.23572366,
        -1.11519853],
       [-2.34475544, -0.02425927,  2.44948974, -1.68008325, -0.49078354,
        -2.44948974],
       [-2.35226681,  2.05169181, -2.14011745, -0.62093849, -1.45270038,
        -1.25417301]]), array([[ 0.57118543,  1.41421356],
       [ 1.41421356, -0.5182632 ],
       [-1.37516306,  0.5283994 ],
       [-1.05036951, -1.41421356],
       [-0.51850966,  0.64181892],
       [-1.12914846,  1.37347319]])], [array([-1.3167126 , -1.39911593,  1.4381221 ,  1.08092902, -1.93857573,
       -1.06500621]), array([-0.84145265,  1.41421356])]]]
[1150111, 12, 'birth', 16, 9, 0, [[array([[-0.9164933 ,  0.93538589,  0.06999796, -0.18521131, -0.62547974,
         1.52321954],
       [ 0.91667867,  1.39898016,  0.95950914, -0.71489384,  0.73876591,
        -2.40675366],
       [-1.92043973,  1.68731205, -0.10110446,  1.31773249,  1.69399176,
         1.15922857],
       [-1.83028654, -2.44948974, -1.22271783,  1.74099746,  1.0004312 ,
        -0.79687206],
       [-0.82484365, -2.24296767,  1.504625  , -1.24625851,  2.05718711,
         2.37619517],
       [ 2.44948974, -1.92817477,  0.01049072, -1.1243223 ,  0.5511257 ,
        -1.94523649]]), array([[ 1.41421356,  1.00200354],
       [-0.71794234, -1.27115351],
       [ 1.41421356, -0.32871435],
       [-1.41421356, -0.08905176],
       [-0.31165649, -1.31305122],
       [-1.41421356, -1.41421356]])], [array([-1.96773639,  0.2785893 ,  0.03639684, -1.51912421, -0.35312984,
       -2.40308592]), array([0.28779014, 0.71291107])]]]
[1150111, 3, 'birth', 21, 6, 1, [[array([[ 1.24914321,  1.04086479,  1.97979435, -1.11869778, -2.44948974,
        -0.97620722],
       [ 1.64216161, -0.22434075, -1.7783823 , -2.21149863, -1.27358233,
         2.44948974],
       [ 1.45246719, -0.24297353,  0.35553114, -0.3923723 ,  0.42267723,
         1.28986097],
       [ 1.08945782, -1.34010348, -0.78323702, -0.12726728,  1.32356332,
        -1.30041997],
       [-0.27900489,  0.75398398,  2.44948974, -0.03944035, -1.60434195,
        -2.44948974],
       [ 1.43219683, -1.41746042, -0.5286516 ,  2.44948974, -0.22509201,
        -1.41540983]]), array([[-0.29452023,  0.3248725 ],
       [-1.41421356,  1.41421356],
       [ 1.41421356,  1.41421356],
       [-1.41421356,  0.30402298],
       [-0.39824157,  1.41421356],
       [ 0.31689299,  0.88654015]])], [array([ 2.22275793,  0.96255747,  0.40532858, -1.07152453, -1.93857573,
       -2.44948974]), array([0.17739466, 1.41421356])]]]
[1150111, 20, 'birth', 15, 23, 0, [[array([[ 1.07765185,  2.16848825,  2.39747799,  1.67472163,  2.44948974,
        -0.41624423],
       [-1.63531831, -1.1211369 ,  0.79995827,  2.03240839,  1.95873757,
         1.05047536],
       [-0.80866213, -1.23796096, -1.92196568,  2.44948974, -0.87311205,
        -0.84344899],
       [ 0.49115641, -1.03540717,  2.06021815, -0.89608046, -1.14492449,
         2.32709407],
       [ 1.62922778, -0.1343361 ,  1.00191397,  2.04007418, -0.62569986,
         0.65031711],
       [-0.07927272, -2.44948974, -0.81327549, -1.66225124, -1.78638724,
         0.96423547]]), array([[ 1.16811207,  1.41421356],
       [ 1.41421356,  1.41421356],
       [-0.8768022 ,  0.5283994 ],
       [-0.32600307, -0.13905615],
       [-0.51850966,  0.64181892],
       [ 1.41421356,  1.37347319]])], [array([-1.17589325, -1.2982532 ,  0.33609607,  1.08092902, -1.93857573,
       -1.06500621]), array([0.17739466, 0.46482697])]]]
[1150111, 5, 'birth', 24, 20, 1, [[array([[-1.75176489, -0.56768879,  0.99055648, -1.39618229, -1.86393575,
        -0.01659974],
       [-0.45604611,  0.13337978, -0.12114235, -0.30523499, -0.168954  ,
        -1.16528647],
       [-1.57577623,  0.30639266,  2.44948974,  1.22542784,  2.44948974,
        -1.08613179],
       [ 0.80694584, -2.16049059,  2.01808568, -2.02643945, -1.11102517,
         1.1874897 ],
       [-0.08640966, -0.03680412, -1.5995286 ,  2.1081096 , -2.14878177,
         1.00358542],
       [ 1.26558756, -0.9103599 ,  1.02343179,  0.24048456,  0.63340363,
        -2.00925363]]), array([[ 1.41421356, -0.83619312],
       [ 0.43782515,  1.41421356],
       [-1.41421356,  0.71405715],
       [ 1.41421356, -1.00499303],
       [-0.47889947,  1.35098871],
       [ 0.05775043,  1.33966332]])], [array([ 1.81793704, -1.15353579,  2.12590973, -0.19479736, -2.00200231,
       -0.11316174]), array([-1.41421356,  1.41421356])]]]
[1150111, 14, 'birth', 8, 13, 0, [[array([[ 0.16902909,  0.41325295,  1.50139378,  0.35876648,  1.99856364,
         2.11744155],
       [ 0.77343267, -2.28624301, -1.2897147 ,  0.06696006,  0.52674495,
        -2.44948974],
       [-1.10569471, -1.80137453,  0.24779728, -1.1088421 , -1.60364809,
        -0.12703756],
       [-0.69242146, -1.60493028,  1.38758504,  0.97828289, -1.92486902,
        -0.01889078],
       [ 1.85772459, -1.04049481,  1.30481981,  2.02898225,  0.14840455,
        -2.44948974],
       [ 0.04566317, -2.44948974,  1.17351733,  1.42251945,  0.78508915,
         0.43887298]]), array([[-1.41421356, -1.01356924],
       [-0.29922533,  0.37219319],
       [ 0.15786935, -1.41421356],
       [ 0.18304184,  1.17937854],
       [-0.20683606,  1.41421356],
       [ 1.41421356,  0.85499398]])], [array([ 1.55760922,  0.43884141, -2.18571082,  0.6720822 ,  0.59619324,
       -1.12550139]), array([-0.74167028,  1.41421356])]]]
[1150111, 22, 'birth', 21, 5, 0, [[array([[ 1.24914321,  1.8693359 ,  1.97979435, -1.11869778, -2.44948974,
        -0.97620722],
       [ 1.64216161, -1.64478484, -1.7783823 , -2.21149863,  1.70803755,
        -1.17115537],
       [ 1.45246719, -0.24297353,  0.35553114, -0.3923723 , -0.69899337,
         2.44948974],
       [ 1.33062381, -2.44948974, -1.28257132,  1.56486805,  0.4050307 ,
        -1.11519853],
       [-2.34475544, -0.02425927, -0.48154679, -1.68008325, -0.49078354,
         0.24561079],
       [-2.44948974,  2.05169181, -2.44948974, -0.62093849, -0.45390873,
        -1.25417301]]), array([[ 0.57118543,  1.41421356],
       [ 1.41421356,  1.30351075],
       [ 0.52492638,  0.5283994 ],
       [-0.32600307, -1.41421356],
       [-0.51850966,  0.64181892],
       [ 1.41421356,  1.37347319]])], [array([-1.3167126 , -1.39911593, -1.39009554,  2.44948974, -1.93857573,
       -1.06500621]), array([-1.37474896,  1.41421356])]]]
[1150111, 15, 'birth', 21, 20, 1, [[array([[ 1.24914321,  1.8693359 ,  2.44948974, -1.11869778, -1.93586049,
        -0.97620722],
       [ 1.64216161, -1.64478484, -1.7783823 , -1.64946806,  1.70803755,
        -1.17115537],
       [ 1.45246719,  2.44948974,  0.35553114, -1.17993252,  0.1854076 ,
         1.68991649],
       [ 1.08945782, -1.34010348,  2.01808568, -2.02643945, -1.11102517,
         1.1874897 ],
       [-0.08640966, -0.03680412, -1.5995286 ,  2.1081096 , -2.14878177,
         1.00358542],
       [ 1.26558756, -1.17972765,  1.02343179,  0.50114531,  0.63340363,
        -2.00925363]]), array([[ 1.41421356, -0.83619312],
       [-0.1395546 ,  1.41421356],
       [-1.41421356,  0.71405715],
       [ 0.84854424, -1.00499303],
       [ 0.35477296,  1.35098871],
       [ 1.41421356,  1.33966332]])], [array([ 1.81793704, -1.15353579,  2.12590973, -0.19479736, -2.00200231,
       -0.11316174]), array([-1.41421356,  1.41421356])]]]
[1150111, 8, 'birth', 21, 10, 0, [[array([[ 1.24914321,  1.8693359 ,  1.97979435, -1.11869778, -1.93586049,
        -0.12051724],
       [ 1.64216161, -1.64478484, -1.7783823 , -2.21149863,  0.91759483,
        -0.02807361],
       [ 2.44948974, -0.24297353,  0.35553114, -0.3923723 ,  0.1854076 ,
         1.68991649],
       [ 1.08945782, -1.34010348, -0.78323702, -0.12726728,  0.41345979,
        -1.30041997],
       [-2.44948974,  0.75398398,  1.96841773, -0.03944035, -1.60434195,
        -2.2338747 ],
       [ 1.43219683, -1.41746042, -0.97450961, -2.08972327, -0.22509201,
        -1.41540983]]), array([[-0.15114007,  0.3248725 ],
       [-1.41421356,  1.41421356],
       [ 1.41421356,  1.41421356],
       [-1.41421356,  0.30402298],
       [-0.39824157,  1.41421356],
       [-1.41421356, -0.54888725]])], [array([ 2.17960054,  0.96255747,  2.44948974, -0.42718356, -0.5270363 ,
        0.80685728]), array([-1.41421356, -0.39699787])]]]
[1150111, 21, 'birth', 24, 6, 1, [[array([[-1.2974458 , -0.56768879,  0.06999796,  1.55015831, -0.62547974,
         1.2877834 ],
       [ 1.72011584,  1.39898016,  0.95950914, -0.71489384, -1.23406771,
        -0.79108196],
       [-1.92043973,  1.08604975, -0.99362731,  0.96821952,  1.69399176,
        -0.3117588 ],
       [-1.85184369, -1.69200967, -1.22271783,  1.74099746,  1.19405332,
        -0.79687206],
       [-0.82484365, -1.29169082, -0.48154679, -1.68008325, -0.49078354,
        -2.44948974],
       [-2.44948974,  2.05169181, -2.14011745, -0.62093849, -2.44948974,
        -1.07354865]]), array([[ 0.57118543,  1.41421356],
       [ 1.41421356,  1.41421356],
       [-1.37516306,  0.00319876],
       [-0.32600307, -0.13905615],
       [-0.51850966,  0.64181892],
       [ 1.41421356,  1.37347319]])], [array([-1.3167126 , -1.39911593,  0.33609607,  1.53840488, -1.93857573,
       -1.06500621]), array([0.17739466, 1.04614372])]]]
[1150111, 11, 'birth', 17, 20, 0, [[array([[-1.70642469,  1.75582873,  0.19513182,  0.99986776, -1.3336385 ,
        -2.24706125],
       [ 0.71186068, -1.73899408, -2.120795  ,  2.34002053, -2.20540164,
         2.27719792],
       [ 2.35007499, -0.3146244 , -1.32652616, -1.93961085,  0.95365106,
        -0.909243  ],
       [-0.72842785,  1.05743853, -0.98661861, -1.56125777, -1.19752899,
        -2.15255259],
       [-0.97142685,  0.78053822, -2.23990077,  1.71791909,  0.36192096,
        -0.29862135],
       [-1.19050419,  0.37090582,  2.44948974, -2.2643723 ,  2.1258669 ,
         2.44948974]]), array([[ 0.48143904,  1.41421356],
       [ 1.41421356,  1.41421356],
       [ 1.41421356,  1.41421356],
       [-0.82048432, -1.41421356],
       [-1.14020922, -0.34397604],
       [ 1.41421356, -0.73507073]])], [array([ 1.41187909, -1.53845046,  2.12590973, -0.19479736, -2.00200231,
       -0.11316174]), array([-1.41421356,  1.41421356])]]]
[1150111, 9, 'birth', 17, 10, 0, [[array([[-1.70642469,  1.75582873,  0.19513182,  1.91944031, -1.3336385 ,
        -2.24706125],
       [ 0.71186068, -1.73899408, -2.120795  ,  2.34002053,  2.16716041,
        -0.37652383],
       [-0.62822311, -2.44948974,  1.13420879, -1.63583732, -0.29396395,
         0.96870564],
       [-1.46751285, -0.93029074, -0.58998169,  1.69257008,  1.24918518,
        -0.12516305],
       [ 1.95169227, -0.55225594, -1.20922474, -0.62604849, -1.65600467,
        -0.04283348],
       [-0.49806797,  1.83193418, -0.89229528, -1.70612055, -2.04621318,
         0.47378357]]), array([[-1.41421356, -0.24754139],
       [ 0.38172197, -1.41421356],
       [ 1.41421356,  1.04869024],
       [ 1.41421356,  1.06860448],
       [ 1.41421356, -0.44418685],
       [ 1.17420865, -1.41421356]])], [array([-1.9896877 ,  0.66152154,  0.50744447, -0.06387047,  0.05012049,
       -1.02671112]), array([-1.41421356, -0.39699787])]]]
[1150111, 24, 'birth', 2, 10, 1, [[array([[ 2.44948974, -2.05861353, -1.4053833 , -2.44948974, -0.24804018,
        -2.44948974],
       [-0.97743416, -2.44948974, -1.47056958,  1.57167528,  0.75675628,
        -0.39464705],
       [-2.44948974,  2.44948974, -0.06198356,  2.44948974,  1.43253838,
        -2.12008245],
       [-2.44948974,  1.3763003 , -0.47168991, -1.94889301, -1.1897843 ,
        -1.91102516],
       [-1.18669338, -1.61318593,  0.18953649,  0.82547961,  1.0022559 ,
        -1.53781202],
       [ 1.63172606, -0.89348903, -0.51712548,  0.76437251, -1.98722844,
         0.47378357]]), array([[-1.41421356, -0.24754139],
       [ 0.38172197, -0.54460522],
       [ 1.41421356,  1.04869024],
       [ 0.86843782,  1.06860448],
       [ 0.56346164, -0.44418685],
       [ 1.17420865, -1.41421356]])], [array([-1.9896877 ,  0.66152154,  0.33237559, -0.42718356, -0.5270363 ,
       -1.02671112]), array([-1.41421356, -0.39699787])]]]
[1150111, 0, 'birth', 17, 5, 1, [[array([[-1.70642469,  1.75582873, -1.12908789,  0.98293027, -1.3336385 ,
        -0.37442339],
       [ 2.31375858, -0.89527461, -2.22436409, -0.11326747, -1.02865419,
         0.04637599],
       [-1.98259442,  1.12745909,  2.05719455,  2.44948974, -0.69899337,
         2.35986567],
       [ 1.33062381,  0.26802902, -1.28257132,  2.44948974,  1.23572366,
        -1.11519853],
       [-2.34475544, -0.02425927, -0.48154679, -1.68008325,  1.3239058 ,
         2.44948974],
       [-2.35226681,  2.05169181, -2.14011745, -0.62093849, -1.45270038,
        -1.25417301]]), array([[ 0.57118543,  1.41421356],
       [ 1.41421356,  1.30351075],
       [-1.37516306,  0.5283994 ],
       [-0.32600307, -1.41421356],
       [-0.51850966, -1.30698558],
       [ 1.41421356,  1.37347319]])], [array([-1.3167126 , -1.39911593,  1.4381221 , -2.44948974, -1.93857573,
       -1.06500621]), array([0.17739466, 1.41421356])]]]
[1162411, 7, 'birth', 8, 13, 1, [[array([[ 1.24914321,  2.44948974,  1.97979435, -0.45506845, -1.93586049,
        -0.12051724],
       [ 1.64216161, -2.28624301, -1.2897147 ,  0.06696006,  2.44948974,
         0.41783491],
       [-2.44948974, -2.44948974,  0.24779728, -2.44948974, -2.44948974,
         0.77377351],
       [-0.69242146, -1.60493028,  1.38758504,  0.97828289, -1.42945665,
        -0.01889078],
       [ 1.85772459, -2.44948974,  1.35444804,  2.02898225,  0.14840455,
        -2.44948974],
       [ 0.04566317, -2.44948974,  1.17351733,  1.17180228,  0.78508915,
         2.1200163 ]]), array([[-1.0895353 , -1.01356924],
       [-0.29922533,  1.41421356],
       [ 0.23752671, -1.41421356],
       [ 0.18304184,  0.21041773],
       [-1.0369169 ,  1.41421356],
       [ 1.41421356,  1.41421356]])], [array([ 1.55760922,  0.43884141, -2.44948974, -1.95595004,  0.59619324,
        1.78672533]), array([-0.74167028,  1.41421356])]]]
[1205362, 1, 'death']
[1215462, 6, 'death']
[1243412, 18, 'death']
[1243562, 13, 'death']
[1268412, 23, 'death']
[1288462, 19, 'birth', 20, 5, 1, [[array([[ 1.07765185,  2.16848825,  2.39747799,  1.67472163,  2.44948974,
        -0.41624423],
       [-1.63531831, -1.1211369 ,  0.79995827,  2.03240839,  1.95873757,
         1.05047536],
       [-0.80866213, -1.23796096, -1.92196568,  2.44948974, -0.87311205,
        -0.84344899],
       [ 0.49115641, -2.44948974,  2.06021815, -0.89608046, -1.11102517,
         1.1874897 ],
       [-0.08640966, -0.03680412, -1.5995286 ,  2.14084358, -1.7683238 ,
         1.00358542],
       [ 1.26558756, -0.9103599 ,  1.02343179,  0.24048456,  0.63340363,
        -2.00925363]]), array([[ 1.41421356, -0.4659111 ],
       [-0.62419692, -1.08309519],
       [-0.10039199,  0.71405715],
       [ 1.41421356, -1.41421356],
       [-0.47889947,  1.35098871],
       [ 1.38050517,  1.33966332]])], [array([ 1.81793704, -2.44798315,  2.12590973, -0.19479736, -2.00200231,
       -0.11316174]), array([-1.41421356,  1.41421356])]]]
[1308463, 6, 'birth', 20, 15, 1, [[array([[ 1.07765185,  2.16848825,  2.01027368,  1.67472163,  2.44948974,
        -0.41624423],
       [-1.63531831, -1.1211369 ,  0.79995827,  2.03240839,  0.93744615,
         1.05047536],
       [-0.80866213, -1.23796096, -2.44948974,  2.44948974, -2.44948974,
        -0.84344899],
       [-0.81021427, -1.03540717,  2.06021815, -2.44948974, -1.14492449,
         0.81273108],
       [ 1.62922778, -0.1343361 ,  1.00191397,  2.04007418, -0.62569986,
         0.65031711],
       [-0.07927272, -2.44948974, -0.81327549, -1.66225124, -0.69599871,
         0.96423547]]), array([[ 1.16811207,  1.41421356],
       [ 1.41421356,  1.41421356],
       [-0.8768022 ,  0.5283994 ],
       [-0.32600307, -1.00499303],
       [ 0.35477296,  1.35098871],
       [ 1.41421356,  1.33966332]])], [array([ 1.81793704, -1.15353579,  2.12590973, -0.19479736, -2.38063288,
       -0.11316174]), array([-1.41421356,  1.41421356])]]]
[1376663, 16, 'birth', 17, 5, 0, [[array([[ 1.24914321,  0.25422123,  1.95824517,  1.51015237, -1.93586049,
        -2.44948974],
       [ 2.44948974, -1.64478484, -1.7783823 , -2.44948974,  2.04545504,
         0.04637599],
       [-1.98259442,  1.12745909,  2.1721417 , -0.51484271, -0.69899337,
         1.39001345],
       [ 1.33062381,  2.44948974, -1.28257132,  1.56486805,  2.44948974,
        -0.81679177],
       [ 1.28868556, -0.03680412, -1.5995286 ,  2.1081096 , -2.44948974,
         1.00358542],
       [ 1.26558756, -0.9103599 , -0.77881874,  0.24048456,  1.395407  ,
        -2.00925363]]), array([[ 1.41421356, -0.83619312],
       [-0.35773658,  1.41421356],
       [-1.41421356,  0.71405715],
       [ 1.41421356, -1.00499303],
       [-0.046811  ,  1.35098871],
       [ 0.05775043,  1.33966332]])], [array([ 1.81793704, -1.3979697 ,  2.12590973, -0.19479736, -2.44948974,
       -0.11316174]), array([-1.41421356,  1.41421356])]]]
[1386313, 4, 'birth', 17, 15, 0, [[array([[ 1.24914321,  1.8693359 ,  1.97979435,  1.51015237, -0.56901883,
        -2.44948974],
       [ 2.44948974, -1.64478484, -1.7783823 , -2.44948974,  2.04545504,
         0.04637599],
       [-1.98259442,  1.12745909,  2.1721417 , -0.51484271, -2.44948974,
         1.39001345],
       [ 1.33062381,  2.44948974, -1.28257132,  0.71619986,  1.23572366,
        -1.50624346],
       [-2.34475544, -2.38402847,  2.44948974, -1.68008325,  1.8508952 ,
        -2.44948974],
       [-2.35226681,  2.05169181, -2.44948974, -2.35235431, -1.45270038,
        -2.44948974]]), array([[ 1.41421356,  1.41421356],
       [ 1.41421356, -0.5182632 ],
       [-1.37516306,  0.5283994 ],
       [-1.05036951, -1.41421356],
       [-0.36525758,  0.64181892],
       [-0.42071793,  1.41421356]])], [array([-1.3167126 , -1.39911593,  2.44948974,  1.08092902, -2.00200231,
       -0.11316174]), array([-1.41421356,  1.41421356])]]]
[1407564, 1, 'birth', 20, 19, 0, [[array([[ 1.07765185,  2.16848825,  2.44948974,  1.67472163,  2.44948974,
        -0.41624423],
       [-1.63531831, -1.1211369 ,  0.79995827,  2.03240839, -0.53225902,
         2.44948974],
       [-0.80866213, -2.44948974, -2.44948974,  2.44948974, -0.87311205,
        -0.84344899],
       [ 0.49115641,  0.76807914,  2.06021815, -0.89608046, -1.14492449,
         2.32709407],
       [ 1.62922778, -0.1343361 , -2.44948974,  2.14084358, -1.7683238 ,
         1.00358542],
       [ 1.26558756, -0.9103599 ,  1.02343179,  0.24048456,  0.63340363,
         0.20471901]]), array([[ 1.41421356,  0.2116364 ],
       [-0.62419692, -1.08309519],
       [-0.10039199,  0.71405715],
       [ 1.41421356, -1.41421356],
       [-0.47889947,  0.70843447],
       [ 1.38050517,  1.33966332]])], [array([ 1.81793704, -2.44798315,  2.12590973, -0.19479736, -2.00200231,
       -0.11316174]), array([-1.41421356,  1.41421356])]]]
[1606516, 23, 'birth', 4, 7, 0, [[array([[ 2.44948974,  1.8693359 ,  1.97979435,  1.51015237, -1.49878979,
        -2.02345671],
       [ 2.44948974, -1.64478484, -1.19356758, -2.44948974,  2.04545504,
         0.04637599],
       [-1.98259442,  1.12745909,  2.1721417 , -0.51484271, -2.44948974,
         1.39001345],
       [ 1.33062381,  2.44948974, -1.28257132,  0.6316313 ,  2.14587051,
        -1.50624346],
       [-2.34475544, -2.38402847,  2.44948974, -1.00643859,  2.44948974,
         1.85644825],
       [ 0.04566317, -2.44948974,  1.17351733,  1.17180228,  2.44948974,
         2.1200163 ]]), array([[-1.0895353 , -1.01356924],
       [-0.29922533,  0.4673566 ],
       [ 0.23752671, -1.41421356],
       [ 0.18304184,  0.21041773],
       [-1.0369169 ,  1.41421356],
       [ 1.41421356,  1.41421356]])], [array([ 1.55760922,  0.43884141, -2.40919256, -1.95595004,  0.59619324,
        2.44948974]), array([-0.74167028,  1.41421356])]]]
[1655766, 2, 'birth', 8, 21, 1, [[array([[-1.96353218,  1.8693359 ,  1.97979435, -1.11869778, -1.93586049,
        -0.12051724],
       [ 1.64216161, -1.64478484, -1.7783823 , -2.21149863,  0.91759483,
        -0.02807361],
       [ 2.44948974, -0.24297353, -1.97055817, -0.3923723 ,  0.1854076 ,
         1.68991649],
       [ 1.08945782, -1.34010348, -0.78323702, -0.12726728,  1.19405332,
        -0.79687206],
       [-0.82484365, -1.29169082, -0.72688467, -1.68008325, -0.49078354,
        -2.44948974],
       [-2.44948974,  2.05169181, -0.76825285, -0.62093849, -2.44948974,
        -1.07354865]]), array([[ 0.57118543,  1.41421356],
       [ 1.41421356,  1.41421356],
       [-1.37516306,  0.00319876],
       [-0.32600307, -0.13905615],
       [-0.51850966,  0.64181892],
       [ 1.41421356,  1.37347319]])], [array([-1.95677462,  1.03489908,  0.33609607,  1.53840488, -1.93857573,
       -1.06500621]), array([0.17739466, 1.04614372])]]]
[1775217, 13, 'birth', 4, 5, 1, [[array([[ 1.24914321, -1.37736287,  1.97979435,  1.53646688, -0.56901883,
        -2.44948974],
       [ 2.44948974, -1.64478484, -0.12114235, -0.30523499, -1.27928038,
        -1.16528647],
       [-1.57577623,  2.44948974,  2.44948974,  1.22542784,  2.44948974,
        -1.08613179],
       [ 0.80694584, -2.16049059,  2.01808568, -2.02643945, -1.11102517,
         1.1874897 ],
       [-0.08640966, -0.03680412,  2.26573984,  2.1081096 , -2.14878177,
         2.44948974],
       [ 1.26558756, -0.9103599 ,  1.02343179,  0.24048456,  0.63340363,
        -2.00925363]]), array([[ 1.41421356, -0.83619312],
       [ 0.43782515,  1.41421356],
       [-1.41421356,  0.71405715],
       [ 1.41421356, -1.00499303],
       [-0.47889947,  1.35098871],
       [ 1.41421356,  1.33966332]])], [array([ 1.81793704, -1.15353579,  2.12590973, -0.19479736, -2.00200231,
       -2.44948974]), array([-1.41421356,  1.41421356])]]]
[1864218, 18, 'birth', 22, 5, 1, [[array([[ 1.24914321,  1.8693359 , -0.88155755, -1.11869778, -2.44948974,
        -0.97620722],
       [-1.72214014, -1.64478484, -1.7783823 , -2.21149863,  1.70803755,
        -1.17115537],
       [ 1.45246719,  0.80773122,  0.35553114, -0.3923723 , -0.69899337,
         2.44948974],
       [ 1.33062381, -2.44948974,  2.01808568, -2.02643945, -1.11102517,
         1.1874897 ],
       [-0.08640966, -1.97647448, -1.5995286 , -1.96956434, -2.14878177,
         1.70534259],
       [ 1.26558756, -2.44948974, -1.17125099,  0.24048456,  0.63340363,
        -1.08334823]]), array([[ 1.41421356, -0.83619312],
       [ 1.41421356,  1.41421356],
       [-1.41421356,  1.41421356],
       [ 1.41421356, -1.41421356],
       [-0.47889947,  1.35098871],
       [ 0.05775043,  1.33966332]])], [array([-0.17514721, -0.40484236,  2.44948974, -0.19479736, -2.44948974,
       -0.11316174]), array([-1.41421356,  1.41421356])]]]
[2279272, 10, 'death']
[2279422, 17, 'death']
[2279572, 12, 'death']
[2279722, 3, 'death']
[2279873, 20, 'death']
[2280022, 5, 'death']
[2280172, 14, 'death']
[2280322, 22, 'death']
[2280472, 15, 'death']
[2280623, 8, 'death']
[2280772, 21, 'death']
[2280922, 11, 'death']
[2281073, 9, 'death']
[2281222, 24, 'death']
[2281373, 0, 'death']
[2281972, 12, 'birth', 16, 6, 0, [[array([[ 1.24914321,  0.25422123,  1.95824517,  1.51015237,  0.59277041,
        -2.44948974],
       [ 2.44948974, -1.64478484,  0.28515209, -2.44948974,  2.04545504,
         0.04637599],
       [-1.24240677,  2.44948974,  2.1721417 , -0.51484271, -0.69899337,
        -0.84344899],
       [-0.81021427, -1.03540717,  2.06021815, -2.44948974, -1.14492449,
         0.81273108],
       [ 1.62922778, -0.1343361 ,  1.00191397,  2.04007418, -0.62569986,
         0.65031711],
       [ 0.22599943, -2.44948974, -0.81327549, -1.66225124, -0.69599871,
         0.48661994]]), array([[ 1.41421356,  1.41421356],
       [ 1.41421356,  1.41421356],
       [-0.8768022 ,  0.5283994 ],
       [-0.32600307, -1.00499303],
       [ 0.35477296,  1.35098871],
       [ 1.07413958,  1.33966332]])], [array([ 1.81793704, -1.15353579,  2.12590973, -0.19479736, -2.38063288,
        2.16236389]), array([-1.41421356,  1.41421356])]]]
[2281972, 0, 'birth', 4, 15, 0, [[array([[ 1.24914321,  1.8693359 ,  1.97979435, -1.11869778, -1.93586049,
        -0.97620722],
       [ 1.64216161, -1.64478484,  0.64832415, -1.64946806,  1.70803755,
        -1.55845294],
       [ 1.45246719,  2.44948974,  0.35553114, -1.17993252,  0.1854076 ,
         1.68991649],
       [ 1.08945782, -1.34010348,  2.01808568, -2.02643945, -0.46168665,
        -2.30770171],
       [-0.08640966, -0.03680412, -1.5995286 ,  2.1081096 , -2.14878177,
         1.00358542],
       [-1.33697043, -1.17972765,  1.02343179,  0.50114531,  0.63340363,
        -2.00925363]]), array([[ 1.41421356, -0.83619312],
       [-1.41421356,  1.41421356],
       [-1.41421356,  0.71405715],
       [ 0.84854424, -1.00499303],
       [ 0.35477296,  1.35098871],
       [ 1.41421356,  1.33966332]])], [array([ 1.81793704, -2.44948974,  2.12590973, -0.19479736, -2.00200231,
       -0.11316174]), array([-1.41421356,  1.41421356])]]]
[2281972, 3, 'birth', 23, 13, 0, [[array([[ 2.44948974,  1.8693359 ,  1.97979435,  1.51015237, -1.49878979,
        -2.44948974],
       [ 2.44948974,  1.26778489, -1.19356758, -2.44948974,  2.04545504,
         0.04637599],
       [-1.98259442,  1.12745909,  2.1721417 , -0.51484271, -2.44948974,
         1.39001345],
       [-0.9398335 ,  2.44948974,  2.06781307,  0.6316313 , -1.21494803,
        -1.50624346],
       [-2.34475544, -2.38402847,  2.44948974, -1.00643859, -2.14878177,
         2.44948974],
       [ 1.26558756, -2.44948974,  1.02343179,  0.24048456,  0.63340363,
        -1.83521387]]), array([[ 1.41421356,  0.27832371],
       [ 0.43782515,  1.41421356],
       [-1.41421356,  0.71405715],
       [ 1.41421356, -1.00499303],
       [-0.47889947,  1.35098871],
       [ 1.41421356,  1.33966332]])], [array([ 1.81793704, -1.15353579,  2.12590973, -0.19479736, -0.49069311,
       -2.44948974]), array([-1.41421356,  1.41421356])]]]
[2281972, 11, 'birth', 12, 6, 0, [[array([[-0.9164933 , -2.44948974,  0.06999796, -0.18521131, -0.62547974,
         1.52321954],
       [ 1.1265827 ,  1.39898016,  0.95950914, -0.71489384,  0.73876591,
        -2.40675366],
       [-1.92043973,  1.68731205, -0.10110446,  1.31773249,  1.69399176,
        -2.44948974],
       [-1.83028654, -2.44948974, -1.22271783,  1.74099746,  2.44948974,
        -0.79687206],
       [-0.82484365, -2.24296767,  1.504625  , -1.24625851, -0.73878733,
         2.37619517],
       [ 2.44948974,  2.44948974,  1.32328705, -1.1243223 ,  0.5511257 ,
        -1.94523649]]), array([[ 1.41421356,  1.00200354],
       [-0.71794234, -1.18894719],
       [ 1.41421356, -0.32871435],
       [-0.99400277, -0.08905176],
       [-0.31165649, -1.31305122],
       [-1.41421356, -1.41421356]])], [array([-1.96773639, -2.44948974,  2.12590973, -0.19479736, -2.38063288,
       -0.11316174]), array([-1.41421356, -0.68673221])]]]
[2281972, 10, 'birth', 10, 0, 1, [[array([[ 2.36829033, -2.05861353, -2.44948974, -2.30951802,  2.16072291,
        -0.24552795],
       [-0.97743416, -2.44948974, -1.47056958,  1.57167528, -1.55853923,
        -0.39464705],
       [ 1.00889599,  1.35930488, -0.06198356,  1.00477622,  2.44948974,
        -2.44948974],
       [-0.89020959,  1.3763003 , -0.47168991, -2.44948974, -1.1897843 ,
        -1.91102516],
       [-1.21598618, -0.82183597,  1.43472728,  2.38727165, -1.59687275,
         2.44948974],
       [-2.35226681,  2.05169181, -2.14011745, -0.62093849,  0.95382821,
        -1.25417301]]), array([[ 0.57118543,  1.41421356],
       [ 1.41421356,  1.30351075],
       [-1.37516306,  0.5283994 ],
       [-1.41421356, -1.41421356],
       [-0.51850966, -1.30698558],
       [ 1.22510465,  1.37347319]])], [array([-1.3167126 , -1.39911593,  1.4381221 , -2.44948974, -1.93857573,
       -1.06500621]), array([0.17739466, 1.41421356])]]]
[2288472, 7, 'death']
[2289273, 14, 'birth', 12, 6, 1, [[array([[ 0.40251895,  0.25422123,  1.95824517,  2.44948974,  0.59277041,
        -2.44948974],
       [ 2.44948974, -1.64478484, -2.44948974, -2.44948974,  2.04545504,
         0.04637599],
       [-1.24240677,  2.44948974,  0.63715993, -0.51484271, -0.69899337,
        -0.84344899],
       [-0.81021427, -1.03540717,  2.06021815, -2.44948974, -1.14492449,
         0.81273108],
       [ 1.62922778, -0.1343361 ,  1.00191397, -2.44948974, -0.62569986,
         2.15274271],
       [ 0.22599943, -2.44948974, -0.81327549,  0.39931602, -0.69599871,
         0.48661994]]), array([[ 1.41421356,  1.41421356],
       [ 1.41421356,  1.41421356],
       [-0.8768022 ,  0.5283994 ],
       [-0.32600307, -1.00499303],
       [ 0.35477296,  1.35098871],
       [ 1.41421356,  1.33966332]])], [array([ 1.81793704, -1.15353579,  2.12590973, -0.19479736, -2.38063288,
       -0.11316174]), array([-1.41421356,  1.41421356])]]]
[2296223, 8, 'birth', 11, 14, 1, [[array([[-0.9164933 , -2.44948974,  0.06999796, -0.18521131, -0.62547974,
         1.52321954],
       [ 2.44948974, -0.33683302,  0.95950914, -0.71489384,  0.73876591,
        -2.40675366],
       [-1.92043973,  1.68731205,  2.21938367,  1.31773249,  1.69399176,
        -2.44948974],
       [-1.83028654, -1.77319405, -1.22271783,  1.74099746,  2.44948974,
        -0.79687206],
       [-0.82484365, -2.24296767,  1.504625  , -1.24625851, -2.44948974,
         2.37619517],
       [ 2.44948974,  2.44948974,  1.32328705, -1.1243223 ,  0.5511257 ,
        -0.19517316]]), array([[-1.41421356,  1.00200354],
       [-0.71794234,  1.41421356],
       [ 1.02785567,  0.5283994 ],
       [-0.32600307, -1.41421356],
       [ 0.35477296,  1.35098871],
       [ 1.41421356,  1.33966332]])], [array([ 1.81793704, -1.15353579,  2.12590973, -0.19479736, -2.38063288,
       -0.11316174]), array([-1.41421356,  1.41421356])]]]
[2318373, 22, 'birth', 3, 19, 1, [[array([[ 2.44948974,  1.8693359 ,  1.97979435,  1.51015237, -1.49878979,
        -0.54733955],
       [ 2.44948974,  1.26778489, -2.44948974,  2.03240839,  1.95873757,
         1.05047536],
       [-0.80866213,  0.15241376, -1.92196568,  2.44948974, -0.87311205,
        -0.84344899],
       [ 0.49115641, -2.44948974,  2.06021815, -0.89608046, -1.11102517,
         1.1874897 ],
       [-0.08640966, -0.03680412, -1.5995286 ,  2.44948974, -2.10336928,
         1.00358542],
       [ 1.26558756, -0.9103599 ,  1.02343179,  0.24048456,  0.63340363,
        -2.00925363]]), array([[ 1.41421356, -0.4659111 ],
       [ 1.41421356, -1.08309519],
       [-0.10039199,  0.71405715],
       [ 1.41421356, -1.41421356],
       [-0.89687694,  1.35098871],
       [ 1.38050517,  1.33966332]])], [array([ 1.81793704, -2.44798315,  2.12590973, -0.19479736, -2.00200231,
       -0.11316174]), array([-1.41421356,  0.86327549])]]]
[2388324, 19, 'death']
[2403274, 6, 'death']
[2417974, 7, 'birth', 0, 2, 0, [[array([[ 1.24914321,  1.8693359 ,  1.97979435, -1.11869778, -1.93586049,
        -0.97620722],
       [ 2.44948974, -1.64478484,  0.64832415, -1.64946806,  1.70803755,
        -1.55845294],
       [ 0.61370168,  2.44948974,  0.35553114, -1.17993252,  0.1854076 ,
         1.68991649],
       [ 1.08945782, -1.02315379,  2.01808568, -2.02643945, -0.46168665,
        -2.30770171],
       [-0.08640966, -0.03680412, -1.5995286 ,  2.1081096 , -2.14878177,
         1.00358542],
       [-1.33697043, -1.17972765,  1.02343179,  0.50114531,  0.63340363,
        -2.00925363]]), array([[ 1.41421356,  0.00747096],
       [-1.41421356,  1.41421356],
       [-1.41421356,  0.71405715],
       [ 0.84854424, -1.00499303],
       [ 0.04339388,  0.64181892],
       [ 1.41421356,  1.37347319]])], [array([-1.95677462,  1.03489908,  0.33609607,  1.53840488, -1.93857573,
       -1.06500621]), array([0.17739466, 1.04614372])]]]
[2425424, 20, 'birth', 7, 13, 0, [[array([[-1.32411426,  1.8693359 ,  1.97979435, -1.11869778, -1.93586049,
        -0.97620722],
       [ 2.44948974, -1.64478484,  0.64832415, -1.64946806, -0.86696914,
        -1.16528647],
       [-1.57577623,  2.44948974,  2.44948974,  1.22542784,  2.44948974,
        -0.18900681],
       [ 0.80694584, -2.16049059,  1.79892879, -2.02643945, -1.11102517,
         0.93852657],
       [-0.08640966,  0.5896968 ,  2.26573984,  0.96338697, -2.14878177,
         1.71967925],
       [ 1.26558756, -0.9103599 ,  1.02343179,  0.24048456,  0.63340363,
        -2.00925363]]), array([[ 1.41421356, -0.83619312],
       [ 0.43782515,  0.01732337],
       [-1.41421356,  0.71405715],
       [ 1.41421356, -1.00499303],
       [-0.47889947,  1.35098871],
       [ 1.41421356,  1.33966332]])], [array([ 1.81793704, -1.15353579,  1.65832018, -0.19479736, -0.41726598,
       -2.44948974]), array([-1.41421356,  1.41421356])]]]
[2433274, 5, 'birth', 20, 14, 1, [[array([[-1.32411426,  1.8693359 ,  1.97979435, -1.11869778, -1.93586049,
         2.44948974],
       [ 2.44948974, -1.64478484,  0.64832415, -2.44948974,  2.04545504,
         0.04637599],
       [-1.24240677,  2.44948974,  0.63715993, -0.51484271, -2.44948974,
        -2.44948974],
       [-0.81021427, -1.03540717,  2.06021815, -2.44948974, -1.14492449,
         0.4388146 ],
       [ 1.62922778, -0.1343361 , -0.14243263,  0.83894491, -0.62569986,
         2.15274271],
       [ 0.22599943, -2.44948974, -0.81327549,  0.39931602, -0.69599871,
         0.48661994]]), array([[ 1.41421356,  1.41421356],
       [ 1.41421356,  1.41421356],
       [-0.8768022 ,  0.5283994 ],
       [-0.32600307, -1.00499303],
       [ 0.35477296,  1.35098871],
       [ 1.41421356,  1.33966332]])], [array([ 1.81793704, -1.15353579,  2.12590973, -0.19479736, -2.44948974,
       -0.11316174]), array([-1.41421356,  1.41421356])]]]
[2457374, 16, 'death']
[2465274, 4, 'death']
[2480074, 1, 'death']
[2583876, 23, 'death']
[2609876, 2, 'death']
[2634576, 17, 'birth', 7, 10, 1, [[array([[ 1.24914321,  1.8693359 ,  1.97979435, -1.11869778, -1.93586049,
        -0.97620722],
       [ 2.44948974, -1.64478484, -2.44948974, -1.64946806,  1.70803755,
        -0.39464705],
       [-0.57876624,  2.0720076 , -1.38220214,  1.00477622,  2.44948974,
        -2.44948974],
       [-0.89020959,  1.3763003 , -0.47168991, -2.44948974,  2.44948974,
        -1.91102516],
       [-1.21598618, -0.82183597,  1.43472728,  2.38727165, -1.59687275,
         2.44948974],
       [-2.44948974,  2.44948974, -2.14011745, -0.06624473,  0.95382821,
        -1.25417301]]), array([[ 0.57118543,  1.41421356],
       [ 1.41421356,  1.30351075],
       [-1.37516306,  0.5283994 ],
       [-1.41421356, -1.41421356],
       [ 0.70562399, -1.30698558],
       [ 1.22510465,  1.37347319]])], [array([-1.3167126 , -1.39911593,  1.4381221 , -2.44948974, -1.93857573,
        1.00431475]), array([1.11336434, 1.41421356])]]]
[2641076, 6, 'birth', 7, 5, 1, [[array([[ 1.24914321,  1.8693359 ,  2.44948974, -1.11869778, -1.93586049,
        -0.97620722],
       [ 2.44948974, -1.64478484,  0.64832415, -1.64946806,  1.70803755,
        -1.55845294],
       [ 0.61370168,  2.44948974,  0.35553114, -1.17993252, -2.44948974,
        -2.44948974],
       [-0.81021427, -1.03540717,  2.06021815, -2.44948974, -1.14492449,
         0.4388146 ],
       [ 1.62922778, -0.1343361 , -0.14243263,  0.83894491, -0.62569986,
         2.15274271],
       [ 0.22599943,  0.86864849, -0.81327549,  2.44948974, -2.39281866,
         0.48661994]]), array([[ 1.41421356,  1.41421356],
       [ 1.41421356,  1.41421356],
       [-0.8768022 ,  0.5283994 ],
       [-0.32600307, -1.00499303],
       [ 1.41421356,  1.35098871],
       [ 1.41421356,  1.33966332]])], [array([ 1.81793704, -1.15353579,  2.12590973, -0.19479736, -2.44948974,
       -0.11316174]), array([-1.41421356,  1.41421356])]]]
[2675676, 9, 'birth', 3, 13, 1, [[array([[ 2.44948974,  1.8693359 ,  1.04103819,  1.51015237, -0.56901883,
        -2.44948974],
       [ 2.44948974, -1.64478484, -0.12114235, -0.30523499, -1.27928038,
        -2.44948974],
       [-1.57577623,  2.44948974,  2.44948974, -1.71405664,  2.44948974,
         2.44948974],
       [ 0.80694584, -2.42210221,  2.01808568, -2.02643945, -1.11102517,
         1.1874897 ],
       [-0.08640966, -0.03680412,  2.26573984,  2.1081096 , -1.84110449,
         2.44948974],
       [ 1.26558756, -0.9103599 ,  1.02343179,  1.65229296,  0.63340363,
        -2.00925363]]), array([[ 1.41421356, -0.83619312],
       [ 0.43782515,  1.41421356],
       [-1.41421356,  0.71405715],
       [ 1.41421356, -1.00499303],
       [-0.47889947, -0.56724549],
       [ 1.41421356,  0.14120837]])], [array([ 1.81793704, -1.15353579,  2.12590973, -0.19479736, -2.00200231,
       -2.44948974]), array([-1.41421356,  1.41421356])]]]
[2682476, 13, 'death']
[2724877, 2, 'birth', 20, 17, 0, [[array([[-1.32411426,  1.8693359 ,  1.97979435, -1.11869778, -1.93586049,
        -0.97620722],
       [ 2.44948974, -1.64478484,  0.64832415, -2.34019195, -0.86696914,
        -2.44948974],
       [-1.57577623,  2.44948974,  2.44948974,  1.22542784,  2.44948974,
        -0.18900681],
       [ 0.80694584, -2.16049059,  1.79892879, -2.02643945, -1.11102517,
         0.93852657],
       [-0.08640966,  0.5896968 ,  2.26573984, -1.08673114, -2.14878177,
         1.71967925],
       [-2.44948974, -2.31721984,  1.03951272,  0.24048456,  0.63340363,
        -2.44948974]]), array([[ 1.41421356, -0.65080809],
       [ 0.43782515,  0.01732337],
       [-1.41421356,  0.71405715],
       [ 1.41421356, -1.00499303],
       [ 0.70562399, -1.30698558],
       [ 1.22510465,  0.34930337]])], [array([-1.3167126 , -1.39911593,  1.4381221 , -2.44948974, -1.93857573,
        1.00431475]), array([0.38710748, 1.41421356])]]]
[2738877, 18, 'death']
[2774227, 1, 'birth', 11, 17, 0, [[array([[-0.12606746, -2.44948974,  0.06999796, -0.18521131, -0.51843736,
         1.52321954],
       [ 1.1265827 ,  1.39898016,  0.95950914, -0.71489384,  0.73876591,
        -2.40675366],
       [-1.92043973,  1.68731205, -0.10110446,  1.0750249 ,  2.44948974,
        -2.44948974],
       [-1.83028654, -2.44948974, -2.44948974,  1.74099746,  2.44948974,
        -0.79687206],
       [-0.82484365, -2.24296767,  1.504625  , -1.24625851, -0.73878733,
         2.37619517],
       [ 2.44948974,  2.44948974,  1.32328705, -1.1243223 ,  0.5511257 ,
        -1.94523649]]), array([[ 1.41421356,  1.00200354],
       [-0.71794234, -1.18894719],
       [-1.3083634 ,  0.5283994 ],
       [-1.41421356, -1.41421356],
       [ 0.70562399, -1.30698558],
       [ 1.22510465, -0.28980166]])], [array([-1.3167126 , -1.39911593,  1.4381221 , -1.96648587,  0.19006662,
        1.22566327]), array([1.11336434, 1.41421356])]]]
[2818478, 24, 'birth', 7, 22, 0, [[array([[ 1.24914321,  1.8693359 ,  1.97979435, -1.11869778, -1.93586049,
        -0.97620722],
       [ 2.44948974, -1.64478484,  0.64832415, -1.64946806,  1.70803755,
        -1.55845294],
       [-2.44948974,  2.44948974,  0.35553114, -1.17993252,  0.1854076 ,
         1.68991649],
       [ 1.08945782, -1.02315379,  2.44948974, -2.02643945, -0.46168665,
        -2.30770171],
       [ 2.44948974, -0.03680412, -1.5995286 ,  2.1081096 , -2.14878177,
         1.00358542],
       [ 1.26558756, -0.9103599 ,  0.91708196, -1.60114349,  0.63340363,
        -1.31310997]]), array([[ 1.41421356, -0.4659111 ],
       [ 1.41421356, -1.08309519],
       [-1.41421356,  0.71405715],
       [ 1.41421356, -1.41421356],
       [-0.89687694,  1.41421356],
       [ 0.13096232,  1.33966332]])], [array([ 1.81793704, -2.44798315,  2.12590973, -0.19479736, -2.00200231,
       -0.11316174]), array([-1.41421356,  0.86327549])]]]
[3035130, 12, 'death']
[3035280, 0, 'death']
[3035430, 3, 'death']
[3035580, 11, 'death']
[3035730, 10, 'death']
[3041380, 14, 'death']
[3046580, 8, 'death']
[3060780, 22, 'death']
[3115681, 7, 'death']
[3119581, 20, 'death']
[3123031, 5, 'death']
[3205932, 17, 'death']
[3208482, 6, 'death']
[3218382, 9, 'death']
[3229032, 2, 'death']
[3236482, 1, 'death']
[3236682, 24, 'death']
[3236682, 'Extinction!']
