[time, indiv, parent1, parent2, gender, brain]
[150, 16, -1, -1, 0, [[array([[-0.77807419,  1.70928036, -2.01735076,  0.6427495 ,  0.89200883,
         0.25303945],
       [-0.44459808, -0.09712032, -0.64487125,  0.95596963, -0.53333124,
         1.1426695 ],
       [ 0.4616787 , -2.28863508,  0.67098551, -1.95079863,  0.8927341 ,
         2.02034779],
       [-1.64162518, -2.05098096, -1.44564201, -2.1267435 , -2.32405537,
        -1.33790201],
       [ 1.20090677, -0.49637079, -1.84545247, -0.84648575, -1.78813915,
         0.49454849],
       [ 2.05911489, -1.24701405,  1.15897484,  1.7534361 , -0.26868043,
         2.41431838]]), array([[-0.1557677 ,  0.88096129],
       [-1.22532296, -2.35656938],
       [ 0.13041872, -1.88946472],
       [-0.31697463, -0.74894491],
       [-2.41544124,  1.59139724],
       [ 0.82224347, -0.18327644]])], [array([ 1.83584738,  1.68361386, -0.55446531,  0.76641833,  1.14547211,
       -1.62763448]), array([-1.87338635,  1.0271963 ])]]]
[150, 8, -1, -1, 1, [[array([[-2.14960299,  1.9276043 ,  0.49882968, -1.16638088, -0.80023255,
         0.88076625],
       [-1.86292734,  0.06060585,  1.37740693,  0.06050755,  2.39989275,
         0.3024915 ],
       [ 0.78865194,  0.27829392,  1.23452114, -1.07371711, -0.6978806 ,
         1.1516843 ],
       [ 2.13162104,  2.35009114,  0.75535577, -0.87738818,  1.14600899,
         0.3567772 ],
       [-1.73222127, -1.32055636,  1.09924776,  1.3616194 , -1.48524799,
        -1.93079997],
       [ 2.12227099,  1.45298919,  1.14615358,  0.84198688,  2.39376874,
        -1.62280171]]), array([[-2.09348464,  0.28199705],
       [-0.48865872,  2.07017788],
       [-2.15049767,  1.2483135 ],
       [-1.16738841, -2.02344556],
       [ 2.33068328, -0.35053315],
       [-0.48791057, -1.77563139]])], [array([-2.15474283, -0.02281747, -1.93921623,  1.47356654,  1.53702456,
        1.10059707]), array([-0.83986547, -1.44696743])]]]
[150, 7, -1, -1, 0, [[array([[ 0.84692155,  2.35097482, -0.90517744,  2.31031458, -0.02959778,
         0.31994815],
       [ 0.0254651 , -0.69247099, -1.67715275,  1.22294535,  2.15883328,
         0.31370666],
       [-0.11290648, -2.12530252,  2.35411015, -1.63211101, -1.26281034,
        -0.91083907],
       [ 2.03146784,  1.61727109,  1.2388433 , -0.28440355, -2.07608801,
         0.15045773],
       [-1.0473198 , -1.24327505,  1.0724246 ,  0.66290573,  2.0459323 ,
         0.17606247],
       [-2.43895129, -2.14559865,  2.33295503,  0.29220548, -0.2078987 ,
        -2.26615502]]), array([[-1.95793981,  1.66763975],
       [ 1.65826857,  2.2012626 ],
       [ 0.47048037,  2.08699979],
       [-1.59172333,  0.57908201],
       [-2.3723138 ,  1.74631676],
       [ 0.28271584,  1.5980987 ]])], [array([ 0.75166684,  2.22931662, -1.09005974,  2.16574234, -0.49582632,
       -2.34794111]), array([1.01313396, 1.8897802 ])]]]
[150, 5, -1, -1, 1, [[array([[-0.69991499, -0.02072276, -1.24943875,  1.05189043,  1.19456784,
        -0.14314116],
       [-0.09003725, -0.32073078,  0.08419865,  1.88899525,  0.4319244 ,
        -2.23064134],
       [ 1.77265296,  0.86154934, -2.27211537, -1.91248371, -1.95381697,
        -1.67071481],
       [-0.0855995 ,  1.86006348,  0.01267723,  0.09666891,  1.96179531,
        -0.26393674],
       [ 2.43252651, -1.71476679,  0.43975984, -1.35383997,  0.63834162,
         0.65236054],
       [ 0.71489637, -1.50634313,  2.35177202,  0.02264035,  0.42271609,
        -1.22723901]]), array([[ 0.72735981,  1.93928368],
       [ 1.07918783,  0.30901913],
       [ 0.18407873,  1.67432283],
       [-1.21380824, -0.15919431],
       [-1.59079679, -0.50872326],
       [-1.82508249, -1.65924473]])], [array([-1.59402584, -1.09343959,  0.18956009,  2.08363209, -1.41886691,
        1.27710572]), array([-1.40477841,  1.2463339 ])]]]
[150, 24, -1, -1, 0, [[array([[-7.97455642e-02, -5.98078697e-01, -1.96665438e+00,
         2.53140760e-01,  2.76681807e-01,  1.02273419e+00],
       [ 1.07047880e+00,  6.64878342e-01,  3.11650479e-01,
         1.17427866e+00,  1.09212104e+00, -1.31613627e+00],
       [ 4.98836889e-01,  1.80126999e+00, -8.75074143e-01,
        -9.48681395e-01, -1.33601036e+00,  1.45619128e-01],
       [-2.30035103e+00, -6.10755438e-01, -1.73622201e+00,
        -9.58030523e-01, -1.03593037e-01,  2.18799454e+00],
       [ 5.34964514e-01, -1.63905301e+00, -2.04602205e-03,
         2.06076462e+00, -1.03781582e-01,  2.15648787e+00],
       [ 2.37326200e+00,  1.66156224e+00,  5.30125598e-02,
        -2.34247284e+00, -6.92332211e-02,  2.17953407e+00]]), array([[ 1.49033909, -1.86510568],
       [-0.51842615, -0.2782627 ],
       [-0.33173099,  2.27032518],
       [ 1.55634715,  0.40207309],
       [ 0.55806169, -1.05287599],
       [-0.26580922, -0.8540523 ]])], [array([-0.30218537,  0.31972801,  1.83607733, -1.80849595,  0.49484065,
       -1.03119321]), array([0.68084727, 1.19510925])]]]
[150, 14, -1, -1, 1, [[array([[-1.42166105, -1.74176843, -1.99751134, -1.95585618, -0.78781318,
        -1.07682874],
       [ 0.23166715,  0.46660375, -1.87006835,  1.96687181, -1.5121029 ,
        -0.2379213 ],
       [ 0.82779922,  1.06817367, -2.08508457, -1.03582902, -1.79184926,
        -0.79206981],
       [-0.29767998,  1.36031631,  1.54827081,  2.06984208,  0.03629103,
        -0.4433143 ],
       [-1.54634947,  1.63818371,  1.27240807,  1.38954562,  0.98715967,
        -1.91754994],
       [ 1.94948314, -0.68896171,  1.47551748, -1.46896932, -1.17392266,
        -2.0416155 ]]), array([[ 0.90245957, -0.50323303],
       [ 1.01964898, -0.88829512],
       [-1.25583105,  2.26499891],
       [-2.15399811, -0.75985084],
       [-1.15479068, -0.8402237 ],
       [ 1.30527228, -1.1921673 ]])], [array([-1.39210213, -0.05619172,  2.13757463, -0.53549269, -2.03570806,
       -1.1916475 ]), array([-0.61287184,  1.50582051])]]]
[150, 10, -1, -1, 0, [[array([[ 0.00614042,  1.15594735, -0.78748556, -1.34065239, -1.18624656,
         1.37206892],
       [-2.29875087, -1.28954529, -2.35626638, -2.18962095,  0.56249497,
         1.19056594],
       [-1.5758554 ,  2.33597735, -0.02894823, -0.66675212,  1.33108241,
         1.66807829],
       [-1.39950054,  1.44877189, -1.53637294,  2.05580118,  0.51478437,
        -2.26861732],
       [-0.3004203 , -1.35150852,  1.09218231,  1.50025477, -1.96617406,
        -0.40008958],
       [-2.42796408, -0.11907919, -0.19624225, -1.95532685, -0.21327648,
         1.79611953]]), array([[-0.08247111, -0.9345473 ],
       [-1.001015  ,  2.14693656],
       [-0.42111513,  0.32041222],
       [ 0.11691944, -0.43206818],
       [-0.55182016,  1.87093664],
       [-0.43688782, -1.5374578 ]])], [array([ 0.66794205, -1.0526402 , -0.20093076, -1.79483502,  2.16880729,
        0.08352142]), array([-0.45296821, -0.56137794])]]]
[150, 12, -1, -1, 1, [[array([[-1.13457341,  1.97082321,  1.04929369,  2.32429796, -2.14442094,
         1.05675927],
       [-0.05664356,  0.15064494, -1.48612182,  1.81250187,  0.37951822,
        -1.5107522 ],
       [-1.44751408,  0.14119973,  0.90929469, -0.33952634,  0.49237328,
        -1.18708883],
       [ 1.60347962, -1.89719197, -0.14368238,  2.1816403 ,  0.85563723,
        -2.2751384 ],
       [ 1.75668533,  1.28403604,  1.10788306, -0.11939048,  1.11916298,
        -0.44100777],
       [-1.15199396, -1.33867291, -2.23327373,  1.02413471,  0.36605128,
         1.24097674]]), array([[-0.903792  ,  1.37577519],
       [ 0.97861624, -1.61999921],
       [-1.63492412,  1.09253981],
       [ 2.44149098,  1.16324037],
       [ 0.81523113, -0.40710788],
       [ 2.42727086,  0.87715715]])], [array([-1.28331654,  0.40547896, -2.19145561, -1.10069154,  0.99844475,
        1.32703111]), array([-0.71679796,  1.9088371 ])]]]
[150, 21, -1, -1, 0, [[array([[-0.20796787, -1.66674277,  2.10039481,  2.14684747,  0.73438029,
         0.55181628],
       [ 0.07258306,  1.95842342, -2.08865971,  1.36383724,  1.17344242,
        -0.04760719],
       [-0.16673595,  1.5180708 ,  1.48746858, -1.46283071,  0.1907    ,
        -0.23620481],
       [ 1.07913841, -1.8137925 ,  0.31357319,  1.74922073,  1.45370514,
        -1.81203838],
       [-1.61323158, -0.21412091, -1.21899033,  1.94230006,  0.46176999,
         0.25686342],
       [-1.60928902,  1.47325308, -1.57604269, -2.34127261, -1.48943104,
         1.57860985]]), array([[ 0.747267  ,  0.86716998],
       [-2.21282054, -0.22216746],
       [-0.42972265,  2.17385843],
       [ 0.0163049 , -0.86249793],
       [ 0.18975954,  0.72007429],
       [ 1.11736581,  0.62418274]])], [array([ 0.27994189,  1.95019258,  0.90996561, -1.99636625,  1.73250974,
        1.35723996]), array([-1.40024868,  2.35177573])]]]
[150, 3, -1, -1, 1, [[array([[-2.21070369,  1.03169862,  1.47303402,  1.45829562, -0.21323685,
         0.86688108],
       [-0.57931834, -1.70256538, -0.35283179,  0.43954044,  0.0641857 ,
        -0.4417468 ],
       [-0.25565958, -1.9109878 , -1.40408329,  1.63740719, -0.7740281 ,
        -0.46239959],
       [ 1.83843865, -0.09549614, -1.09981945, -0.54097482, -1.84525633,
         0.70634465],
       [ 0.32075336,  0.14147539,  1.25531497, -0.13337681, -0.14728474,
         0.69250375],
       [-0.15482825, -1.29340243,  2.15338874,  2.18792025, -0.94708163,
        -2.43894671]]), array([[ 1.87557284,  2.06093208],
       [ 0.58658591,  0.62195994],
       [ 0.60638823, -0.87829404],
       [ 0.17549501, -0.4888513 ],
       [-2.14680525, -1.52264717],
       [-1.51908599, -2.30168555]])], [array([ 1.3788214 , -0.98644241, -0.51958129,  2.25993572, -0.3556779 ,
        2.35969427]), array([-1.13017133,  2.37011669])]]]
[150, 0, -1, -1, 0, [[array([[ 2.02063786, -0.56249652, -2.44666083,  0.96026627,  0.76025658,
         1.85874889],
       [ 1.2985541 , -1.35044308, -1.5624606 ,  2.11135597, -1.67426325,
         2.32339524],
       [ 2.28242176,  0.7100907 , -2.37165111,  1.84659566,  0.05611152,
         1.28049716],
       [ 0.91964058, -1.11954021,  1.85788137,  0.60181161, -1.15430841,
         1.88415553],
       [-0.02428962, -1.90801119,  1.46537253, -1.9889949 , -2.34136081,
        -1.28600891],
       [ 0.36940669,  1.42057794, -0.34011872, -1.82712873,  2.31874921,
         0.64474766]]), array([[ 1.4251982 ,  0.9030928 ],
       [ 1.26593715,  0.25084323],
       [-1.59195372, -1.48593861],
       [ 0.77105259,  1.37462863],
       [-1.93187958,  1.65087622],
       [ 0.01106951, -0.26101675]])], [array([-2.41240297,  2.29405004,  2.00349657, -1.92234795, -1.88470794,
       -0.95565834]), array([-2.44772774, -2.13070715])]]]
[150, 6, -1, -1, 1, [[array([[-2.11651738, -1.43580797, -0.00502805,  0.69816139, -0.25890823,
         2.02832202],
       [-1.63700122,  2.12827224,  0.22262762,  1.34188827,  0.66990612,
        -0.89205749],
       [ 0.17357434, -0.38113599,  2.13150717,  2.30434101,  1.36082925,
         2.02330827],
       [ 1.3407505 ,  0.45564545,  1.45513198,  2.22409988, -0.64863779,
         1.02595535],
       [ 2.06210394, -1.69372353, -2.09995497, -1.12819298, -0.18974443,
         1.40526017],
       [ 0.06778094,  0.0878569 ,  1.05136637,  1.74606972,  0.94377578,
        -0.63923058]]), array([[-1.15032092, -1.54253459],
       [ 1.66039864, -2.36889784],
       [-1.90455203,  0.53631511],
       [ 0.58956104, -0.74595506],
       [ 2.40983209, -1.58982972],
       [ 1.47617092, -1.08970899]])], [array([1.52366104, 1.78503146, 1.61318911, 0.06066482, 2.3802052 ,
       2.32796676]), array([0.02400988, 0.91781081])]]]
[150, 22, -1, -1, 0, [[array([[-1.56385863, -1.60363165,  2.12389535,  0.60347142,  0.27233226,
         0.46212337],
       [ 0.0426381 , -2.2350523 ,  0.41990106,  2.21096727, -1.91982727,
        -0.15601903],
       [-0.5513103 ,  2.33446493,  0.87835759, -0.54978849, -0.47730844,
        -1.73690731],
       [-0.85557006,  2.02464024,  0.47052262,  1.58509594,  1.26504625,
        -1.77159774],
       [-2.16966048, -0.85730717, -2.12768918,  1.27205004, -0.64895197,
         2.12676159],
       [ 1.55452493,  1.69358145,  1.77710292, -1.50351104,  0.82251595,
         1.96487991]]), array([[ 2.07392534, -2.21398199],
       [ 1.24104531,  0.20678044],
       [ 0.12613814,  0.37064627],
       [-1.27651842, -1.37012826],
       [ 2.25763464,  0.60214108],
       [ 1.88913983, -1.9699083 ]])], [array([-2.03462225,  0.81093803,  0.18485781,  0.17137427, -1.66625229,
        0.94732973]), array([-1.99063543,  0.29766277])]]]
[150, 4, -1, -1, 1, [[array([[-1.48148476,  0.25425543,  0.46278473,  1.23982891, -1.14362337,
         0.39499786],
       [-1.42829798, -1.18640752, -0.0176699 ,  1.8626167 , -2.00044023,
        -1.87178753],
       [ 1.07413386,  1.6088656 , -2.23392039,  2.30364669, -1.46769538,
        -0.63071512],
       [-0.03767876,  0.71029025,  2.44343566,  0.3073781 ,  2.01889432,
         2.40956602],
       [-2.09110368, -0.01389261, -1.71459813, -0.51418308,  2.3971516 ,
        -0.34090021],
       [ 1.77281208, -0.16624511,  0.5839282 , -0.83269723,  1.59153405,
        -1.45214109]]), array([[-0.22810959, -0.38945265],
       [ 1.37657919, -2.14481248],
       [ 1.27855841, -0.39029995],
       [ 1.13815907, -1.60002775],
       [-1.18669001,  0.28805198],
       [-1.83786645,  0.50216796]])], [array([ 0.39365212, -1.99148012, -0.09074317, -1.04498237,  1.42553814,
       -2.04765183]), array([-1.9632443 ,  2.23020413])]]]
[150, 18, -1, -1, 0, [[array([[-1.96428113, -1.65039778, -2.15759748, -0.98737174, -1.67851382,
        -1.23127904],
       [-1.42623375,  1.47366555,  1.01073238, -0.23403177, -0.80986401,
         1.68942793],
       [ 1.17743547,  2.28922769,  1.88267034,  2.18972796,  2.33654696,
        -1.80001222],
       [ 1.56603687,  1.03132547, -0.51447244, -1.50402872, -0.59630531,
         1.52949006],
       [ 1.13873531, -0.73854446,  0.23325833,  2.09204872,  1.52651296,
        -1.92067798],
       [-0.08734485,  0.83296993,  1.65351849, -0.79297935, -1.67642738,
        -1.12238688]]), array([[ 1.12964509, -0.19573137],
       [-1.0925968 , -0.83998785],
       [ 0.86572278,  0.79882352],
       [-1.53532636,  0.72574054],
       [ 0.18642741, -1.21398595],
       [-2.13918454, -1.93252951]])], [array([ 2.03229936,  2.36104069, -1.33075827, -1.0971848 , -0.39707657,
        1.04920806]), array([-0.81218475,  1.89244089])]]]
[150, 19, -1, -1, 1, [[array([[-0.69057358, -2.031811  , -1.0985117 , -1.95155465, -2.20472796,
         1.33644045],
       [-0.24185055,  2.26318977, -2.03596378, -1.36869841, -0.16680112,
        -1.83008635],
       [ 0.34045728, -1.71775293,  0.59091098, -1.01470508, -0.95435328,
         1.50387886],
       [-1.19346468, -1.00382802, -0.14676573, -1.63208539, -2.39895346,
        -2.35327277],
       [-0.60605796, -0.55450811, -1.89715289, -0.79129182, -1.10861113,
        -0.19492442],
       [-0.82882135, -0.74831145, -2.26557176, -2.37537324,  0.17863154,
        -0.10771864]]), array([[ 0.24033532,  1.96706419],
       [-2.36514427,  0.02015659],
       [ 1.23863821,  0.41775682],
       [ 0.29871455,  1.87650581],
       [ 1.18218582,  0.12234323],
       [ 1.37417601,  1.02688703]])], [array([-2.04652879,  1.75218979,  1.87334906,  0.58046795, -1.55368481,
       -1.35275689]), array([-2.27032261,  1.72144657])]]]
[150, 20, -1, -1, 0, [[array([[-1.48149044,  2.23916643, -0.57460872,  1.51290608,  1.03833647,
         0.18034463],
       [ 1.19765085,  0.37269688,  0.64144492, -1.2366452 ,  1.46568617,
         1.7248308 ],
       [-0.92095306, -1.11332558,  1.15617951,  0.67670877,  1.5735682 ,
         0.2411787 ],
       [-1.93667196,  0.07105246, -0.74262563,  1.71980364,  0.46215832,
         0.20357301],
       [ 0.23008833, -0.99350312, -0.22396916,  0.87685822,  0.15683636,
         1.50329535],
       [ 1.39633193, -1.98725677, -0.54168333,  1.69878985,  2.26344451,
         1.63341769]]), array([[ 1.85021212,  0.70453648],
       [-0.50847875, -0.33098909],
       [ 1.84908136, -1.82354801],
       [ 0.2802425 , -2.07519389],
       [ 2.3439582 , -0.74227512],
       [ 0.18928577, -1.93523936]])], [array([ 1.81585623,  0.3320593 , -0.12324777, -0.92613972, -1.03262882,
       -1.6990791 ]), array([ 0.0944821, -0.656576 ])]]]
[150, 1, -1, -1, 1, [[array([[ 1.88575669e-03, -2.22784460e+00,  2.00872718e+00,
        -5.22394251e-01,  2.56558791e-02, -1.64563206e+00],
       [ 2.27549225e+00,  1.43338044e-01, -2.06109522e-01,
         1.60656324e+00, -2.40693099e+00, -4.02384220e-01],
       [ 5.09753731e-01, -2.35922146e+00, -1.66673902e+00,
        -3.85011521e-01, -1.03527091e+00,  2.37567965e+00],
       [ 2.23583633e-02,  2.04081138e-01,  1.78335777e-01,
        -9.03112999e-01, -1.42505921e-01, -1.53555833e+00],
       [-1.15055827e+00, -2.44793193e+00, -1.04674492e+00,
        -2.05167204e+00,  7.03914257e-01, -3.70995043e-01],
       [-5.44369483e-01, -8.67957110e-01, -1.01158552e-01,
         1.76274846e+00, -9.87144708e-01, -2.32374265e+00]]), array([[ 0.6017987 ,  0.68503973],
       [ 1.2641302 , -0.47596634],
       [-1.47915363,  1.34565767],
       [-1.25010853,  1.83577642],
       [ 0.34759353, -2.20555824],
       [ 2.35071975,  0.39544811]])], [array([-1.64058696, -2.36222075, -0.84929854,  0.33547431, -0.09276173,
        0.74982899]), array([-0.10641725,  1.44040888])]]]
[150, 17, -1, -1, 0, [[array([[-1.32980883, -1.97218522, -1.05884714,  2.34443498, -1.65518036,
        -2.04748058],
       [ 2.06599273, -1.87462967,  0.3783637 ,  2.00133204, -1.84920419,
         0.00841674],
       [-1.27235841,  1.74938649,  1.2769464 , -0.0599978 ,  0.22701527,
        -1.43990353],
       [ 1.73247527, -1.61196151, -1.70591643,  2.27995004,  2.03133586,
         1.39239206],
       [-0.19578935,  0.81912912, -0.56708293, -1.18830393,  0.43647925,
         1.63793118],
       [-0.92893433, -1.43644003,  0.97318889,  0.19511107,  0.45763304,
        -1.98204588]]), array([[ 1.68516544, -1.77365258],
       [-2.27061246,  0.29275362],
       [ 0.8756066 ,  1.8899189 ],
       [ 1.31452082, -0.81075364],
       [ 2.42967624,  0.61153815],
       [-2.01931137,  0.27365613]])], [array([-0.82581163,  0.63268856,  2.4278517 ,  1.35869374, -1.50378774,
        1.66442305]), array([ 0.92570652, -1.73576249])]]]
[150, 13, -1, -1, 1, [[array([[ 0.41329299, -0.88634507, -1.72443866, -1.11409827, -2.22678564,
         1.2388408 ],
       [-1.33985572, -0.77881447, -2.36513059, -1.25882928,  1.88230964,
        -0.36700392],
       [-0.27230624,  0.17418108, -1.5205863 , -0.66051604, -2.43561026,
        -1.29270204],
       [-2.38343772,  2.39161567,  0.71152989,  0.45228799,  2.00429498,
         1.95486032],
       [ 1.70352811, -0.89799415,  0.13344092,  1.24337127,  0.82982407,
        -1.28772206],
       [-1.46011323,  2.43027118, -0.33107284,  2.29553024, -1.04592002,
        -2.2825832 ]]), array([[ 2.28135659,  1.63127107],
       [ 0.6444816 ,  2.38725749],
       [-0.26512317,  0.35523673],
       [-1.9857684 , -2.08020704],
       [-1.70775806,  2.1142664 ],
       [ 1.52691388,  0.10306262]])], [array([-0.45163598, -1.97865165, -1.79163197,  0.20024759, -1.94491471,
        1.7734099 ]), array([-0.24272504,  1.78017993])]]]
[20950, 23, 'birth', 18, 14, 1, [[array([[-1.96428113, -1.65039778, -2.15759748, -0.98737174, -1.67851382,
        -1.23127904],
       [ 1.53564009,  1.47366555,  1.01073238, -0.23403177, -1.5121029 ,
        -2.44948974],
       [ 0.82779922,  1.06817367, -2.08508457, -1.03582902, -1.79184926,
        -0.79206981],
       [-0.29767998,  1.36031631,  1.54827081,  2.06984208,  0.03629103,
        -0.4433143 ],
       [-1.54634947,  1.63818371,  0.94704117,  1.38954562,  0.98715967,
        -1.91754994],
       [ 1.94948314, -0.68896171,  1.47551748, -1.46896932, -1.17392266,
        -2.0416155 ]]), array([[ 0.90245957, -1.41421356],
       [ 1.01964898, -0.88829512],
       [-1.25583105,  1.41421356],
       [-1.41421356, -0.75985084],
       [-1.41421356, -0.8402237 ],
       [ 1.30527228, -1.1921673 ]])], [array([-1.39210213,  2.44948974,  2.13757463, -0.53549269, -2.03570806,
       -1.1916475 ]), array([-1.41421356,  1.41421356])]]]
[50550, 9, 'birth', 10, 6, 0, [[array([[ 0.00614042,  1.15594735, -0.78748556,  0.55975889, -1.18624656,
         1.37206892],
       [-2.29875087, -1.28954529, -2.35626638, -2.18962095,  0.56249497,
         1.19056594],
       [-2.44948974,  2.33597735, -0.02894823, -0.66675212,  1.33108241,
         1.66807829],
       [-1.39950054,  1.44877189, -1.53637294,  2.05580118,  0.51478437,
        -2.26861732],
       [-0.3004203 , -1.35150852,  1.09218231,  1.50025477, -1.96617406,
        -0.40008958],
       [ 0.06778094, -2.44948974,  1.05136637,  1.74606972,  1.90339029,
         2.44948974]]), array([[-1.15032092, -1.41421356],
       [ 1.41421356, -1.41421356],
       [-1.41421356,  0.53631511],
       [-0.53580794,  1.35731523],
       [ 1.41421356, -1.41421356],
       [ 1.41421356, -1.41421356]])], [array([1.52366104, 1.78503146, 1.61318911, 0.06066482, 2.44948974,
       2.32796676]), array([0.02400988, 0.91781081])]]]
[60800, 2, 'birth', 24, 6, 0, [[array([[-0.07974556, -0.5980787 , -2.44948974,  2.44948974,  0.27668181,
         1.02273419],
       [ 2.44948974,  0.66487834,  0.31165048,  1.17427866,  1.09212104,
        -0.89205749],
       [ 0.17357434, -0.38113599,  2.13150717,  2.30434101,  1.36082925,
         2.02330827],
       [ 1.3407505 ,  0.45564545,  1.45513198,  2.22409988, -0.64863779,
         1.02595535],
       [ 2.06210394, -1.69372353, -2.09995497, -1.12819298, -0.18974443,
         1.40526017],
       [ 0.06778094,  0.0878569 ,  1.05136637,  1.74606972,  0.94377578,
        -0.63923058]]), array([[-1.15032092, -1.41421356],
       [ 1.41421356, -1.41421356],
       [-0.7639875 ,  0.53631511],
       [ 0.58956104, -0.74595506],
       [ 1.41421356, -1.41421356],
       [ 1.41421356,  1.41421356]])], [array([1.52366104, 2.44948974, 2.44948974, 0.06066482, 1.89082151,
       2.44948974]), array([0.02400988, 0.91781081])]]]
[145951, 15, 'birth', 7, 12, 0, [[array([[ 0.84692155,  2.35097482, -0.90517744,  2.44948974, -0.73805677,
         0.31994815],
       [ 0.0254651 ,  0.90785378, -1.67715275,  1.22294535,  2.44948974,
        -2.42624135],
       [-0.11290648, -2.12530252,  2.35411015, -1.63211101, -1.26281034,
        -0.91083907],
       [ 2.03146784,  1.61727109,  1.2388433 , -1.74587178, -2.07608801,
        -2.2751384 ],
       [ 1.75668533,  2.44948974,  1.10788306, -0.11939048,  1.11916298,
        -0.44100777],
       [-1.15199396, -1.33867291, -2.23327373,  1.02413471,  0.36605128,
         1.24097674]]), array([[-0.903792  ,  1.37577519],
       [ 0.97861624, -1.41421356],
       [-1.41421356,  1.09253981],
       [ 1.41421356,  1.16324037],
       [ 0.81523113, -0.47434195],
       [ 1.41421356,  0.87715715]])], [array([-1.28331654,  0.40547896, -2.19145561, -1.56628353,  0.99844475,
        1.32703111]), array([-0.71679796,  0.97434699])]]]
[212502, 11, 'birth', 20, 8, 0, [[array([[-1.48149044,  2.23916643, -0.57460872,  1.51290608,  1.03833647,
         0.18034463],
       [ 1.19765085,  0.37269688,  0.64144492, -1.2366452 ,  1.46568617,
         1.7248308 ],
       [-0.92095306, -1.11332558,  1.15617951,  0.67670877,  1.5735682 ,
         0.2411787 ],
       [ 2.13162104,  2.35009114,  0.75535577, -0.87738818,  1.53767807,
         0.3567772 ],
       [-1.73222127, -1.59783024,  1.09924776,  1.3616194 ,  2.44948974,
        -1.93079997],
       [ 2.12227099, -1.52777102,  1.14615358,  0.84198688,  2.39376874,
        -1.62280171]]), array([[-1.41421356,  0.28199705],
       [-0.48865872,  1.41421356],
       [-1.41421356,  1.2483135 ],
       [-1.16738841, -1.41421356],
       [ 1.41421356, -0.35053315],
       [-0.48791057, -1.41421356]])], [array([-2.15474283, -0.02281747, -1.93921623,  0.09048221,  1.53702456,
        1.10059707]), array([-1.41421356,  0.22565508])]]]
[1130211, 16, 'death']
[1130361, 8, 'death']
[1130511, 7, 'death']
[1130661, 5, 'death']
[1130811, 24, 'death']
[1130961, 14, 'death']
[1131111, 10, 'death']
[1131261, 12, 'death']
[1131411, 21, 'death']
[1131561, 3, 'death']
[1131711, 0, 'death']
[1131861, 6, 'death']
[1132011, 22, 'death']
[1132161, 4, 'death']
[1132311, 18, 'death']
[1132461, 19, 'death']
[1132611, 20, 'death']
[1132761, 1, 'death']
[1132911, 17, 'death']
[1133061, 13, 'death']
[1133411, 24, 'birth', 21, 3, 0, [[array([[-0.20796787, -2.44948974,  2.10039481,  2.14684747,  1.8533998 ,
         0.55181628],
       [-0.57931834, -0.85421271, -0.35283179,  0.43954044,  0.0641857 ,
        -0.4417468 ],
       [ 0.01255041, -1.9109878 , -1.40408329,  1.63740719,  1.51786075,
        -2.44948974],
       [ 1.83843865, -1.58001743, -1.09981945, -0.54097482, -1.84525633,
         0.70634465],
       [ 2.44948974, -2.44948974,  1.25531497, -0.13337681, -0.14728474,
         0.69250375],
       [-0.15482825, -1.29340243,  2.15338874,  2.18792025, -0.94708163,
        -0.19601008]]), array([[ 1.41421356,  1.41421356],
       [ 0.58658591,  0.62195994],
       [ 0.60638823, -0.87829404],
       [ 0.17549501, -0.4888513 ],
       [-1.41421356, -1.41421356],
       [-1.41421356, -0.46602683]])], [array([-1.45808607, -0.98644241,  2.44948974, -1.87640006,  1.09382305,
        2.35969427]), array([-1.13017133,  1.41421356])]]]
[1133411, 8, 'birth', 17, 14, 0, [[array([[-1.69020813, -1.97218522, -1.05884714,  2.34443498, -2.44948974,
        -2.04748058],
       [ 2.06599273, -2.41424294,  0.3783637 ,  2.00133204, -1.84920419,
         0.00841674],
       [-1.27235841,  1.74938649,  1.2769464 , -0.0599978 ,  0.22701527,
        -1.43990353],
       [ 1.73247527, -0.83991638, -1.70591643,  0.34440112,  2.03133586,
         1.39239206],
       [-0.19578935,  0.81912912, -0.56708293, -1.18830393,  0.43647925,
         1.63793118],
       [-0.92893433, -1.43644003,  0.97318889,  0.19511107,  0.45763304,
        -2.14367371]]), array([[ 1.41421356, -1.41421356],
       [-1.41421356,  0.29275362],
       [-1.25583105,  1.41421356],
       [-1.41421356, -0.75985084],
       [-1.15479068, -0.8402237 ],
       [ 1.30527228, -1.1921673 ]])], [array([-1.39210213, -0.05619172,  2.44948974, -2.44948974, -2.44948974,
       -1.1916475 ]), array([-0.61287184,  1.41421356])]]]
[1133411, 4, 'birth', 11, 6, 0, [[array([[-1.48149044,  0.65843117, -0.57460872,  1.51290608,  0.28338343,
        -2.44948974],
       [ 2.44948974,  0.37269688,  2.44948974, -1.22478589,  1.46568617,
         1.7248308 ],
       [-0.92095306, -1.11332558,  1.15617951, -2.44948974,  1.5735682 ,
         0.2411787 ],
       [ 2.13162104,  2.35009114,  0.75535577, -0.87738818, -0.62899505,
         1.40310616],
       [-1.73222127, -1.59783024,  1.09924776,  1.3616194 ,  2.44948974,
        -1.93079997],
       [ 2.44948974, -1.52777102,  1.14615358,  0.84198688,  2.39376874,
        -1.62280171]]), array([[-1.41421356,  0.28199705],
       [-0.48865872,  1.41421356],
       [-1.41421356,  0.53631511],
       [ 0.58956104, -0.74595506],
       [ 1.41421356, -1.41421356],
       [ 1.41421356, -1.08970899]])], [array([1.52366104, 1.78503146, 1.61318911, 2.44948974, 2.44948974,
       2.32796676]), array([0.02400988, 0.91781081])]]]
[1133411, 12, 'birth', 24, 3, 0, [[array([[-0.07974556, -0.5980787 , -1.96665438,  0.25314076,  0.27668181,
         2.44948974],
       [ 1.0704788 ,  0.66487834, -0.03141356,  1.17427866,  1.09212104,
        -1.31613627],
       [ 0.22464187, -1.9109878 , -1.40408329, -2.44948974, -0.7740281 ,
         1.31663973],
       [-1.80967903, -0.09549614, -1.09981945, -0.54097482, -1.84525633,
         0.70634465],
       [ 0.32075336,  0.14147539,  1.25531497,  1.91509538, -0.14728474,
         1.78245516],
       [ 2.44948974, -1.29340243,  2.15338874,  2.18792025, -0.94708163,
        -2.43894671]]), array([[ 1.41421356,  1.41421356],
       [ 0.58658591,  0.62195994],
       [ 0.60638823, -0.87829404],
       [ 0.17549501, -1.41421356],
       [-1.41421356, -1.41421356],
       [-1.41421356, -1.41421356]])], [array([ 2.34582031, -0.98644241, -0.51958129,  2.25993572, -0.3556779 ,
        2.35969427]), array([-1.13017133,  1.41421356])]]]
[1133411, 20, 'birth', 24, 12, 1, [[array([[-1.13457341, -2.02271931,  1.04929369, -1.38099982, -2.14442094,
         1.05675927],
       [-0.05664356,  0.15064494,  0.05418232,  1.81250187,  0.37951822,
        -1.5107522 ],
       [-1.44751408,  2.44948974,  0.90929469, -0.33952634,  0.49237328,
        -1.18708883],
       [ 1.60347962, -1.89719197, -0.14368238,  2.1816403 ,  0.85563723,
        -2.2751384 ],
       [ 1.75668533,  1.28403604,  2.44948974, -0.11939048,  1.11916298,
        -0.44100777],
       [-1.15199396, -1.33867291, -2.23327373,  1.02413471,  0.36605128,
         1.24097674]]), array([[ 0.73774733,  1.37577519],
       [ 0.97861624, -1.41421356],
       [-1.41421356,  1.41421356],
       [ 1.41421356,  1.16324037],
       [ 0.81523113, -0.40710788],
       [ 1.41421356,  0.40913529]])], [array([-1.28331654,  0.40547896, -2.44948974, -1.10069154,  0.99844475,
        1.32703111]), array([-0.71679796,  1.41421356])]]]
[1133411, 7, 'birth', 21, 1, 0, [[array([[-0.20796787, -1.66674277,  2.10039481,  2.44948974,  0.73438029,
         0.55181628],
       [ 0.07258306,  1.95842342, -2.08865971,  1.36383724,  1.17344242,
        -0.04760719],
       [-0.16673595,  1.5180708 ,  1.48746858, -1.46283071,  0.1907    ,
        -0.23620481],
       [-0.24914529, -1.8137925 ,  0.31357319,  1.74922073,  1.45370514,
        -1.53555833],
       [-1.15055827, -2.44793193, -1.04674492, -2.05167204,  0.70391426,
        -0.37099504],
       [-0.54436948, -0.86795711, -0.42969907,  1.76274846, -0.98714471,
        -2.32374265]]), array([[ 0.6017987 ,  0.68503973],
       [ 1.2641302 , -0.47596634],
       [-1.41421356,  1.34565767],
       [-1.25010853,  1.41421356],
       [ 0.34759353, -1.41421356],
       [ 1.41421356,  0.39544811]])], [array([-1.64058696, -2.36222075, -2.44948974,  0.33547431, -0.09276173,
        0.74982899]), array([1.41421356, 1.41421356])]]]
[1133411, 5, 'birth', 22, 14, 0, [[array([[-1.56385863, -0.71479873,  2.12389535,  0.60347142,  0.27233226,
         0.46212337],
       [ 0.0426381 , -2.2350523 ,  0.73179341,  2.21096727, -1.91982727,
        -0.15601903],
       [-0.5513103 ,  2.33446493,  0.87835759, -0.54978849, -0.47730844,
        -1.73690731],
       [-0.85557006,  2.02464024,  0.47052262,  1.58509594,  1.26504625,
         0.02638533],
       [-2.16966048, -0.85730717, -2.12768918,  1.27205004, -0.64895197,
         2.12676159],
       [ 1.55452493,  1.69358145, -0.51261566, -1.50351104,  0.42143783,
         1.96487991]]), array([[ 1.41421356,  0.89031457],
       [ 1.24104531,  0.20678044],
       [ 0.12613814,  0.37064627],
       [-1.27651842, -1.37012826],
       [ 1.41421356,  0.60214108],
       [ 1.41421356, -1.41421356]])], [array([-2.03462225, -0.05619172,  2.13757463, -0.53549269, -2.44948974,
       -1.1916475 ]), array([-1.41421356,  1.41421356])]]]
[1133411, 6, 'birth', 16, 14, 1, [[array([[-0.77807419, -1.74176843, -1.99751134,  1.70286361, -0.78781318,
         1.05710877],
       [ 0.96355697,  0.46660375, -0.32549134,  1.96687181,  0.87663361,
        -0.2379213 ],
       [ 0.82779922,  1.06817367, -2.17589654, -1.03582902, -1.79184926,
        -2.44948974],
       [-0.29767998,  2.44948974,  2.44948974,  2.06984208,  0.03629103,
        -0.97370919],
       [-1.54634947,  1.63818371,  1.27240807,  1.38954562,  0.98715967,
        -0.6268328 ],
       [ 1.94948314, -0.68896171,  1.47551748, -1.46896932, -1.17392266,
        -2.0416155 ]]), array([[ 0.90245957, -0.50323303],
       [ 1.01964898, -0.88829512],
       [-1.25583105,  1.41421356],
       [-1.41421356, -0.75985084],
       [-1.15479068, -0.8402237 ],
       [ 0.622741  ,  1.41421356]])], [array([-1.39210213, -1.88295507,  2.13757463, -0.53549269, -2.03570806,
       -1.1916475 ]), array([-0.61287184,  1.41421356])]]]
[1133411, 14, 'birth', 2, 6, 1, [[array([[-0.07974556, -0.5980787 , -2.44948974,  2.44948974,  0.27668181,
         1.02273419],
       [ 2.44948974,  0.66487834, -0.74851352,  1.17427866,  1.09212104,
        -0.89205749],
       [ 0.17357434,  0.79607834,  2.13150717,  2.44948974,  1.36082925,
         2.02330827],
       [ 1.3407505 ,  0.45564545,  1.45513198,  2.22409988, -0.64863779,
         1.02595535],
       [ 2.06210394, -1.69372353, -2.09995497, -1.12819298, -0.18974443,
         1.40526017],
       [ 0.06778094,  0.0878569 ,  1.05136637,  1.74606972, -0.43976457,
        -0.08535351]]), array([[-1.15032092, -1.41421356],
       [ 1.41421356, -1.41421356],
       [-1.41421356,  0.53631511],
       [ 0.58956104, -0.74595506],
       [ 1.41421356, -1.41421356],
       [ 1.41421356, -1.08970899]])], [array([2.44948974, 1.78503146, 0.71131928, 0.06066482, 2.3802052 ,
       0.1999746 ]), array([0.02400988, 0.91781081])]]]
[1133411, 0, 'birth', 18, 12, 0, [[array([[-1.96428113, -1.65039778,  1.04929369,  2.32429796, -2.14442094,
         1.05675927],
       [-0.05664356,  0.15064494, -1.48612182,  1.81250187,  0.37951822,
        -1.5107522 ],
       [-1.44751408,  0.14119973,  0.90929469, -1.35114445,  0.49237328,
        -1.18708883],
       [ 1.60347962, -2.44948974, -0.14368238,  2.1816403 ,  0.85563723,
        -2.2751384 ],
       [ 1.75668533,  1.28403604,  1.10788306, -0.11939048,  1.11916298,
        -0.44100777],
       [-1.15199396, -1.33867291, -2.23327373,  1.02413471,  0.36605128,
         1.24097674]]), array([[-0.903792  ,  1.37577519],
       [ 0.97861624, -1.41421356],
       [-1.41421356,  1.09253981],
       [ 1.41421356,  1.21792406],
       [ 0.81523113, -0.40710788],
       [ 1.41421356,  0.87715715]])], [array([-1.28331654,  0.40547896, -0.51923217, -1.10069154,  2.44948974,
        1.32703111]), array([-0.71679796,  1.41421356])]]]
[1133411, 21, 'birth', 11, 12, 0, [[array([[-1.48149044,  2.44948974, -0.57460872,  0.42182934, -0.26641764,
         0.18034463],
       [ 1.19765085,  0.15064494, -1.48612182,  1.54190861,  0.37951822,
        -1.5107522 ],
       [-2.44948974,  0.14119973,  0.90929469, -0.33952634,  0.49237328,
        -1.18708883],
       [ 1.60347962, -1.58737271, -0.14368238,  2.1816403 ,  0.85563723,
        -2.44948974],
       [ 1.75668533,  2.16633927,  1.10788306, -0.11939048,  1.11916298,
        -0.44100777],
       [-1.15199396, -1.33867291, -0.49046578,  1.02413471,  2.44948974,
         1.24097674]]), array([[-0.903792  ,  1.37577519],
       [ 0.97861624, -1.41421356],
       [-1.41421356,  1.09253981],
       [ 1.41421356,  1.16324037],
       [ 0.12626996, -0.40710788],
       [ 1.41421356,  0.87715715]])], [array([-1.28331654,  0.40547896,  0.51515643, -2.44948974,  0.99844475,
        1.32703111]), array([-0.71679796,  1.41421356])]]]
[1133411, 10, 'birth', 11, 3, 0, [[array([[-1.48149044,  1.03169862,  1.47303402,  1.45829562, -0.21323685,
         2.44948974],
       [-2.44948974,  0.43292075, -0.06625166,  0.43954044,  1.91971409,
        -0.4417468 ],
       [-0.25565958, -1.9109878 , -1.40408329,  1.63740719, -0.7740281 ,
        -0.46239959],
       [ 1.83843865, -0.09549614, -1.09981945, -0.54097482, -1.84525633,
         0.70634465],
       [ 0.32075336,  0.14147539,  2.44948974, -0.13337681, -2.44948974,
         0.69250375],
       [-0.15482825, -2.44948974,  0.35228271,  2.18792025, -0.94708163,
        -2.43894671]]), array([[ 1.41421356,  1.41421356],
       [ 0.58658591,  0.62195994],
       [ 0.60638823, -0.87829404],
       [-0.05361768, -0.4888513 ],
       [-1.41421356, -1.41421356],
       [-1.41421356, -1.41421356]])], [array([ 2.14486802, -0.98644241, -0.51958129,  1.13193707, -0.3556779 ,
        2.35969427]), array([-1.13017133,  1.41421356])]]]
[1133411, 19, 'birth', 10, 23, 0, [[array([[ 0.00614042, -2.40038852, -0.78748556, -1.34065239, -1.18624656,
         1.37206892],
       [-2.29875087, -1.28954529, -2.35626638, -2.18962095,  0.56249497,
         1.19056594],
       [-1.5758554 ,  2.33597735, -0.02894823, -0.66675212,  1.28279863,
        -0.72367678],
       [ 1.89313748,  1.44877189, -1.53637294,  2.44948974,  0.51478437,
        -2.26861732],
       [-0.3004203 , -1.35150852,  1.09218231,  2.44948974, -1.30856644,
        -0.76252246],
       [-2.42796408, -0.11907919, -0.19624225, -1.95532685, -0.21327648,
         2.44948974]]), array([[-0.08247111, -0.9345473 ],
       [-1.001015  ,  1.41421356],
       [-0.42111513,  0.32041222],
       [ 0.11691944, -0.43206818],
       [-1.41421356, -0.8402237 ],
       [ 1.30527228, -1.41421356]])], [array([-1.39210213,  2.44948974,  2.13757463, -0.53549269, -2.10960134,
       -1.1916475 ]), array([-1.41421356,  1.41421356])]]]
[1133411, 16, 'birth', 21, 4, 0, [[array([[ 2.44948974, -1.66674277,  2.22572692,  2.14684747,  0.73438029,
         0.55181628],
       [ 0.2700445 ,  1.95842342, -2.08865971,  1.36383724,  1.17344242,
        -0.04760719],
       [-0.16673595,  1.83816741,  1.48746858, -0.65346043,  0.1907    ,
        -0.23620481],
       [ 1.07913841, -1.24459676,  0.31357319,  1.74922073,  1.45370514,
        -1.81203838],
       [-1.61323158, -0.21412091, -1.21899033,  1.94230006, -2.08880753,
         0.25686342],
       [-2.44948974,  1.47325308, -1.57604269, -2.44948974, -1.48943104,
         1.19725416]]), array([[ 0.747267  ,  0.86716998],
       [-1.41421356, -0.22216746],
       [ 1.27855841, -0.39029995],
       [ 1.13815907, -1.41421356],
       [-1.18669001, -0.99922859],
       [-1.41421356,  0.50216796]])], [array([ 0.39365212, -1.99148012, -0.09074317, -1.04498237,  1.42553814,
       -2.44948974]), array([-1.41421356,  1.41421356])]]]
[1133411, 17, 'birth', 9, 3, 1, [[array([[ 0.00614042,  1.15594735, -2.44948974,  0.55975889, -1.18624656,
         1.37206892],
       [-2.29875087, -1.28954529, -2.35626638, -2.44948974,  0.56249497,
         1.19056594],
       [-2.44948974,  2.33597735, -0.02894823, -0.66675212,  1.33108241,
         1.66807829],
       [-1.39950054,  1.44877189, -1.53637294, -1.7559528 ,  0.51478437,
        -2.36346474],
       [-0.3004203 , -1.35150852,  1.09218231,  1.50025477, -1.96617406,
        -0.40008958],
       [ 0.06778094, -2.44948974,  1.05136637,  2.44948974, -1.94303517,
         2.44948974]]), array([[ 0.44768383, -1.41421356],
       [ 1.41421356, -1.41421356],
       [-1.41421356,  0.53631511],
       [-0.53580794,  1.35731523],
       [ 1.41421356, -1.41421356],
       [ 1.41421356, -1.41421356]])], [array([1.52366104, 1.78503146, 2.44948974, 0.06066482, 2.44948974,
       2.32796676]), array([-0.77564407,  1.41421356])]]]
[1133411, 13, 'birth', 20, 14, 1, [[array([[-1.48149044,  2.44948974, -0.57460872,  1.51290608,  1.03833647,
         0.18034463],
       [ 1.19765085,  0.37269688,  0.64144492, -1.2366452 ,  1.46568617,
         1.7248308 ],
       [-0.92095306, -2.44948974,  1.15617951,  0.67670877,  1.5735682 ,
         0.57903224],
       [-1.93667196,  0.07105246, -0.74262563,  1.71980364,  0.46215832,
         0.20357301],
       [ 0.23008833, -0.99350312, -0.22396916,  0.87685822,  0.15683636,
        -0.0282871 ],
       [ 1.39633193, -1.98725677, -0.54168333,  1.69878985,  2.26344451,
        -2.0416155 ]]), array([[ 0.90245957, -0.50323303],
       [ 1.41421356, -0.88829512],
       [-1.25583105,  1.41421356],
       [-1.41421356, -0.75985084],
       [-1.15479068, -0.8402237 ],
       [ 1.30527228, -1.1921673 ]])], [array([-1.39210213, -0.05619172,  2.13757463, -0.53549269, -2.03570806,
       -1.1916475 ]), array([-0.61287184,  1.41421356])]]]
[1133411, 3, 'birth', 20, 6, 0, [[array([[-1.48149044,  2.23916643, -0.57460872,  1.51290608,  1.03833647,
         0.18034463],
       [-0.30401985,  0.37269688,  0.64144492, -1.2366452 ,  1.46568617,
         1.7248308 ],
       [-0.47395834, -1.11332558,  1.15617951,  0.67670877,  1.5735682 ,
         0.2411787 ],
       [-1.93667196,  0.07105246, -2.44948974,  1.71980364,  0.46215832,
         0.20357301],
       [ 1.91027283, -0.99350312,  1.10663469,  0.87685822,  0.15683636,
         1.50329535],
       [-2.44948974, -1.98725677, -0.54168333,  1.69878985, -0.41687383,
         1.63341769]]), array([[ 1.41421356,  0.70453648],
       [-0.50847875, -0.33098909],
       [ 1.41421356, -1.41421356],
       [ 0.2802425 , -1.41421356],
       [ 1.41421356, -0.74227512],
       [ 0.18928577, -1.08970899]])], [array([1.52366104, 1.78503146, 1.61318911, 0.06066482, 2.3802052 ,
       0.29928884]), array([0.02400988, 0.91781081])]]]
[1144361, 22, 'birth', 8, 20, 0, [[array([[-1.69020813, -1.14020428, -1.66087108,  2.34443498, -2.44948974,
        -2.04748058],
       [ 2.06599273,  0.60739942,  0.3783637 ,  2.00133204, -1.84920419,
        -2.44948974],
       [-1.27235841,  1.74938649,  0.91331938, -0.0599978 ,  0.22701527,
        -2.44948974],
       [ 1.01095971, -0.83991638,  2.44948974,  2.1816403 , -0.41354451,
        -2.31430196],
       [ 1.75668533,  1.28403604, -2.44948974, -0.11939048,  1.11916298,
        -0.44100777],
       [-2.44948974,  1.12131178, -2.23327373,  1.02413471,  0.36605128,
         1.24531364]]), array([[ 0.73774733,  1.37577519],
       [ 0.97861624, -1.41421356],
       [-1.41421356,  1.41421356],
       [ 1.41421356,  1.16324037],
       [ 1.27142095, -0.40710788],
       [-0.71400075,  0.40913529]])], [array([-1.28331654,  0.40547896, -2.44948974, -1.10069154,  0.99844475,
        2.44948974]), array([-0.71679796,  1.41421356])]]]
[1153961, 23, 'death']
[1184661, 9, 'death']
[1194562, 2, 'death']
[1204912, 23, 'birth', 4, 6, 1, [[array([[-1.48149044,  0.65843117, -0.57460872,  1.51290608, -0.60678101,
        -2.44948974],
       [ 2.44948974,  0.37269688,  2.44948974, -1.22478589,  1.46568617,
         1.7248308 ],
       [-0.92095306, -1.11332558,  1.15617951, -2.44948974,  1.5735682 ,
         0.2411787 ],
       [ 2.13162104,  2.35009114,  0.75535577,  2.44948974, -1.03478606,
         1.40310616],
       [-1.13390798, -1.59783024,  1.09924776,  2.44948974,  2.44948974,
        -0.6268328 ],
       [ 1.94948314, -0.68896171,  1.47551748, -1.46896932,  2.22918109,
        -2.0416155 ]]), array([[ 0.90245957, -0.50323303],
       [ 0.41909985, -0.88829512],
       [-1.25583105,  1.41421356],
       [-1.41421356, -0.75985084],
       [-0.55267056, -0.8402237 ],
       [ 0.622741  ,  1.41421356]])], [array([-1.39210213, -1.88295507,  2.13757463, -0.53549269, -2.03570806,
       -1.72527078]), array([-0.61287184,  1.41421356])]]]
[1214612, 1, 'birth', 4, 23, 1, [[array([[-1.48149044,  0.65843117, -0.57815671,  1.51290608,  0.28338343,
        -2.44948974],
       [ 2.44948974,  0.37269688,  2.44948974, -2.44948974,  1.46568617,
         1.7248308 ],
       [-0.92095306, -1.11332558,  1.15617951, -2.44948974, -1.09141481,
         0.2411787 ],
       [ 2.13162104,  2.35009114,  2.44948974, -0.87738818, -0.62899505,
         1.40310616],
       [-1.73222127, -1.59783024,  1.09924776,  1.3616194 ,  2.44948974,
        -1.93079997],
       [ 2.44948974, -1.52777102,  1.14615358,  0.84198688,  2.39376874,
        -1.62280171]]), array([[-1.41421356,  0.79813331],
       [-0.48865872, -0.88829512],
       [-1.41421356,  1.41421356],
       [-1.41421356, -0.75985084],
       [-1.22047732, -0.8402237 ],
       [ 1.2802389 ,  1.41421356]])], [array([-1.39210213, -1.88295507,  2.13757463, -0.53549269, -2.03570806,
       -1.72527078]), array([-0.61287184,  1.41421356])]]]
[1244862, 2, 'birth', 12, 13, 0, [[array([[-0.07974556,  2.44948974, -1.96665438,  0.25314076,  0.27668181,
         2.44948974],
       [ 1.0704788 ,  0.66487834, -0.03141356,  1.17427866,  1.09212104,
        -1.31613627],
       [-0.64465368, -1.9109878 , -1.40408329, -2.44948974, -1.63447802,
         1.31663973],
       [ 0.65112363, -0.09549614,  0.19810201, -0.54097482, -1.84525633,
         0.70634465],
       [ 0.32075336,  0.14147539,  1.25531497,  1.91509538, -0.14728474,
         1.78245516],
       [ 2.44948974, -1.29340243, -0.54168333,  1.69878985,  2.26344451,
        -2.0416155 ]]), array([[ 0.65837276, -0.50323303],
       [ 1.41421356, -0.88829512],
       [-1.25583105,  1.41421356],
       [-1.41421356, -0.75985084],
       [-1.15479068, -0.8402237 ],
       [ 1.30527228, -0.86118353]])], [array([-1.39210213, -1.65154694,  2.13757463, -0.53549269, -2.03570806,
       -1.1916475 ]), array([-0.61287184, -0.19722693])]]]
[1244862, 9, 'birth', 21, 17, 1, [[array([[-1.48149044,  2.44948974, -0.57460872,  0.42182934, -0.26641764,
         0.18034463],
       [ 1.19765085,  0.15064494, -1.48612182,  1.54190861,  0.37951822,
        -2.32833305],
       [-2.44948974,  0.14119973,  0.90929469, -2.44948974,  0.49237328,
        -0.06510653],
       [ 1.60347962, -1.58737271, -0.14368238,  2.44948974,  0.85563723,
        -2.44948974],
       [ 1.75668533,  2.16633927,  1.10788306, -0.11939048,  1.11916298,
        -0.44100777],
       [-1.15199396, -1.33867291, -2.44948974, -2.01545755,  2.44948974,
         1.24097674]]), array([[-0.903792  , -0.85789806],
       [ 0.97861624, -1.41421356],
       [-1.41421356,  1.09253981],
       [ 1.41421356,  1.16324037],
       [ 0.12626996, -0.40710788],
       [ 1.41421356,  0.87715715]])], [array([-1.28331654,  0.40547896,  0.51515643,  1.41036859,  2.44948974,
        2.32796676]), array([-0.77564407,  1.41421356])]]]
[1255962, 18, 'birth', 3, 13, 1, [[array([[-1.48149044,  2.23916643, -0.57460872,  2.44948974,  1.03833647,
         0.18034463],
       [ 1.19765085,  0.37269688,  0.64144492, -1.2366452 ,  1.46568617,
         1.7248308 ],
       [-0.34541809, -2.44948974,  1.15617951,  0.67670877,  2.44948974,
         0.57903224],
       [-1.93667196,  0.07105246, -0.74262563,  1.71980364,  0.46215832,
         2.44948974],
       [ 0.23008833,  0.78939847, -0.22396916,  2.10142357,  0.15683636,
        -0.0282871 ],
       [ 1.39633193, -1.98725677, -0.54168333,  1.69878985,  2.26344451,
        -2.0416155 ]]), array([[ 0.90245957, -0.50323303],
       [ 1.41421356, -1.41421356],
       [-1.25583105,  0.52236988],
       [ 0.4299081 , -0.75985084],
       [-1.15479068, -0.8402237 ],
       [ 1.30527228, -1.1921673 ]])], [array([-1.39210213, -0.05619172,  2.13757463, -0.24554376, -2.03570806,
       -1.1916475 ]), array([-0.61287184,  1.41421356])]]]
[1277862, 15, 'death']
[1279212, 15, 'birth', 12, 9, 0, [[array([[-0.07974556, -0.5980787 , -1.96665438,  0.25314076, -2.44948974,
         2.44948974],
       [-0.37829882,  0.66487834, -0.28611194,  1.17427866,  1.09212104,
        -1.31613627],
       [-2.44948974, -0.08839118, -2.44948974, -2.13175235, -0.7740281 ,
         1.31663973],
       [-1.80967903, -2.44948974,  0.88702078, -0.54097482, -2.44948974,
         0.70634465],
       [-1.95096464,  0.14147539, -0.15314239,  1.91509538, -0.14728474,
        -1.38784827],
       [ 2.44948974, -1.29340243,  2.15338874,  2.18792025, -0.94708163,
        -2.43894671]]), array([[ 1.41421356,  1.41421356],
       [ 0.58658591,  1.41421356],
       [ 0.60638823, -0.87829404],
       [-1.01084861, -1.41421356],
       [-1.41421356, -1.41421356],
       [ 1.41421356,  0.87715715]])], [array([-1.28331654,  0.40547896,  0.51515643,  1.41036859,  2.44948974,
        2.32796676]), array([-0.77564407,  1.41421356])]]]
[1346963, 11, 'death']
[1348263, 11, 'birth', 3, 18, 0, [[array([[-1.48149044,  1.49706931, -1.22719868,  1.51290608,  1.03833647,
         0.18034463],
       [-0.30401985,  0.37269688,  1.83384401, -1.2366452 , -0.23852962,
         1.7248308 ],
       [-0.92385813, -1.11332558,  1.24726234,  0.67670877,  2.44948974,
         0.2411787 ],
       [ 2.44948974,  0.07105246, -2.44948974,  1.71980364,  0.46215832,
         0.20357301],
       [ 1.91027283, -0.99350312,  1.10663469,  0.87685822,  0.15683636,
         1.50329535],
       [-2.44948974, -1.98725677,  0.26158195,  1.69878985, -0.41687383,
         1.63341769]]), array([[ 1.41421356, -0.50323303],
       [ 1.41421356, -1.41421356],
       [-1.25583105, -0.20151661],
       [-1.06931419, -0.75985084],
       [-1.15479068,  0.3395574 ],
       [ 1.30527228, -1.1921673 ]])], [array([-1.39210213,  2.44948974,  2.13757463, -0.51939827, -2.03570806,
       -1.1916475 ]), array([-0.61287184,  1.41421356])]]]
[2307773, 24, 'death']
[2307923, 8, 'death']
[2308073, 4, 'death']
[2308223, 12, 'death']
[2308373, 20, 'death']
[2308523, 7, 'death']
[2308673, 5, 'death']
[2308823, 6, 'death']
[2308973, 14, 'death']
[2309123, 0, 'death']
[2309273, 21, 'death']
[2309423, 10, 'death']
[2309573, 19, 'death']
[2309723, 16, 'death']
[2309873, 17, 'death']
[2310023, 13, 'death']
[2310173, 3, 'death']
[2310673, 17, 'birth', 4, 14, 1, [[array([[ 0.6859597 ,  0.65843117, -0.57460872,  1.51290608,  0.28338343,
        -2.44948974],
       [ 2.44948974,  0.37269688,  2.44948974, -1.22478589,  1.46568617,
         1.7248308 ],
       [-0.92095306, -1.11332558,  1.15617951, -2.44948974,  1.5735682 ,
         0.2411787 ],
       [ 2.13162104,  2.35009114,  0.75535577, -0.87738818, -0.62899505,
         1.40310616],
       [-1.73222127,  2.44948974,  1.09924776,  1.3616194 ,  2.44948974,
        -1.93079997],
       [ 2.44948974, -1.52777102,  1.14615358,  0.84198688,  2.36524672,
        -1.62280171]]), array([[-1.15032092, -1.41421356],
       [ 1.41421356, -1.41421356],
       [-1.41421356,  0.53631511],
       [ 0.58956104, -0.74595506],
       [ 1.41421356, -1.41421356],
       [ 1.41421356, -1.08970899]])], [array([2.44948974, 1.78503146, 0.71131928, 0.06066482, 2.3802052 ,
       0.1999746 ]), array([0.02400988, 0.91781081])]]]
[2310673, 12, 'birth', 11, 17, 0, [[array([[-2.44948974,  1.49706931, -1.22719868,  1.51290608,  1.03833647,
         0.18034463],
       [-0.30401985,  0.37269688,  1.83384401, -1.2366452 , -0.23852962,
         1.7248308 ],
       [-0.92385813, -1.11332558,  1.24726234,  0.67670877,  2.44948974,
         0.2411787 ],
       [-1.33234336,  1.44877189,  0.98587603, -1.7559528 ,  0.51478437,
        -2.36346474],
       [-0.3004203 , -1.35150852,  2.44948974,  1.50025477, -1.96617406,
         0.67401012],
       [ 0.06778094, -2.44948974,  1.05136637,  2.44948974, -1.94303517,
         2.44948974]]), array([[ 0.44768383, -1.41421356],
       [ 1.41421356, -1.41421356],
       [-1.41421356,  0.53631511],
       [-0.53580794,  1.35731523],
       [ 1.41421356, -1.41421356],
       [-0.33977766, -1.41421356]])], [array([1.52366104, 1.78503146, 2.44948974, 0.06066482, 2.44948974,
       2.32796676]), array([-0.77564407,  1.41421356])]]]
[2310673, 3, 'birth', 0, 23, 1, [[array([[-1.96428113, -1.65039778,  1.04929369,  2.32429796, -2.14442094,
         1.05675927],
       [-0.05664356,  0.15064494, -1.48612182,  1.81250187,  0.31596188,
        -1.5107522 ],
       [-1.44751408,  0.14119973,  0.90929469, -1.35114445,  0.49237328,
        -1.18708883],
       [ 2.19017338, -2.44948974, -0.14368238,  2.1816403 ,  0.85563723,
        -2.44948974],
       [ 1.75668533,  1.28403604,  1.10788306, -0.11939048,  1.11916298,
        -0.44100777],
       [-1.15199396, -1.33867291, -2.23327373,  1.02413471,  0.36605128,
         1.24097674]]), array([[-0.903792  ,  1.37577519],
       [ 0.943946  , -1.41421356],
       [-1.41421356,  1.41421356],
       [ 0.84033393, -0.75985084],
       [-0.55267056, -1.41421356],
       [ 0.622741  ,  1.41421356]])], [array([ 1.68935488, -1.88295507,  2.44948974, -0.53549269, -2.03570806,
       -1.72527078]), array([-0.61287184,  1.41421356])]]]
[2310673, 7, 'birth', 22, 13, 0, [[array([[-1.69020813, -2.44948974, -1.66087108,  2.34443498, -2.44948974,
        -2.04748058],
       [ 2.06599273,  0.60739942,  0.3783637 ,  2.00133204, -1.84920419,
        -2.44948974],
       [-1.27235841,  2.44948974,  2.44948974, -0.0599978 ,  0.22701527,
        -2.44948974],
       [ 1.01095971,  2.44948974,  2.44948974,  2.1816403 , -0.41354451,
        -2.31430196],
       [ 1.75668533,  1.62547653, -2.44948974, -0.11939048,  1.11916298,
        -0.44100777],
       [-2.44948974,  1.12131178, -2.23327373,  0.00453526,  0.36605128,
         1.24531364]]), array([[ 0.73774733,  1.41421356],
       [ 0.97861624, -1.41421356],
       [-1.41421356,  1.41421356],
       [ 1.41421356,  1.16324037],
       [ 1.27142095, -0.40710788],
       [-0.71400075,  0.40913529]])], [array([-1.28331654,  0.40547896, -2.44948974, -1.10069154,  0.99844475,
       -1.1916475 ]), array([0.87437316, 1.41421356])]]]
[2310673, 21, 'birth', 10, 1, 0, [[array([[-1.48149044e+00,  1.03169862e+00,  1.47303402e+00,
         1.90047644e+00, -2.13236847e-01, -1.53812372e+00],
       [-2.44948974e+00,  4.32920753e-01, -6.62516586e-02,
         4.39540440e-01,  1.91971409e+00, -2.44948974e+00],
       [ 2.44948974e+00, -1.91098780e+00, -1.40408329e+00,
         1.63740719e+00, -7.74028095e-01, -4.62399589e-01],
       [ 1.83843865e+00, -9.54961384e-02, -1.09981945e+00,
        -5.40974818e-01, -1.84525633e+00,  7.06344646e-01],
       [ 3.20753360e-01,  1.41475387e-01,  2.44948974e+00,
        -1.33376809e-01, -2.44948974e+00,  6.92503754e-01],
       [ 1.39003351e-03, -2.44948974e+00,  3.52282711e-01,
         2.18792025e+00, -1.20148152e+00, -2.43894671e+00]]), array([[-1.29859021,  0.79813331],
       [-0.48865872, -0.88829512],
       [-1.41421356,  1.41421356],
       [-1.41421356, -0.75985084],
       [-1.22047732, -0.8402237 ],
       [ 0.27324341,  1.41421356]])], [array([-1.39210213, -1.88295507,  2.13757463, -0.53549269, -2.03570806,
       -1.72527078]), array([-0.61287184,  1.41421356])]]]
[2316323, 22, 'death']
[2349873, 23, 'death']
[2355123, 1, 'death']
[2369273, 2, 'death']
[2369423, 9, 'death']
[2373323, 18, 'death']
[2380073, 15, 'death']
[2397474, 11, 'death']
[2590175, 17, 'death']
[2590326, 12, 'death']
[2590476, 3, 'death']
[2590626, 7, 'death']
[2590776, 21, 'death']
[2590925, 'Extinction!']
