[time, indiv, parent1, parent2, gender, brain]
[150, 6, -1, -1, 0, [[array([[-0.78906863,  0.23368791,  0.98187135,  1.67655348, -0.58837426,
         1.19135547],
       [-1.91172877,  0.03059591, -1.29701094,  1.51822554,  1.27017875,
        -1.12801831],
       [-0.19448899, -1.71749233,  1.84803373, -2.25191789,  1.65503529,
        -2.33719486],
       [-1.2143187 ,  2.07014711, -0.09585754, -1.30278866, -1.90759108,
        -0.02832245],
       [-0.42861661, -1.26807717,  1.01086095, -1.77651698, -0.01854122,
        -1.79160508],
       [ 0.70599657, -1.08037726, -0.75775067,  0.9853827 ,  2.39308903,
         0.13493567]]), array([[-0.99553268, -1.60105296],
       [-0.36613933, -1.43286779],
       [ 1.33218314, -0.98511917],
       [ 0.29522406, -0.94295923],
       [-2.39668954, -1.68463202],
       [ 1.40548928, -1.86059609]])], [array([ 2.12722625, -1.8847662 ,  2.44940074,  0.88473365, -2.04354336,
       -0.12658844]), array([-0.74048573,  1.77506091])]]]
[150, 23, -1, -1, 1, [[array([[-1.73232175,  0.29285564, -0.7866983 , -1.61308878, -0.10939511,
         0.12748406],
       [-0.75045627, -1.65801604,  0.15703717,  0.39548082,  0.79317455,
        -0.4670836 ],
       [-2.05506807, -1.01923859, -0.51065504,  0.38162991,  0.08562788,
         1.65423065],
       [ 0.78857118, -1.46174828,  1.66924076,  0.56855883,  2.23677644,
        -0.09699763],
       [ 0.36783195,  0.82947353, -0.36192758, -1.86900867,  2.31372748,
         2.36850249],
       [ 1.12308766, -2.23752815, -1.52434535, -1.07135425,  1.34285395,
        -0.65199814]]), array([[ 0.57207662,  1.1546874 ],
       [-1.09503011, -1.61563008],
       [-1.3998946 ,  0.77577441],
       [-2.29367568,  1.08914705],
       [ 1.42921376,  1.6839925 ],
       [-2.19694459, -0.98198891]])], [array([ 0.41243505,  1.38720838, -0.73187499, -2.16081473,  2.07352668,
        0.70692658]), array([ 0.66434562, -1.82960161])]]]
[150, 0, -1, -1, 0, [[array([[-1.36950291, -1.9175326 ,  2.18779527,  1.31733886, -0.84505674,
         1.5857969 ],
       [-0.26353292,  1.71751002,  2.27280124, -0.25911304,  1.27188376,
         2.32756737],
       [-0.46835806,  0.2233429 ,  1.11067525, -2.4335633 , -0.56934336,
        -2.43510376],
       [ 1.69546864,  0.33892652,  1.48217185, -0.90201547, -0.5927726 ,
        -0.55528121],
       [ 1.37215735,  0.64692634, -0.23723871, -1.31948304, -1.35895108,
         1.4955289 ],
       [-1.68967779,  0.99369545,  1.84619204, -0.01161153, -0.87267483,
         2.43794232]]), array([[ 1.06984616, -0.86696623],
       [ 1.77723705,  0.7738615 ],
       [ 0.78573828, -1.79634479],
       [-1.98171164, -0.03032446],
       [-0.14627739,  1.13603956],
       [-1.6636516 ,  1.78360232]])], [array([ 0.98917307,  1.03487131, -1.14363979,  0.70856845,  0.31180006,
       -2.15698608]), array([2.33881383, 0.58636964])]]]
[150, 22, -1, -1, 1, [[array([[-0.19961822,  1.90998683,  0.42572685, -2.28470072, -2.02428297,
        -0.47780028],
       [-0.01923779, -0.9949892 ,  1.36292529,  0.95466307,  0.09590529,
        -1.50030124],
       [-0.07458461,  0.06796137,  1.13167341, -2.33947682,  0.98129607,
        -2.00873796],
       [-0.3395515 , -2.37336851, -1.58141577, -0.18379357,  1.90133754,
         0.25462662],
       [ 0.50975329,  1.32540617,  0.92722785, -0.18769813,  2.39698293,
         2.22253292],
       [-0.97965419,  2.04774636,  1.36470243, -1.27029062, -0.4547997 ,
         1.40993548]]), array([[ 1.60123631, -1.3250753 ],
       [ 1.17661259,  1.69758636],
       [-2.03927933,  0.6663211 ],
       [-1.12796072, -1.82758528],
       [-2.0467162 ,  1.60654921],
       [-2.08235504, -2.38618799]])], [array([-1.96629509, -2.27409871, -0.31463703,  1.48430646,  1.10314209,
        0.95533356]), array([ 0.84459346, -0.64862317])]]]
[150, 10, -1, -1, 0, [[array([[ 0.19505601,  1.18871202,  1.76851325,  1.13933446, -0.84845723,
        -0.40903365],
       [-1.81965097,  1.18634336, -2.20387579,  1.740255  , -0.40009709,
         0.2406159 ],
       [-0.8411922 , -1.33903109, -1.50539283, -1.67652639, -0.75312908,
        -1.97242762],
       [-2.29392101,  1.57326912, -0.14434736,  0.38275475, -0.01856835,
        -1.48912619],
       [-1.11983282,  0.19705439,  1.74732282,  1.44007241, -1.40317904,
        -0.09251253],
       [ 1.20778728, -0.6328385 ,  0.81051017,  2.31033269, -1.79784496,
        -1.60594684]]), array([[ 0.4940215 , -2.3889434 ],
       [ 0.93307535, -2.33063445],
       [ 2.20696416,  0.38876421],
       [ 1.99833285, -0.22266474],
       [-1.05543183, -1.4499874 ],
       [-1.79920692,  1.89197078]])], [array([-0.03723065,  1.15059855,  0.06586379,  0.53602638,  1.97897934,
        0.76313068]), array([ 2.0072572, -2.0073195])]]]
[150, 7, -1, -1, 1, [[array([[ 0.14738463, -1.65067051, -1.34878666,  1.4043348 , -2.11997243,
        -1.25811835],
       [-1.45909404,  0.50414858, -1.90546947,  0.70839972, -2.18929115,
         1.52528354],
       [ 0.05815425,  2.06015767, -0.24691186,  1.82614187,  2.34785823,
        -0.93634635],
       [-1.28404205, -1.86338304, -0.00268232,  2.40400939, -0.85979929,
         0.37576895],
       [-1.426557  , -1.41539675, -0.75983177,  0.96656098,  1.1437488 ,
         0.93970894],
       [ 1.90121341,  0.29376027,  2.44134075, -2.44888048, -2.22268278,
        -1.1843172 ]]), array([[ 1.67014488, -1.78052613],
       [-0.45438054, -1.42718309],
       [ 2.12168861,  1.30199664],
       [ 1.92402187, -2.14446158],
       [ 0.3680692 , -0.47190285],
       [ 1.91130831, -0.67025642]])], [array([ 2.39234595, -1.72014233,  0.2172151 ,  0.17434064,  0.07813529,
       -1.18645125]), array([ 2.37214265, -0.95674959])]]]
[150, 16, -1, -1, 0, [[array([[-0.93528637,  2.42068109, -0.98820421,  1.41397034, -1.71283695,
        -2.052009  ],
       [ 2.0578571 , -0.01281143, -0.19563152, -0.65714132,  0.03054442,
         0.04325448],
       [ 0.94853501, -0.03761114, -1.03085385, -0.77786643, -1.8259897 ,
         1.02725666],
       [ 0.62909734, -0.44094507, -0.22348296,  0.17195054, -1.97808243,
         0.87521269],
       [-0.06326314, -0.99057638,  0.84307805, -1.42079372,  0.61874111,
         2.23187397],
       [-2.39355668, -0.55748788,  0.55746772, -1.24102121,  2.34285153,
        -1.05726963]]), array([[ 0.50907921, -2.14349242],
       [-0.36908347,  1.94889469],
       [-2.31140846, -2.39306402],
       [-1.94878669,  2.1036037 ],
       [ 0.50626622,  1.51311851],
       [ 0.85064961, -1.25972622]])], [array([-2.37273743,  0.89588763, -0.6409058 , -0.3508528 , -1.89456764,
        0.60156268]), array([-0.59859371,  1.42950536])]]]
[150, 13, -1, -1, 1, [[array([[ 0.48619464,  1.20890314,  1.48350809, -0.4469537 , -0.56537666,
        -1.95561931],
       [ 1.27988496,  2.31577374, -1.57108327, -1.83569593,  0.22932442,
         1.27802692],
       [ 0.91844107, -0.65014247, -1.98326637,  0.10513413, -0.2972672 ,
         0.06205727],
       [-0.46011107, -0.93538847,  2.08946348, -0.77550082, -0.69252847,
        -1.59346009],
       [-0.34455113,  1.75647044, -0.40045499, -1.27821215, -1.60251649,
        -1.88489592],
       [-1.00283511, -2.34524169,  1.27042591, -0.39406088, -1.87866128,
         0.71131197]]), array([[ 1.75870232, -2.16551879],
       [-1.42852805, -0.14241525],
       [-0.53456551, -1.69543172],
       [ 2.15502184,  0.69809628],
       [-2.35169257,  1.94078019],
       [-0.42603409,  2.22458525]])], [array([ 1.03666187,  1.80982915, -2.19206324,  1.38155838,  1.10888972,
        2.43067165]), array([-0.90475247, -2.30935481])]]]
[150, 15, -1, -1, 0, [[array([[-0.555258  , -1.14460288,  0.5505185 ,  2.17202905, -1.49985381,
        -1.85443067],
       [-0.03308459, -1.80638549,  1.85910654,  0.23045717, -0.43394458,
        -0.43134808],
       [ 2.4043059 ,  1.08693091, -1.3270965 , -0.22834395,  0.99361161,
         1.29082488],
       [-0.19982305,  0.09845353, -0.27263721,  2.37095709,  1.50393308,
        -1.95025958],
       [-0.28476812, -1.2057907 , -1.80239232, -0.8809797 , -0.11856622,
        -0.6567259 ],
       [ 1.52913488, -1.40703582,  0.08533979,  0.69899199, -2.17403393,
        -0.74218815]]), array([[ 2.03870743, -0.46478943],
       [ 2.04844573,  2.20591748],
       [-0.18760942,  1.14066444],
       [-2.23408505, -1.25084588],
       [-0.70100165,  0.41838262],
       [ 0.59836394,  0.31058079]])], [array([-2.38484565, -1.98111807, -0.7812877 , -2.21594975, -1.88901708,
        0.19653958]), array([-0.41025928, -1.52258824])]]]
[150, 18, -1, -1, 1, [[array([[ 2.19082711,  1.61490279, -0.45797634, -1.58027213, -0.24698425,
        -0.36181942],
       [ 0.13324861, -2.02654249,  0.22050789, -0.87381085, -1.62005943,
         0.19508138],
       [-2.08604948, -1.84361189, -1.84088977, -0.07605256, -1.34872329,
         1.01970524],
       [ 1.6458339 , -0.5661578 ,  1.95405158,  0.57405833, -1.24559678,
        -0.01562777],
       [ 2.3247802 ,  1.95328262, -2.33512658, -1.06718792, -1.36100772,
        -2.43296441],
       [-0.70105543,  0.44349469,  0.2400791 , -2.0308281 ,  0.14526219,
         0.45909778]]), array([[-0.38841663,  1.0015662 ],
       [ 1.69013145,  0.57541351],
       [ 0.61520117, -1.9237074 ],
       [-0.11155362, -1.08542339],
       [ 0.82131346, -0.11512704],
       [-1.40992384,  1.18714043]])], [array([ 0.31004005,  0.35003955, -1.55878681,  2.16237443,  0.04557531,
        0.80694636]), array([ 0.83344835, -1.16673155])]]]
[150, 3, -1, -1, 0, [[array([[ 0.09977825, -0.1931956 , -1.56412388,  0.62063207,  1.40619404,
        -1.04241652],
       [ 1.69030337,  0.10262902,  0.20691121,  0.41568471,  1.59024864,
        -0.07893412],
       [ 0.139855  ,  1.87577324,  0.6142298 ,  2.12756011, -1.52680255,
        -1.10743928],
       [ 2.38990952, -0.34012928, -1.97307879, -1.52783276,  2.33908703,
        -0.38072199],
       [-1.93111706, -1.58313152, -0.33065565,  0.15567883,  0.14707364,
         1.32877062],
       [-0.48977883, -0.57450902, -1.80450628, -0.12368001, -0.60442113,
        -0.08611723]]), array([[-0.85259575, -1.69737559],
       [-0.60163717,  1.76248731],
       [ 0.61238077,  0.39857709],
       [ 2.26240361, -0.56411105],
       [-0.10789602,  1.02809455],
       [ 1.29615973,  0.9187799 ]])], [array([-0.16717608, -2.41242463, -0.88553018,  0.95293045, -2.37615171,
        1.22026083]), array([ 2.23177785, -0.23447427])]]]
[150, 2, -1, -1, 1, [[array([[ 2.1520751 ,  1.22400972,  2.0399311 ,  0.20670553,  0.84834992,
        -0.34674932],
       [-1.48592781, -1.47621525,  1.5167369 , -1.38111198, -1.82281301,
        -0.40976551],
       [ 1.76460431, -0.56129447,  2.21818903,  0.47720072, -1.72587427,
        -0.07977218],
       [-1.13485509,  0.56824734,  1.76273029, -0.57884066, -1.21922927,
         0.77380185],
       [ 1.02552391, -2.30159319,  0.07093738, -1.07221567, -2.33198796,
        -1.10413411],
       [ 2.20714912, -1.49162106, -1.26852558, -1.12052668, -0.44282337,
        -0.09502158]]), array([[-0.57530798,  1.77094969],
       [ 1.10448881, -0.23076609],
       [ 1.04246196,  0.21928606],
       [-1.60872263, -1.22070743],
       [-1.96271934, -0.28904204],
       [-0.59745343, -1.72722976]])], [array([ 1.50886659, -2.27094658, -2.15658541,  1.99246294,  0.64949614,
        1.28567908]), array([ 0.4975524 , -0.61929362])]]]
[150, 21, -1, -1, 0, [[array([[-2.14781984,  1.06702692,  0.60677781, -2.44760565, -0.3404275 ,
        -2.04528695],
       [ 1.96740961,  1.19499241, -0.61805349,  0.11937671, -0.74922752,
        -1.49082722],
       [ 2.43608482, -1.26789454,  1.7208337 ,  1.85107283,  0.68604274,
         1.84926982],
       [-1.09538686,  0.91740095, -0.8478395 ,  0.88789161, -1.98378353,
        -0.94344765],
       [-0.52685357, -1.27674128,  0.80931191,  1.8229675 ,  0.27580032,
         2.40392154],
       [ 1.60572661, -1.88654124, -2.02047155,  0.04162821, -1.213591  ,
         2.17044132]]), array([[ 0.72678082, -0.20761542],
       [ 2.24247638,  2.05446458],
       [-0.18535789,  0.54145793],
       [-0.14136862,  1.56637284],
       [-2.2866093 ,  1.35862101],
       [ 2.18165857, -0.58662501]])], [array([-1.31673589,  2.30940361, -0.95227709,  1.2685674 , -2.17222841,
       -1.62261261]), array([ 1.39339176, -1.0712967 ])]]]
[150, 1, -1, -1, 1, [[array([[-0.45360884, -0.21328322,  2.23505249,  2.44910244,  0.78340348,
         2.23326999],
       [ 0.82414516, -2.27325952, -2.2902397 , -0.60017036,  2.23885204,
        -1.07689225],
       [-1.55873941,  0.19493173, -1.59152522,  2.25658139,  2.17522868,
        -2.29148258],
       [-1.88539655,  1.55251575, -1.98837557, -0.10955375, -0.04622431,
        -0.7930092 ],
       [-1.64836563, -0.90190463, -0.61943545,  1.5309952 , -1.46413401,
         1.71969995],
       [-1.80668957,  1.82624352,  1.35987284, -1.28608215, -0.61935369,
         2.34827697]]), array([[-1.12870902, -2.34557813],
       [ 2.13828089,  1.21623041],
       [-1.98075433, -1.04890967],
       [ 1.11073949,  1.78478713],
       [ 1.19742636, -1.49990676],
       [ 0.44619476,  2.21755298]])], [array([ 1.43582796,  2.42431764, -2.10427444,  0.29359313, -1.60188199,
       -0.51637346]), array([-1.90296126, -0.78572688])]]]
[150, 11, -1, -1, 0, [[array([[-0.1668738 , -0.76580355,  2.05740349,  1.7654515 , -1.06930589,
        -0.4165643 ],
       [-1.41132002, -1.98947532,  1.59814006,  0.25056292,  2.12000982,
         0.7708445 ],
       [-1.9026582 ,  2.30091624, -0.53615256, -0.43121762, -0.15241994,
         2.0128969 ],
       [-0.6388753 ,  2.14849911,  0.86588992, -0.4070353 ,  2.37744671,
         0.65152798],
       [-2.1797653 , -2.42676377, -1.43427934,  1.75679692, -0.00962483,
         2.37339324],
       [-1.36806943, -1.62453195,  1.76656676,  0.14333692, -0.76368893,
         2.41013792]]), array([[ 1.15686929, -0.89871422],
       [ 2.42661441, -0.24951118],
       [-0.52931811,  0.7531148 ],
       [ 0.71866998,  0.09590615],
       [-2.19944665,  1.01499235],
       [-2.01089163,  1.72927338]])], [array([-1.25880689,  0.17057948, -2.36631411, -0.74430311,  0.37335194,
       -0.46171982]), array([-1.51780447,  1.28922596])]]]
[23000, 20, 'birth', 11, 7, 0, [[array([[-0.1668738 , -0.76580355,  2.05740349,  2.16721446, -1.06930589,
         0.67905867],
       [-2.44948974, -1.98947532, -1.90546947,  0.70839972, -2.44948974,
         1.52528354],
       [ 0.05815425,  2.06015767, -0.46409261,  2.44948974,  2.34785823,
        -0.93634635],
       [-1.28404205, -1.86338304, -0.00268232,  2.40400939, -0.85979929,
         0.37576895],
       [-2.44948974, -1.41539675, -0.75983177,  0.96656098,  1.1437488 ,
         1.93955372],
       [ 1.90121341,  0.29376027,  2.44134075, -2.44888048, -2.22268278,
        -1.1843172 ]]), array([[ 1.41421356, -1.41421356],
       [ 0.64814191, -1.41421356],
       [ 1.41421356,  1.30199664],
       [ 1.41421356, -1.41421356],
       [ 0.3680692 , -0.47190285],
       [ 1.41421356, -0.67025642]])], [array([ 2.44948974, -2.44948974,  0.2172151 ,  0.17434064,  0.07813529,
       -1.18645125]), array([ 1.41421356, -0.95674959])]]]
[91000, 19, 'birth', 11, 18, 0, [[array([[ 2.44948974e+00, -7.65803548e-01,  2.05740349e+00,
         1.76545150e+00,  1.46397105e-03, -3.61819420e-01],
       [-7.05392686e-01, -2.02654249e+00,  2.20507888e-01,
        -8.73810849e-01, -1.62005943e+00, -1.22063835e+00],
       [-2.08604948e+00, -1.84361189e+00, -1.84088977e+00,
        -1.87512659e+00, -1.34872329e+00,  1.01970524e+00],
       [ 1.64583390e+00, -4.65268481e-01,  1.95405158e+00,
         5.74058329e-01, -1.24559678e+00, -1.56277728e-02],
       [ 2.32478020e+00,  1.95328262e+00, -2.33512658e+00,
        -1.24794217e+00, -1.36100772e+00,  1.76486311e+00],
       [-7.01055431e-01,  4.43494689e-01,  2.40079100e-01,
        -2.03082810e+00,  2.44948974e+00,  4.59097776e-01]]), array([[-0.38841663,  1.0015662 ],
       [ 1.41421356,  0.55944578],
       [ 0.61520117, -1.41421356],
       [-0.11155362, -0.4082875 ],
       [ 0.82131346, -1.41421356],
       [-1.40992384,  1.18714043]])], [array([ 0.31004005,  0.35003955, -1.55878681,  2.16237443,  0.04557531,
        0.80694636]), array([ 0.83344835, -1.41421356])]]]
[232852, 24, 'birth', 20, 2, 1, [[array([[-0.1668738 , -0.76580355,  2.05740349, -1.2551084 , -1.06930589,
         0.67905867],
       [-2.44948974, -1.98947532, -1.90546947,  0.70839972, -2.44948974,
         1.52528354],
       [ 0.05815425,  2.06015767, -0.46409261,  2.44948974,  2.34785823,
        -0.93634635],
       [-1.28404205, -1.86338304, -0.00268232,  2.40400939, -0.85979929,
         0.37576895],
       [-2.44948974, -0.50373376,  0.07093738, -1.07221567, -2.33198796,
        -1.10413411],
       [ 2.20714912, -1.49162106, -1.26852558, -1.12052668, -0.44282337,
         1.3356922 ]]), array([[-0.57530798,  1.41421356],
       [ 1.41421356, -0.23076609],
       [ 1.04246196,  0.21928606],
       [-1.41421356, -1.22070743],
       [-1.41421356,  1.41421356],
       [-0.59745343, -1.41421356]])], [array([ 1.50886659, -2.27094658, -2.15658541,  2.44948974,  0.74142165,
        1.28567908]), array([ 0.4975524 , -0.61929362])]]]
[515655, 4, 'birth', 20, 23, 0, [[array([[-0.1668738 ,  2.41680957,  2.05740349,  2.16721446, -1.06930589,
         0.67905867],
       [-2.44948974, -1.98947532, -1.90546947,  0.70839972, -2.44948974,
         1.52528354],
       [ 0.05815425,  2.06015767, -0.46409261,  2.44948974,  1.34353948,
        -0.93634635],
       [-1.28404205, -1.86338304, -0.00268232,  2.40400939, -0.85979929,
         0.37576895],
       [-2.44948974, -1.41539675, -0.75983177,  0.96656098,  1.1437488 ,
         1.93955372],
       [ 1.90121341,  0.29376027,  2.14381498, -2.44888048, -2.22268278,
        -2.44948974]]), array([[ 1.41421356, -1.41421356],
       [ 1.41421356, -1.41421356],
       [-0.30798378,  1.30199664],
       [ 1.41421356, -1.41421356],
       [ 0.3680692 ,  1.41421356],
       [ 0.07600085, -0.27873512]])], [array([ 1.89584114, -2.43351396,  0.2172151 , -1.4982544 ,  0.07813529,
        0.70692658]), array([ 1.22523565, -1.41421356])]]]
[610956, 6, 'death']
[611106, 23, 'death']
[611256, 0, 'death']
[611406, 22, 'death']
[611556, 10, 'death']
[611706, 7, 'death']
[611856, 16, 'death']
[612006, 13, 'death']
[612156, 15, 'death']
[612306, 18, 'death']
[612456, 3, 'death']
[612606, 2, 'death']
[612756, 21, 'death']
[612906, 1, 'death']
[613056, 11, 'death']
[619056, 20, 'death']
[632856, 19, 'death']
[651956, 24, 'death']
[652156, 4, 'death']
[652156, 'Extinction!']
