[time, indiv, parent1, parent2, gender, brain]
[150, 7, -1, -1, 0, [[array([[ 2.41971733,  2.27508538, -2.13248033,  0.20388269,  0.13151304,
        -1.48226284],
       [-1.52519522, -0.40951577,  1.86772511,  1.18254341,  1.39146183,
         0.0401374 ],
       [ 1.83130734,  1.30072156, -0.11138252, -2.41966104,  1.17621237,
         0.47952204],
       [ 1.58851695,  0.64416692, -0.28150482,  0.04347679,  0.35943537,
         0.08684995],
       [ 1.54994214,  0.29588812, -1.70375504, -2.01801916, -0.7689025 ,
         0.76582626],
       [ 0.29201852, -2.39064327, -1.38945781, -1.21928859, -0.69385437,
        -0.41551208]]), array([[-2.09050911,  1.27027541],
       [ 1.70541472, -0.17074709],
       [-1.75485534,  1.20926066],
       [-0.8599791 ,  1.0919186 ],
       [ 1.28400271,  2.38433827],
       [-0.03814197,  0.2560649 ]])], [array([ 1.11690479,  1.44708935,  0.77425894, -2.14362348, -2.25874209,
        0.49222922]), array([-1.12148928,  1.37681819])]]]
[150, 23, -1, -1, 1, [[array([[-0.09360895, -0.22696583, -1.0248294 , -1.22312742, -1.81443358,
         0.19580494],
       [ 1.56614616, -1.31908416,  0.51420862,  0.4639732 ,  0.51922984,
        -1.459691  ],
       [ 1.43615819, -1.11732049,  2.31513031,  0.29485424, -1.74092609,
        -1.48668522],
       [-1.69520621, -2.43279462, -2.35555401,  0.0910809 ,  1.09634713,
        -1.78086785],
       [ 0.15444899, -1.70355627,  1.11005403, -0.83981107, -2.27711255,
         0.07513479],
       [ 0.78547579, -2.32869218,  0.57575034, -0.97321143,  0.05867405,
         0.80839299]]), array([[ 0.47996961,  1.60212139],
       [-1.65349959,  1.14071147],
       [-2.14544225, -0.0342823 ],
       [ 1.75629201, -1.42618054],
       [-1.0993133 ,  1.62257901],
       [ 2.25823618, -1.98584366]])], [array([-0.66906906, -2.0523893 , -1.69892472,  1.16823412, -1.88169483,
        1.8153553 ]), array([-0.96472959, -1.72477922])]]]
[150, 12, -1, -1, 0, [[array([[-2.10606017, -1.80156851, -0.23272745,  1.53467062,  1.41752946,
         1.20593972],
       [ 2.26512082,  2.4467963 ,  1.59442516,  1.15411053,  1.20051695,
         1.36586894],
       [-1.08650076, -1.1576377 ,  0.50363702, -2.21449006, -2.2032181 ,
         1.16690782],
       [ 2.42185783,  1.13640132, -0.68310315, -2.18375982, -0.84389353,
         2.33301708],
       [ 0.84780542,  1.34136541, -0.40140183, -1.76550233,  1.90490136,
        -1.1523116 ],
       [-1.52834469, -1.71456669, -0.84511128, -1.30806214, -0.33566127,
         0.79515977]]), array([[-0.47656336,  1.09526584],
       [ 0.39355224,  0.84578676],
       [ 2.42140465, -1.06176808],
       [-1.01747807,  2.25494305],
       [-0.23141284,  1.30898238],
       [ 0.77950802,  0.2372022 ]])], [array([ 1.4241038 , -0.20627014,  1.5962437 ,  1.52934292,  0.73346844,
        1.26145472]), array([-1.97003269, -1.88285372])]]]
[150, 3, -1, -1, 1, [[array([[ 0.35818853, -1.06062766,  1.43302019, -1.99802295,  0.87320312,
         2.25170091],
       [-0.35658776,  2.19679871,  1.28571864, -0.07226919,  2.21874455,
        -1.68657165],
       [ 0.39407321,  0.87542605, -1.02252463, -2.01357706, -1.3338103 ,
         2.23746339],
       [ 1.46598821, -0.25065367,  0.5984816 ,  1.76179861,  0.2564074 ,
         1.92473186],
       [-2.38902661,  1.16945933, -0.72919783, -1.6240584 , -0.87877014,
        -0.47446164],
       [-1.75898136,  1.03232851, -0.84384689,  2.39582326, -1.3979956 ,
         0.30005545]]), array([[-1.14265553,  1.39142213],
       [-0.22298588, -1.00833065],
       [-1.34021846,  0.69488222],
       [ 0.84689092,  0.69227511],
       [ 1.81393957, -2.20203012],
       [-0.95543592, -0.47108934]])], [array([ 0.67483643, -2.30111276,  1.01167284, -1.84122521, -1.33824775,
       -1.07672218]), array([ 1.33601104, -0.31288222])]]]
[150, 16, -1, -1, 0, [[array([[ 1.15490584, -2.36263188, -1.58180471,  1.1133881 , -0.51822273,
         0.55666313],
       [-1.04153665, -1.70402524, -0.21680906, -1.40915996,  1.17899136,
        -1.99822091],
       [ 1.66620537,  1.55936344, -0.23659   ,  2.20441229,  1.18179896,
         0.08411631],
       [ 1.9825687 , -0.91336581,  2.32718744, -0.5427851 ,  2.2952561 ,
         1.64032513],
       [-1.35337941,  1.37560293,  0.31148608,  0.02415541,  0.81416816,
        -0.89245134],
       [-1.44342017, -0.55900865, -2.17313473, -0.11005536,  1.62917846,
        -2.24656891]]), array([[-0.98265143,  1.88236524],
       [ 0.62255214, -1.91347491],
       [ 0.47150676, -0.3174901 ],
       [-0.35036768, -1.2361834 ],
       [-1.65010644, -0.06205218],
       [-0.44221404,  1.78587426]])], [array([-1.884991  , -1.98810254, -0.42866645,  0.94147827, -0.7462742 ,
        1.99293804]), array([ 1.46540441, -0.9261206 ])]]]
[150, 24, -1, -1, 1, [[array([[-2.33848376e-01,  9.46659355e-01,  1.99289482e+00,
         2.02495753e+00,  1.97084406e-01,  3.01953373e-01],
       [-1.08384273e-01, -1.47819550e-01, -1.07333868e+00,
        -7.00142362e-01,  2.95797383e-01,  1.81054653e+00],
       [-1.52105186e+00, -8.10168426e-01, -2.10645976e+00,
         1.28096475e+00,  1.93670579e+00, -8.62852143e-01],
       [ 1.74715065e+00, -2.40512725e+00, -6.86694710e-01,
         1.20867721e-03, -9.05060979e-01,  7.40686880e-01],
       [ 1.63469395e+00,  6.65389276e-01,  1.37004934e+00,
        -1.77929373e+00,  2.14119820e+00, -3.74092832e-01],
       [-2.43177177e+00, -1.91425832e+00,  6.05668753e-01,
        -1.25750218e+00, -4.26588333e-01,  1.14509728e-01]]), array([[-1.91319806, -2.1196909 ],
       [ 1.11131915,  0.32089928],
       [-0.39621215,  0.13661149],
       [ 0.80213561, -0.74736448],
       [-0.56368998, -0.68871699],
       [ 1.73164273, -1.08742842]])], [array([-2.32393898,  1.11688436,  1.1451208 , -0.15073203,  0.58339369,
       -1.77550193]), array([-2.18577209, -1.78583861])]]]
[150, 17, -1, -1, 0, [[array([[-0.21916209, -0.86442788, -1.65681211,  2.03232407, -2.07195538,
        -2.1601275 ],
       [-1.92723244, -1.98926198, -2.38429822, -0.65962922, -1.85589359,
        -2.19065243],
       [ 0.3212457 , -1.43115652,  1.39059824,  2.07266793,  1.61286435,
        -2.40133722],
       [-2.35925488, -1.76820841, -1.45575286, -1.30875466,  0.32352089,
         2.36989502],
       [-0.56073047, -2.38187919, -0.87128388,  0.11054454,  1.47000301,
        -1.40995457],
       [ 1.49576638,  2.13554993, -0.53200895,  1.79741442,  1.72843332,
        -1.60142939]]), array([[-1.67472319,  1.54121353],
       [-2.25571098,  1.87765644],
       [-0.42234697, -1.15593641],
       [-0.69452722, -2.17426539],
       [-1.90692238, -1.42047345],
       [-0.55896905,  1.47137876]])], [array([-1.37289406,  0.64416196, -0.54710653,  1.56249641,  1.08738677,
        0.1989407 ]), array([-2.26957845,  1.21093416])]]]
[150, 9, -1, -1, 1, [[array([[ 0.67223212, -0.19231787, -1.0314776 , -2.19547321,  2.43957058,
        -0.12636737],
       [ 0.36085648,  2.44097292, -1.38687385,  0.0742037 , -1.38924671,
        -0.18875419],
       [ 1.37802732, -2.19466914,  1.34089027,  1.93587574, -0.64703099,
        -2.11090054],
       [ 0.40976287, -0.44938041,  1.9535888 , -0.59753805,  2.3639993 ,
         0.71927202],
       [ 2.42663909, -0.65495148, -0.34814506,  0.23199172,  2.11260043,
         2.3582113 ],
       [ 1.79609343, -0.15052145,  1.80226197,  0.14704769, -0.39526934,
         2.34834997]]), array([[-1.0391552 ,  1.59223645],
       [ 1.84343567, -2.23460606],
       [ 2.34342976, -0.49638277],
       [-0.08089216,  0.74966548],
       [-0.8265531 , -0.62118764],
       [ 2.09159851,  0.70919253]])], [array([-2.12887025, -1.75084251, -0.25516517, -0.90598093,  1.90722072,
        1.48393179]), array([-0.84620203, -1.83017159])]]]
[150, 10, -1, -1, 0, [[array([[-1.7279596 , -1.59894224,  0.98270376,  0.14618445, -1.19092135,
         0.22714538],
       [-0.92743411, -0.98425106,  0.57565414, -2.33025242,  2.20981919,
         2.43426171],
       [-0.13086667, -2.06712844,  0.66756862,  1.7347398 , -2.0882057 ,
         0.74285408],
       [-1.37465213,  2.19327415, -0.00893935,  1.589162  ,  1.13360384,
        -1.56317933],
       [-0.24259985, -0.26808304,  2.23838859, -0.50249623,  1.54628538,
         0.02652514],
       [-2.42007302,  1.57626962, -1.2131516 , -1.50979766, -0.96212647,
         0.599098  ]]), array([[-0.51951469, -0.25709754],
       [ 2.24914265,  2.16285334],
       [ 2.26380537, -1.53767461],
       [ 1.57488296, -0.84282883],
       [-1.23787675,  1.27919834],
       [ 0.11005775, -2.0186144 ]])], [array([-1.67835523, -0.13109473, -1.76077588, -1.07716948,  1.53016006,
        1.05040837]), array([ 2.25263996, -1.74945661])]]]
[150, 0, -1, -1, 1, [[array([[ 0.86223666, -2.33103208, -0.26312781,  2.04969622,  0.21617951,
         2.03010041],
       [-1.38556551, -1.10232808, -0.3094411 ,  0.06281466,  2.03478317,
        -2.23056027],
       [-1.02488308, -0.15751255,  0.36729226, -1.11747358, -0.16197333,
        -0.37376272],
       [-1.03368351,  0.43065832,  0.80895412, -2.06640573,  0.2006466 ,
        -1.25339415],
       [-0.16004223, -0.44329651, -0.06389966, -0.7683957 ,  1.09357984,
        -2.24406735],
       [-1.70504245,  0.59613116,  2.13448979, -0.42030898, -1.82279714,
        -1.59763169]]), array([[ 0.06368839,  1.03187988],
       [ 1.13602569, -1.91465483],
       [-0.46124952, -1.9080369 ],
       [ 1.45954144,  1.26511396],
       [ 1.63477935, -0.76361035],
       [-1.85731203, -2.31713968]])], [array([-0.77900502, -2.31891545,  2.15714081,  0.46951338,  0.86612924,
        1.74808029]), array([-0.1240116 , -2.24539403])]]]
[150, 13, -1, -1, 0, [[array([[ 1.74713995, -1.30503335,  1.95382923,  0.50768119,  0.58394097,
         2.25102343],
       [ 0.43103767,  1.95110561,  1.17644215, -0.78372646,  1.90015317,
         0.65962876],
       [ 0.55418981,  1.84248683,  1.695277  ,  0.70196611, -0.39317112,
         1.41428032],
       [-0.11175748,  2.04271297, -1.08921903, -1.67439657, -0.57547028,
        -1.23350046],
       [ 2.15523398, -1.23187275,  0.47377399, -1.71983785, -2.05232087,
        -2.06646759],
       [-2.39056366, -2.07638392, -1.83984006,  1.70635143, -0.30000774,
         1.93960386]]), array([[ 0.99187839, -1.61561453],
       [-1.24878922,  2.12198304],
       [-0.89795949,  1.31145203],
       [ 1.68528565, -0.72437789],
       [ 1.51721758,  2.17370523],
       [ 2.04718883,  0.6250656 ]])], [array([ 1.5607431 ,  1.67338054, -2.44000325, -2.38491519,  1.88052306,
       -0.92960917]), array([0.39242832, 2.14314326])]]]
[150, 22, -1, -1, 1, [[array([[ 0.58025445, -1.23206742, -1.4237739 ,  1.47855103,  0.74057491,
         1.4617616 ],
       [ 2.10222536, -1.68452069, -0.6510955 , -1.95093798,  1.09140859,
        -1.00511898],
       [ 0.03274097,  2.01657665, -1.272061  , -1.43731033, -0.693247  ,
         1.51659688],
       [ 2.40333068, -0.21509958,  1.68312863, -0.22757705,  1.97281958,
         1.92846141],
       [-1.50616354,  2.22174355, -0.306192  , -0.05354538, -1.05482804,
         0.8904192 ],
       [ 0.42647092, -0.73422292,  1.34054733,  1.90865356, -2.15970652,
         2.11578743]]), array([[-0.3635852 , -0.32552575],
       [-0.78604504,  0.10976992],
       [ 1.28161096,  0.54828964],
       [-0.47215154,  1.37905217],
       [ 0.68436737, -1.76815348],
       [-0.42734341, -2.11958017]])], [array([-1.91385136,  1.1751798 , -2.32806997, -0.72114542, -2.34423859,
        1.26985966]), array([ 1.49255326, -0.70739074])]]]
[150, 8, -1, -1, 0, [[array([[ 1.68049922,  2.37391158,  1.50092981, -1.29862276, -2.38646841,
        -1.48163658],
       [ 0.36840767, -0.65426435, -0.02844952,  2.33283375, -1.87321982,
         1.78793382],
       [ 2.1641321 , -0.30785265, -0.3201598 , -2.03667261, -0.82632263,
        -1.6292764 ],
       [ 1.87639388, -1.10709883, -1.94700476, -2.02365018,  0.71518684,
         0.27005504],
       [-0.36756024, -1.32908922, -0.04648793,  1.04927689, -0.4042264 ,
        -1.81750622],
       [-0.06803832, -1.74597465,  1.72058759, -2.16171954, -0.79217399,
         0.09742819]]), array([[ 2.16220055,  0.3443048 ],
       [-2.31398842,  1.62603978],
       [ 0.59345231, -1.82963823],
       [ 0.76231577,  2.1093772 ],
       [-0.17082328,  1.67087805],
       [-1.6677097 , -1.12881359]])], [array([ 0.58353472, -1.31131963, -0.09276749, -0.82794584,  0.98509796,
       -0.25522513]), array([0.30450633, 1.50131893])]]]
[150, 11, -1, -1, 1, [[array([[-0.59776553,  1.27823752,  2.23020494,  1.73984392, -1.04440426,
        -2.10005391],
       [ 1.03036064,  0.55342252,  1.56834827,  0.460934  , -0.14216195,
        -2.25099473],
       [ 1.32975986,  2.06979798,  1.18936102,  0.66270136,  2.04080738,
        -1.10394739],
       [-1.64740353,  1.94962019,  2.27267432,  1.72689963, -0.06248748,
        -0.6759938 ],
       [ 1.84801615,  0.82060557,  1.59802467, -2.3246556 , -0.31895826,
         0.58857864],
       [ 1.08049211,  0.86034848, -2.21803651, -0.62606762,  0.66118363,
         0.47005692]]), array([[-2.30156104,  0.42160785],
       [ 1.92576424, -0.8141906 ],
       [-2.05292183, -1.63531153],
       [ 2.31112312,  1.01083282],
       [-1.16887217,  0.23495545],
       [-0.95792212,  2.038627  ]])], [array([-0.13435922, -1.14068937,  1.96361685,  1.35595915, -0.84502288,
        1.88050635]), array([-1.41695122,  1.07133891])]]]
[150, 4, -1, -1, 0, [[array([[-1.81174744, -1.11033655,  1.27898267, -2.27540604, -1.63054589,
         1.24550695],
       [-2.05589186,  1.69944985,  0.84627856,  1.0778471 ,  1.79010951,
         0.39146493],
       [ 0.08817212,  0.72863031,  1.54884303, -1.34074293, -0.99230733,
         1.43771825],
       [-2.38507149, -1.01294115, -1.90045085,  1.87291149,  0.78350157,
        -2.05202451],
       [ 2.30337331, -2.17474493,  1.50875012,  1.50781824, -1.66156333,
         1.8701931 ],
       [ 2.36894653, -0.77001149,  1.69368544, -0.42083237, -1.28812085,
         2.03019986]]), array([[-2.13601995, -2.44867501],
       [ 1.38222336, -0.02833201],
       [-1.84618978, -0.44247834],
       [-2.04104211, -1.09614785],
       [ 0.48234144,  1.67601786],
       [-0.32488207, -0.90813343]])], [array([ 0.87699786,  0.76001998, -1.88644923, -0.71154891, -1.61691847,
        2.05346262]), array([-0.61963863,  2.36891364])]]]
[84950, 2, 'birth', 7, 11, 1, [[array([[ 2.41971733,  2.27508538, -2.13248033,  0.20388269,  0.13151304,
        -1.48226284],
       [-1.52519522, -0.40951577,  1.86772511,  1.18254341,  1.39146183,
         0.0401374 ],
       [ 1.83130734,  0.38865639,  1.47633637, -2.41966104,  1.17621237,
         0.47952204],
       [ 1.58851695,  0.64416692, -1.77718931,  0.56753088,  0.35943537,
         0.08684995],
       [ 0.39333104,  0.29588812, -1.70375504, -2.01801916, -0.7689025 ,
         0.76582626],
       [ 0.29201852, -2.39064327, -1.38945781, -1.21928859, -0.69385437,
        -0.41551208]]), array([[-1.41421356,  1.27027541],
       [ 1.41421356, -0.17074709],
       [-1.41421356, -1.41421356],
       [ 1.21407843,  1.01083282],
       [-1.16887217,  0.23495545],
       [-0.95792212,  1.41421356]])], [array([ 0.6426906 , -1.14068937,  1.96361685,  1.35595915, -0.84502288,
        1.88050635]), array([-1.41421356, -1.41421356])]]]
[143901, 19, 'birth', 7, 22, 1, [[array([[ 2.41971733,  2.44948974, -2.44948974,  0.20388269,  0.13151304,
         0.17864901],
       [-1.52519522, -0.40951577,  1.86772511,  1.18254341,  1.39146183,
         1.98279217],
       [-1.36747744,  1.30072156, -0.11138252, -2.41966104, -2.44948974,
         0.47952204],
       [ 1.58851695,  0.64416692, -0.28150482,  0.04347679,  0.80754562,
         0.08684995],
       [-1.09757635,  0.29588812, -1.70375504, -2.01801916, -0.7689025 ,
         0.76582626],
       [ 0.29201852, -2.39064327,  1.56334088, -1.21928859, -2.44948974,
        -0.41551208]]), array([[-1.41421356,  1.27027541],
       [ 1.41421356, -0.17074709],
       [-1.41421356,  1.20926066],
       [-0.8599791 ,  1.0919186 ],
       [ 1.28400271,  1.41421356],
       [-0.03814197,  0.2560649 ]])], [array([-1.91385136,  1.1751798 , -2.32806997, -0.30241609, -2.34423859,
        1.26985966]), array([ 1.41421356, -0.70739074])]]]
[175351, 14, 'birth', 10, 2, 0, [[array([[-1.7279596 , -1.59894224,  0.98270376,  0.14618445, -1.19092135,
         0.22714538],
       [-0.92743411, -0.98425106,  0.57565414, -2.33025242,  2.20981919,
         2.43426171],
       [-0.13086667, -2.06712844, -2.44948974,  1.7347398 , -2.44948974,
         0.74285408],
       [-1.37465213,  2.44948974, -0.00893935,  2.44948974,  1.13360384,
        -1.56317933],
       [-0.24259985, -0.26808304,  2.23838859, -0.50249623,  0.36991173,
         0.02652514],
       [-2.42007302,  1.57626962, -1.2131516 , -1.21928859, -0.69385437,
        -0.41551208]]), array([[-1.41421356,  1.27027541],
       [ 1.41421356, -0.52014146],
       [-0.54073014, -1.41421356],
       [ 1.21407843,  1.01083282],
       [-1.16887217,  0.23495545],
       [-0.95792212,  1.41421356]])], [array([ 0.6426906 , -1.14068937,  1.96361685,  1.35595915, -0.84502288,
        1.88050635]), array([-1.41421356, -1.41421356])]]]
[383203, 1, 'birth', 7, 19, 1, [[array([[ 0.84220187,  2.44948974, -2.44948974,  0.20388269,  0.13151304,
         0.17864901],
       [-1.52519522, -0.40951577,  2.44948974,  2.44948974,  2.44948974,
         1.98279217],
       [-1.36747744,  1.30072156, -0.11138252, -2.41966104, -2.44948974,
         0.47952204],
       [ 1.58851695,  0.64416692, -0.28150482, -0.40789719,  0.80754562,
         0.08684995],
       [-2.44948974,  0.29588812, -1.70375504, -2.44948974, -0.7689025 ,
         0.76582626],
       [ 0.29201852, -2.39064327,  1.56334088, -1.21928859, -2.44948974,
        -0.41551208]]), array([[-1.41421356,  0.61868675],
       [ 1.41421356, -0.17074709],
       [-1.41421356,  1.20926066],
       [-0.8599791 ,  1.0919186 ],
       [ 1.28400271,  1.41421356],
       [-0.03814197,  0.2560649 ]])], [array([-1.91385136,  1.1751798 , -2.32806997, -0.30241609, -2.44948974,
        1.26985966]), array([ 1.41421356, -0.70739074])]]]
[409454, 15, 'birth', 17, 0, 0, [[array([[-0.21916209, -0.86442788, -0.6067136 ,  2.03232407, -2.07195538,
        -2.1601275 ],
       [-1.92723244, -1.98926198, -2.38429822,  0.17829295, -1.85589359,
        -2.19065243],
       [ 0.3212457 , -1.43115652,  2.44948974,  2.07266793,  1.61286435,
        -2.40133722],
       [-2.35925488, -1.26021559,  0.80895412, -2.06640573,  0.2006466 ,
        -1.25339415],
       [-0.16004223, -0.44329651, -0.06389966, -0.7683957 ,  1.09357984,
        -2.24406735],
       [-1.70504245,  0.59613116,  2.13448979, -0.42030898, -2.12498595,
        -1.59763169]]), array([[ 1.41421356,  1.03187988],
       [ 1.13602569, -1.41421356],
       [-0.12419791, -1.41421356],
       [ 1.41421356,  1.26511396],
       [ 1.41421356, -1.41421356],
       [-1.41421356, -1.41421356]])], [array([-0.77900502, -2.31891545,  2.15714081,  0.46951338,  0.86612924,
        1.74808029]), array([-0.1240116 , -1.41421356])]]]
[520155, 5, 'birth', 15, 19, 0, [[array([[-0.21916209, -0.86442788, -0.6067136 ,  2.03232407, -2.07195538,
        -2.1601275 ],
       [-1.92723244, -1.79872782, -0.88064178,  0.17829295, -1.85589359,
        -2.19065243],
       [-1.36747744,  1.30072156, -1.95831948, -2.41966104, -1.87510701,
         2.44948974],
       [ 1.58851695,  0.64416692, -0.28150482,  0.04347679, -0.96733482,
         2.44948974],
       [-1.09757635,  0.29588812,  0.37229579, -2.01801916, -0.7689025 ,
         0.76582626],
       [ 0.29201852, -2.44948974,  1.56334088, -1.21928859, -2.44948974,
        -0.41551208]]), array([[-1.41421356,  1.27027541],
       [ 1.41421356, -0.17074709],
       [-1.41421356,  1.20926066],
       [-0.8599791 ,  1.0919186 ],
       [ 1.28400271,  1.41421356],
       [-0.03814197, -1.41421356]])], [array([-1.91385136,  1.1751798 , -2.32806997, -0.30241609, -2.44948974,
        1.26985966]), array([ 1.41421356, -0.70739074])]]]
[549155, 18, 'birth', 15, 23, 1, [[array([[-0.21916209,  1.3390947 , -0.6067136 ,  2.03232407, -2.44948974,
        -2.44948974],
       [-1.92723244, -1.98926198, -2.44948974,  0.17829295, -1.85589359,
        -2.19065243],
       [-1.27502931, -1.43115652,  2.44948974,  2.07266793,  1.61286435,
        -2.40133722],
       [-2.35925488, -1.05016676,  0.80895412, -2.06640573,  0.2006466 ,
        -1.25339415],
       [-0.16004223, -0.44329651, -0.06389966, -0.7683957 ,  1.09357984,
        -2.24406735],
       [-1.70504245,  0.55920113,  2.13448979, -0.42030898, -1.81507696,
        -1.59763169]]), array([[ 1.41421356,  1.03187988],
       [ 1.13602569, -1.41421356],
       [-0.12419791, -1.41421356],
       [ 1.41421356,  1.26511396],
       [ 1.41421356,  1.41421356],
       [ 1.41421356, -1.41421356]])], [array([-0.66906906, -2.0523893 , -1.69892472,  1.16823412,  0.25831767,
        2.44948974]), array([-0.96472959, -1.41421356])]]]
[610806, 6, 'birth', 4, 19, 1, [[array([[-1.81174744, -1.11033655,  1.27898267, -2.27540604, -1.63054589,
         1.24550695],
       [-2.44948974,  1.69944985,  0.84627856,  2.44948974,  1.79010951,
         0.39146493],
       [ 0.08817212,  0.72863031,  1.54884303, -1.34074293, -0.7934429 ,
         1.43771825],
       [-2.38507149, -1.01294115, -1.90045085,  1.87291149,  0.78350157,
        -2.05202451],
       [ 2.30337331, -2.17474493,  2.44948974,  1.50781824, -1.66156333,
         1.8701931 ],
       [ 2.36894653, -0.77001149,  1.69368544,  0.63675798, -1.28812085,
         1.19573045]]), array([[-1.41421356, -1.41421356],
       [ 1.38222336, -0.02833201],
       [-1.41421356, -0.44247834],
       [-1.41421356,  1.0919186 ],
       [ 1.28400271,  1.13024891],
       [-0.03814197, -1.41421356]])], [array([-2.44948974,  1.1751798 , -2.32806997, -0.30241609,  0.202058  ,
        1.26985966]), array([1.41421356, 1.41421356])]]]
[630956, 7, 'death']
[631106, 23, 'death']
[631256, 12, 'death']
[631406, 3, 'death']
[631556, 16, 'death']
[631706, 24, 'death']
[631856, 17, 'death']
[632006, 9, 'death']
[632156, 10, 'death']
[632306, 0, 'death']
[632456, 13, 'death']
[632606, 22, 'death']
[632756, 8, 'death']
[632906, 11, 'death']
[633056, 4, 'death']
[678456, 2, 'death']
[705057, 19, 'death']
[716657, 14, 'death']
[777307, 1, 'death']
[783307, 15, 'death']
[801558, 5, 'death']
[804858, 18, 'death']
[805058, 6, 'death']
[805058, 'Extinction!']
