[time, indiv, parent1, parent2, gender, brain]
[200, 1, -1, -1, 0, [[array([[-0.14468036,  0.96538352, -2.21423873,  0.71346934,  2.09615938,
        -1.96084558],
       [-0.61201426,  2.44247092,  1.91910296, -0.46962684, -1.2126672 ,
        -0.65356859],
       [ 1.53064186,  0.65615946, -1.23033656, -0.54736576,  2.21449646,
         1.25946873],
       [ 1.09913993,  0.93882439, -1.46607149,  1.71575168, -0.09918341,
        -1.30821766],
       [ 0.47428592, -2.25969476,  1.04465433,  0.12918261, -0.65733673,
         1.39702292],
       [-0.48767874, -0.15912127,  1.36636859, -1.92652897,  1.01050772,
         2.2347518 ]]), array([[-2.37187927, -0.06161823],
       [ 1.00858353,  0.38117743],
       [ 0.85954493,  0.82063083],
       [-2.37133558,  0.70016131],
       [-1.09776888, -0.33463911],
       [ 0.46819857, -0.41098445]])], [array([-0.98974794, -1.19706722,  0.76322023,  2.04459966, -1.70388944,
       -1.06406841]), array([ 0.11016273, -1.767109  ])]]]
[200, 9, -1, -1, 1, [[array([[ 0.26205225,  2.37406827,  0.49154055,  0.54623372, -0.8862295 ,
         2.13080543],
       [-1.0640431 ,  0.62399254, -2.0503834 , -0.53144393,  1.24581933,
         1.24599176],
       [ 0.524836  , -0.77634605,  2.29963493,  0.32121511, -2.1750734 ,
        -1.63789607],
       [ 0.00795921,  1.43237936, -0.17318717, -0.82096289,  2.3496136 ,
        -1.29370251],
       [ 0.77625333,  2.39484142,  0.71334369,  1.14995561,  1.47765995,
        -1.07666164],
       [-1.75320935,  1.27364362, -0.98928581,  0.57314964, -2.4226077 ,
         1.27947711]]), array([[-1.49772758,  1.60644147],
       [-0.81735787, -0.88816892],
       [-2.29457081,  1.06489671],
       [ 2.01954834,  1.83447159],
       [ 1.24923438, -0.32627527],
       [-0.5235646 , -1.60306259]])], [array([ 0.5789136 ,  0.79787896, -1.37083132, -1.91288913,  0.40527915,
       -2.28124194]), array([-2.13412668,  2.42657868])]]]
[200, 13, -1, -1, 0, [[array([[ 0.33201779,  2.32961508,  0.6567503 , -1.8270553 , -0.73976181,
         2.0594887 ],
       [ 1.40431656, -0.18123126,  1.50331879, -0.19702857,  1.43922433,
        -0.3546618 ],
       [-2.1922593 ,  1.47891995, -2.19376174, -2.03772204,  0.87984459,
         1.8030263 ],
       [-1.36086041,  0.37319692, -1.56763741,  1.43216308,  1.48029803,
        -1.46712715],
       [-0.43779589, -1.38099184,  2.01740783,  1.20029418,  1.25709142,
         0.48133555],
       [ 2.23886806,  1.49847084,  1.28130062, -0.425102  ,  2.40493734,
        -1.9495857 ]]), array([[-0.87684747,  2.31189111],
       [-2.33438169, -2.07328261],
       [-1.78666889, -0.67963989],
       [ 1.68248854, -0.30720364],
       [ 0.50302969,  1.80512324],
       [-1.65259317,  1.45838003]])], [array([-2.29766146, -0.895832  ,  1.5130246 , -2.15773909,  2.08328863,
        1.30383476]), array([ 1.85954029, -0.36486115])]]]
[200, 19, -1, -1, 1, [[array([[-1.07168863, -0.21554765,  1.12000134, -1.13278326, -1.67010527,
        -0.4662024 ],
       [-2.12512465,  1.43006246, -1.23443038, -1.40346984, -0.14946289,
        -1.86949463],
       [-0.5101858 , -1.49450021, -1.88274426, -2.35822582, -1.14891414,
        -2.18748249],
       [-0.87446447,  2.04601855,  1.4222028 , -0.80230391, -1.16775171,
        -1.95707062],
       [ 1.56152892,  0.68531708, -0.21681972,  1.3910318 ,  0.27706461,
        -0.90462246],
       [-1.02075236,  1.97240463, -1.68131588, -1.93524186,  1.06568123,
        -1.04752856]]), array([[-1.01538243, -1.41837689],
       [-0.53168369,  0.44939879],
       [-0.73347559, -0.46230957],
       [ 0.99639406, -0.7433235 ],
       [-1.84965416, -1.21898373],
       [ 0.82033616,  2.29823544]])], [array([-1.73723874, -1.00170087, -1.62757653,  1.3517108 ,  0.53993803,
        2.34035015]), array([1.26200247, 0.89664112])]]]
[200, 12, -1, -1, 0, [[array([[-1.01535247,  0.18999401, -1.46594555, -0.83179324,  1.56810914,
        -1.01902145],
       [ 0.30207846,  0.46152835,  1.68336697,  0.78025937,  1.32139123,
         1.43880809],
       [-1.86131087,  0.71604989,  0.45937483, -0.12617832,  1.64918548,
         0.35906874],
       [-1.38018137, -1.75626185, -0.04138593,  1.06423806, -1.75093881,
         1.04861009],
       [ 1.89027169,  1.28108016,  0.447235  ,  0.62020973,  0.20798259,
        -1.33797814],
       [-0.29787268,  0.47678462,  0.44561847, -0.93881108,  1.39794039,
         1.16635461]]), array([[-0.51626308,  0.5236935 ],
       [-0.78625948,  1.62685527],
       [-0.60525452, -1.12819505],
       [ 1.31291423,  1.07159721],
       [ 2.10319319, -2.30735376],
       [ 1.93604599,  0.69686631]])], [array([ 2.09367856,  0.23786074,  1.14926347, -2.1923974 , -1.94270434,
       -0.64451582]), array([-2.25992812, -2.12742501])]]]
[200, 2, -1, -1, 1, [[array([[-1.71620422,  1.88950828, -0.35092768, -1.70251633, -1.18451804,
        -1.13494567],
       [ 0.14472626,  0.25890999, -2.37256557, -2.2344932 , -2.15497577,
        -1.27610509],
       [-1.81941043,  0.68616856,  0.1771118 ,  2.02815635,  1.94393402,
         2.04854501],
       [-1.98258814, -1.29906908, -0.7695724 ,  0.59065999,  0.1827324 ,
         0.7474776 ],
       [ 0.26855587,  2.29873358,  1.94017704,  2.34228149,  0.9373539 ,
        -0.05978936],
       [ 0.14241479, -0.26625473,  1.86211136, -1.33467302,  1.57278008,
         1.53730239]]), array([[ 1.50358025,  1.23972654],
       [ 2.16432642, -2.00641461],
       [-0.13649674, -0.91651951],
       [-1.72391341, -1.2763607 ],
       [-0.02832468,  0.46476294],
       [-1.33058964,  2.43936476]])], [array([-1.23793198,  2.13522814, -0.21610396, -2.43632258, -0.99271694,
       -0.76711132]), array([ 1.4860661 , -1.21203574])]]]
[200, 17, -1, -1, 0, [[array([[-2.02411069,  0.18135965, -0.337345  ,  1.10451537, -0.15715167,
        -2.35536637],
       [-0.64874231,  1.51529424,  0.6323658 ,  2.42332851,  0.54567713,
        -0.78857613],
       [ 1.68970147,  0.18957767,  0.53645506,  1.58457914, -0.12732256,
         1.02022859],
       [-2.13198659,  0.72885224, -1.27235164,  0.37225088,  2.09677246,
         0.19809908],
       [ 2.17948714, -2.04014418, -0.27335493, -0.7523439 ,  1.54467624,
         1.39263753],
       [-0.95059002, -0.90221091, -2.00381429, -2.18471595,  0.77887594,
         1.94857497]]), array([[-0.94919493, -0.84599385],
       [-2.40233583, -1.31810086],
       [-1.7691024 ,  2.09764177],
       [-1.09612549, -1.21556641],
       [ 0.83280809,  2.31563677],
       [ 0.99310301,  0.94233246]])], [array([-1.9831288 , -1.5088269 , -1.75865457, -0.33837609, -1.50535506,
        0.0672952 ]), array([-1.03834687,  1.99700247])]]]
[200, 5, -1, -1, 1, [[array([[ 0.68424212,  0.19590791,  0.95186595, -1.05902067,  1.49037095,
         1.18129084],
       [ 1.75745367,  0.75483329,  0.81372379,  0.86879836, -1.69104266,
         2.34042846],
       [ 1.5123616 , -1.86159229,  1.10358674,  1.26013652,  1.53336383,
         1.7310769 ],
       [-0.21263293, -0.8539121 , -0.58512081,  0.62689624,  1.16905742,
        -1.86796467],
       [-1.27391045,  1.98570869,  0.82106257,  2.18339853, -0.6265919 ,
         1.54518925],
       [ 1.7038381 ,  0.48080016, -1.5309183 , -2.02809513,  0.28549506,
        -0.87359674]]), array([[-1.38875237,  1.63491296],
       [ 0.68040871,  2.28797164],
       [-1.79629301, -0.76370875],
       [-0.49401739,  0.80570569],
       [-0.32688148,  0.91563019],
       [-0.49499158, -0.19133551]])], [array([-1.51514303,  1.21647999, -1.53849192, -2.09654886,  0.83613565,
        0.61656287]), array([-2.36041634, -1.05911652])]]]
[200, 10, -1, -1, 0, [[array([[ 1.00145387,  1.87322542,  0.96308863, -1.05169661,  0.6634393 ,
        -1.16551024],
       [-0.3883616 ,  2.38761187, -1.90835217,  0.54259251, -0.33529236,
        -0.58362175],
       [-2.21027307,  0.06540226, -1.90708154,  0.64268931,  1.14089242,
         1.56238643],
       [-0.61991861, -1.35442871,  0.6462352 , -1.89719166,  2.34750158,
         0.10004822],
       [-0.27896293,  2.03142207, -1.19808396, -1.92254213, -1.76980387,
         0.68020519],
       [-1.2466308 ,  2.3067398 ,  1.32195046,  1.5662767 ,  0.29778024,
         1.36091443]]), array([[ 0.84220901,  2.01981574],
       [ 1.96895034, -1.23032237],
       [-0.74905877,  1.45616046],
       [-1.15699302, -0.57040639],
       [ 0.16184062, -1.61099687],
       [ 0.86419764,  0.16713973]])], [array([ 1.71565827, -1.06254583, -0.73924936, -0.99183126, -1.18652439,
        1.37260911]), array([-0.8538299 ,  2.39742006])]]]
[200, 18, -1, -1, 1, [[array([[ 2.43294324, -1.5285043 ,  2.12219369,  2.1569593 , -0.44042584,
        -0.32293899],
       [ 1.31420916, -0.994203  ,  0.54617524, -0.90904174, -1.91016861,
        -0.1595453 ],
       [-1.53654559, -2.43599937, -2.04915973,  2.36117767,  1.2187477 ,
         1.06499585],
       [ 2.00215934, -1.82269235,  1.29768396, -0.9389533 , -0.16048623,
         0.28327618],
       [-1.64790103, -0.04135637, -1.50726352,  1.51319813, -0.34698307,
         0.59375249],
       [-1.39793815, -1.01515537,  1.77976334, -0.774138  ,  0.53919829,
        -1.76561145]]), array([[-1.89869052, -2.3434369 ],
       [ 2.20116388,  1.05611428],
       [-2.14065508, -1.41975271],
       [-0.29462889,  0.76899292],
       [ 0.80070022, -1.06096318],
       [-2.11644354, -0.36863941]])], [array([-1.31146442,  0.87462282,  0.42540598,  0.74715056,  2.13140903,
        1.00918129]), array([1.95449353, 2.33116404])]]]
[200, 15, -1, -1, 0, [[array([[ 2.3700715 , -0.59796513,  1.07509571, -1.479939  , -0.23359336,
        -0.48699757],
       [ 0.44450964, -1.53808108, -0.80043345, -1.24483191,  0.44729246,
        -1.87314622],
       [ 1.29727313,  0.14371518, -0.86483953, -2.11567174, -0.37907053,
        -2.29767375],
       [ 0.72215662,  1.40970439, -0.54219996, -0.78270777, -1.12923471,
         0.54657157],
       [-1.14571666,  2.1890519 ,  2.44678259, -0.62189155,  1.93524817,
         0.55568627],
       [-1.25507312, -1.59144712, -0.34656031,  2.20984125, -0.74677222,
         1.93999726]]), array([[-2.4234554 ,  0.78360037],
       [ 1.5173054 , -1.70776523],
       [-0.46292485,  1.72758451],
       [-2.00617486, -2.27724175],
       [-0.07327074,  0.79793461],
       [ 0.307205  ,  0.78736988]])], [array([ 1.40141764,  0.75036782, -1.52834902,  0.02367998,  1.83462773,
        0.20536368]), array([-1.88000925, -1.60743169])]]]
[200, 11, -1, -1, 1, [[array([[ 1.42132741,  1.59979284, -2.15286446, -1.38215066, -1.36243362,
         1.56549657],
       [ 1.01426432, -2.43650261,  2.06970077,  0.17356548,  0.29802074,
        -1.68533291],
       [-0.99267153,  0.55606832,  0.49454406, -2.189849  , -2.30639495,
        -1.43525333],
       [-1.59542919, -2.398979  ,  1.49798768,  1.28205601, -2.44491275,
        -1.75348612],
       [-2.26863698,  1.26503045, -1.22186675,  2.44934895,  2.11442037,
         0.23126043],
       [-1.19507577, -2.1147721 , -0.15401321,  1.59134526,  1.39678313,
        -1.26132419]]), array([[ 2.44444228,  0.6324954 ],
       [ 1.74087883,  1.93318714],
       [-0.55876748,  1.19371577],
       [-0.32463639, -0.94808825],
       [ 0.07784129, -0.77297264],
       [-0.13495329, -1.73587511]])], [array([-0.43424949, -1.53134328, -0.80916452, -0.65278896, -2.38600395,
        1.04578582]), array([-0.8897305, -1.8931646])]]]
[200, 21, -1, -1, 0, [[array([[-2.33267399,  0.40863461,  1.23973064, -2.09276677,  0.60493885,
        -1.86753033],
       [ 0.51167666, -1.14982777,  0.54691125, -1.9483054 , -1.00900419,
        -0.75232523],
       [ 1.47381693,  1.03673739,  1.40753003,  0.86865965,  1.41929432,
         1.81535071],
       [ 2.4455854 , -2.24456987,  0.27501948,  1.95430582, -1.22764648,
         1.889838  ],
       [-2.11083733,  1.09898781,  1.50022811,  0.72612872,  1.22921119,
        -0.44703439],
       [ 2.08258514,  2.34493227,  2.19043649, -0.12134144, -1.63952163,
         0.67367234]]), array([[-2.29607514,  1.73822821],
       [-0.9368249 , -0.68079124],
       [-1.2554912 ,  0.88973326],
       [ 2.42057993, -0.08356382],
       [ 0.69445397,  0.73052566],
       [-1.47451153,  2.44194379]])], [array([ 1.81657563, -0.01708347, -1.0827531 , -0.43680429, -0.81828949,
       -0.71170725]), array([-1.05520177, -2.13376463])]]]
[200, 24, -1, -1, 1, [[array([[ 0.95026576, -0.3510658 , -0.00840811,  1.63275001, -2.12655725,
        -1.84106006],
       [-1.97376805,  2.05197449, -0.99256729,  2.38289825, -1.41092348,
        -0.35586636],
       [-0.84579444, -0.98196038, -1.9007871 ,  1.97364873, -1.52042984,
        -1.01979861],
       [-1.10511921,  0.76237231, -2.04264094,  0.84152475, -0.5855236 ,
         0.54364998],
       [ 1.73675429,  0.54998373, -1.95870317,  2.19867457, -0.40755745,
        -2.01450515],
       [ 0.61052227,  0.48661016, -2.25123392, -0.50681009, -0.4114012 ,
         2.42660314]]), array([[-0.48931665,  2.26156464],
       [ 2.10130133,  1.77737251],
       [-1.45224215,  2.2913902 ],
       [ 1.46217077,  1.23288428],
       [-2.3450722 ,  2.29631069],
       [ 2.43519373, -0.6812164 ]])], [array([ 0.46676368, -1.05841636,  0.16267448,  1.4707997 , -0.09836105,
        0.41480178]), array([0.80289582, 1.45013764])]]]
[200, 3, -1, -1, 0, [[array([[ 1.35840858, -2.39387344,  0.69706206, -2.38743119, -0.0222581 ,
        -0.06986996],
       [-1.14848351, -1.66833087, -2.12479906,  0.25341738, -1.93008191,
         0.65037107],
       [ 0.13066585, -2.04868192,  0.58758123, -1.03946515, -2.39023357,
         1.86953201],
       [-0.68586675,  1.97579449, -0.23313575, -1.44504285,  2.20762192,
         1.03686352],
       [-2.01902959, -0.00621446, -0.05350286, -0.0964135 , -1.10007055,
         1.43504638],
       [-2.26717605, -1.96238014, -1.98328096,  0.71379145,  2.31775294,
         2.02183682]]), array([[ 1.43142527,  0.5234379 ],
       [-0.21363929,  2.32420272],
       [-2.21088047,  0.549781  ],
       [-1.69588371,  1.50655248],
       [-2.4444095 , -0.78312879],
       [ 1.29401802,  0.15812107]])], [array([-1.25550632,  2.20459945, -2.43357382, -1.73786347,  0.045138  ,
       -1.4526208 ]), array([-1.08007705,  0.14350118])]]]
[64600, 20, 'birth', 15, 19, 1, [[array([[ 2.3700715 , -0.59796513,  1.71754697,  1.75814752, -0.23359336,
        -0.48699757],
       [ 2.44948974, -1.53808108, -0.80043345, -1.24483191,  2.44948974,
        -1.87314622],
       [ 1.29727313,  0.14371518, -0.86483953, -2.11567174, -0.37907053,
        -2.44948974],
       [ 0.72215662,  1.40970439, -0.54219996, -0.78270777, -2.44948974,
         0.18151743],
       [-1.14571666,  2.1890519 ,  2.44678259, -0.62189155,  1.51048599,
         0.94851739],
       [-1.17662669, -1.59144712, -0.34656031,  2.20984125, -0.74677222,
         1.93999726]]), array([[-1.41421356,  0.78360037],
       [ 1.22545439, -0.79463666],
       [-0.46292485,  1.41421356],
       [-1.41421356, -1.41421356],
       [-0.07327074, -1.21898373],
       [ 0.74779341,  1.41421356]])], [array([ 1.09993941, -1.00170087, -1.62757653,  1.3517108 ,  0.53993803,
        2.34035015]), array([1.41421356, 0.89664112])]]]
[551455, 1, 'death']
[551605, 9, 'death']
[551755, 13, 'death']
[551905, 19, 'death']
[552055, 12, 'death']
[552205, 2, 'death']
[552355, 17, 'death']
[552505, 5, 'death']
[552655, 10, 'death']
[552805, 18, 'death']
[552955, 15, 'death']
[553105, 11, 'death']
[553255, 21, 'death']
[553405, 24, 'death']
[553555, 3, 'death']
[553755, 20, 'death']
[553755, 'Extinction!']
