[time, indiv, gender, coords]
[7950, 'popsize', 15, 'queuesize', 0]
[8800, 6, 0, [0.801540732383728, -8.688672065734863]]
[8800, 0, 0, [11.709404945373535, -1.2334678173065186]]
[8800, 10, 0, [1.2349458932876587, -6.221917152404785]]
[8800, 16, 0, [8.711478233337402, -8.80487060546875]]
[8800, 15, 0, [9.124593734741211, -1.230125069618225]]
[8800, 3, 0, [1.2027463912963867, -1.212066888809204]]
[8800, 21, 0, [6.005855083465576, -8.734357833862305]]
[8800, 11, 0, [5.944714069366455, -1.2401591539382935]]
[8800, 23, 1, [6.23299503326416, -3.696577787399292]]
[8800, 22, 1, [3.306718349456787, -6.226587295532227]]
[8800, 7, 1, [4.153518199920654, -1.225073218345642]]
[8800, 13, 1, [4.1421637535095215, -11.232301712036133]]
[8800, 18, 1, [3.768353223800659, -3.854093551635742]]
[8800, 2, 1, [1.5782848596572876, -11.230372428894043]]
[8800, 1, 1, [10.934928894042969, -11.241968154907227]]
[15000, 'popsize', 15, 'queuesize', 0]
[15900, 6, 0, [0.324177086353302, -8.402395248413086]]
[15900, 0, 0, [12.282557487487793, -1.135970950126648]]
[15900, 10, 0, [1.2549524307250977, -6.208302021026611]]
[15900, 16, 0, [8.716660499572754, -8.76927375793457]]
[15900, 15, 0, [9.697856903076172, -1.1307178735733032]]
[15900, 3, 0, [1.0986855030059814, -1.231112003326416]]
[15900, 21, 0, [5.950825214385986, -8.798096656799316]]
[15900, 11, 0, [5.35284423828125, -1.166875958442688]]
[15900, 23, 1, [6.2483649253845215, -3.698720932006836]]
[15900, 22, 1, [2.7172701358795166, -6.127682685852051]]
[15900, 7, 1, [4.7347941398620605, -1.1168900728225708]]
[15900, 13, 1, [4.728241443634033, -11.134997367858887]]
[15900, 18, 1, [3.892265796661377, -4.425314426422119]]
[15900, 2, 1, [2.1426990032196045, -11.11874771118164]]
[15900, 1, 1, [10.343328475952148, -11.162551879882812]]
[22150, 'popsize', 15, 'queuesize', 0]
[22950, 6, 0, [0.13758383691310883, -8.1703519821167]]
[22950, 0, 0, [12.384116172790527, -1.0647872686386108]]
[22950, 10, 0, [1.28726327419281, -6.225925922393799]]
[22950, 16, 0, [8.667997360229492, -8.762293815612793]]
[22950, 15, 0, [10.26085376739502, -0.9516662359237671]]
[22950, 3, 0, [0.6426686644554138, -1.278144121170044]]
[22950, 21, 0, [5.51488733291626, -9.102884292602539]]
[22950, 11, 0, [5.126942157745361, -1.0975890159606934]]
[22950, 23, 1, [6.257951736450195, -3.719773769378662]]
[22950, 22, 1, [2.4928057193756104, -6.070517539978027]]
[22950, 7, 1, [5.066427707672119, -0.9508804082870483]]
[22950, 13, 1, [5.2876458168029785, -10.960748672485352]]
[22950, 18, 1, [4.06060266494751, -4.607119083404541]]
[22950, 2, 1, [2.6824803352355957, -10.913054466247559]]
[22950, 1, 1, [9.767452239990234, -11.014774322509766]]
[29600, 'popsize', 16, 'queuesize', 0]
[30450, 6, 0, [0.12333537638187408, -8.18188190460205]]
[30450, 0, 0, [12.361501693725586, -1.0095943212509155]]
[30450, 10, 0, [1.3346375226974487, -6.242462635040283]]
[30450, 16, 0, [8.683921813964844, -8.726491928100586]]
[30450, 15, 0, [10.823634147644043, -0.6841369271278381]]
[30450, 3, 0, [0.5245131254196167, -1.2731140851974487]]
[30450, 21, 0, [5.329501628875732, -8.99341106414795]]
[30450, 11, 0, [5.065921306610107, -1.0581200122833252]]
[30450, 20, 0, [8.74581527709961, -6.228841304779053]]
[30450, 23, 1, [6.248839855194092, -3.7521824836730957]]
[30450, 22, 1, [2.523857593536377, -6.086302280426025]]
[30450, 7, 1, [5.11626672744751, -0.9040199518203735]]
[30450, 13, 1, [5.843823432922363, -10.707250595092773]]
[30450, 18, 1, [4.619662761688232, -4.338376045227051]]
[30450, 2, 1, [3.2122061252593994, -10.610837936401367]]
[30450, 1, 1, [9.18333625793457, -10.78914737701416]]
[37100, 'popsize', 16, 'queuesize', 0]
[38000, 6, 0, [0.12333296239376068, -8.1796293258667]]
[38000, 0, 0, [12.36877155303955, -0.9715741276741028]]
[38000, 10, 0, [1.378095030784607, -6.2618937492370605]]
[38000, 16, 0, [8.657133102416992, -8.719121932983398]]
[38000, 15, 0, [11.336348533630371, -0.3518286347389221]]
[38000, 3, 0, [0.12239097058773041, -1.1656279563903809]]
[38000, 21, 0, [5.245573043823242, -8.866301536560059]]
[38000, 11, 0, [5.025481700897217, -0.9881448149681091]]
[38000, 20, 0, [9.054386138916016, -6.276434898376465]]
[38000, 23, 1, [6.219607353210449, -3.7533931732177734]]
[38000, 22, 1, [2.5831539630889893, -6.109808921813965]]
[38000, 7, 1, [5.1555304527282715, -0.8900795578956604]]
[38000, 13, 1, [5.81278657913208, -10.646252632141113]]
[38000, 18, 1, [5.212789058685303, -4.126716613769531]]
[38000, 2, 1, [3.686406135559082, -10.211443901062012]]
[38000, 1, 1, [8.62104320526123, -10.4922456741333]]
[44800, 'popsize', 16, 'queuesize', 0]
[45650, 6, 0, [0.1233317106962204, -8.176423072814941]]
[45650, 0, 0, [12.349034309387207, -0.9853731393814087]]
[45650, 10, 0, [1.4168764352798462, -6.305741786956787]]
[45650, 16, 0, [8.655835151672363, -8.681061744689941]]
[45650, 15, 0, [11.682887077331543, -0.10960695892572403]]
[45650, 3, 0, [0.1444665789604187, -1.2124104499816895]]
[45650, 21, 0, [5.290584087371826, -8.843423843383789]]
[45650, 11, 0, [5.024757385253906, -0.9104309678077698]]
[45650, 20, 0, [8.874054908752441, -6.8898210525512695]]
[45650, 23, 1, [6.202054023742676, -3.7212297916412354]]
[45650, 22, 1, [2.60217022895813, -6.121299743652344]]
[45650, 7, 1, [5.199132919311523, -0.9082300662994385]]
[45650, 13, 1, [5.315616130828857, -10.637605667114258]]
[45650, 18, 1, [5.839385032653809, -3.973670482635498]]
[45650, 2, 1, [4.086004257202148, -9.714729309082031]]
[45650, 1, 1, [8.102911949157715, -10.112836837768555]]
[52350, 'popsize', 16, 'queuesize', 0]
[53250, 6, 0, [0.12334174662828445, -8.173816680908203]]
[53250, 0, 0, [12.349796295166016, -0.9837989807128906]]
[53250, 10, 0, [1.4552772045135498, -6.3385162353515625]]
[53250, 16, 0, [8.617412567138672, -8.662785530090332]]
[53250, 15, 0, [11.7682466506958, -0.10798271000385284]]
[53250, 3, 0, [0.17153745889663696, -1.1000378131866455]]
[53250, 21, 0, [5.639906883239746, -8.597082138061523]]
[53250, 11, 0, [5.050772190093994, -0.9841086268424988]]
[53250, 20, 0, [8.609970092773438, -7.47172212600708]]
[53250, 23, 1, [6.264051914215088, -3.510186195373535]]
[53250, 22, 1, [2.649841785430908, -6.1398138999938965]]
[53250, 7, 1, [5.447727680206299, -0.987881064414978]]
[53250, 13, 1, [5.329440593719482, -10.658595085144043]]
[53250, 18, 1, [6.108914852142334, -3.8969364166259766]]
[53250, 2, 1, [4.387823581695557, -9.162718772888184]]
[53250, 1, 1, [7.653435707092285, -9.660823822021484]]
[60050, 'popsize', 16, 'queuesize', 0]
[60900, 6, 0, [0.12333611398935318, -8.170441627502441]]
[60900, 0, 0, [12.356104850769043, -0.9788416624069214]]
[60900, 10, 0, [1.4712741374969482, -6.388164520263672]]
[60900, 16, 0, [8.596006393432617, -8.605830192565918]]
[60900, 15, 0, [11.85252857208252, -0.10795751959085464]]
[60900, 3, 0, [0.133257657289505, -0.9449654221534729]]
[60900, 21, 0, [6.022536277770996, -8.238899230957031]]
[60900, 11, 0, [5.09359884262085, -1.0841095447540283]]
[60900, 20, 0, [8.274707794189453, -8.02000904083252]]
[60900, 23, 1, [6.3028388023376465, -3.405285596847534]]
[60900, 22, 1, [2.6812734603881836, -6.153522968292236]]
[60900, 7, 1, [6.0504937171936035, -1.181900143623352]]
[60900, 13, 1, [5.550955295562744, -10.521924018859863]]
[60900, 18, 1, [6.0575079917907715, -3.8253896236419678]]
[60900, 2, 1, [4.5731048583984375, -8.575870513916016]]
[60900, 1, 1, [7.258272647857666, -9.155384063720703]]
[67500, 'popsize', 16, 'queuesize', 0]
[68350, 6, 0, [0.12333432585000992, -8.167811393737793]]
[68350, 0, 0, [12.357264518737793, -0.9814038872718811]]
[68350, 10, 0, [1.4837158918380737, -6.436962127685547]]
[68350, 16, 0, [8.587820053100586, -8.55213737487793]]
[68350, 15, 0, [11.932878494262695, -0.10794645547866821]]
[68350, 3, 0, [0.13191917538642883, -0.9124204516410828]]
[68350, 21, 0, [6.05771017074585, -8.034728050231934]]
[68350, 11, 0, [5.106159687042236, -1.092404842376709]]
[68350, 20, 0, [7.923223495483398, -8.466126441955566]]
[68350, 23, 1, [6.58952522277832, -3.3672006130218506]]
[68350, 22, 1, [2.7235381603240967, -6.173772811889648]]
[68350, 7, 1, [6.654294967651367, -1.2896790504455566]]
[68350, 13, 1, [5.220673084259033, -10.822078704833984]]
[68350, 18, 1, [5.655067443847656, -3.3437089920043945]]
[68350, 2, 1, [4.6297101974487305, -8.124832153320312]]
[68350, 1, 1, [6.936321258544922, -8.615134239196777]]
[75050, 'popsize', 16, 'queuesize', 0]
[75950, 6, 0, [0.12333393096923828, -8.16533374786377]]
[75950, 0, 0, [12.243891716003418, -1.458604335784912]]
[75950, 10, 0, [1.482672929763794, -6.486131191253662]]
[75950, 16, 0, [8.543566703796387, -8.503267288208008]]
[75950, 15, 0, [12.016275405883789, -0.10798361152410507]]
[75950, 3, 0, [0.12047655880451202, -0.9096225500106812]]
[75950, 21, 0, [6.147210121154785, -8.07967472076416]]
[75950, 11, 0, [5.061956882476807, -1.1981948614120483]]
[75950, 20, 0, [8.182015419006348, -8.570372581481934]]
[75950, 23, 1, [6.588359355926514, -3.4050495624542236]]
[75950, 22, 1, [2.7519912719726562, -6.184240341186523]]
[75950, 7, 1, [7.271915912628174, -1.2966002225875854]]
[75950, 13, 1, [5.094455242156982, -10.901802062988281]]
[75950, 18, 1, [5.320265293121338, -2.807868719100952]]
[75950, 2, 1, [4.626108646392822, -8.155497550964355]]
[75950, 1, 1, [6.679694652557373, -8.031084060668945]]
[82600, 'popsize', 16, 'queuesize', 0]
[83450, 6, 0, [0.12333144247531891, -8.16015911102295]]
[83450, 0, 0, [12.21607494354248, -2.0866925716400146]]
[83450, 10, 0, [1.4889400005340576, -6.527278423309326]]
[83450, 16, 0, [8.495753288269043, -8.494161605834961]]
[83450, 15, 0, [12.099076271057129, -0.1078794002532959]]
[83450, 3, 0, [0.1243375837802887, -0.9152147769927979]]
[83450, 21, 0, [6.285822868347168, -8.174345970153809]]
[83450, 11, 0, [5.071573734283447, -1.5067322254180908]]
[83450, 20, 0, [8.463245391845703, -8.740477561950684]]
[83450, 23, 1, [6.422664642333984, -3.542024612426758]]
[83450, 22, 1, [2.921565055847168, -6.241260051727295]]
[83450, 7, 1, [7.664715766906738, -1.2732679843902588]]
[83450, 13, 1, [5.0874409675598145, -10.948994636535645]]
[83450, 18, 1, [5.066045761108398, -2.228443145751953]]
[83450, 2, 1, [4.408989906311035, -8.198945999145508]]
[83450, 1, 1, [6.502468109130859, -7.425547122955322]]
[90050, 'popsize', 16, 'queuesize', 0]
[90900, 6, 0, [0.12333378195762634, -8.155595779418945]]
[90900, 0, 0, [12.28341007232666, -2.6964054107666016]]
[90900, 10, 0, [1.467848300933838, -6.5400543212890625]]
[90900, 16, 0, [8.45407772064209, -8.406052589416504]]
[90900, 15, 0, [12.180480003356934, -0.10798550397157669]]
[90900, 3, 0, [0.11755388230085373, -0.9578602910041809]]
[90900, 21, 0, [6.246647834777832, -8.144375801086426]]
[90900, 11, 0, [5.002552509307861, -1.7882750034332275]]
[90900, 20, 0, [8.459856986999512, -8.590702056884766]]
[90900, 23, 1, [6.336586952209473, -3.6002519130706787]]
[90900, 22, 1, [2.689469575881958, -6.185646057128906]]
[90900, 7, 1, [7.634571552276611, -1.2499008178710938]]
[90900, 13, 1, [5.474410057067871, -11.183032989501953]]
[90900, 18, 1, [4.955686092376709, -1.975248098373413]]
[90900, 2, 1, [4.453728675842285, -7.894835472106934]]
[90900, 1, 1, [6.400077819824219, -6.8068318367004395]]
[98050, 'popsize', 17, 'queuesize', 0]
[99000, 6, 0, [0.12333313375711441, -8.151840209960938]]
[99000, 0, 0, [12.392930030822754, -3.2020387649536133]]
[99000, 10, 0, [1.459209680557251, -6.54844331741333]]
[99000, 16, 0, [8.4322509765625, -8.304914474487305]]
[99000, 15, 0, [12.268030166625977, -0.10789956152439117]]
[99000, 3, 0, [0.285031259059906, -0.7072915434837341]]
[99000, 21, 0, [6.173774719238281, -8.088037490844727]]
[99000, 11, 0, [4.986204147338867, -1.8190701007843018]]
[99000, 20, 0, [8.649040222167969, -8.379388809204102]]
[99000, 19, 0, [9.095370292663574, -3.7268099784851074]]
[99000, 23, 1, [6.355312347412109, -3.6392979621887207]]
[99000, 22, 1, [2.7389702796936035, -6.204123497009277]]
[99000, 7, 1, [7.684178829193115, -0.9771612882614136]]
[99000, 13, 1, [5.6064229011535645, -11.25783920288086]]
[99000, 18, 1, [4.924238681793213, -2.0017032623291016]]
[99000, 2, 1, [4.502493858337402, -7.473601818084717]]
[99000, 1, 1, [6.383326053619385, -6.34232759475708]]
[105901, 'popsize', 17, 'queuesize', 0]
[106801, 6, 0, [0.12334311008453369, -8.1483793258667]]
[106801, 0, 0, [12.375136375427246, -3.2088193893432617]]
[106801, 10, 0, [1.4612345695495605, -6.593839645385742]]
[106801, 16, 0, [8.363948822021484, -8.39385986328125]]
[106801, 15, 0, [12.355878829956055, -0.10791417956352234]]
[106801, 3, 0, [0.2578054368495941, -0.7422500848770142]]
[106801, 21, 0, [5.7065815925598145, -7.899341583251953]]
[106801, 11, 0, [4.966764450073242, -1.8462345600128174]]
[106801, 20, 0, [8.534460067749023, -8.343281745910645]]
[106801, 19, 0, [9.724199295043945, -3.613121747970581]]
[106801, 23, 1, [6.323684215545654, -3.661896228790283]]
[106801, 22, 1, [2.7956676483154297, -6.2261152267456055]]
[106801, 7, 1, [7.845314025878906, -0.8641817569732666]]
[106801, 13, 1, [5.618533611297607, -11.253325462341309]]
[106801, 18, 1, [4.890867233276367, -2.0234973430633545]]
[106801, 2, 1, [4.524744033813477, -7.173801422119141]]
[106801, 1, 1, [6.373783588409424, -6.282283306121826]]
[113751, 'popsize', 17, 'queuesize', 0]
[114701, 6, 0, [0.12333749979734421, -8.144694328308105]]
[114701, 0, 0, [12.23703670501709, -3.3987083435058594]]
[114701, 10, 0, [1.447168231010437, -6.645200729370117]]
[114701, 16, 0, [8.33882999420166, -8.482016563415527]]
[114701, 15, 0, [12.390807151794434, -0.10794100165367126]]
[114701, 3, 0, [0.1455039083957672, -0.4476669728755951]]
[114701, 21, 0, [5.585830211639404, -7.813895225524902]]
[114701, 11, 0, [4.94388484954834, -1.8755826950073242]]
[114701, 20, 0, [8.387831687927246, -8.277997016906738]]
[114701, 19, 0, [10.311708450317383, -3.4020538330078125]]
[114701, 23, 1, [6.294828414916992, -3.637700080871582]]
[114701, 22, 1, [2.832014560699463, -6.239648818969727]]
[114701, 7, 1, [7.949314117431641, -0.7449427843093872]]
[114701, 13, 1, [5.641808032989502, -11.247953414916992]]
[114701, 18, 1, [4.852421760559082, -2.045605182647705]]
[114701, 2, 1, [4.613236904144287, -6.516156196594238]]
[114701, 1, 1, [6.352481842041016, -6.226212978363037]]
[121601, 'popsize', 17, 'queuesize', 0]
[122501, 6, 0, [0.12334130704402924, -8.140342712402344]]
[122501, 0, 0, [12.094619750976562, -3.643571615219116]]
[122501, 10, 0, [1.4195928573608398, -6.697558403015137]]
[122501, 16, 0, [8.278217315673828, -8.48416805267334]]
[122501, 15, 0, [12.390812873840332, -0.10795581340789795]]
[122501, 3, 0, [0.18985477089881897, -0.49407508969306946]]
[122501, 21, 0, [5.728481292724609, -8.075520515441895]]
[122501, 11, 0, [4.919174671173096, -1.90092933177948]]
[122501, 20, 0, [7.754199028015137, -8.122264862060547]]
[122501, 19, 0, [10.868024826049805, -3.0861258506774902]]
[122501, 23, 1, [6.319753170013428, -3.6056714057922363]]
[122501, 22, 1, [2.8879737854003906, -6.258098602294922]]
[122501, 7, 1, [7.975855827331543, -0.7663049101829529]]
[122501, 13, 1, [5.606958866119385, -11.235444068908691]]
[122501, 18, 1, [4.814827919006348, -2.0638582706451416]]
[122501, 2, 1, [4.789270877838135, -5.892297744750977]]
[122501, 1, 1, [6.318662643432617, -6.1749138832092285]]
[129351, 'popsize', 17, 'queuesize', 0]
[130351, 6, 0, [0.12333203107118607, -8.137289047241211]]
[130351, 0, 0, [12.066671371459961, -3.758897542953491]]
[130351, 10, 0, [1.4003351926803589, -6.741039276123047]]
[130351, 16, 0, [8.282184600830078, -8.52606201171875]]
[130351, 15, 0, [12.390802383422852, -0.10794832557439804]]
[130351, 3, 0, [0.16745896637439728, -0.5322741270065308]]
[130351, 21, 0, [5.534790515899658, -8.002588272094727]]
[130351, 11, 0, [4.891485691070557, -1.9293841123580933]]
[130351, 20, 0, [7.148552417755127, -7.869868278503418]]
[130351, 19, 0, [11.345468521118164, -2.8437845706939697]]
[130351, 23, 1, [6.353861331939697, -3.626405954360962]]
[130351, 22, 1, [2.940190076828003, -6.275495529174805]]
[130351, 7, 1, [8.006072998046875, -0.575859785079956]]
[130351, 13, 1, [5.649774074554443, -11.295669555664062]]
[130351, 18, 1, [4.773993968963623, -2.082857847213745]]
[130351, 2, 1, [5.057413578033447, -5.297942638397217]]
[130351, 1, 1, [6.276736736297607, -6.133739471435547]]
[137251, 'popsize', 17, 'queuesize', 0]
[138151, 6, 0, [0.1233348399400711, -8.134454727172852]]
[138151, 0, 0, [11.87507152557373, -4.230850696563721]]
[138151, 10, 0, [1.3774913549423218, -6.781806468963623]]
[138151, 16, 0, [8.31432819366455, -8.496973037719727]]
[138151, 15, 0, [12.390807151794434, -0.10795482248067856]]
[138151, 3, 0, [0.12122189998626709, -0.3574846386909485]]
[138151, 21, 0, [5.803506851196289, -8.0537748336792]]
[138151, 11, 0, [4.854828357696533, -1.962775468826294]]
[138151, 20, 0, [6.585000991821289, -7.526147842407227]]
[138151, 19, 0, [11.549962997436523, -2.7679035663604736]]
[138151, 23, 1, [6.271268844604492, -3.3444771766662598]]
[138151, 22, 1, [2.9948225021362305, -6.293232440948486]]
[138151, 7, 1, [8.01944637298584, -0.42351916432380676]]
[138151, 13, 1, [5.663578510284424, -11.289214134216309]]
[138151, 18, 1, [4.725461483001709, -2.1047728061676025]]
[138151, 2, 1, [5.3612775802612305, -4.7211408615112305]]
[138151, 1, 1, [6.229375839233398, -6.101113796234131]]
[145051, 'popsize', 17, 'queuesize', 0]
[145951, 6, 0, [0.12333397567272186, -8.13148021697998]]
[145951, 0, 0, [11.751177787780762, -4.865899562835693]]
[145951, 10, 0, [1.385822057723999, -6.789085388183594]]
[145951, 16, 0, [8.294196128845215, -8.454090118408203]]
[145951, 15, 0, [12.390788078308105, -0.1079341396689415]]
[145951, 3, 0, [0.132063627243042, -0.36851227283477783]]
[145951, 21, 0, [5.73453950881958, -8.129351615905762]]
[145951, 11, 0, [4.81929349899292, -1.9883594512939453]]
[145951, 20, 0, [6.3529205322265625, -7.367129325866699]]
[145951, 19, 0, [11.358430862426758, -2.7074971199035645]]
[145951, 23, 1, [6.318299770355225, -3.338874101638794]]
[145951, 22, 1, [3.030172348022461, -6.306765079498291]]
[145951, 7, 1, [8.05497932434082, -0.42203736305236816]]
[145951, 13, 1, [5.673024654388428, -11.281014442443848]]
[145951, 18, 1, [4.677471160888672, -2.1195480823516846]]
[145951, 2, 1, [5.723084449768066, -4.1753034591674805]]
[145951, 1, 1, [6.177855968475342, -6.078156471252441]]
[152651, 'popsize', 17, 'queuesize', 0]
[153551, 6, 0, [0.12333423644304276, -8.1287202835083]]
[153551, 0, 0, [11.72500228881836, -5.4905476570129395]]
[153551, 10, 0, [1.3829811811447144, -6.83993673324585]]
[153551, 16, 0, [8.282469749450684, -8.41381549835205]]
[153551, 15, 0, [12.390787124633789, -0.10793659090995789]]
[153551, 3, 0, [0.11910189688205719, -0.3609195947647095]]
[153551, 21, 0, [5.277007579803467, -8.566912651062012]]
[153551, 11, 0, [4.772546291351318, -2.0172386169433594]]
[153551, 20, 0, [6.409213066101074, -7.678688049316406]]
[153551, 19, 0, [11.432083129882812, -2.9455666542053223]]
[153551, 23, 1, [6.3345441818237305, -3.376007318496704]]
[153551, 22, 1, [3.0808463096618652, -6.321881294250488]]
[153551, 7, 1, [8.077956199645996, -0.448404461145401]]
[153551, 13, 1, [5.6264567375183105, -11.291692733764648]]
[153551, 18, 1, [4.621163845062256, -2.1364970207214355]]
[153551, 2, 1, [6.123877048492432, -3.678006172180176]]
[153551, 1, 1, [6.121994972229004, -6.064327716827393]]
[160551, 'popsize', 17, 'queuesize', 0]
[161501, 6, 0, [0.12332955747842789, -8.125537872314453]]
[161501, 0, 0, [11.787293434143066, -6.1402153968811035]]
[161501, 10, 0, [1.3725156784057617, -6.886353015899658]]
[161501, 16, 0, [8.305962562561035, -8.36416244506836]]
[161501, 15, 0, [12.390786170959473, -0.10794279724359512]]
[161501, 3, 0, [0.14343878626823425, -0.38711145520210266]]
[161501, 21, 0, [4.728787422180176, -8.952144622802734]]
[161501, 11, 0, [4.726306438446045, -2.0411183834075928]]
[161501, 20, 0, [5.751584529876709, -7.745310306549072]]
[161501, 19, 0, [11.393526077270508, -3.3282904624938965]]
[161501, 23, 1, [6.5634942054748535, -3.370729446411133]]
[161501, 22, 1, [3.14707612991333, -6.342628002166748]]
[161501, 7, 1, [8.173015594482422, -0.252809077501297]]
[161501, 13, 1, [5.687630653381348, -11.33163833618164]]
[161501, 18, 1, [4.5656657218933105, -2.1473236083984375]]
[161501, 2, 1, [6.359992504119873, -3.37290096282959]]
[161501, 1, 1, [6.064377307891846, -6.060750484466553]]
[168501, 'popsize', 17, 'queuesize', 0]
[169401, 6, 0, [0.12334168702363968, -8.122294425964355]]
[169401, 0, 0, [11.943268775939941, -6.778158664703369]]
[169401, 10, 0, [1.3585368394851685, -6.918679714202881]]
[169401, 16, 0, [8.328398704528809, -8.33084774017334]]
[169401, 15, 0, [12.390785217285156, -0.10794038325548172]]
[169401, 3, 0, [0.17166271805763245, -0.4219295084476471]]
[169401, 21, 0, [4.1428422927856445, -9.259339332580566]]
[169401, 11, 0, [4.678249359130859, -2.061751127243042]]
[169401, 20, 0, [5.0894365310668945, -7.722995281219482]]
[169401, 19, 0, [11.373592376708984, -3.8394789695739746]]
[169401, 23, 1, [6.527070045471191, -3.4212543964385986]]
[169401, 22, 1, [3.1963627338409424, -6.357949256896973]]
[169401, 7, 1, [8.19442081451416, -0.11263225972652435]]
[169401, 13, 1, [5.700498104095459, -11.318865776062012]]
[169401, 18, 1, [4.508825302124023, -2.1525025367736816]]
[169401, 2, 1, [6.419467926025391, -3.2236998081207275]]
[169401, 1, 1, [6.004767894744873, -6.06787109375]]
[176451, 'popsize', 17, 'queuesize', 0]
[177401, 6, 0, [0.12333379685878754, -8.117645263671875]]
[177401, 0, 0, [12.188899993896484, -7.3953399658203125]]
[177401, 10, 0, [1.3253222703933716, -6.949668884277344]]
[177401, 16, 0, [8.337632179260254, -8.307472229003906]]
[177401, 15, 0, [12.390779495239258, -0.10793954879045486]]
[177401, 3, 0, [0.10788507759571075, -0.27044716477394104]]
[177401, 21, 0, [3.5030949115753174, -9.473494529724121]]
[177401, 11, 0, [4.623479843139648, -2.0783262252807617]]
[177401, 20, 0, [4.4257941246032715, -7.604787349700928]]
[177401, 19, 0, [11.329617500305176, -3.8675312995910645]]
[177401, 23, 1, [6.603306770324707, -3.603520154953003]]
[177401, 22, 1, [3.240149736404419, -6.3729143142700195]]
[177401, 7, 1, [8.203413963317871, -0.12565335631370544]]
[177401, 13, 1, [5.663844108581543, -11.317418098449707]]
[177401, 18, 1, [4.446951389312744, -2.155365228652954]]
[177401, 2, 1, [6.392460346221924, -3.2314951419830322]]
[177401, 1, 1, [5.945489406585693, -6.0873703956604]]
[184401, 'popsize', 17, 'queuesize', 0]
[185301, 6, 0, [0.12333612143993378, -8.113890647888184]]
[185301, 0, 0, [12.394390106201172, -7.8443284034729]]
[185301, 10, 0, [1.3320168256759644, -6.962882041931152]]
[185301, 16, 0, [8.38183879852295, -8.309245109558105]]
[185301, 15, 0, [12.390779495239258, -0.1079452708363533]]
[185301, 3, 0, [0.1079806461930275, -0.1834511011838913]]
[185301, 21, 0, [2.8532700538635254, -9.594951629638672]]
[185301, 11, 0, [4.568968296051025, -2.0900771617889404]]
[185301, 20, 0, [3.790405750274658, -7.4173784255981445]]
[185301, 19, 0, [11.260625839233398, -3.899031639099121]]
[185301, 23, 1, [6.753554821014404, -3.99068284034729]]
[185301, 22, 1, [3.2877445220947266, -6.389486312866211]]
[185301, 7, 1, [8.21378231048584, -0.15326522290706635]]
[185301, 13, 1, [5.723109245300293, -11.365757942199707]]
[185301, 18, 1, [4.38691520690918, -2.1520063877105713]]
[185301, 2, 1, [6.381043910980225, -3.35223650932312]]
[185301, 1, 1, [5.893191337585449, -6.11869478225708]]
[192201, 'popsize', 17, 'queuesize', 0]
[193151, 6, 0, [0.12333402037620544, -8.110472679138184]]
[193151, 0, 0, [12.392120361328125, -7.919455051422119]]
[193151, 10, 0, [1.3151459693908691, -6.99955940246582]]
[193151, 16, 0, [8.391075134277344, -8.26870346069336]]
[193151, 15, 0, [12.390771865844727, -0.10793829709291458]]
[193151, 3, 0, [0.10795578360557556, -0.10916920751333237]]
[193151, 21, 0, [2.1966354846954346, -9.631505012512207]]
[193151, 11, 0, [4.511261940002441, -2.0967257022857666]]
[193151, 20, 0, [3.19502854347229, -7.149591445922852]]
[193151, 19, 0, [11.400909423828125, -3.896498680114746]]
[193151, 23, 1, [6.7319488525390625, -3.9601454734802246]]
[193151, 22, 1, [3.334218978881836, -6.4031758308410645]]
[193151, 7, 1, [8.20164680480957, -0.1890372633934021]]
[193151, 13, 1, [5.743546962738037, -11.35744857788086]]
[193151, 18, 1, [4.325448989868164, -2.1453561782836914]]
[193151, 2, 1, [6.247172832489014, -3.9972915649414062]]
[193151, 1, 1, [5.845600128173828, -6.161720275878906]]
[200102, 'popsize', 17, 'queuesize', 0]
[201002, 6, 0, [0.12333689630031586, -8.1071138381958]]
[201002, 0, 0, [12.404341697692871, -8.0845308303833]]
[201002, 10, 0, [1.2864075899124146, -6.994359970092773]]
[201002, 16, 0, [8.402022361755371, -8.224135398864746]]
[201002, 15, 0, [12.390771865844727, -0.1079372763633728]]
[201002, 3, 0, [0.10798338055610657, -0.10914774239063263]]
[201002, 21, 0, [1.5426957607269287, -9.576723098754883]]
[201002, 11, 0, [4.4580397605896, -2.0993404388427734]]
[201002, 20, 0, [2.9975433349609375, -6.902222156524658]]
[201002, 19, 0, [11.86254596710205, -3.988525152206421]]
[201002, 23, 1, [7.061127185821533, -4.016945838928223]]
[201002, 22, 1, [3.3860771656036377, -6.417601108551025]]
[201002, 7, 1, [7.86022424697876, -0.12222971022129059]]
[201002, 13, 1, [5.701487064361572, -11.346656799316406]]
[201002, 18, 1, [4.268723011016846, -2.132664203643799]]
[201002, 2, 1, [6.038180828094482, -4.605753421783447]]
[201002, 1, 1, [5.807493209838867, -6.217992305755615]]
[208002, 'popsize', 17, 'queuesize', 0]
[208902, 6, 0, [0.12333779782056808, -8.103612899780273]]
[208902, 0, 0, [12.321821212768555, -8.26492977142334]]
[208902, 10, 0, [1.3276010751724243, -6.993161678314209]]
[208902, 16, 0, [8.3972749710083, -8.161373138427734]]
[208902, 15, 0, [12.390769004821777, -0.1079384908080101]]
[208902, 3, 0, [0.10796044766902924, -0.10916876792907715]]
[208902, 21, 0, [0.898163378238678, -9.43346881866455]]
[208902, 11, 0, [4.396952152252197, -2.0981733798980713]]
[208902, 20, 0, [3.5738701820373535, -6.583748817443848]]
[208902, 19, 0, [11.882983207702637, -3.9485952854156494]]
[208902, 23, 1, [7.060054302215576, -3.7184908390045166]]
[208902, 22, 1, [3.026177406311035, -6.350810527801514]]
[208902, 7, 1, [7.816088676452637, -0.19348087906837463]]
[208902, 13, 1, [5.754210948944092, -11.40423583984375]]
[208902, 18, 1, [4.206747531890869, -2.1160082817077637]]
[208902, 2, 1, [5.799469470977783, -5.213988780975342]]
[208902, 1, 1, [5.786604881286621, -6.26875638961792]]
[216002, 'popsize', 17, 'queuesize', 0]
[217002, 6, 0, [0.12333863973617554, -8.10080623626709]]
[217002, 0, 0, [12.184772491455078, -8.909098625183105]]
[217002, 10, 0, [1.3528046607971191, -7.04636812210083]]
[217002, 16, 0, [8.393669128417969, -8.10529899597168]]
[217002, 15, 0, [12.390767097473145, -0.10793916136026382]]
[217002, 3, 0, [0.10794141888618469, -0.10918693244457245]]
[217002, 21, 0, [0.26743027567863464, -9.19959545135498]]
[217002, 11, 0, [4.341373920440674, -2.0930604934692383]]
[217002, 20, 0, [4.201723575592041, -6.344884872436523]]
[217002, 19, 0, [11.869071960449219, -3.9207534790039062]]
[217002, 23, 1, [7.099602699279785, -3.737833023071289]]
[217002, 22, 1, [3.3442232608795166, -6.426989555358887]]
[217002, 7, 1, [7.754755020141602, -0.2637111246585846]]
[217002, 13, 1, [5.667578220367432, -11.389894485473633]]
[217002, 18, 1, [4.149907112121582, -2.093409538269043]]
[217002, 2, 1, [5.757551670074463, -5.3109283447265625]]
[217002, 1, 1, [5.7757134437561035, -6.328134536743164]]
[223952, 'popsize', 17, 'queuesize', 0]
[224902, 6, 0, [0.1233288049697876, -8.098340034484863]]
[224902, 0, 0, [12.141653060913086, -9.565258026123047]]
[224902, 10, 0, [1.3348089456558228, -7.1038432121276855]]
[224902, 16, 0, [8.348963737487793, -8.108100891113281]]
[224902, 15, 0, [12.390766143798828, -0.10794470459222794]]
[224902, 3, 0, [0.1079539954662323, -0.10918131470680237]]
[224902, 21, 0, [0.12333481758832932, -9.136202812194824]]
[224902, 11, 0, [4.277193069458008, -2.0821311473846436]]
[224902, 20, 0, [4.853691577911377, -6.189456462860107]]
[224902, 19, 0, [11.872032165527344, -3.935974597930908]]
[224902, 23, 1, [7.072900295257568, -3.7761099338531494]]
[224902, 22, 1, [3.4048850536346436, -6.441436290740967]]
[224902, 7, 1, [7.7200541496276855, -0.28672128915786743]]
[224902, 13, 1, [5.641133785247803, -11.384840965270996]]
[224902, 18, 1, [4.086036682128906, -2.065817356109619]]
[224902, 2, 1, [5.430853843688965, -5.882676601409912]]
[224902, 1, 1, [5.777913570404053, -6.383988857269287]]
[231902, 'popsize', 17, 'queuesize', 0]
[232802, 6, 0, [0.12333666533231735, -8.095410346984863]]
[232802, 0, 0, [12.162836074829102, -9.9295072555542]]
[232802, 10, 0, [1.300614595413208, -7.133734226226807]]
[232802, 16, 0, [8.292486190795898, -8.129270553588867]]
[232802, 15, 0, [12.390761375427246, -0.10794233530759811]]
[232802, 3, 0, [0.10793447494506836, -0.10919861495494843]]
[232802, 21, 0, [0.12333172559738159, -9.133076667785645]]
[232802, 11, 0, [4.216647624969482, -2.0660932064056396]]
[232802, 20, 0, [5.121077537536621, -6.171402454376221]]
[232802, 19, 0, [11.865887641906738, -3.9159324169158936]]
[232802, 23, 1, [7.028549671173096, -3.755030632019043]]
[232802, 22, 1, [3.6088109016418457, -6.485260009765625]]
[232802, 7, 1, [7.694624423980713, -0.2614680230617523]]
[232802, 13, 1, [5.7045440673828125, -11.425539016723633]]
[232802, 18, 1, [4.027524471282959, -2.032813310623169]]
[232802, 2, 1, [5.30342435836792, -6.111087799072266]]
[232802, 1, 1, [5.794114112854004, -6.444362640380859]]
[240352, 'popsize', 18, 'queuesize', 0]
[241302, 6, 0, [0.12333119660615921, -8.09179401397705]]
[241302, 0, 0, [12.164795875549316, -9.926368713378906]]
[241302, 10, 0, [1.291556477546692, -7.127420425415039]]
[241302, 16, 0, [8.33581256866455, -8.135295867919922]]
[241302, 15, 0, [12.390759468078613, -0.1079423725605011]]
[241302, 3, 0, [0.14037679135799408, -0.14985060691833496]]
[241302, 21, 0, [0.12333351373672485, -9.126846313476562]]
[241302, 11, 0, [4.155494689941406, -2.0437240600585938]]
[241302, 20, 0, [5.153207302093506, -6.19582986831665]]
[241302, 19, 0, [11.874462127685547, -3.9120233058929443]]
[241302, 23, 1, [7.064166069030762, -3.7166543006896973]]
[241302, 22, 1, [3.348554849624634, -6.435174942016602]]
[241302, 7, 1, [7.523828029632568, -0.4972763657569885]]
[241302, 13, 1, [5.687719345092773, -11.4058837890625]]
[241302, 18, 1, [3.97037672996521, -1.992022156715393]]
[241302, 2, 1, [5.336028575897217, -6.136397361755371]]
[241302, 1, 1, [5.918627738952637, -6.5473737716674805]]
[241302, 24, 1, [5.963542938232422, -6.7556047439575195]]
[248652, 'popsize', 18, 'queuesize', 0]
[249602, 6, 0, [0.12333638966083527, -8.086812019348145]]
[249602, 0, 0, [12.042119026184082, -10.18273639678955]]
[249602, 10, 0, [1.2498998641967773, -7.1437788009643555]]
[249602, 16, 0, [8.343422889709473, -8.082141876220703]]
[249602, 15, 0, [12.390758514404297, -0.10794144123792648]]
[249602, 3, 0, [0.1542830467224121, -0.12342092394828796]]
[249602, 21, 0, [0.12333286553621292, -9.122151374816895]]
[249602, 11, 0, [4.097136974334717, -2.0155022144317627]]
[249602, 20, 0, [5.18247127532959, -6.221388816833496]]
[249602, 19, 0, [11.8968505859375, -3.9112894535064697]]
[249602, 23, 1, [7.086684703826904, -3.7579174041748047]]
[249602, 22, 1, [3.396892786026001, -6.44964599609375]]
[249602, 7, 1, [7.497217655181885, -0.4481145739555359]]
[249602, 13, 1, [5.7391204833984375, -11.450151443481445]]
[249602, 18, 1, [3.9178786277770996, -1.9465028047561646]]
[249602, 2, 1, [5.365339756011963, -6.162487506866455]]
[249602, 1, 1, [6.286487102508545, -7.003883361816406]]
[249602, 24, 1, [5.908877849578857, -6.835527420043945]]
[257052, 'popsize', 18, 'queuesize', 0]
[258002, 6, 0, [0.12334083020687103, -8.079428672790527]]
[258002, 0, 0, [11.808784484863281, -10.839282989501953]]
[258002, 10, 0, [1.2074306011199951, -7.12243127822876]]
[258002, 16, 0, [8.337644577026367, -8.067450523376465]]
[258002, 15, 0, [12.390756607055664, -0.1079438254237175]]
[258002, 3, 0, [0.1901116967201233, -0.15691107511520386]]
[258002, 21, 0, [0.12333473563194275, -9.119120597839355]]
[258002, 11, 0, [4.047325134277344, -1.9832619428634644]]
[258002, 20, 0, [5.212832927703857, -6.246273517608643]]
[258002, 19, 0, [11.916690826416016, -3.878505229949951]]
[258002, 23, 1, [6.849218845367432, -3.872143507003784]]
[258002, 22, 1, [3.4451661109924316, -6.467480182647705]]
[258002, 7, 1, [7.651723384857178, -0.2712993323802948]]
[258002, 13, 1, [5.704519271850586, -11.438212394714355]]
[258002, 18, 1, [3.8761589527130127, -1.8958334922790527]]
[258002, 2, 1, [5.396074295043945, -6.189291954040527]]
[258002, 1, 1, [6.607806205749512, -7.632180690765381]]
[258002, 24, 1, [6.280909538269043, -6.6454572677612305]]
[265452, 'popsize', 18, 'queuesize', 0]
[266402, 6, 0, [0.12333366274833679, -8.075703620910645]]
[266402, 0, 0, [11.808907508850098, -10.967460632324219]]
[266402, 10, 0, [1.2281476259231567, -7.10262393951416]]
[266402, 16, 0, [8.310868263244629, -8.0357084274292]]
[266402, 15, 0, [12.390750885009766, -0.10794281959533691]]
[266402, 3, 0, [0.14733420312404633, -0.1898195892572403]]
[266402, 21, 0, [0.12333551049232483, -9.116583824157715]]
[266402, 11, 0, [3.999617576599121, -1.9447994232177734]]
[266402, 20, 0, [5.242528438568115, -6.271007537841797]]
[266402, 19, 0, [11.915785789489746, -3.8817379474639893]]
[266402, 23, 1, [6.429741859436035, -4.111889839172363]]
[266402, 22, 1, [3.4982781410217285, -6.486353397369385]]
[266402, 7, 1, [7.4518232345581055, -0.2594723403453827]]
[266402, 13, 1, [5.751175403594971, -11.507189750671387]]
[266402, 18, 1, [3.837984323501587, -1.8406428098678589]]
[266402, 2, 1, [5.426271438598633, -6.215587139129639]]
[266402, 1, 1, [6.813807487487793, -8.30513858795166]]
[266402, 24, 1, [6.879245758056641, -6.287337303161621]]
[273752, 'popsize', 18, 'queuesize', 0]
[274702, 6, 0, [0.12333651632070541, -8.07266902923584]]
[274702, 0, 0, [11.677751541137695, -11.171735763549805]]
[274702, 10, 0, [1.2064967155456543, -7.130682945251465]]
[274702, 16, 0, [8.268131256103516, -8.068381309509277]]
[274702, 15, 0, [12.390748023986816, -0.1079435870051384]]
[274702, 3, 0, [0.1308828890323639, -0.11892612278461456]]
[274702, 21, 0, [0.12333297729492188, -9.112449645996094]]
[274702, 11, 0, [3.9622092247009277, -1.9082765579223633]]
[274702, 20, 0, [5.2721357345581055, -6.2964396476745605]]
[274702, 19, 0, [11.901934623718262, -3.881265640258789]]
[274702, 23, 1, [6.437115669250488, -4.056916236877441]]
[274702, 22, 1, [3.5505363941192627, -6.501675605773926]]
[274702, 7, 1, [7.309469223022461, -0.34829407930374146]]
[274702, 13, 1, [5.710353374481201, -11.490893363952637]]
[274702, 18, 1, [3.812711715698242, -1.7866638898849487]]
[274702, 2, 1, [5.455883502960205, -6.241487503051758]]
[274702, 1, 1, [6.900343894958496, -8.99387264251709]]
[274702, 24, 1, [7.403402805328369, -5.839573860168457]]
[282052, 'popsize', 18, 'queuesize', 0]
[283002, 6, 0, [0.12333999574184418, -8.067120552062988]]
[283002, 0, 0, [11.68249225616455, -11.17257022857666]]
[283002, 10, 0, [1.1985973119735718, -7.131971836090088]]
[283002, 16, 0, [8.219115257263184, -8.09311580657959]]
[283002, 15, 0, [12.390737533569336, -0.10793785750865936]]
[283002, 3, 0, [0.14092497527599335, -0.12287072092294693]]
[283002, 21, 0, [0.12333852052688599, -9.109352111816406]]
[283002, 11, 0, [3.9294044971466064, -1.8668855428695679]]
[283002, 20, 0, [5.302495002746582, -6.321779727935791]]
[283002, 19, 0, [11.896300315856934, -3.8400096893310547]]
[283002, 23, 1, [6.14310884475708, -4.175273895263672]]
[283002, 22, 1, [3.6114354133605957, -6.523895740509033]]
[283002, 7, 1, [7.328477382659912, -0.39512908458709717]]
[283002, 13, 1, [5.765397071838379, -11.525825500488281]]
[283002, 18, 1, [3.7935476303100586, -1.7310599088668823]]
[283002, 2, 1, [5.4867658615112305, -6.268579006195068]]
[283002, 1, 1, [6.87834358215332, -9.694727897644043]]
[283002, 24, 1, [7.81777811050415, -5.309906482696533]]
[290302, 'popsize', 18, 'queuesize', 0]
[291252, 6, 0, [0.1233362928032875, -8.0635347366333]]
[291252, 0, 0, [11.486745834350586, -11.384196281433105]]
[291252, 10, 0, [1.2287765741348267, -7.1641998291015625]]
[291252, 16, 0, [8.167243003845215, -8.118390083312988]]
[291252, 15, 0, [12.390734672546387, -0.10793877393007278]]
[291252, 3, 0, [0.09912311285734177, -0.11685698479413986]]
[291252, 21, 0, [0.12333139032125473, -9.106292724609375]]
[291252, 11, 0, [3.898405075073242, -1.821153163909912]]
[291252, 20, 0, [5.3326640129089355, -6.347525596618652]]
[291252, 19, 0, [11.948996543884277, -3.8116400241851807]]
[291252, 23, 1, [6.166506290435791, -4.125373363494873]]
[291252, 22, 1, [3.653762102127075, -6.539897918701172]]
[291252, 7, 1, [7.284104347229004, -0.40606579184532166]]
[291252, 13, 1, [5.645720958709717, -11.683243751525879]]
[291252, 18, 1, [3.775804281234741, -1.6722712516784668]]
[291252, 2, 1, [5.517521858215332, -6.293857097625732]]
[291252, 1, 1, [6.752033233642578, -10.372145652770996]]
[291252, 24, 1, [8.10584545135498, -4.772686004638672]]
[298652, 'popsize', 18, 'queuesize', 0]
[299603, 6, 0, [0.12333275377750397, -8.060279846191406]]
[299603, 0, 0, [11.436958312988281, -11.504860877990723]]
[299603, 10, 0, [1.2027380466461182, -7.176337242126465]]
[299603, 16, 0, [8.116887092590332, -8.147933006286621]]
[299603, 15, 0, [12.390730857849121, -0.10793834924697876]]
[299603, 3, 0, [0.11548555642366409, -0.21214500069618225]]
[299603, 21, 0, [0.12333451956510544, -9.100935935974121]]
[299603, 11, 0, [3.8715343475341797, -1.772135615348816]]
[299603, 20, 0, [5.3634114265441895, -6.373762607574463]]
[299603, 19, 0, [12.237586975097656, -3.5209901332855225]]
[299603, 23, 1, [6.2091264724731445, -4.157878875732422]]
[299603, 22, 1, [3.272679328918457, -6.448093891143799]]
[299603, 7, 1, [7.280290126800537, -0.35439732670783997]]
[299603, 13, 1, [5.379138946533203, -12.296416282653809]]
[299603, 18, 1, [3.7651140689849854, -1.6116702556610107]]
[299603, 2, 1, [5.547792434692383, -6.320988178253174]]
[299603, 1, 1, [6.508876323699951, -11.030869483947754]]
[299603, 24, 1, [8.089409828186035, -4.812386989593506]]
[306903, 'popsize', 18, 'queuesize', 0]
[307853, 6, 0, [0.12333206832408905, -8.057424545288086]]
[307853, 0, 0, [11.418689727783203, -11.502449035644531]]
[307853, 10, 0, [1.203967809677124, -7.21488618850708]]
[307853, 16, 0, [8.112469673156738, -8.152202606201172]]
[307853, 15, 0, [12.390726089477539, -0.10793636739253998]]
[307853, 3, 0, [0.14092066884040833, -0.1425275355577469]]
[307853, 21, 0, [0.12333548814058304, -9.098082542419434]]
[307853, 11, 0, [3.849419593811035, -1.718231201171875]]
[307853, 20, 0, [5.394829750061035, -6.397432804107666]]
[307853, 19, 0, [12.376111030578613, -3.7399213314056396]]
[307853, 23, 1, [6.013848304748535, -4.325412750244141]]
[307853, 22, 1, [3.61108136177063, -6.537768840789795]]
[307853, 7, 1, [7.123754978179932, -0.3321657180786133]]
[307853, 13, 1, [5.312649726867676, -12.37966537475586]]
[307853, 18, 1, [3.758164167404175, -1.5481561422348022]]
[307853, 2, 1, [5.579667091369629, -6.3459792137146]]
[307853, 1, 1, [6.400480270385742, -11.235125541687012]]
[307853, 24, 1, [8.102079391479492, -4.768003940582275]]
[315253, 'popsize', 18, 'queuesize', 0]
[316203, 6, 0, [0.12333269417285919, -8.054910659790039]]
[316203, 0, 0, [11.412283897399902, -11.496319770812988]]
[316203, 10, 0, [1.1502450704574585, -7.221555709838867]]
[316203, 16, 0, [8.05834674835205, -8.162949562072754]]
[316203, 15, 0, [12.390730857849121, -0.10794053971767426]]
[316203, 3, 0, [0.2017657458782196, -0.12090285867452621]]
[316203, 21, 0, [0.12333298474550247, -9.09225845336914]]
[316203, 11, 0, [3.8326075077056885, -1.6656746864318848]]
[316203, 20, 0, [5.426478862762451, -6.4237060546875]]
[316203, 19, 0, [12.394380569458008, -3.6562249660491943]]
[316203, 23, 1, [5.937016487121582, -4.409867763519287]]
[316203, 22, 1, [3.6669797897338867, -6.5579142570495605]]
[316203, 7, 1, [6.995982646942139, -0.29109254479408264]]
[316203, 13, 1, [5.3030548095703125, -12.37938117980957]]
[316203, 18, 1, [3.759463310241699, -1.4869518280029297]]
[316203, 2, 1, [5.611708164215088, -6.372429847717285]]
[316203, 1, 1, [6.338179588317871, -11.286116600036621]]
[316203, 24, 1, [8.112616539001465, -4.751437664031982]]
[323603, 'popsize', 18, 'queuesize', 0]
[324553, 6, 0, [0.12333235144615173, -8.051553726196289]]
[324553, 0, 0, [11.480637550354004, -11.509910583496094]]
[324553, 10, 0, [1.1372069120407104, -7.208122730255127]]
[324553, 16, 0, [8.102944374084473, -8.17302131652832]]
[324553, 15, 0, [12.390726089477539, -0.10793747752904892]]
[324553, 3, 0, [0.17788539826869965, -0.14305274188518524]]
[324553, 21, 0, [0.12333307415246964, -9.089139938354492]]
[324553, 11, 0, [3.81889271736145, -1.6050235033035278]]
[324553, 20, 0, [5.4565205574035645, -6.450619220733643]]
[324553, 19, 0, [12.365760803222656, -3.6085126399993896]]
[324553, 23, 1, [5.915726184844971, -4.456305980682373]]
[324553, 22, 1, [3.7335777282714844, -6.580437183380127]]
[324553, 7, 1, [7.03812313079834, -0.2640657424926758]]
[324553, 13, 1, [5.292933940887451, -12.379704475402832]]
[324553, 18, 1, [3.76596736907959, -1.4198602437973022]]
[324553, 2, 1, [5.641584396362305, -6.39970064163208]]
[324553, 1, 1, [6.260303497314453, -11.310564041137695]]
[324553, 24, 1, [7.777472019195557, -5.351048946380615]]
[331953, 'popsize', 18, 'queuesize', 0]
[332953, 6, 0, [0.12333128601312637, -8.04633617401123]]
[332953, 0, 0, [11.48029613494873, -11.550342559814453]]
[332953, 10, 0, [1.1450356245040894, -7.181280136108398]]
[332953, 16, 0, [8.12964916229248, -8.11723804473877]]
[332953, 15, 0, [12.390729904174805, -0.10794352740049362]]
[332953, 3, 0, [0.11913961172103882, -0.0946311205625534]]
[332953, 21, 0, [0.12333282828330994, -9.085524559020996]]
[332953, 11, 0, [3.81223464012146, -1.5446577072143555]]
[332953, 20, 0, [5.487218379974365, -6.476895332336426]]
[332953, 19, 0, [12.32919692993164, -4.0071282386779785]]
[332953, 23, 1, [5.876607418060303, -4.418548107147217]]
[332953, 22, 1, [3.779236316680908, -6.595672130584717]]
[332953, 7, 1, [7.05361270904541, -0.3038140535354614]]
[332953, 13, 1, [5.277935028076172, -12.380745887756348]]
[332953, 18, 1, [3.779615640640259, -1.3553483486175537]]
[332953, 2, 1, [5.672242164611816, -6.426584243774414]]
[332953, 1, 1, [6.190728664398193, -11.3069429397583]]
[332953, 24, 1, [7.7320661544799805, -5.4545722007751465]]
[340403, 'popsize', 18, 'queuesize', 0]
[341403, 6, 0, [0.12332945317029953, -8.040810585021973]]
[341403, 0, 0, [11.542996406555176, -11.557027816772461]]
[341403, 10, 0, [1.1921807527542114, -7.250802516937256]]
[341403, 16, 0, [8.153717041015625, -8.071746826171875]]
[341403, 15, 0, [12.390719413757324, -0.10793685168027878]]
[341403, 3, 0, [0.11914186924695969, -0.09463053941726685]]
[341403, 21, 0, [0.1233355700969696, -9.082551956176758]]
[341403, 11, 0, [3.8126580715179443, -1.488355278968811]]
[341403, 20, 0, [5.518708229064941, -6.503613471984863]]
[341403, 19, 0, [12.351363182067871, -4.713658332824707]]
[341403, 23, 1, [5.674851417541504, -4.92032527923584]]
[341403, 22, 1, [3.397233009338379, -6.504700660705566]]
[341403, 7, 1, [7.008044719696045, -0.3080439269542694]]
[341403, 13, 1, [5.2460808753967285, -12.384575843811035]]
[341403, 18, 1, [3.7995553016662598, -1.296718955039978]]
[341403, 2, 1, [5.703883171081543, -6.452837944030762]]
[341403, 1, 1, [6.12373161315918, -11.281329154968262]]
[341403, 24, 1, [7.660560131072998, -5.577239990234375]]
[348753, 'popsize', 18, 'queuesize', 0]
[349703, 6, 0, [0.12333355844020844, -8.037461280822754]]
[349703, 0, 0, [11.54201889038086, -11.596992492675781]]
[349703, 10, 0, [1.1624191999435425, -7.294738292694092]]
[349703, 16, 0, [8.186603546142578, -8.01797866821289]]
[349703, 15, 0, [12.390719413757324, -0.10794433951377869]]
[349703, 3, 0, [0.11920662969350815, -0.09452638775110245]]
[349703, 21, 0, [0.12333826720714569, -9.077603340148926]]
[349703, 11, 0, [3.8195791244506836, -1.4245558977127075]]
[349703, 20, 0, [5.549071311950684, -6.530155658721924]]
[349703, 19, 0, [12.381298065185547, -5.161726951599121]]
[349703, 23, 1, [5.612819671630859, -5.019615173339844]]
[349703, 22, 1, [3.7243521213531494, -6.611578941345215]]
[349703, 7, 1, [6.951562404632568, -0.14060533046722412]]
[349703, 13, 1, [5.216213703155518, -12.3842134475708]]
[349703, 18, 1, [3.825371742248535, -1.2325342893600464]]
[349703, 2, 1, [5.734501838684082, -6.479095458984375]]
[349703, 1, 1, [6.068857192993164, -11.242593765258789]]
[349703, 24, 1, [7.670917987823486, -5.384381294250488]]
[357103, 'popsize', 18, 'queuesize', 0]
[358053, 6, 0, [0.12333700805902481, -8.033479690551758]]
[358053, 0, 0, [11.513803482055664, -11.591157913208008]]
[358053, 10, 0, [1.1445577144622803, -7.295487403869629]]
[358053, 16, 0, [8.218934059143066, -7.967975616455078]]
[358053, 15, 0, [12.390710830688477, -0.10793642699718475]]
[358053, 3, 0, [0.11914853006601334, -0.09462378919124603]]
[358053, 21, 0, [0.12333279848098755, -9.074554443359375]]
[358053, 11, 0, [3.831286668777466, -1.3563766479492188]]
[358053, 20, 0, [5.5819807052612305, -6.5552520751953125]]
[358053, 19, 0, [12.354890823364258, -5.187426567077637]]
[358053, 23, 1, [5.603540420532227, -5.07478141784668]]
[358053, 22, 1, [3.7775697708129883, -6.6309943199157715]]
[358053, 7, 1, [6.89711856842041, -0.16756106913089752]]
[358053, 13, 1, [5.186199188232422, -12.385069847106934]]
[358053, 18, 1, [3.859104633331299, -1.1665968894958496]]
[358053, 2, 1, [5.767106056213379, -6.505165100097656]]
[358053, 1, 1, [6.0167341232299805, -11.188098907470703]]
[358053, 24, 1, [7.757369041442871, -6.059428691864014]]
[365403, 'popsize', 18, 'queuesize', 0]
[366403, 6, 0, [0.1233314648270607, -8.02983570098877]]
[366403, 0, 0, [11.635879516601562, -11.826587677001953]]
[366403, 10, 0, [1.1563150882720947, -7.295076847076416]]
[366403, 16, 0, [8.246220588684082, -7.933298110961914]]
[366403, 15, 0, [12.39071273803711, -0.10794148594141006]]
[366403, 3, 0, [0.11922376602888107, -0.09450185298919678]]
[366403, 21, 0, [0.12333571910858154, -9.06889820098877]]
[366403, 11, 0, [3.8518786430358887, -1.2905094623565674]]
[366403, 20, 0, [5.613407611846924, -6.581106662750244]]
[366403, 19, 0, [12.32101058959961, -5.218048572540283]]
[366403, 23, 1, [5.56251859664917, -5.047679901123047]]
[366403, 22, 1, [3.8400371074676514, -6.648207187652588]]
[366403, 7, 1, [6.939153671264648, -0.1426258236169815]]
[366403, 13, 1, [5.1593122482299805, -12.386327743530273]]
[366403, 18, 1, [3.900115489959717, -1.1048818826675415]]
[366403, 2, 1, [5.798632621765137, -6.531367778778076]]
[366403, 1, 1, [5.975456714630127, -11.125605583190918]]
[366403, 24, 1, [7.804279327392578, -6.303056716918945]]
[373803, 'popsize', 18, 'queuesize', 0]
[374753, 6, 0, [0.12333495914936066, -8.02383041381836]]
[374753, 0, 0, [11.85969352722168, -12.335832595825195]]
[374753, 10, 0, [1.140088438987732, -7.33162260055542]]
[374753, 16, 0, [8.266528129577637, -7.881040573120117]]
[374753, 15, 0, [12.39070987701416, -0.10794120281934738]]
[374753, 3, 0, [0.11922720074653625, -0.09449847787618637]]
[374753, 21, 0, [0.12333424389362335, -9.066495895385742]]
[374753, 11, 0, [3.878978967666626, -1.2267203330993652]]
[374753, 20, 0, [5.645327568054199, -6.607611179351807]]
[374753, 19, 0, [12.393926620483398, -5.162825584411621]]
[374753, 23, 1, [5.480641841888428, -5.5746588706970215]]
[374753, 22, 1, [3.9034388065338135, -6.670034885406494]]
[374753, 7, 1, [6.959064960479736, -0.18339180946350098]]
[374753, 13, 1, [5.114109039306641, -12.389494895935059]]
[374753, 18, 1, [3.94785737991333, -1.046936273574829]]
[374753, 2, 1, [5.830656051635742, -6.557518482208252]]
[374753, 1, 1, [5.943767547607422, -11.057101249694824]]
[374753, 24, 1, [7.794912815093994, -6.320306777954102]]
[382203, 'popsize', 18, 'queuesize', 0]
[383153, 6, 0, [0.12333042919635773, -8.020401954650879]]
[383153, 0, 0, [11.868176460266113, -12.37759017944336]]
[383153, 10, 0, [1.1364620923995972, -7.336334228515625]]
[383153, 16, 0, [8.267107009887695, -7.860141277313232]]
[383153, 15, 0, [12.390707969665527, -0.10793886333703995]]
[383153, 3, 0, [0.11920960992574692, -0.09452838450670242]]
[383153, 21, 0, [0.12333377450704575, -9.062582015991211]]
[383153, 11, 0, [3.91330623626709, -1.1662827730178833]]
[383153, 20, 0, [5.676294803619385, -6.6349406242370605]]
[383153, 19, 0, [12.382960319519043, -5.290923118591309]]
[383153, 23, 1, [5.447478771209717, -5.683813571929932]]
[383153, 22, 1, [3.5198793411254883, -6.579326152801514]]
[383153, 7, 1, [6.908551216125488, -0.19621926546096802]]
[383153, 13, 1, [5.022234916687012, -12.392102241516113]]
[383153, 18, 1, [4.0020318031311035, -0.9954460859298706]]
[383153, 2, 1, [5.861520767211914, -6.584942817687988]]
[383153, 1, 1, [5.922786712646484, -10.983945846557617]]
[383153, 24, 1, [7.520033359527588, -6.369063377380371]]
[390453, 'popsize', 18, 'queuesize', 0]
[391403, 6, 0, [0.12333711981773376, -8.014013290405273]]
[391403, 0, 0, [11.877904891967773, -12.366436004638672]]
[391403, 10, 0, [1.1432907581329346, -7.342240810394287]]
[391403, 16, 0, [8.324368476867676, -7.891304969787598]]
[391403, 15, 0, [12.390707969665527, -0.10794176161289215]]
[391403, 3, 0, [0.11918877810239792, -0.09456317126750946]]
[391403, 21, 0, [0.12333499640226364, -9.059998512268066]]
[391403, 11, 0, [3.9505999088287354, -1.1155190467834473]]
[391403, 20, 0, [5.706249237060547, -6.661435604095459]]
[391403, 19, 0, [12.37887191772461, -5.454885959625244]]
[391403, 23, 1, [5.448533058166504, -5.7354254722595215]]
[391403, 22, 1, [3.848886251449585, -6.675140857696533]]
[391403, 7, 1, [6.9057488441467285, -0.1486973911523819]]
[391403, 13, 1, [4.931018829345703, -12.392098426818848]]
[391403, 18, 1, [4.058046817779541, -0.9565394520759583]]
[391403, 2, 1, [5.8915934562683105, -6.611379146575928]]
[391403, 1, 1, [5.912813663482666, -10.911429405212402]]
[391403, 24, 1, [7.043330192565918, -6.83251428604126]]
[398754, 'popsize', 18, 'queuesize', 0]
[399704, 6, 0, [0.12334134429693222, -8.010037422180176]]
[399704, 0, 0, [11.875401496887207, -12.370866775512695]]
[399704, 10, 0, [1.1467007398605347, -7.354743480682373]]
[399704, 16, 0, [8.293973922729492, -7.858183860778809]]
[399704, 15, 0, [12.390698432922363, -0.10793722420930862]]
[399704, 3, 0, [0.11924225091934204, -0.09447693079710007]]
[399704, 21, 0, [0.12333744764328003, -9.057516098022461]]
[399704, 11, 0, [3.996342182159424, -1.0666369199752808]]
[399704, 20, 0, [5.736700534820557, -6.687159538269043]]
[399704, 19, 0, [12.394537925720215, -5.36716365814209]]
[399704, 23, 1, [5.397701263427734, -5.719132900238037]]
[399704, 22, 1, [3.9130873680114746, -6.696076393127441]]
[399704, 7, 1, [6.916067123413086, -0.144852876663208]]
[399704, 13, 1, [4.839397430419922, -12.392056465148926]]
[399704, 18, 1, [4.120598316192627, -0.919734001159668]]
[399704, 2, 1, [5.922088623046875, -6.637438774108887]]
[399704, 1, 1, [5.913415431976318, -10.83387279510498]]
[399704, 24, 1, [6.699152946472168, -7.404689788818359]]
[407004, 'popsize', 18, 'queuesize', 0]
[407954, 6, 0, [0.12333465367555618, -8.005194664001465]]
[407954, 0, 0, [11.8671236038208, -12.37657356262207]]
[407954, 10, 0, [1.1317996978759766, -7.397502899169922]]
[407954, 16, 0, [8.244369506835938, -7.879444122314453]]
[407954, 15, 0, [12.390698432922363, -0.10794061422348022]]
[407954, 3, 0, [0.11920242011547089, -0.09453646838665009]]
[407954, 21, 0, [0.12333562225103378, -9.054472923278809]]
[407954, 11, 0, [4.041613578796387, -1.0277026891708374]]
[407954, 20, 0, [5.766171932220459, -6.7124714851379395]]
[407954, 19, 0, [12.35604476928711, -5.326075077056885]]
[407954, 23, 1, [5.526744842529297, -6.227886199951172]]
[407954, 22, 1, [3.9612650871276855, -6.7140045166015625]]
[407954, 7, 1, [6.918858051300049, -0.14769326150417328]]
[407954, 13, 1, [4.748167037963867, -12.392077445983887]]
[407954, 18, 1, [4.181256294250488, -0.8962867856025696]]
[407954, 2, 1, [5.951696872711182, -6.662684440612793]]
[407954, 1, 1, [5.923249244689941, -10.761896133422852]]
[407954, 24, 1, [6.506058216094971, -8.052573204040527]]
[415254, 'popsize', 18, 'queuesize', 0]
[416204, 6, 0, [0.12334133684635162, -8.002034187316895]]
[416204, 0, 0, [11.860340118408203, -12.374529838562012]]
[416204, 10, 0, [1.0833759307861328, -7.415464401245117]]
[416204, 16, 0, [8.233744621276855, -7.882777214050293]]
[416204, 15, 0, [12.390692710876465, -0.10793906450271606]]
[416204, 3, 0, [0.11921358853578568, -0.09452658146619797]]
[416204, 21, 0, [0.12333153188228607, -9.051469802856445]]
[416204, 11, 0, [4.095834732055664, -0.9911844730377197]]
[416204, 20, 0, [5.7963385581970215, -6.737313270568848]]
[416204, 19, 0, [12.402185440063477, -5.528398036956787]]
[416204, 23, 1, [5.533885478973389, -6.343844890594482]]
[416204, 22, 1, [4.1648664474487305, -6.785021781921387]]
[416204, 7, 1, [6.893396377563477, -0.18843093514442444]]
[416204, 13, 1, [4.657248497009277, -12.392115592956543]]
[416204, 18, 1, [4.249589920043945, -0.8761962652206421]]
[416204, 2, 1, [5.981972694396973, -6.688616752624512]]
[416204, 1, 1, [5.943233013153076, -10.692220687866211]]
[416204, 24, 1, [6.494390487670898, -8.238390922546387]]
[423504, 'popsize', 18, 'queuesize', 0]
[424454, 6, 0, [0.12333177775144577, -7.998900413513184]]
[424454, 0, 0, [11.857809066772461, -12.365683555603027]]
[424454, 10, 0, [1.0759271383285522, -7.3842597007751465]]
[424454, 16, 0, [8.19227123260498, -7.8431172370910645]]
[424454, 15, 0, [12.390694618225098, -0.10794194787740707]]
[424454, 3, 0, [0.11917206645011902, -0.09459589421749115]]
[424454, 21, 0, [0.12333333492279053, -9.04611873626709]]
[424454, 11, 0, [4.15041446685791, -0.9629201889038086]]
[424454, 20, 0, [5.826872825622559, -6.763400077819824]]
[424454, 19, 0, [12.385030746459961, -5.568734645843506]]
[424454, 23, 1, [5.564138412475586, -6.3894500732421875]]
[424454, 22, 1, [3.921412229537964, -6.72332239151001]]
[424454, 7, 1, [6.854398250579834, -0.16052593290805817]]
[424454, 13, 1, [4.5666069984436035, -12.392127990722656]]
[424454, 18, 1, [4.316139221191406, -0.8659950494766235]]
[424454, 2, 1, [6.012197017669678, -6.7143425941467285]]
[424454, 1, 1, [5.968113422393799, -10.633895874023438]]
[424454, 24, 1, [6.48876428604126, -8.049370765686035]]
[431654, 'popsize', 18, 'queuesize', 0]
[432604, 6, 0, [0.12333141267299652, -7.9935407638549805]]
[432604, 0, 0, [11.85599136352539, -12.361713409423828]]
[432604, 10, 0, [1.1259251832962036, -7.419319152832031]]
[432604, 16, 0, [8.238940238952637, -7.885962963104248]]
[432604, 15, 0, [12.390682220458984, -0.10793616622686386]]
[432604, 3, 0, [0.11918973922729492, -0.09456351399421692]]
[432604, 21, 0, [0.12333530932664871, -9.043403625488281]]
[432604, 11, 0, [4.2195000648498535, -0.935675859451294]]
[432604, 20, 0, [5.854221343994141, -6.790737152099609]]
[432604, 19, 0, [12.385601043701172, -5.44199275970459]]
[432604, 23, 1, [5.51748514175415, -6.406846046447754]]
[432604, 22, 1, [4.106517791748047, -6.78544807434082]]
[432604, 7, 1, [6.877877712249756, -0.13307499885559082]]
[432604, 13, 1, [4.4786529541015625, -12.392087936401367]]
[432604, 18, 1, [4.395240783691406, -0.858583390712738]]
[432604, 2, 1, [6.03983211517334, -6.741661548614502]]
[432604, 1, 1, [6.001952648162842, -10.579476356506348]]
[432604, 24, 1, [6.5525736808776855, -8.721659660339355]]
[439954, 'popsize', 18, 'queuesize', 0]
[440904, 6, 0, [0.1233377754688263, -7.98679256439209]]
[440904, 0, 0, [11.861093521118164, -12.349574089050293]]
[440904, 10, 0, [1.124087929725647, -7.488758563995361]]
[440904, 16, 0, [8.279919624328613, -7.848271369934082]]
[440904, 15, 0, [12.390684127807617, -0.10793866962194443]]
[440904, 3, 0, [0.11923430860042572, -0.0944945365190506]]
[440904, 21, 0, [0.12333255261182785, -9.039104461669922]]
[440904, 11, 0, [4.268014907836914, -0.9341339468955994]]
[440904, 20, 0, [5.885591983795166, -6.817781925201416]]
[440904, 19, 0, [12.373656272888184, -5.489884376525879]]
[440904, 23, 1, [5.508660316467285, -6.354732990264893]]
[440904, 22, 1, [3.862009048461914, -6.727038860321045]]
[440904, 7, 1, [6.920206069946289, -0.16314038634300232]]
[440904, 13, 1, [4.386967658996582, -12.39207935333252]]
[440904, 18, 1, [4.450274467468262, -0.8720072507858276]]
[440904, 2, 1, [6.071366310119629, -6.767892360687256]]
[440904, 1, 1, [6.044266223907471, -10.529001235961914]]
[440904, 24, 1, [6.698894023895264, -9.311487197875977]]
[448204, 'popsize', 18, 'queuesize', 0]
[449154, 6, 0, [0.12333303689956665, -7.982725620269775]]
[449154, 0, 0, [11.909167289733887, -12.381699562072754]]
[449154, 10, 0, [1.0798287391662598, -7.521340847015381]]
[449154, 16, 0, [8.272838592529297, -7.798926830291748]]
[449154, 15, 0, [12.390689849853516, -0.10794458538293839]]
[449154, 3, 0, [0.11914791166782379, -0.09464026242494583]]
[449154, 21, 0, [0.12333416938781738, -9.035426139831543]]
[449154, 11, 0, [4.31174898147583, -0.9377117156982422]]
[449154, 20, 0, [5.91530179977417, -6.844337463378906]]
[449154, 19, 0, [12.375448226928711, -5.506237030029297]]
[449154, 23, 1, [5.561422824859619, -6.3634467124938965]]
[449154, 22, 1, [4.067648887634277, -6.781843185424805]]
[449154, 7, 1, [6.890547275543213, -0.20069535076618195]]
[449154, 13, 1, [4.295948505401611, -12.392044067382812]]
[449154, 18, 1, [4.497735977172852, -0.887818455696106]]
[449154, 2, 1, [6.101073741912842, -6.794360160827637]]
[449154, 1, 1, [6.095627784729004, -10.483283996582031]]
[449154, 24, 1, [6.672529697418213, -9.27855396270752]]
[456504, 'popsize', 18, 'queuesize', 0]
[457454, 6, 0, [0.12333083897829056, -7.979965686798096]]
[457454, 0, 0, [11.920571327209473, -12.377482414245605]]
[457454, 10, 0, [1.061949610710144, -7.519504547119141]]
[457454, 16, 0, [8.258838653564453, -7.795629024505615]]
[457454, 15, 0, [12.390681266784668, -0.10794021189212799]]
[457454, 3, 0, [0.11923680454492569, -0.0944913849234581]]
[457454, 21, 0, [0.12333372235298157, -9.032691955566406]]
[457454, 11, 0, [4.357555866241455, -0.9423365592956543]]
[457454, 20, 0, [5.945183277130127, -6.870576858520508]]
[457454, 19, 0, [12.397408485412598, -5.57492733001709]]
[457454, 23, 1, [5.543191909790039, -6.409013748168945]]
[457454, 22, 1, [3.8148741722106934, -6.733405113220215]]
[457454, 7, 1, [6.859216690063477, -0.168294757604599]]
[457454, 13, 1, [4.204214096069336, -12.392045021057129]]
[457454, 18, 1, [4.546566009521484, -0.905564546585083]]
[457454, 2, 1, [6.131099224090576, -6.821516036987305]]
[457454, 1, 1, [6.156702041625977, -10.445207595825195]]
[457454, 24, 1, [6.63560152053833, -9.317831039428711]]
[464854, 'popsize', 18, 'queuesize', 0]
[465804, 6, 0, [0.12332984805107117, -7.975156784057617]]
[465804, 0, 0, [11.919914245605469, -12.373848915100098]]
[465804, 10, 0, [1.0248010158538818, -7.536592483520508]]
[465804, 16, 0, [8.2261962890625, -7.749791145324707]]
[465804, 15, 0, [12.390673637390137, -0.10793649405241013]]
[465804, 3, 0, [0.1191779375076294, -0.09458724409341812]]
[465804, 21, 0, [0.12333439290523529, -9.026865005493164]]
[465804, 11, 0, [4.40559196472168, -0.9496893882751465]]
[465804, 20, 0, [5.976198673248291, -6.89715576171875]]
[465804, 19, 0, [12.37757396697998, -5.651730537414551]]
[465804, 23, 1, [5.508792877197266, -6.371394157409668]]
[465804, 22, 1, [3.8498291969299316, -6.747129917144775]]
[465804, 7, 1, [6.898921489715576, -0.13915476202964783]]
[465804, 13, 1, [4.112040042877197, -12.392045974731445]]
[465804, 18, 1, [4.597194194793701, -0.9272454977035522]]
[465804, 2, 1, [6.162087440490723, -6.848380088806152]]
[465804, 1, 1, [6.221876621246338, -10.41766357421875]]
[465804, 24, 1, [5.950306415557861, -9.268080711364746]]
[473104, 'popsize', 18, 'queuesize', 0]
[474054, 6, 0, [0.12333433330059052, -7.969446182250977]]
[474054, 0, 0, [11.915312767028809, -12.372079849243164]]
[474054, 10, 0, [0.9794726371765137, -7.536605358123779]]
[474054, 16, 0, [8.223551750183105, -7.762523174285889]]
[474054, 15, 0, [12.390679359436035, -0.10794529318809509]]
[474054, 3, 0, [0.11918061226606369, -0.09458235651254654]]
[474054, 21, 0, [0.12333381921052933, -9.02432918548584]]
[474054, 11, 0, [4.45636510848999, -0.9617892503738403]]
[474054, 20, 0, [6.007462024688721, -6.923107624053955]]
[474054, 19, 0, [12.39506721496582, -5.729646682739258]]
[474054, 23, 1, [5.553185939788818, -6.342203617095947]]
[474054, 22, 1, [3.4825570583343506, -6.677656650543213]]
[474054, 7, 1, [6.913177013397217, -0.1869683712720871]]
[474054, 13, 1, [4.021010875701904, -12.392034530639648]]
[474054, 18, 1, [4.648361682891846, -0.9528985619544983]]
[474054, 2, 1, [6.193080902099609, -6.874635696411133]]
[474054, 1, 1, [6.288328170776367, -10.401525497436523]]
[474054, 24, 1, [5.693338394165039, -9.322819709777832]]
[481354, 'popsize', 18, 'queuesize', 0]
[482404, 6, 0, [0.1233382374048233, -7.965837478637695]]
[482404, 0, 0, [11.91283130645752, -12.365438461303711]]
[482404, 10, 0, [0.9932705163955688, -7.515304088592529]]
[482404, 16, 0, [8.18734359741211, -7.733335971832275]]
[482404, 15, 0, [12.390666007995605, -0.10793516784906387]]
[482404, 3, 0, [0.11920813471078873, -0.09453039616346359]]
[482404, 21, 0, [0.12333493679761887, -9.021109580993652]]
[482404, 11, 0, [4.508014678955078, -0.9764838814735413]]
[482404, 20, 0, [6.0369553565979, -6.949132442474365]]
[482404, 19, 0, [12.377443313598633, -5.781668186187744]]
[482404, 23, 1, [5.660168170928955, -6.576970100402832]]
[482404, 22, 1, [3.7885329723358154, -6.749604225158691]]
[482404, 7, 1, [6.865240097045898, -0.19828446209430695]]
[482404, 13, 1, [3.929858684539795, -12.392022132873535]]
[482404, 18, 1, [4.700046539306641, -0.9826764464378357]]
[482404, 2, 1, [6.222787380218506, -6.901022911071777]]
[482404, 1, 1, [6.3570146560668945, -10.395495414733887]]
[482404, 24, 1, [5.748475551605225, -9.380136489868164]]
[489754, 'popsize', 18, 'queuesize', 0]
[490704, 6, 0, [0.12332699447870255, -7.961705207824707]]
[490704, 0, 0, [11.893879890441895, -12.353559494018555]]
[490704, 10, 0, [0.9925066828727722, -7.585062026977539]]
[490704, 16, 0, [8.212254524230957, -7.738712787628174]]
[490704, 15, 0, [12.390668869018555, -0.10794142633676529]]
[490704, 3, 0, [0.1266016662120819, -0.18858639895915985]]
[490704, 21, 0, [0.1233358234167099, -9.018580436706543]]
[490704, 11, 0, [4.56403923034668, -0.9973393678665161]]
[490704, 20, 0, [6.067665100097656, -6.9759297370910645]]
[490704, 19, 0, [12.359085083007812, -5.805532932281494]]
[490704, 23, 1, [5.710256099700928, -6.683395862579346]]
[490704, 22, 1, [3.41198992729187, -6.6729583740234375]]
[490704, 7, 1, [6.859580993652344, -0.14727361500263214]]
[490704, 13, 1, [3.8371357917785645, -12.392090797424316]]
[490704, 18, 1, [4.754734516143799, -1.0170339345932007]]
[490704, 2, 1, [6.253989219665527, -6.9279866218566895]]
[490704, 1, 1, [6.425042152404785, -10.399409294128418]]
[490704, 24, 1, [6.416584491729736, -9.560711860656738]]
[498005, 'popsize', 18, 'queuesize', 0]
[499054, 6, 0, [0.12333159148693085, -7.958735466003418]]
[499054, 0, 0, [11.932602882385254, -12.379691123962402]]
[499054, 10, 0, [0.9547936320304871, -7.616130828857422]]
[499054, 16, 0, [8.164798736572266, -7.7240166664123535]]
[499054, 15, 0, [12.390664100646973, -0.10794167965650558]]
[499054, 3, 0, [0.13361400365829468, -0.1293840855360031]]
[499054, 21, 0, [0.12333275377750397, -9.016181945800781]]
[499054, 11, 0, [4.621546268463135, -1.0225616693496704]]
[499054, 20, 0, [6.099206447601318, -7.002974987030029]]
[499054, 19, 0, [12.203658103942871, -5.5472612380981445]]
[499054, 23, 1, [5.400708198547363, -6.720412254333496]]
[499054, 22, 1, [3.7465291023254395, -6.741361141204834]]
[499054, 7, 1, [6.845919132232666, -0.13572700321674347]]
[499054, 13, 1, [3.7456562519073486, -12.392107963562012]]
[499054, 18, 1, [4.810678958892822, -1.0562292337417603]]
[499054, 2, 1, [6.285177707672119, -6.955093860626221]]
[499054, 1, 1, [6.493563652038574, -10.415083885192871]]
[499054, 24, 1, [7.106867790222168, -9.652883529663086]]
[506405, 'popsize', 18, 'queuesize', 0]
[507355, 6, 0, [0.12333138287067413, -7.955196857452393]]
[507355, 0, 0, [11.919841766357422, -12.374266624450684]]
[507355, 10, 0, [0.9606571793556213, -7.597104549407959]]
[507355, 16, 0, [8.147329330444336, -7.710484504699707]]
[507355, 15, 0, [12.390661239624023, -0.1079430803656578]]
[507355, 3, 0, [0.18884825706481934, -0.1709599792957306]]
[507355, 21, 0, [0.12333321571350098, -9.012136459350586]]
[507355, 11, 0, [4.67229700088501, -1.049496054649353]]
[507355, 20, 0, [6.130115032196045, -7.029885292053223]]
[507355, 19, 0, [12.200430870056152, -5.550800323486328]]
[507355, 23, 1, [5.402292728424072, -7.030277252197266]]
[507355, 22, 1, [3.3653087615966797, -6.670354843139648]]
[507355, 7, 1, [6.833709239959717, -0.14130865037441254]]
[507355, 13, 1, [3.653017520904541, -12.392123222351074]]
[507355, 18, 1, [4.85842752456665, -1.0986356735229492]]
[507355, 2, 1, [6.316001892089844, -6.981314182281494]]
[507355, 1, 1, [6.5575032234191895, -10.440044403076172]]
[507355, 24, 1, [7.709325790405273, -9.615604400634766]]
[514655, 'popsize', 18, 'queuesize', 0]
[515605, 6, 0, [0.12333741039037704, -7.94726037979126]]
[515605, 0, 0, [11.932616233825684, -12.37256908416748]]
[515605, 10, 0, [0.9242787957191467, -7.5667243003845215]]
[515605, 16, 0, [8.134428977966309, -7.664368152618408]]
[515605, 15, 0, [12.390646934509277, -0.10793238878250122]]
[515605, 3, 0, [0.15731103718280792, -0.21424996852874756]]
[515605, 21, 0, [0.12333287298679352, -9.009506225585938]]
[515605, 11, 0, [4.722240447998047, -1.079672932624817]]
[515605, 20, 0, [6.163122177124023, -7.056938171386719]]
[515605, 19, 0, [12.179025650024414, -5.475179195404053]]
[515605, 23, 1, [5.928675174713135, -7.002030372619629]]
[515605, 22, 1, [3.695573568344116, -6.7385759353637695]]
[515605, 7, 1, [6.821008205413818, -0.18627384305000305]]
[515605, 13, 1, [3.5623526573181152, -12.392097473144531]]
[515605, 18, 1, [4.90270471572876, -1.144374966621399]]
[515605, 2, 1, [6.347325801849365, -7.007331848144531]]
[515605, 1, 1, [6.618534564971924, -10.475503921508789]]
[515605, 24, 1, [7.444031715393066, -9.387211799621582]]
[523355, 'popsize', 19, 'queuesize', 0]
[524355, 6, 0, [0.12332875281572342, -7.941835880279541]]
[524355, 0, 0, [11.918797492980957, -12.357613563537598]]
[524355, 10, 0, [0.9544916749000549, -7.514586925506592]]
[524355, 16, 0, [8.113255500793457, -7.665745735168457]]
[524355, 15, 0, [12.39065170288086, -0.10794033855199814]]
[524355, 3, 0, [0.13597877323627472, -0.15703661739826202]]
[524355, 21, 0, [0.12333348393440247, -9.005499839782715]]
[524355, 11, 0, [4.770831108093262, -1.115864872932434]]
[524355, 20, 0, [6.219597339630127, -7.098031044006348]]
[524355, 19, 0, [12.067856788635254, -5.3552398681640625]]
[524355, 4, 0, [11.102388381958008, -3.802360773086548]]
[524355, 23, 1, [6.0433669090271, -6.997164249420166]]
[524355, 22, 1, [3.29864239692688, -6.675273895263672]]
[524355, 7, 1, [6.834676265716553, -0.10796626657247543]]
[524355, 13, 1, [3.4671213626861572, -12.392016410827637]]
[524355, 18, 1, [4.9450788497924805, -1.1966643333435059]]
[524355, 2, 1, [6.400890827178955, -7.034581184387207]]
[524355, 1, 1, [6.673341274261475, -10.519877433776855]]
[524355, 24, 1, [7.73661470413208, -9.67841911315918]]
[532105, 'popsize', 19, 'queuesize', 0]
[533105, 6, 0, [0.12333584576845169, -7.937859535217285]]
[533105, 0, 0, [11.901813507080078, -12.337985038757324]]
[533105, 10, 0, [0.9873194098472595, -7.586137771606445]]
[533105, 16, 0, [8.070576667785645, -7.612143039703369]]
[533105, 15, 0, [12.390645980834961, -0.10793928056955338]]
[533105, 3, 0, [0.19000333547592163, -0.17139789462089539]]
[533105, 21, 0, [0.12333792448043823, -9.00098991394043]]
[533105, 11, 0, [4.82035493850708, -1.1597565412521362]]
[533105, 20, 0, [6.254970550537109, -7.1320953369140625]]
[533105, 19, 0, [12.202427864074707, -6.055445671081543]]
[533105, 4, 0, [11.091642379760742, -3.7528293132781982]]
[533105, 23, 1, [6.095633029937744, -6.992033958435059]]
[533105, 22, 1, [3.6783030033111572, -6.755649089813232]]
[533105, 7, 1, [6.825832366943359, -0.12095962464809418]]
[533105, 13, 1, [3.373741626739502, -12.392019271850586]]
[533105, 18, 1, [4.987245082855225, -1.25475013256073]]
[533105, 2, 1, [6.4342942237854, -7.063011169433594]]
[533105, 1, 1, [6.7248101234436035, -10.57475471496582]]
[533105, 24, 1, [8.271014213562012, -10.015178680419922]]
[540855, 'popsize', 19, 'queuesize', 0]
[541855, 6, 0, [0.12333528697490692, -7.9334564208984375]]
[541855, 0, 0, [11.977153778076172, -12.38288688659668]]
[541855, 10, 0, [0.9236323237419128, -7.649568557739258]]
[541855, 16, 0, [8.06360912322998, -7.672627925872803]]
[541855, 15, 0, [12.39063549041748, -0.1079351007938385]]
[541855, 3, 0, [0.14078934490680695, -0.20372433960437775]]
[541855, 21, 0, [0.12333723902702332, -8.998655319213867]]
[541855, 11, 0, [4.862756252288818, -1.204298734664917]]
[541855, 20, 0, [6.2901811599731445, -7.154748439788818]]
[541855, 19, 0, [12.397821426391602, -6.692363739013672]]
[541855, 4, 0, [11.109467506408691, -3.7330222129821777]]
[541855, 23, 1, [6.231836318969727, -6.6931843757629395]]
[541855, 22, 1, [3.7268524169921875, -6.769706726074219]]
[541855, 7, 1, [6.836928844451904, -0.130817711353302]]
[541855, 13, 1, [3.276665687561035, -12.392053604125977]]
[541855, 18, 1, [5.020177841186523, -1.3132057189941406]]
[541855, 2, 1, [6.469921112060547, -7.086476802825928]]
[541855, 1, 1, [6.767737865447998, -10.637764930725098]]
[541855, 24, 1, [8.316168785095215, -9.57445240020752]]
[549605, 'popsize', 19, 'queuesize', 0]
[550605, 6, 0, [0.1233341246843338, -7.929450511932373]]
[550605, 0, 0, [12.033740043640137, -12.350769996643066]]
[550605, 10, 0, [0.894283652305603, -7.653461933135986]]
[550605, 16, 0, [8.111870765686035, -7.634492874145508]]
[550605, 15, 0, [12.390629768371582, -0.10793756693601608]]
[550605, 3, 0, [0.15385647118091583, -0.14327286183834076]]
[550605, 21, 0, [0.12333368510007858, -8.996243476867676]]
[550605, 11, 0, [4.89349365234375, -1.2461432218551636]]
[550605, 20, 0, [6.32390832901001, -7.178470611572266]]
[550605, 19, 0, [12.39202880859375, -6.774628162384033]]
[550605, 4, 0, [11.117313385009766, -3.775426149368286]]
[550605, 23, 1, [6.23264217376709, -6.752902030944824]]
[550605, 22, 1, [3.7674295902252197, -6.7815752029418945]]
[550605, 7, 1, [6.846235275268555, -0.18178480863571167]]
[550605, 13, 1, [3.180183172225952, -12.392118453979492]]
[550605, 18, 1, [5.041220188140869, -1.3679710626602173]]
[550605, 2, 1, [6.503536701202393, -7.11055326461792]]
[550605, 1, 1, [6.80098819732666, -10.70678997039795]]
[550605, 24, 1, [8.280232429504395, -8.86962890625]]
[558305, 'popsize', 19, 'queuesize', 0]
[559355, 6, 0, [0.12333180010318756, -7.924790382385254]]
[559355, 0, 0, [12.001297950744629, -12.384156227111816]]
[559355, 10, 0, [0.860388457775116, -7.680657863616943]]
[559355, 16, 0, [8.046916007995605, -7.620808124542236]]
[559355, 15, 0, [12.390619277954102, -0.10793202370405197]]
[559355, 3, 0, [0.18621498346328735, -0.19288529455661774]]
[559355, 21, 0, [0.12333326786756516, -8.990854263305664]]
[559355, 11, 0, [4.920340061187744, -1.2910103797912598]]
[559355, 20, 0, [6.359933853149414, -7.203847408294678]]
[559355, 19, 0, [12.392014503479004, -6.8712286949157715]]
[559355, 4, 0, [11.056988716125488, -3.7706875801086426]]
[559355, 23, 1, [6.1939849853515625, -6.7136006355285645]]
[559355, 22, 1, [3.816516160964966, -6.796220779418945]]
[559355, 7, 1, [6.609304904937744, -0.1469297707080841]]
[559355, 13, 1, [3.084725856781006, -12.392109870910645]]
[559355, 18, 1, [5.058770656585693, -1.4246643781661987]]
[559355, 2, 1, [6.5390520095825195, -7.135066986083984]]
[559355, 1, 1, [6.822929382324219, -10.779147148132324]]
[559355, 24, 1, [8.099815368652344, -8.304708480834961]]
[566955, 'popsize', 19, 'queuesize', 0]
[567955, 6, 0, [0.12333080917596817, -7.921602725982666]]
[567955, 0, 0, [12.026287078857422, -12.380965232849121]]
[567955, 10, 0, [0.8754125237464905, -7.653090000152588]]
[567955, 16, 0, [8.075899124145508, -7.670401573181152]]
[567955, 15, 0, [12.390633583068848, -0.1079481914639473]]
[567955, 3, 0, [0.12318751960992813, -0.1699102818965912]]
[567955, 21, 0, [0.12333385646343231, -8.987800598144531]]
[567955, 11, 0, [4.945096492767334, -1.3398189544677734]]
[567955, 20, 0, [6.394043445587158, -7.227377414703369]]
[567955, 19, 0, [12.392109870910645, -6.965149402618408]]
[567955, 4, 0, [11.096633911132812, -3.7322747707366943]]
[567955, 23, 1, [6.250885486602783, -6.703649520874023]]
[567955, 22, 1, [3.881026029586792, -6.810493469238281]]
[567955, 7, 1, [6.57703161239624, -0.19814051687717438]]
[567955, 13, 1, [2.990379571914673, -12.392087936401367]]
[567955, 18, 1, [5.072375774383545, -1.4836233854293823]]
[567955, 2, 1, [6.57365083694458, -7.158900260925293]]
[567955, 1, 1, [6.833200931549072, -10.853424072265625]]
[567955, 24, 1, [8.530840873718262, -8.23741626739502]]
[575655, 'popsize', 19, 'queuesize', 0]
[576755, 6, 0, [0.12333958595991135, -7.916265487670898]]
[576755, 0, 0, [12.042084693908691, -12.369951248168945]]
[576755, 10, 0, [0.876338005065918, -7.740686416625977]]
[576755, 16, 0, [8.093806266784668, -7.614013671875]]
[576755, 15, 0, [12.39062213897705, -0.10794080793857574]]
[576755, 3, 0, [0.2031031847000122, -0.20851346850395203]]
[576755, 21, 0, [0.12333434820175171, -8.983992576599121]]
[576755, 11, 0, [4.970585346221924, -1.3953434228897095]]
[576755, 20, 0, [6.429824352264404, -7.252349376678467]]
[576755, 19, 0, [12.392056465148926, -7.0605363845825195]]
[576755, 4, 0, [11.110733032226562, -3.7628378868103027]]
[576755, 23, 1, [6.154502868652344, -6.967168807983398]]
[576755, 22, 1, [3.471313953399658, -6.738924503326416]]
[576755, 7, 1, [6.558822154998779, -0.14204053580760956]]
[576755, 13, 1, [2.8960673809051514, -12.39210319519043]]
[576755, 18, 1, [5.084556579589844, -1.550292730331421]]
[576755, 2, 1, [6.608975887298584, -7.183413982391357]]
[576755, 1, 1, [6.832008361816406, -10.931608200073242]]
[576755, 24, 1, [9.047232627868652, -8.046751022338867]]
[584455, 'popsize', 19, 'queuesize', 0]
[585455, 6, 0, [0.1233375146985054, -7.9115891456604]]
[585455, 0, 0, [12.033771514892578, -12.35769271850586]]
[585455, 10, 0, [0.8171043992042542, -7.745299816131592]]
[585455, 16, 0, [8.040220260620117, -7.638664245605469]]
[585455, 15, 0, [12.390596389770508, -0.10791724175214767]]
[585455, 3, 0, [0.14172464609146118, -0.21351906657218933]]
[585455, 21, 0, [0.12333490699529648, -8.978470802307129]]
[585455, 11, 0, [4.9833292961120605, -1.4433010816574097]]
[585455, 20, 0, [6.463646411895752, -7.27638578414917]]
[585455, 19, 0, [12.3920316696167, -7.156548976898193]]
[585455, 4, 0, [11.094697952270508, -3.756701946258545]]
[585455, 23, 1, [6.128401756286621, -7.090001106262207]]
[585455, 22, 1, [3.824047327041626, -6.803246974945068]]
[585455, 7, 1, [6.612914085388184, -0.1583697348833084]]
[585455, 13, 1, [2.799309492111206, -12.392122268676758]]
[585455, 18, 1, [5.086270809173584, -1.6060913801193237]]
[585455, 2, 1, [6.642800807952881, -7.2074503898620605]]
[585455, 1, 1, [6.820582866668701, -11.00345516204834]]
[585455, 24, 1, [8.925100326538086, -8.110977172851562]]
[593255, 'popsize', 19, 'queuesize', 0]
[594255, 6, 0, [0.12333738803863525, -7.907078742980957]]
[594255, 0, 0, [12.176092147827148, -12.394354820251465]]
[594255, 10, 0, [0.8390647172927856, -7.714998245239258]]
[594255, 16, 0, [8.022862434387207, -7.709408283233643]]
[594255, 15, 0, [12.390602111816406, -0.10792730003595352]]
[594255, 3, 0, [0.17941713333129883, -0.16853339970111847]]
[594255, 21, 0, [0.12334076315164566, -8.975141525268555]]
[594255, 11, 0, [4.993664741516113, -1.4896533489227295]]
[594255, 20, 0, [6.497855186462402, -7.300862789154053]]
[594255, 19, 0, [12.392016410827637, -7.253485679626465]]
[594255, 4, 0, [11.091100692749023, -3.7429022789001465]]
[594255, 23, 1, [6.104976654052734, -7.142138957977295]]
[594255, 22, 1, [3.409266471862793, -6.738749027252197]]
[594255, 7, 1, [6.563182830810547, -0.191332146525383]]
[594255, 13, 1, [2.702249526977539, -12.392098426818848]]
[594255, 18, 1, [5.082411289215088, -1.6607744693756104]]
[594255, 2, 1, [6.6774210929870605, -7.231869220733643]]
[594255, 1, 1, [6.79596471786499, -11.077600479125977]]
[594255, 24, 1, [8.94525146484375, -8.10306453704834]]
[602056, 'popsize', 19, 'queuesize', 0]
[603056, 6, 0, [0.12333712726831436, -7.9031476974487305]]
[603056, 0, 0, [12.295624732971191, -12.39399528503418]]
[603056, 10, 0, [0.844791829586029, -7.697767734527588]]
[603056, 16, 0, [8.076041221618652, -7.679239749908447]]
[603056, 15, 0, [12.390586853027344, -0.10791894048452377]]
[603056, 3, 0, [0.18751487135887146, -0.22572219371795654]]
[603056, 21, 0, [0.12333353608846664, -8.971329689025879]]
[603056, 11, 0, [5.000604152679443, -1.5425688028335571]]
[603056, 20, 0, [6.532508373260498, -7.324425220489502]]
[603056, 19, 0, [12.392021179199219, -7.350013256072998]]
[603056, 4, 0, [11.072126388549805, -3.709995746612549]]
[603056, 23, 1, [6.088850498199463, -7.077693939208984]]
[603056, 22, 1, [3.7759268283843994, -6.825388431549072]]
[603056, 7, 1, [6.5723466873168945, -0.13476382195949554]]
[603056, 13, 1, [2.6046271324157715, -12.392084121704102]]
[603056, 18, 1, [5.075434684753418, -1.7192292213439941]]
[603056, 2, 1, [6.71237850189209, -7.255756378173828]]
[603056, 1, 1, [6.759021282196045, -11.149093627929688]]
[603056, 24, 1, [8.901968955993652, -8.127751350402832]]
[610806, 'popsize', 19, 'queuesize', 0]
[613306, 20, 0, [6.577484607696533, -7.350663661956787]]
[613306, 19, 0, [12.392056465148926, -7.460877895355225]]
[613306, 4, 0, [11.084798812866211, -3.6830413341522217]]
[613306, 24, 1, [8.669629096984863, -8.253496170043945]]
[615006, 'popsize', 4, 'queuesize', 0]
[615256, 20, 0, [6.591031074523926, -7.35038423538208]]
[615256, 19, 0, [12.392057418823242, -7.483020782470703]]
[615256, 4, 0, [11.089583396911621, -3.702402353286743]]
[615256, 24, 1, [8.680960655212402, -8.249055862426758]]
[616956, 'popsize', 4, 'queuesize', 0]
[617206, 20, 0, [6.598390102386475, -7.349277019500732]]
[617206, 19, 0, [12.392066955566406, -7.503271102905273]]
[617206, 4, 0, [11.066778182983398, -3.6870830059051514]]
[617206, 24, 1, [8.778013229370117, -8.19628620147705]]
[618906, 'popsize', 4, 'queuesize', 0]
[619256, 19, 0, [12.392019271850586, -7.526487350463867]]
[619256, 4, 0, [11.0711030960083, -3.695984363555908]]
[619256, 24, 1, [8.914438247680664, -8.111442565917969]]
[620556, 'popsize', 3, 'queuesize', 0]
[620756, 19, 0, [12.39211368560791, -7.54317569732666]]
[620756, 4, 0, [11.069829940795898, -3.7158877849578857]]
[620756, 24, 1, [9.014524459838867, -8.042647361755371]]
[622056, 'popsize', 3, 'queuesize', 0]
[622256, 19, 0, [12.39210319519043, -7.558835983276367]]
[622256, 4, 0, [11.058562278747559, -3.69973087310791]]
[622256, 24, 1, [9.110586166381836, -7.969160079956055]]
[623556, 'popsize', 3, 'queuesize', 0]
[623756, 19, 0, [12.392021179199219, -7.575340270996094]]
[623756, 4, 0, [11.04429817199707, -3.689905881881714]]
[623756, 24, 1, [9.205419540405273, -7.889495849609375]]
[625056, 'popsize', 3, 'queuesize', 0]
[625256, 19, 0, [12.392069816589355, -7.592700004577637]]
[625256, 4, 0, [11.045659065246582, -3.6974523067474365]]
[625256, 24, 1, [9.297377586364746, -7.806107997894287]]
[626606, 'popsize', 3, 'queuesize', 0]
[626806, 19, 0, [12.392121315002441, -7.609280586242676]]
[626806, 4, 0, [11.037025451660156, -3.703282356262207]]
[626806, 24, 1, [9.379546165466309, -7.721619129180908]]
[628156, 'popsize', 3, 'queuesize', 0]
[628356, 19, 0, [12.39209270477295, -7.625739097595215]]
[628356, 4, 0, [11.02347183227539, -3.7005341053009033]]
[628356, 24, 1, [9.460926055908203, -7.628057956695557]]
[629656, 'popsize', 3, 'queuesize', 0]
[629856, 19, 0, [12.392013549804688, -7.642703056335449]]
[629856, 4, 0, [11.027299880981445, -3.7018015384674072]]
[629856, 24, 1, [9.53714656829834, -7.529374122619629]]
[631156, 'popsize', 3, 'queuesize', 0]
[631406, 19, 0, [12.392096519470215, -7.659578800201416]]
[631406, 4, 0, [11.02424430847168, -3.7096731662750244]]
[631406, 24, 1, [9.608301162719727, -7.430265426635742]]
[632706, 'popsize', 3, 'queuesize', 0]
[633006, 4, 0, [11.019716262817383, -3.7049598693847656]]
[633006, 24, 1, [9.682520866394043, -7.315526485443115]]
[633956, 'popsize', 2, 'queuesize', 0]
[634106, 4, 0, [11.015515327453613, -3.710695743560791]]
[634106, 24, 1, [9.724059104919434, -7.2431464195251465]]
[635006, 'popsize', 2, 'queuesize', 0]
[635156, 4, 0, [11.012691497802734, -3.708132266998291]]
[635156, 24, 1, [9.76424789428711, -7.16657018661499]]
[636056, 'popsize', 2, 'queuesize', 0]
[636206, 4, 0, [11.011696815490723, -3.7055797576904297]]
[636206, 24, 1, [9.802502632141113, -7.0891499519348145]]
[637106, 'popsize', 2, 'queuesize', 0]
[637256, 4, 0, [11.015466690063477, -3.7101011276245117]]
[637256, 24, 1, [9.838756561279297, -7.010096073150635]]
[638156, 'popsize', 2, 'queuesize', 0]
[638306, 4, 0, [11.01009750366211, -3.713862657546997]]
[638306, 24, 1, [9.872605323791504, -6.930582046508789]]
[639206, 'popsize', 2, 'queuesize', 0]
[639356, 4, 0, [11.006428718566895, -3.7100348472595215]]
[639356, 24, 1, [9.904021263122559, -6.850218296051025]]
[640256, 'popsize', 2, 'queuesize', 0]
[640406, 4, 0, [11.004288673400879, -3.706772804260254]]
[640406, 24, 1, [9.933798789978027, -6.768611431121826]]
[641306, 'popsize', 2, 'queuesize', 0]
[641456, 4, 0, [11.006136894226074, -3.7110750675201416]]
[641456, 24, 1, [9.961121559143066, -6.68698263168335]]
[642356, 'popsize', 2, 'queuesize', 0]
[642506, 4, 0, [10.998438835144043, -3.711251974105835]]
[642506, 24, 1, [9.984315872192383, -6.6072187423706055]]
[643406, 'popsize', 2, 'queuesize', 0]
[643556, 4, 0, [10.992154121398926, -3.7078757286071777]]
[643556, 24, 1, [10.006627082824707, -6.521960258483887]]
[644456, 'popsize', 2, 'queuesize', 0]
[644606, 4, 0, [10.988984107971191, -3.704450845718384]]
[644606, 24, 1, [10.025001525878906, -6.439570903778076]]
[645506, 'popsize', 2, 'queuesize', 0]
[645656, 4, 0, [10.992032051086426, -3.709336042404175]]
[645656, 24, 1, [10.041043281555176, -6.3543701171875]]
[646556, 'popsize', 2, 'queuesize', 0]
[646706, 4, 0, [10.985552787780762, -3.7132091522216797]]
[646706, 24, 1, [10.053489685058594, -6.272767066955566]]
[647606, 'popsize', 2, 'queuesize', 0]
[647756, 4, 0, [10.980072975158691, -3.7099575996398926]]
[647756, 24, 1, [10.062939643859863, -6.186100959777832]]
[648656, 'popsize', 2, 'queuesize', 0]
[648806, 4, 0, [10.977429389953613, -3.7070744037628174]]
[648806, 24, 1, [10.070231437683105, -6.099693775177002]]
[649706, 'popsize', 2, 'queuesize', 0]
[649856, 4, 0, [10.978033065795898, -3.712149143218994]]
[649856, 24, 1, [10.074341773986816, -6.013383388519287]]
[650756, 'popsize', 2, 'queuesize', 0]
[650906, 4, 0, [10.972874641418457, -3.707812786102295]]
[650906, 24, 1, [10.075464248657227, -5.927238941192627]]
[651806, 'popsize', 2, 'queuesize', 0]
[652056, 4, 0, [10.972168922424316, -3.71472430229187]]
