[time, indiv, gender, coords]
[8100, 'popsize', 15, 'queuesize', 0]
[8900, 10, 0, [1.3377785682678223, -6.405383110046387]]
[8900, 3, 0, [1.3052282333374023, -1.3742175102233887]]
[8900, 12, 0, [11.220514297485352, -8.74803352355957]]
[8900, 4, 0, [11.086461067199707, -3.8297157287597656]]
[8900, 16, 0, [8.704118728637695, -8.796981811523438]]
[8900, 19, 0, [8.69849681854248, -3.7069435119628906]]
[8900, 13, 0, [3.733851909637451, -11.268753051757812]]
[8900, 23, 0, [6.197591304779053, -3.7308695316314697]]
[8900, 0, 1, [11.236506462097168, -1.191856026649475]]
[8900, 11, 1, [6.3316168785095215, -1.3654913902282715]]
[8900, 21, 1, [5.830399513244629, -8.736737251281738]]
[8900, 9, 1, [5.856808662414551, -11.234729766845703]]
[8900, 2, 1, [1.2931010723114014, -11.266721725463867]]
[8900, 17, 1, [3.780884265899658, -8.799433708190918]]
[8900, 20, 1, [8.563212394714355, -6.2570672035217285]]
[15050, 'popsize', 15, 'queuesize', 0]
[15850, 10, 0, [1.2351899147033691, -6.443713188171387]]
[15850, 3, 0, [0.8071026802062988, -1.3580241203308105]]
[15850, 12, 0, [11.230903625488281, -8.692258834838867]]
[15850, 4, 0, [10.641812324523926, -4.200522422790527]]
[15850, 16, 0, [8.720521926879883, -8.802088737487793]]
[15850, 19, 0, [8.708110809326172, -3.6909375190734863]]
[15850, 13, 0, [3.8296124935150146, -11.227956771850586]]
[15850, 23, 0, [6.204890251159668, -3.7148077487945557]]
[15850, 0, 1, [10.96208667755127, -1.1796578168869019]]
[15850, 11, 1, [6.093952655792236, -1.235662579536438]]
[15850, 21, 1, [5.252150058746338, -8.657536506652832]]
[15850, 9, 1, [5.283526420593262, -11.15738582611084]]
[15850, 2, 1, [1.257147192955017, -11.07015609741211]]
[15850, 17, 1, [4.248970985412598, -9.142975807189941]]
[15850, 20, 1, [8.300542831420898, -6.474735736846924]]
[21950, 'popsize', 15, 'queuesize', 0]
[22750, 10, 0, [1.1825482845306396, -6.579433441162109]]
[22750, 3, 0, [0.2457277774810791, -1.405551791191101]]
[22750, 12, 0, [11.322556495666504, -8.687243461608887]]
[22750, 4, 0, [10.250494003295898, -4.6218180656433105]]
[22750, 16, 0, [8.737544059753418, -8.792994499206543]]
[22750, 19, 0, [8.755414009094238, -3.7358646392822266]]
[22750, 13, 0, [3.960378408432007, -11.306197166442871]]
[22750, 23, 0, [6.203564643859863, -3.7355284690856934]]
[22750, 0, 1, [10.8639554977417, -1.0308730602264404]]
[22750, 11, 1, [5.694960117340088, -0.8331828713417053]]
[22750, 21, 1, [4.690471172332764, -8.51140308380127]]
[22750, 9, 1, [4.725749492645264, -10.99630355834961]]
[22750, 2, 1, [1.5034618377685547, -10.840214729309082]]
[22750, 17, 1, [4.600291728973389, -9.489522933959961]]
[22750, 20, 1, [7.870362281799316, -6.831260681152344]]
[28850, 'popsize', 15, 'queuesize', 0]
[29700, 10, 0, [0.9739801287651062, -6.482131481170654]]
[29700, 3, 0, [0.11942785978317261, -1.4678808450698853]]
[29700, 12, 0, [11.3174467086792, -8.66585922241211]]
[29700, 4, 0, [10.219111442565918, -4.740016937255859]]
[29700, 16, 0, [8.750332832336426, -8.77684497833252]]
[29700, 19, 0, [9.040037155151367, -3.660210371017456]]
[29700, 13, 0, [4.033466815948486, -11.346959114074707]]
[29700, 23, 0, [6.280818462371826, -3.8152010440826416]]
[29700, 0, 1, [10.82175350189209, -0.9222281575202942]]
[29700, 11, 1, [5.239998817443848, -0.4844485819339752]]
[29700, 21, 1, [4.146980285644531, -8.29857063293457]]
[29700, 9, 1, [4.188070774078369, -10.762812614440918]]
[29700, 2, 1, [1.9577100276947021, -10.474614143371582]]
[29700, 17, 1, [4.412307262420654, -9.448623657226562]]
[29700, 20, 1, [7.486236095428467, -7.258263111114502]]
[35800, 'popsize', 15, 'queuesize', 0]
[36600, 10, 0, [1.0607752799987793, -6.468559265136719]]
[36600, 3, 0, [0.10734063386917114, -1.5431236028671265]]
[36600, 12, 0, [11.191214561462402, -8.584992408752441]]
[36600, 4, 0, [10.208171844482422, -4.7539215087890625]]
[36600, 16, 0, [8.756138801574707, -8.762073516845703]]
[36600, 19, 0, [9.044103622436523, -3.65230131149292]]
[36600, 13, 0, [4.115710258483887, -11.281997680664062]]
[36600, 23, 0, [6.281500339508057, -3.8292880058288574]]
[36600, 0, 1, [10.819241523742676, -0.9405413269996643]]
[36600, 11, 1, [4.750462055206299, -0.19685080647468567]]
[36600, 21, 1, [3.634620189666748, -8.021173477172852]]
[36600, 9, 1, [3.6889288425445557, -10.470170974731445]]
[36600, 2, 1, [2.455512285232544, -10.173009872436523]]
[36600, 17, 1, [4.637977123260498, -9.292109489440918]]
[36600, 20, 1, [7.153255462646484, -7.723692417144775]]
[42700, 'popsize', 15, 'queuesize', 0]
[43500, 10, 0, [0.8433264493942261, -6.519230842590332]]
[43500, 3, 0, [0.10538873821496964, -1.6223479509353638]]
[43500, 12, 0, [11.076925277709961, -8.448195457458496]]
[43500, 4, 0, [9.786884307861328, -4.897504806518555]]
[43500, 16, 0, [8.754586219787598, -8.738421440124512]]
[43500, 19, 0, [9.05153751373291, -3.637186050415039]]
[43500, 13, 0, [4.258525848388672, -11.347697257995605]]
[43500, 23, 0, [6.286664009094238, -3.815506935119629]]
[43500, 0, 1, [10.807875633239746, -0.9462521076202393]]
[43500, 11, 1, [4.445161819458008, -0.1047547459602356]]
[43500, 21, 1, [3.1540720462799072, -7.686686038970947]]
[43500, 9, 1, [3.227059841156006, -10.115379333496094]]
[43500, 2, 1, [2.9817543029785156, -9.926700592041016]]
[43500, 17, 1, [5.1382317543029785, -8.999417304992676]]
[43500, 20, 1, [6.885217189788818, -8.232938766479492]]
[49700, 'popsize', 15, 'queuesize', 0]
[50500, 10, 0, [0.3411264419555664, -6.635817527770996]]
[50500, 3, 0, [0.10460688918828964, -1.6912574768066406]]
[50500, 12, 0, [11.108011245727539, -8.43327808380127]]
[50500, 4, 0, [9.272116661071777, -5.165772914886475]]
[50500, 16, 0, [8.746332168579102, -8.726494789123535]]
[50500, 19, 0, [9.095438003540039, -3.685290575027466]]
[50500, 13, 0, [4.333010673522949, -11.374579429626465]]
[50500, 23, 0, [6.216793537139893, -3.884312391281128]]
[50500, 0, 1, [10.675015449523926, -1.0776699781417847]]
[50500, 11, 1, [4.337809085845947, -0.10542662441730499]]
[50500, 21, 1, [2.715317726135254, -7.293349742889404]]
[50500, 9, 1, [3.2459287643432617, -9.906014442443848]]
[50500, 2, 1, [3.398336172103882, -9.8255033493042]]
[50500, 17, 1, [5.678001403808594, -8.767062187194824]]
[50500, 20, 1, [6.669034004211426, -8.76622486114502]]
[56650, 'popsize', 15, 'queuesize', 0]
[57450, 10, 0, [0.11957640200853348, -6.711292743682861]]
[57450, 3, 0, [0.10403908789157867, -1.764255166053772]]
[57450, 12, 0, [11.08688735961914, -8.358960151672363]]
[57450, 4, 0, [8.795219421386719, -5.493860721588135]]
[57450, 16, 0, [8.731122016906738, -8.724109649658203]]
[57450, 19, 0, [9.38674545288086, -3.6352651119232178]]
[57450, 13, 0, [4.3949995040893555, -11.29573917388916]]
[57450, 23, 0, [6.103122234344482, -3.9165477752685547]]
[57450, 0, 1, [10.315808296203613, -1.5349094867706299]]
[57450, 11, 1, [4.240504741668701, -0.10596249252557755]]
[57450, 21, 1, [2.324822187423706, -6.855074405670166]]
[57450, 9, 1, [3.316356897354126, -9.882977485656738]]
[57450, 2, 1, [3.4742331504821777, -9.81550407409668]]
[57450, 17, 1, [6.239007472991943, -8.61245059967041]]
[57450, 20, 1, [6.474048614501953, -9.29014778137207]]
[63550, 'popsize', 15, 'queuesize', 0]
[64350, 10, 0, [0.10870016366243362, -6.770707130432129]]
[64350, 3, 0, [0.10386260598897934, -1.8860725164413452]]
[64350, 12, 0, [11.128274917602539, -8.426167488098145]]
[64350, 4, 0, [8.490687370300293, -5.742463111877441]]
[64350, 16, 0, [8.712492942810059, -8.729453086853027]]
[64350, 19, 0, [9.391302108764648, -3.6267945766448975]]
[64350, 13, 0, [4.554162979125977, -11.31324577331543]]
[64350, 23, 0, [6.088871955871582, -3.908440589904785]]
[64350, 0, 1, [9.899211883544922, -1.9389439821243286]]
[64350, 11, 1, [4.1471757888793945, -0.10601050406694412]]
[64350, 21, 1, [1.9862477779388428, -6.3847575187683105]]
[64350, 9, 1, [3.380821466445923, -9.868667602539062]]
[64350, 2, 1, [3.537315607070923, -9.80168628692627]]
[64350, 17, 1, [6.811694622039795, -8.531068801879883]]
[64350, 20, 1, [6.327188014984131, -9.84371566772461]]
[70500, 'popsize', 15, 'queuesize', 0]
[71300, 10, 0, [0.10506828874349594, -6.870079040527344]]
[71300, 3, 0, [0.10463744401931763, -2.0066256523132324]]
[71300, 12, 0, [11.116381645202637, -8.35006332397461]]
[71300, 4, 0, [8.500181198120117, -5.7295331954956055]]
[71300, 16, 0, [8.697062492370605, -8.741828918457031]]
[71300, 19, 0, [9.450730323791504, -3.652963876724243]]
[71300, 13, 0, [4.609989643096924, -11.312705039978027]]
[71300, 23, 0, [6.0998921394348145, -3.9098377227783203]]
[71300, 0, 1, [9.429765701293945, -2.291661500930786]]
[71300, 11, 1, [4.053172588348389, -0.10602844506502151]]
[71300, 21, 1, [1.7046304941177368, -5.87151575088501]]
[71300, 9, 1, [3.461939811706543, -9.84521484375]]
[71300, 2, 1, [3.6209537982940674, -9.781604766845703]]
[71300, 17, 1, [7.394863605499268, -8.526420593261719]]
[71300, 20, 1, [6.255826473236084, -10.414597511291504]]
[77400, 'popsize', 15, 'queuesize', 0]
[78200, 10, 0, [0.10566938668489456, -6.971742153167725]]
[78200, 3, 0, [0.10528414696455002, -2.115194797515869]]
[78200, 12, 0, [10.898248672485352, -8.454879760742188]]
[78200, 4, 0, [8.351053237915039, -5.799757480621338]]
[78200, 16, 0, [8.695923805236816, -8.75676441192627]]
[78200, 19, 0, [9.696261405944824, -3.402409791946411]]
[78200, 13, 0, [4.66004753112793, -11.369264602661133]]
[78200, 23, 0, [6.057394981384277, -3.8195230960845947]]
[78200, 0, 1, [8.92603588104248, -2.58302640914917]]
[78200, 11, 1, [3.960068941116333, -0.10606841742992401]]
[78200, 21, 1, [1.4877362251281738, -5.333189487457275]]
[78200, 9, 1, [3.530113458633423, -9.831220626831055]]
[78200, 2, 1, [3.6871063709259033, -9.765698432922363]]
[78200, 17, 1, [7.971432209014893, -8.600638389587402]]
[78200, 20, 1, [6.259357929229736, -10.989558219909668]]
[84350, 'popsize', 15, 'queuesize', 0]
[85150, 10, 0, [0.10601431131362915, -7.066451549530029]]
[85150, 3, 0, [0.10581313073635101, -2.215388536453247]]
[85150, 12, 0, [10.881692886352539, -8.366408348083496]]
[85150, 4, 0, [7.7911834716796875, -5.94075345993042]]
[85150, 16, 0, [8.706718444824219, -8.766929626464844]]
[85150, 19, 0, [9.553552627563477, -3.1248648166656494]]
[85150, 13, 0, [4.757925033569336, -11.33130931854248]]
[85150, 23, 0, [6.066015243530273, -3.803208827972412]]
[85150, 0, 1, [8.389466285705566, -2.8168747425079346]]
[85150, 11, 1, [3.866057872772217, -0.10603465884923935]]
[85150, 21, 1, [1.336361050605774, -4.768741607666016]]
[85150, 9, 1, [3.593043804168701, -9.816147804260254]]
[85150, 2, 1, [3.7505459785461426, -9.750602722167969]]
[85150, 17, 1, [8.531076431274414, -8.753667831420898]]
[85150, 20, 1, [6.338298320770264, -11.552130699157715]]
[91700, 'popsize', 16, 'queuesize', 0]
[92550, 10, 0, [0.10605060309171677, -7.165863037109375]]
[92550, 3, 0, [0.1059911847114563, -2.315434694290161]]
[92550, 12, 0, [10.910694122314453, -8.288025856018066]]
[92550, 4, 0, [7.221556186676025, -6.166563034057617]]
[92550, 16, 0, [8.681857109069824, -8.529603004455566]]
[92550, 19, 0, [9.713644027709961, -3.211092710494995]]
[92550, 13, 0, [4.891681671142578, -11.430389404296875]]
[92550, 23, 0, [6.054631233215332, -3.828728675842285]]
[92550, 15, 0, [8.748727798461914, -1.2720932960510254]]
[92550, 0, 1, [7.79678201675415, -2.98840069770813]]
[92550, 11, 1, [3.766645669937134, -0.106073297560215]]
[92550, 21, 1, [1.251488447189331, -4.154923439025879]]
[92550, 9, 1, [3.6619911193847656, -9.802124977111816]]
[92550, 2, 1, [3.8186750411987305, -9.733028411865234]]
[92550, 17, 1, [8.780449867248535, -8.653068542480469]]
[92550, 20, 1, [6.499828815460205, -12.138994216918945]]
[99100, 'popsize', 16, 'queuesize', 0]
[99951, 10, 0, [0.10603445023298264, -7.2657856941223145]]
[99951, 3, 0, [0.10602587461471558, -2.4160423278808594]]
[99951, 12, 0, [10.792211532592773, -8.114073753356934]]
[99951, 4, 0, [7.132606506347656, -6.271127700805664]]
[99951, 16, 0, [8.54458236694336, -8.648681640625]]
[99951, 19, 0, [10.022579193115234, -3.0074245929718018]]
[99951, 13, 0, [4.955075263977051, -11.458491325378418]]
[99951, 23, 0, [6.117707252502441, -3.8870341777801514]]
[99951, 15, 0, [8.771173477172852, -1.3021659851074219]]
[99951, 0, 1, [7.1848955154418945, -3.087224245071411]]
[99951, 11, 1, [3.7240843772888184, -0.11597108095884323]]
[99951, 21, 1, [1.2399823665618896, -3.874664783477783]]
[99951, 9, 1, [3.731666326522827, -9.786653518676758]]
[99951, 2, 1, [3.8892948627471924, -9.720654487609863]]
[99951, 17, 1, [8.49272632598877, -8.404579162597656]]
[99951, 20, 1, [6.637601852416992, -12.38449764251709]]
[106501, 'popsize', 16, 'queuesize', 0]
[107351, 10, 0, [0.10603659600019455, -7.366218566894531]]
[107351, 3, 0, [0.1058766171336174, -2.5195789337158203]]
[107351, 12, 0, [10.68028450012207, -7.9728193283081055]]
[107351, 4, 0, [6.857427597045898, -6.217576026916504]]
[107351, 16, 0, [8.587640762329102, -8.634778022766113]]
[107351, 19, 0, [10.047737121582031, -2.8750977516174316]]
[107351, 13, 0, [4.982871055603027, -11.521411895751953]]
[107351, 23, 0, [6.155774116516113, -3.9943349361419678]]
[107351, 15, 0, [8.238009452819824, -1.3650676012039185]]
[107351, 0, 1, [7.246048450469971, -3.109201192855835]]
[107351, 11, 1, [3.6949822902679443, -0.11880090087652206]]
[107351, 21, 1, [1.2388609647750854, -3.802182912826538]]
[107351, 9, 1, [3.809049367904663, -9.766467094421387]]
[107351, 2, 1, [3.966317892074585, -9.701197624206543]]
[107351, 17, 1, [8.79664421081543, -8.35221004486084]]
[107351, 20, 1, [6.744582653045654, -12.394371032714844]]
[113951, 'popsize', 16, 'queuesize', 0]
[114801, 10, 0, [0.1057996079325676, -7.467930316925049]]
[114801, 3, 0, [0.1060401201248169, -2.6207568645477295]]
[114801, 12, 0, [10.720142364501953, -7.9614691734313965]]
[114801, 4, 0, [7.065873622894287, -6.405857086181641]]
[114801, 16, 0, [8.588512420654297, -8.605664253234863]]
[114801, 19, 0, [10.408827781677246, -2.8710906505584717]]
[114801, 13, 0, [4.98211669921875, -11.617020606994629]]
[114801, 23, 0, [6.131399631500244, -4.019275665283203]]
[114801, 15, 0, [7.788227081298828, -1.6683270931243896]]
[114801, 0, 1, [7.864946365356445, -3.2044975757598877]]
[114801, 11, 1, [3.6054558753967285, -0.10568107664585114]]
[114801, 21, 1, [1.2429945468902588, -3.7357397079467773]]
[114801, 9, 1, [3.878755569458008, -9.748334884643555]]
[114801, 2, 1, [4.035407066345215, -9.682510375976562]]
[114801, 17, 1, [9.418259620666504, -8.306058883666992]]
[114801, 20, 1, [6.846411228179932, -12.393963813781738]]
[121301, 'popsize', 16, 'queuesize', 0]
[122151, 10, 0, [0.10606592148542404, -7.568341255187988]]
[122151, 3, 0, [0.10601407289505005, -2.720703363418579]]
[122151, 12, 0, [10.729151725769043, -7.925965785980225]]
[122151, 4, 0, [7.052481651306152, -6.382550239562988]]
[122151, 16, 0, [8.568320274353027, -8.583378791809082]]
[122151, 19, 0, [10.454750061035156, -2.494386672973633]]
[122151, 13, 0, [5.080389499664307, -11.646138191223145]]
[122151, 23, 0, [6.104227066040039, -4.016430377960205]]
[122151, 15, 0, [7.508642196655273, -2.1364574432373047]]
[122151, 0, 1, [8.283665657043457, -3.3168299198150635]]
[122151, 11, 1, [3.498976707458496, -0.10567864030599594]]
[122151, 21, 1, [1.251532793045044, -3.67313814163208]]
[122151, 9, 1, [3.960922956466675, -9.722713470458984]]
[122151, 2, 1, [4.119047164916992, -9.656855583190918]]
[122151, 17, 1, [9.926501274108887, -8.355112075805664]]
[122151, 20, 1, [6.94615364074707, -12.394000053405762]]
[128651, 'popsize', 16, 'queuesize', 0]
[129501, 10, 0, [0.10600823909044266, -7.668050289154053]]
[129501, 3, 0, [0.10604558885097504, -2.820493221282959]]
[129501, 12, 0, [10.656648635864258, -7.886318206787109]]
[129501, 4, 0, [7.067446708679199, -6.354112148284912]]
[129501, 16, 0, [8.540111541748047, -8.587982177734375]]
[129501, 19, 0, [10.370662689208984, -2.3867335319519043]]
[129501, 13, 0, [5.183551788330078, -11.77137565612793]]
[129501, 23, 0, [6.112924575805664, -4.007983684539795]]
[129501, 15, 0, [7.463315963745117, -2.6746370792388916]]
[129501, 0, 1, [8.17829704284668, -3.0542473793029785]]
[129501, 11, 1, [3.3991425037384033, -0.10607020556926727]]
[129501, 21, 1, [1.268147587776184, -3.612323760986328]]
[129501, 9, 1, [4.025073528289795, -9.709044456481934]]
[129501, 2, 1, [4.181369781494141, -9.639017105102539]]
[129501, 17, 1, [9.69709587097168, -8.563448905944824]]
[129501, 20, 1, [7.045652389526367, -12.393959999084473]]
[136001, 'popsize', 16, 'queuesize', 0]
[136851, 10, 0, [0.10606952756643295, -7.767096996307373]]
[136851, 3, 0, [0.10599163919687271, -2.9206345081329346]]
[136851, 12, 0, [10.727897644042969, -7.901835918426514]]
[136851, 4, 0, [7.097551345825195, -6.341794490814209]]
[136851, 16, 0, [8.523503303527832, -8.616480827331543]]
[136851, 19, 0, [10.6309232711792, -2.1388843059539795]]
[136851, 13, 0, [5.240684986114502, -11.820432662963867]]
[136851, 23, 0, [6.112287998199463, -4.008679389953613]]
[136851, 15, 0, [7.647968292236328, -3.154346466064453]]
[136851, 0, 1, [7.898151397705078, -3.43449330329895]]
[136851, 11, 1, [3.2995095252990723, -0.10602772980928421]]
[136851, 21, 1, [1.2899730205535889, -3.554879903793335]]
[136851, 9, 1, [4.0982208251953125, -9.690263748168945]]
[136851, 2, 1, [4.255776882171631, -9.623552322387695]]
[136851, 17, 1, [9.2024564743042, -8.932954788208008]]
[136851, 20, 1, [7.145294189453125, -12.39394760131836]]
[143301, 'popsize', 16, 'queuesize', 0]
[144151, 10, 0, [0.106081523001194, -7.866092205047607]]
[144151, 3, 0, [0.10603988915681839, -3.019657850265503]]
[144151, 12, 0, [10.660771369934082, -7.870321750640869]]
[144151, 4, 0, [7.116177082061768, -6.354859828948975]]
[144151, 16, 0, [8.536026954650879, -8.64149284362793]]
[144151, 19, 0, [10.399932861328125, -1.8496628999710083]]
[144151, 13, 0, [5.283947944641113, -11.905659675598145]]
[144151, 23, 0, [6.082672119140625, -4.004031658172607]]
[144151, 15, 0, [7.6678547859191895, -3.499418258666992]]
[144151, 0, 1, [7.775152206420898, -3.617234230041504]]
[144151, 11, 1, [3.2072505950927734, -0.10575954616069794]]
[144151, 21, 1, [1.3188129663467407, -3.4966065883636475]]
[144151, 9, 1, [4.161986827850342, -9.675354957580566]]
[144151, 2, 1, [4.319820880889893, -9.608590126037598]]
[144151, 17, 1, [8.663381576538086, -9.225810050964355]]
[144151, 20, 1, [7.244231224060059, -12.393954277038574]]
[151051, 'popsize', 17, 'queuesize', 0]
[151951, 10, 0, [0.10603395104408264, -7.971629619598389]]
[151951, 3, 0, [0.10602600127458572, -3.124708652496338]]
[151951, 12, 0, [10.674099922180176, -7.664608955383301]]
[151951, 4, 0, [7.112096309661865, -6.394640922546387]]
[151951, 16, 0, [8.573766708374023, -8.635448455810547]]
[151951, 19, 0, [10.278064727783203, -1.8251954317092896]]
[151951, 13, 0, [5.385501384735107, -11.896836280822754]]
[151951, 23, 0, [6.0831098556518555, -4.072700023651123]]
[151951, 15, 0, [7.832333087921143, -3.778428077697754]]
[151951, 0, 1, [7.740479946136475, -3.914431571960449]]
[151951, 11, 1, [3.096139669418335, -0.10545182228088379]]
[151951, 21, 1, [1.3519786596298218, -3.440608263015747]]
[151951, 9, 1, [4.2419304847717285, -9.655765533447266]]
[151951, 2, 1, [4.400018692016602, -9.590069770812988]]
[151951, 17, 1, [8.048162460327148, -9.438117980957031]]
[151951, 20, 1, [7.349560260772705, -12.393997192382812]]
[151951, 6, 1, [1.1541340351104736, -8.74473762512207]]
[158901, 'popsize', 17, 'queuesize', 0]
[159801, 10, 0, [0.1060294434428215, -8.078023910522461]]
[159801, 3, 0, [0.10549810528755188, -3.2263381481170654]]
[159801, 12, 0, [10.642753601074219, -7.5183539390563965]]
[159801, 4, 0, [7.067287921905518, -6.396259784698486]]
[159801, 16, 0, [8.581247329711914, -8.598621368408203]]
[159801, 19, 0, [10.30483341217041, -1.4379231929779053]]
[159801, 13, 0, [5.4552388191223145, -11.982038497924805]]
[159801, 23, 0, [6.091726779937744, -4.0894856452941895]]
[159801, 15, 0, [8.069599151611328, -4.118927955627441]]
[159801, 0, 1, [7.618721961975098, -4.0687031745910645]]
[159801, 11, 1, [2.9948337078094482, -0.10555470734834671]]
[159801, 21, 1, [1.3924320936203003, -3.385669469833374]]
[159801, 9, 1, [4.397705078125, -9.607815742492676]]
[159801, 2, 1, [4.575803756713867, -9.614012718200684]]
[159801, 17, 1, [7.401272296905518, -9.563033103942871]]
[159801, 20, 1, [7.4556565284729, -12.393989562988281]]
[159801, 6, 1, [1.0726243257522583, -8.784972190856934]]
[166701, 'popsize', 17, 'queuesize', 0]
[167601, 10, 0, [0.10598628222942352, -8.183744430541992]]
[167601, 3, 0, [0.10603652149438858, -3.3349666595458984]]
[167601, 12, 0, [10.669941902160645, -7.4864115715026855]]
[167601, 4, 0, [7.126057147979736, -6.332072734832764]]
[167601, 16, 0, [8.545836448669434, -8.583909034729004]]
[167601, 19, 0, [9.8856840133667, -1.4113273620605469]]
[167601, 13, 0, [5.537369728088379, -12.126540184020996]]
[167601, 23, 0, [6.043349266052246, -4.0795369148254395]]
[167601, 15, 0, [7.647406578063965, -4.182717323303223]]
[167601, 0, 1, [7.28325891494751, -4.632050037384033]]
[167601, 11, 1, [2.9122393131256104, -0.10435857623815536]]
[167601, 21, 1, [1.435811996459961, -3.3337111473083496]]
[167601, 9, 1, [4.578031063079834, -9.704843521118164]]
[167601, 2, 1, [4.607419490814209, -9.862010955810547]]
[167601, 17, 1, [6.7484965324401855, -9.600264549255371]]
[167601, 20, 1, [7.595513343811035, -12.351733207702637]]
[167601, 6, 1, [1.410160779953003, -9.343681335449219]]
[174651, 'popsize', 17, 'queuesize', 0]
[175551, 10, 0, [0.10605993121862411, -8.29102611541748]]
[175551, 3, 0, [0.10545464605093002, -3.437252998352051]]
[175551, 12, 0, [10.663809776306152, -7.454840183258057]]
[175551, 4, 0, [7.37202262878418, -6.47589635848999]]
[175551, 16, 0, [8.529902458190918, -8.628520965576172]]
[175551, 19, 0, [9.500933647155762, -1.4740796089172363]]
[175551, 13, 0, [5.61379861831665, -12.171699523925781]]
[175551, 23, 0, [6.022145748138428, -4.202198028564453]]
[175551, 15, 0, [7.547014236450195, -4.230594635009766]]
[175551, 0, 1, [6.867297172546387, -5.16044282913208]]
[175551, 11, 1, [2.818660020828247, -0.10337704420089722]]
[175551, 21, 1, [1.4834353923797607, -3.289576292037964]]
[175551, 9, 1, [4.620561122894287, -9.776785850524902]]
[175551, 2, 1, [4.543520927429199, -9.922578811645508]]
[175551, 17, 1, [6.075675010681152, -9.55645751953125]]
[175551, 20, 1, [8.228087425231934, -12.160787582397461]]
[175551, 6, 1, [1.8304604291915894, -9.849821090698242]]
[182501, 'popsize', 17, 'queuesize', 0]
[183451, 10, 0, [0.1060105487704277, -8.397520065307617]]
[183451, 3, 0, [0.10573554039001465, -3.552314043045044]]
[183451, 12, 0, [10.589836120605469, -7.416890621185303]]
[183451, 4, 0, [7.51300573348999, -6.536591529846191]]
[183451, 16, 0, [8.567806243896484, -8.653582572937012]]
[183451, 19, 0, [9.711274147033691, -1.4600872993469238]]
[183451, 13, 0, [5.707924842834473, -12.23486614227295]]
[183451, 23, 0, [5.981795310974121, -4.186800479888916]]
[183451, 15, 0, [7.42791748046875, -4.292601585388184]]
[183451, 0, 1, [6.3872222900390625, -5.610750198364258]]
[183451, 11, 1, [2.719820022583008, -0.10270687937736511]]
[183451, 21, 1, [1.5413249731063843, -3.251249313354492]]
[183451, 9, 1, [4.402151107788086, -9.788003921508789]]
[183451, 2, 1, [4.3457231521606445, -9.635326385498047]]
[183451, 17, 1, [5.425581455230713, -9.424489974975586]]
[183451, 20, 1, [8.809928894042969, -11.875417709350586]]
[183451, 6, 1, [2.3193957805633545, -10.289186477661133]]
[190301, 'popsize', 17, 'queuesize', 0]
[191201, 10, 0, [0.10585988312959671, -8.505277633666992]]
[191201, 3, 0, [0.10532920807600021, -3.635679006576538]]
[191201, 12, 0, [10.622194290161133, -7.443897724151611]]
[191201, 4, 0, [7.503791332244873, -6.572781562805176]]
[191201, 16, 0, [8.594220161437988, -8.624602317810059]]
[191201, 19, 0, [9.843423843383789, -1.0954569578170776]]
[191201, 13, 0, [5.78425931930542, -12.163370132446289]]
[191201, 23, 0, [5.988694190979004, -4.1451263427734375]]
[191201, 15, 0, [6.897158622741699, -4.656305313110352]]
[191201, 0, 1, [6.0190110206604, -5.866946220397949]]
[191201, 11, 1, [2.581867218017578, -0.10269574075937271]]
[191201, 21, 1, [1.6010358333587646, -3.2192025184631348]]
[191201, 9, 1, [4.418829441070557, -9.69107437133789]]
[191201, 2, 1, [4.496761798858643, -9.540003776550293]]
[191201, 17, 1, [4.810718536376953, -9.21806526184082]]
[191201, 20, 1, [9.338004112243652, -11.511180877685547]]
[191201, 6, 1, [2.8397793769836426, -10.662659645080566]]
[198151, 'popsize', 17, 'queuesize', 0]
[199052, 10, 0, [0.10599277913570404, -8.611488342285156]]
[199052, 3, 0, [0.10444260388612747, -3.7363882064819336]]
[199052, 12, 0, [10.565389633178711, -7.378320217132568]]
[199052, 4, 0, [7.217998504638672, -6.545015335083008]]
[199052, 16, 0, [8.56782054901123, -8.590422630310059]]
[199052, 19, 0, [9.77934741973877, -0.9831753373146057]]
[199052, 13, 0, [5.879462718963623, -12.185997009277344]]
[199052, 23, 0, [5.988491535186768, -4.154078960418701]]
[199052, 15, 0, [6.781125068664551, -4.71881103515625]]
[199052, 0, 1, [5.844895839691162, -5.727323532104492]]
[199052, 11, 1, [2.4502673149108887, -0.10201404243707657]]
[199052, 21, 1, [1.6659895181655884, -3.1913628578186035]]
[199052, 9, 1, [4.420544147491455, -9.307888984680176]]
[199052, 2, 1, [4.9657793045043945, -9.523215293884277]]
[199052, 17, 1, [4.224434852600098, -8.921483039855957]]
[199052, 20, 1, [9.736021995544434, -11.161294937133789]]
[199052, 6, 1, [3.287107229232788, -10.979589462280273]]
[205952, 'popsize', 17, 'queuesize', 0]
[206852, 10, 0, [0.106025829911232, -8.716902732849121]]
[206852, 3, 0, [0.1047448143362999, -3.846755266189575]]
[206852, 12, 0, [10.585747718811035, -7.4196858406066895]]
[206852, 4, 0, [7.033753395080566, -6.361477851867676]]
[206852, 16, 0, [8.530029296875, -8.604517936706543]]
[206852, 19, 0, [10.135673522949219, -0.8190816640853882]]
[206852, 13, 0, [6.032223224639893, -12.245319366455078]]
[206852, 23, 0, [5.97628927230835, -4.16628360748291]]
[206852, 15, 0, [6.253233432769775, -5.102550506591797]]
[206852, 0, 1, [5.289259910583496, -5.378540515899658]]
[206852, 11, 1, [2.332486391067505, -0.10260973125696182]]
[206852, 21, 1, [1.7312049865722656, -3.168369770050049]]
[206852, 9, 1, [4.404512405395508, -8.652338981628418]]
[206852, 2, 1, [5.613898277282715, -9.611750602722168]]
[206852, 17, 1, [3.6782479286193848, -8.558550834655762]]
[206852, 20, 1, [9.806427955627441, -11.095751762390137]]
[206852, 6, 1, [3.1540825366973877, -10.682668685913086]]
[213752, 'popsize', 17, 'queuesize', 0]
[214652, 10, 0, [0.25506892800331116, -8.709362983703613]]
[214652, 3, 0, [0.105484239757061, -3.9660823345184326]]
[214652, 12, 0, [10.584297180175781, -7.373180389404297]]
[214652, 4, 0, [6.963733673095703, -6.5398335456848145]]
[214652, 16, 0, [8.538165092468262, -8.644011497497559]]
[214652, 19, 0, [9.981858253479004, -0.4759600758552551]]
[214652, 13, 0, [6.11093282699585, -12.231996536254883]]
[214652, 23, 0, [5.973639011383057, -4.153273105621338]]
[214652, 15, 0, [6.046215534210205, -5.344881057739258]]
[214652, 0, 1, [4.783285617828369, -4.952648639678955]]
[214652, 11, 1, [2.1910910606384277, -0.10245653241872787]]
[214652, 21, 1, [1.7968746423721313, -3.1504881381988525]]
[214652, 9, 1, [4.4770684242248535, -8.000598907470703]]
[214652, 2, 1, [6.243558406829834, -9.793107032775879]]
[214652, 17, 1, [3.1781837940216064, -8.130820274353027]]
[214652, 20, 1, [9.966226577758789, -10.946914672851562]]
[214652, 6, 1, [3.062826156616211, -11.06353759765625]]
[221552, 'popsize', 17, 'queuesize', 0]
[222452, 10, 0, [0.16986900568008423, -9.065467834472656]]
[222452, 3, 0, [0.10606160759925842, -4.0738606452941895]]
[222452, 12, 0, [10.502237319946289, -7.35868501663208]]
[222452, 4, 0, [6.93413782119751, -6.696861267089844]]
[222452, 16, 0, [8.579256057739258, -8.643585205078125]]
[222452, 19, 0, [9.605432510375977, -0.6521180868148804]]
[222452, 13, 0, [6.221590042114258, -12.256373405456543]]
[222452, 23, 0, [5.882061958312988, -4.130671977996826]]
[222452, 15, 0, [6.527523517608643, -5.7807817459106445]]
[222452, 0, 1, [4.332786560058594, -4.4762444496154785]]
[222452, 11, 1, [2.031151294708252, -0.1018538847565651]]
[222452, 21, 1, [1.8648908138275146, -3.136035919189453]]
[222452, 9, 1, [4.637428283691406, -7.365128993988037]]
[222452, 2, 1, [6.8431267738342285, -10.057777404785156]]
[222452, 17, 1, [2.729917049407959, -7.652862548828125]]
[222452, 20, 1, [9.981911659240723, -10.937470436096191]]
[222452, 6, 1, [2.9736294746398926, -11.69759750366211]]
[229402, 'popsize', 17, 'queuesize', 0]
[230302, 10, 0, [0.10558400303125381, -9.289053916931152]]
[230302, 3, 0, [0.1060204729437828, -4.180214881896973]]
[230302, 12, 0, [10.54286003112793, -7.381825923919678]]
[230302, 4, 0, [6.664379119873047, -6.721054553985596]]
[230302, 16, 0, [8.58533763885498, -8.601374626159668]]
[230302, 19, 0, [9.326067924499512, -0.9283961057662964]]
[230302, 13, 0, [6.272058010101318, -12.16711139678955]]
[230302, 23, 0, [5.816741943359375, -4.028624057769775]]
[230302, 15, 0, [6.7512712478637695, -6.059869289398193]]
[230302, 0, 1, [3.9500529766082764, -3.9421675205230713]]
[230302, 11, 1, [1.8581881523132324, -0.1016835942864418]]
[230302, 21, 1, [1.9272236824035645, -3.1247477531433105]]
[230302, 9, 1, [4.880937099456787, -6.7536301612854]]
[230302, 2, 1, [7.4141316413879395, -10.394669532775879]]
[230302, 17, 1, [2.3404645919799805, -7.118699073791504]]
[230302, 20, 1, [9.941437721252441, -11.037591934204102]]
[230302, 6, 1, [2.97597336769104, -12.283991813659668]]
[237152, 'popsize', 17, 'queuesize', 0]
[238052, 10, 0, [0.10600727796554565, -9.394957542419434]]
[238052, 3, 0, [0.10600098967552185, -4.28568172454834]]
[238052, 12, 0, [10.466257095336914, -7.332916736602783]]
[238052, 4, 0, [6.45100736618042, -6.586450576782227]]
[238052, 16, 0, [8.545756340026855, -8.59130859375]]
[238052, 19, 0, [9.473012924194336, -0.780021607875824]]
[238052, 13, 0, [6.352498531341553, -12.10367202758789]]
[238052, 23, 0, [5.829342365264893, -4.035337924957275]]
[238052, 15, 0, [6.559543132781982, -6.212875843048096]]
[238052, 0, 1, [3.8720462322235107, -3.804494619369507]]
[238052, 11, 1, [1.7296905517578125, -0.12182361632585526]]
[238052, 21, 1, [1.9836313724517822, -3.121206521987915]]
[238052, 9, 1, [5.20127534866333, -6.188979148864746]]
[238052, 2, 1, [7.9314799308776855, -10.78903865814209]]
[238052, 17, 1, [2.0343611240386963, -6.541044235229492]]
[238052, 20, 1, [9.858345985412598, -11.675650596618652]]
[238052, 6, 1, [2.9522058963775635, -12.271161079406738]]
[245002, 'popsize', 17, 'queuesize', 0]
[245902, 10, 0, [0.10583284497261047, -9.50344181060791]]
[245902, 3, 0, [0.10607597976922989, -4.392004013061523]]
[245902, 12, 0, [10.243552207946777, -7.508295059204102]]
[245902, 4, 0, [6.563822269439697, -6.441691875457764]]
[245902, 16, 0, [8.523265838623047, -8.630227088928223]]
[245902, 19, 0, [9.341022491455078, -0.406825989484787]]
[245902, 13, 0, [6.393637657165527, -12.133991241455078]]
[245902, 23, 0, [5.934577941894531, -3.981271982192993]]
[245902, 15, 0, [6.413403034210205, -6.3028340339660645]]
[245902, 0, 1, [3.842402696609497, -3.7281272411346436]]
[245902, 11, 1, [1.7664438486099243, -0.2734038531780243]]
[245902, 21, 1, [2.035909414291382, -3.1231777667999268]]
[245902, 9, 1, [5.607945442199707, -5.675774097442627]]
[245902, 2, 1, [8.39258861541748, -11.255149841308594]]
[245902, 17, 1, [1.8145465850830078, -5.922595500946045]]
[245902, 20, 1, [9.856230735778809, -12.321534156799316]]
[245902, 6, 1, [2.8787014484405518, -12.257088661193848]]
[252902, 'popsize', 17, 'queuesize', 0]
[253802, 10, 0, [0.10605357587337494, -9.610610008239746]]
[253802, 3, 0, [0.10579828172922134, -4.502103328704834]]
[253802, 12, 0, [10.258304595947266, -7.427751064300537]]
[253802, 4, 0, [6.603924751281738, -6.502774715423584]]
[253802, 16, 0, [8.557818412780762, -8.65438461303711]]
[253802, 19, 0, [9.097153663635254, -0.3834531903266907]]
[253802, 13, 0, [6.497718811035156, -12.09485912322998]]
[253802, 23, 0, [5.931691646575928, -3.9849562644958496]]
[253802, 15, 0, [6.5181145668029785, -6.359504222869873]]
[253802, 0, 1, [3.8134586811065674, -3.6735901832580566]]
[253802, 11, 1, [1.666741132736206, -0.2567981779575348]]
[253802, 21, 1, [2.08373761177063, -3.1281633377075195]]
[253802, 9, 1, [5.609743118286133, -5.605809211730957]]
[253802, 2, 1, [8.789361953735352, -11.780346870422363]]
[253802, 17, 1, [1.6971367597579956, -5.26924991607666]]
[253802, 20, 1, [9.889788627624512, -12.375436782836914]]
[253802, 6, 1, [2.2445173263549805, -12.313748359680176]]
[260702, 'popsize', 17, 'queuesize', 0]
[261602, 10, 0, [0.10600481927394867, -9.716852188110352]]
[261602, 3, 0, [0.10601858794689178, -4.6082682609558105]]
[261602, 12, 0, [10.272212028503418, -7.472174644470215]]
[261602, 4, 0, [6.49586296081543, -6.584095478057861]]
[261602, 16, 0, [8.588085174560547, -8.625852584838867]]
[261602, 19, 0, [9.26636028289795, -0.27098512649536133]]
[261602, 13, 0, [6.594213485717773, -12.102339744567871]]
[261602, 23, 0, [5.937024116516113, -4.1126604080200195]]
[261602, 15, 0, [6.637139797210693, -6.454286098480225]]
[261602, 0, 1, [3.774266481399536, -3.6263139247894287]]
[261602, 11, 1, [1.347247838973999, -0.13028791546821594]]
[261602, 21, 1, [2.147623300552368, -3.137468099594116]]
[261602, 9, 1, [4.9788360595703125, -5.780368328094482]]
[261602, 2, 1, [8.899802207946777, -11.903200149536133]]
[261602, 17, 1, [1.670575499534607, -4.615890979766846]]
[261602, 20, 1, [9.935714721679688, -12.378174781799316]]
[261602, 6, 1, [2.0843286514282227, -12.319911003112793]]
[268552, 'popsize', 17, 'queuesize', 0]
[269452, 10, 0, [0.10599924623966217, -9.823060035705566]]
[269452, 3, 0, [0.10600759834051132, -4.714873313903809]]
[269452, 12, 0, [10.253361701965332, -7.435669898986816]]
[269452, 4, 0, [6.006084442138672, -6.446699142456055]]
[269452, 16, 0, [8.563069343566895, -8.593016624450684]]
[269452, 19, 0, [9.353851318359375, -0.12407056242227554]]
[269452, 13, 0, [6.607873916625977, -12.144783020019531]]
[269452, 23, 0, [5.931293964385986, -4.097321033477783]]
[269452, 15, 0, [6.684221267700195, -6.458906650543213]]
[269452, 0, 1, [3.728766918182373, -3.5894508361816406]]
[269452, 11, 1, [1.3336272239685059, -0.21189193427562714]]
[269452, 21, 1, [2.2158398628234863, -3.1524808406829834]]
[269452, 9, 1, [4.333743572235107, -5.874104976654053]]
[269452, 2, 1, [8.53201961517334, -12.028609275817871]]
[269452, 17, 1, [1.7226544618606567, -3.961379051208496]]
[269452, 20, 1, [9.996562004089355, -12.389569282531738]]
[269452, 6, 1, [2.0675432682037354, -12.37516975402832]]
[276402, 'popsize', 17, 'queuesize', 0]
[277302, 10, 0, [0.10506350547075272, -9.921488761901855]]
[277302, 3, 0, [0.13698235154151917, -4.766890525817871]]
[277302, 12, 0, [10.310341835021973, -7.374776363372803]]
[277302, 4, 0, [5.607687473297119, -6.240790367126465]]
[277302, 16, 0, [8.527755737304688, -8.613810539245605]]
[277302, 19, 0, [9.362336158752441, -0.12333369255065918]]
[277302, 13, 0, [6.7063069343566895, -12.115511894226074]]
[277302, 23, 0, [5.841963768005371, -4.075068950653076]]
[277302, 15, 0, [6.574010848999023, -6.190989971160889]]
[277302, 0, 1, [3.7333881855010986, -3.588999032974243]]
[277302, 11, 1, [1.0290182828903198, -0.1707867532968521]]
[277302, 21, 1, [2.2790114879608154, -3.1724629402160645]]
[277302, 9, 1, [3.676229476928711, -5.8954997062683105]]
[277302, 2, 1, [7.890977382659912, -12.174402236938477]]
[277302, 17, 1, [1.8598781824111938, -3.317905902862549]]
[277302, 20, 1, [10.11616325378418, -12.394135475158691]]
[277302, 6, 1, [2.1374332904815674, -12.347314834594727]]
[284252, 'popsize', 17, 'queuesize', 0]
[285152, 10, 0, [0.1245359256863594, -9.978409767150879]]
[285152, 3, 0, [0.22528111934661865, -4.866587162017822]]
[285152, 12, 0, [10.279242515563965, -7.40975284576416]]
[285152, 4, 0, [5.745872974395752, -6.110435962677002]]
[285152, 16, 0, [8.540454864501953, -8.653890609741211]]
[285152, 19, 0, [9.367288589477539, -0.12333152443170547]]
[285152, 13, 0, [6.735986232757568, -12.155010223388672]]
[285152, 23, 0, [5.7649617195129395, -3.9873242378234863]]
[285152, 15, 0, [6.4092488288879395, -5.555188179016113]]
[285152, 0, 1, [3.6600260734558105, -3.636172294616699]]
[285152, 11, 1, [1.0208708047866821, -0.17320378124713898]]
[285152, 21, 1, [2.343749523162842, -3.199390172958374]]
[285152, 9, 1, [3.0178980827331543, -5.837339401245117]]
[285152, 2, 1, [7.239917278289795, -12.21636962890625]]
[285152, 17, 1, [1.9105355739593506, -3.1550872325897217]]
[285152, 20, 1, [10.222365379333496, -12.3939847946167]]
[285152, 6, 1, [2.171236991882324, -12.349333763122559]]
[292052, 'popsize', 17, 'queuesize', 0]
[292952, 10, 0, [0.10552056133747101, -9.731179237365723]]
[292952, 3, 0, [0.3109865188598633, -5.109235763549805]]
[292952, 12, 0, [10.292936325073242, -7.3745880126953125]]
[292952, 4, 0, [6.18659782409668, -5.635369777679443]]
[292952, 16, 0, [8.57937240600586, -8.648510932922363]]
[292952, 19, 0, [9.372685432434082, -0.12333682179450989]]
[292952, 13, 0, [6.671003818511963, -12.11246109008789]]
[292952, 23, 0, [5.792860507965088, -3.96311616897583]]
[292952, 15, 0, [6.323822021484375, -4.907304763793945]]
[292952, 0, 1, [3.5880537033081055, -3.6402957439422607]]
[292952, 11, 1, [0.8961226940155029, -0.25241783261299133]]
[292952, 21, 1, [2.3945672512054443, -3.2226099967956543]]
[292952, 9, 1, [2.381566047668457, -5.692612648010254]]
[292952, 2, 1, [6.862337589263916, -12.147448539733887]]
[292952, 17, 1, [1.7923280000686646, -3.68387508392334]]
[292952, 20, 1, [10.328303337097168, -12.394001960754395]]
[292952, 6, 1, [1.9091335535049438, -12.153182029724121]]
[300303, 'popsize', 18, 'queuesize', 0]
[301253, 10, 0, [0.10797081887722015, -9.658066749572754]]
[301253, 3, 0, [0.4066193103790283, -5.277480602264404]]
[301253, 12, 0, [10.326297760009766, -7.3419508934021]]
[301253, 4, 0, [6.003152847290039, -5.812869071960449]]
[301253, 16, 0, [8.573200225830078, -8.602548599243164]]
[301253, 19, 0, [9.37673568725586, -0.12333560734987259]]
[301253, 13, 0, [6.512118816375732, -12.16067886352539]]
[301253, 23, 0, [5.780404567718506, -3.9696269035339355]]
[301253, 15, 0, [6.324975490570068, -4.781875133514404]]
[301253, 8, 0, [11.180137634277344, -6.278679370880127]]
[301253, 0, 1, [3.5148701667785645, -3.6328580379486084]]
[301253, 11, 1, [0.9445352554321289, -0.12042820453643799]]
[301253, 21, 1, [2.4557924270629883, -3.261247396469116]]
[301253, 9, 1, [1.7279181480407715, -5.457813262939453]]
[301253, 2, 1, [6.467149257659912, -11.989435195922852]]
[301253, 17, 1, [1.598244547843933, -3.5283403396606445]]
[301253, 20, 1, [10.439984321594238, -12.394007682800293]]
[301253, 6, 1, [1.9497318267822266, -12.36820125579834]]
[308553, 'popsize', 18, 'queuesize', 0]
[309503, 10, 0, [0.10792040079832077, -9.580857276916504]]
[309503, 3, 0, [0.5248703360557556, -5.231693744659424]]
[309503, 12, 0, [9.99502182006836, -7.013788223266602]]
[309503, 4, 0, [5.958724021911621, -5.853765964508057]]
[309503, 16, 0, [8.524306297302246, -8.62127685546875]]
[309503, 19, 0, [9.383424758911133, -0.12333251535892487]]
[309503, 13, 0, [6.603265285491943, -12.114953994750977]]
[309503, 23, 0, [5.7495903968811035, -3.9660258293151855]]
[309503, 15, 0, [6.213752746582031, -4.28994607925415]]
[309503, 8, 0, [11.109917640686035, -6.333469867706299]]
[309503, 0, 1, [3.4405903816223145, -3.6146278381347656]]
[309503, 11, 1, [0.9747274518013, -0.11575757712125778]]
[309503, 21, 1, [2.5089821815490723, -3.3017117977142334]]
[309503, 9, 1, [1.1097913980484009, -5.1457200050354]]
[309503, 2, 1, [5.785847187042236, -11.86420726776123]]
[309503, 17, 1, [1.7917767763137817, -3.3590996265411377]]
[309503, 20, 1, [10.553685188293457, -12.394007682800293]]
[309503, 6, 1, [1.9251750707626343, -12.340838432312012]]
[316803, 'popsize', 18, 'queuesize', 0]
[317753, 10, 0, [0.1428840607404709, -9.527777671813965]]
[317753, 3, 0, [0.6270644664764404, -5.216217517852783]]
[317753, 12, 0, [9.883954048156738, -6.8615946769714355]]
[317753, 4, 0, [5.913477420806885, -5.900754928588867]]
[317753, 16, 0, [8.553605079650879, -8.66515064239502]]
[317753, 19, 0, [9.387198448181152, -0.12333596497774124]]
[317753, 13, 0, [6.6808295249938965, -12.108267784118652]]
[317753, 23, 0, [5.758304119110107, -3.915555477142334]]
[317753, 15, 0, [6.211032867431641, -4.324110984802246]]
[317753, 8, 0, [11.458518028259277, -6.309922218322754]]
[317753, 0, 1, [3.371145009994507, -3.5851759910583496]]
[317753, 11, 1, [1.0004349946975708, -0.11464843899011612]]
[317753, 21, 1, [2.558119058609009, -3.3474137783050537]]
[317753, 9, 1, [1.0728435516357422, -5.153321266174316]]
[317753, 2, 1, [5.125871181488037, -11.647608757019043]]
[317753, 17, 1, [1.6791025400161743, -3.2747576236724854]]
[317753, 20, 1, [10.665778160095215, -12.394018173217773]]
[317753, 6, 1, [1.8124028444290161, -12.317481994628906]]
[325153, 'popsize', 18, 'queuesize', 0]
[326103, 10, 0, [0.33043086528778076, -9.560093879699707]]
[326103, 3, 0, [0.7391813397407532, -5.7899298667907715]]
[326103, 12, 0, [9.968216896057129, -6.824331283569336]]
[326103, 4, 0, [6.013372898101807, -5.7648024559021]]
[326103, 16, 0, [8.589447975158691, -8.617362022399902]]
[326103, 19, 0, [9.39162826538086, -0.12333858758211136]]
[326103, 13, 0, [6.734399795532227, -12.118629455566406]]
[326103, 23, 0, [5.7430644035339355, -3.9189045429229736]]
[326103, 15, 0, [6.101782321929932, -4.216582298278809]]
[326103, 8, 0, [12.091935157775879, -6.064825057983398]]
[326103, 0, 1, [3.3072221279144287, -3.547093629837036]]
[326103, 11, 1, [1.1814584732055664, -0.09684460610151291]]
[326103, 21, 1, [2.6045844554901123, -3.400991678237915]]
[326103, 9, 1, [1.097529411315918, -5.159392833709717]]
[326103, 2, 1, [4.5009989738464355, -11.340241432189941]]
[326103, 17, 1, [1.5636513233184814, -3.1271257400512695]]
[326103, 20, 1, [10.778838157653809, -12.393942832946777]]
[326103, 6, 1, [1.1468476057052612, -12.36596393585205]]
[333403, 'popsize', 18, 'queuesize', 0]
[334353, 10, 0, [0.10124204307794571, -10.116414070129395]]
[334353, 3, 0, [0.9505365490913391, -6.434067726135254]]
[334353, 12, 0, [9.932991027832031, -6.856359958648682]]
[334353, 4, 0, [6.059366226196289, -5.79408073425293]]
[334353, 16, 0, [8.543963432312012, -8.597604751586914]]
[334353, 19, 0, [9.397027015686035, -0.1233350858092308]]
[334353, 13, 0, [6.678513050079346, -11.958989143371582]]
[334353, 23, 0, [5.648935794830322, -3.8117494583129883]]
[334353, 15, 0, [5.819606781005859, -3.9010019302368164]]
[334353, 8, 0, [12.387532234191895, -5.847015857696533]]
[334353, 0, 1, [3.251018524169922, -3.500645399093628]]
[334353, 11, 1, [1.3141753673553467, -0.09681861102581024]]
[334353, 21, 1, [2.6482224464416504, -3.463397264480591]]
[334353, 9, 1, [0.8615912199020386, -4.507448673248291]]
[334353, 2, 1, [3.9278295040130615, -10.949177742004395]]
[334353, 17, 1, [2.2164382934570312, -3.353271484375]]
[334353, 20, 1, [10.890488624572754, -12.3939208984375]]
[334353, 6, 1, [0.8665146231651306, -12.392133712768555]]
[341653, 'popsize', 18, 'queuesize', 0]
[342653, 10, 0, [0.10587235540151596, -10.274333000183105]]
[342653, 3, 0, [1.24951171875, -7.0302863121032715]]
[342653, 12, 0, [9.82981014251709, -6.6580891609191895]]
[342653, 4, 0, [6.02111291885376, -5.827065467834473]]
[342653, 16, 0, [8.534564971923828, -8.644688606262207]]
[342653, 19, 0, [9.40140438079834, -0.12333870679140091]]
[342653, 13, 0, [6.716853618621826, -12.003277778625488]]
[342653, 23, 0, [5.628661155700684, -3.7275326251983643]]
[342653, 15, 0, [5.357839107513428, -3.7895145416259766]]
[342653, 8, 0, [12.394231796264648, -5.722619533538818]]
[342653, 0, 1, [3.20277738571167, -3.4466700553894043]]
[342653, 11, 1, [1.4506703615188599, -0.09964421391487122]]
[342653, 21, 1, [2.703805446624756, -3.5279910564422607]]
[342653, 9, 1, [0.7109103798866272, -3.829679250717163]]
[342653, 2, 1, [3.411835193634033, -10.485267639160156]]
[342653, 17, 1, [2.549292802810669, -3.5029637813568115]]
[342653, 20, 1, [11.002397537231445, -12.393925666809082]]
[342653, 6, 1, [0.85696941614151, -12.35563850402832]]
[350003, 'popsize', 18, 'queuesize', 0]
[350953, 10, 0, [0.1060321182012558, -10.387018203735352]]
[350953, 3, 0, [1.6500672101974487, -7.584329128265381]]
[350953, 12, 0, [9.741130828857422, -6.503180980682373]]
[350953, 4, 0, [5.997133255004883, -5.77586030960083]]
[350953, 16, 0, [8.591925621032715, -8.6360502243042]]
[350953, 19, 0, [9.406265258789062, -0.12333442270755768]]
[350953, 13, 0, [6.827149868011475, -11.977690696716309]]
[350953, 23, 0, [5.575101852416992, -3.740642547607422]]
[350953, 15, 0, [5.378190994262695, -3.6497018337249756]]
[350953, 8, 0, [12.393941879272461, -5.609790325164795]]
[350953, 0, 1, [3.161775827407837, -3.385007858276367]]
[350953, 11, 1, [1.5998598337173462, -0.10697494447231293]]
[350953, 21, 1, [2.761613368988037, -3.6036365032196045]]
[350953, 9, 1, [0.6491856575012207, -3.1313059329986572]]
[350953, 2, 1, [2.9559926986694336, -9.954122543334961]]
[350953, 17, 1, [2.6148579120635986, -3.5541141033172607]]
[350953, 20, 1, [11.118349075317383, -12.390238761901855]]
[350953, 6, 1, [0.9158568978309631, -12.378232955932617]]
[358253, 'popsize', 18, 'queuesize', 0]
[359203, 10, 0, [0.105807363986969, -10.501267433166504]]
[359203, 3, 0, [1.7603425979614258, -7.756554126739502]]
[359203, 12, 0, [9.69605541229248, -6.482223987579346]]
[359203, 4, 0, [6.049596786499023, -5.7680559158325195]]
[359203, 16, 0, [8.57160472869873, -8.586036682128906]]
[359203, 19, 0, [9.40988826751709, -0.12334001809358597]]
[359203, 13, 0, [6.90329122543335, -11.980202674865723]]
[359203, 23, 0, [5.578536510467529, -3.6946427822113037]]
[359203, 15, 0, [5.331904411315918, -4.083149433135986]]
[359203, 8, 0, [12.394180297851562, -5.494793891906738]]
[359203, 0, 1, [3.131164789199829, -3.3174288272857666]]
[359203, 11, 1, [1.784061312675476, -0.2149125188589096]]
[359203, 21, 1, [2.7998838424682617, -3.683903694152832]]
[359203, 9, 1, [0.6920753717422485, -2.4415090084075928]]
[359203, 2, 1, [2.5916409492492676, -9.365838050842285]]
[359203, 17, 1, [2.663490056991577, -3.6107542514801025]]
[359203, 20, 1, [11.344289779663086, -12.394787788391113]]
[359203, 6, 1, [0.9819240570068359, -12.390059471130371]]
[366503, 'popsize', 18, 'queuesize', 0]
[367453, 10, 0, [0.10606126487255096, -10.612747192382812]]
[367453, 3, 0, [1.8078302145004272, -7.8457136154174805]]
[367453, 12, 0, [9.657590866088867, -6.471949577331543]]
[367453, 4, 0, [6.116896152496338, -5.585214138031006]]
[367453, 16, 0, [8.539521217346191, -8.616534233093262]]
[367453, 19, 0, [9.41511058807373, -0.12333258986473083]]
[367453, 13, 0, [6.952510356903076, -11.998802185058594]]
[367453, 23, 0, [5.6226677894592285, -3.708001136779785]]
[367453, 15, 0, [5.3714985847473145, -4.103627681732178]]
[367453, 8, 0, [12.393938064575195, -5.382803916931152]]
[367453, 0, 1, [3.1115870475769043, -3.24692964553833]]
[367453, 11, 1, [1.494059681892395, -0.10825139284133911]]
[367453, 21, 1, [2.825605630874634, -3.7722744941711426]]
[367453, 9, 1, [0.8274366855621338, -1.7569491863250732]]
[367453, 2, 1, [2.3121700286865234, -8.730525970458984]]
[367453, 17, 1, [2.7035715579986572, -3.6780622005462646]]
[367453, 20, 1, [11.462484359741211, -12.394159317016602]]
[367453, 6, 1, [1.1080434322357178, -12.394124031066895]]
[374703, 'popsize', 18, 'queuesize', 0]
[375653, 10, 0, [0.10606737434864044, -10.723639488220215]]
[375653, 3, 0, [2.189760446548462, -7.4036078453063965]]
[375653, 12, 0, [9.62304973602295, -6.432749271392822]]
[375653, 4, 0, [6.268861770629883, -5.3148956298828125]]
[375653, 16, 0, [8.576226234436035, -8.651625633239746]]
[375653, 19, 0, [9.421238899230957, -0.12333628535270691]]
[375653, 13, 0, [7.032670497894287, -11.925190925598145]]
[375653, 23, 0, [5.599187850952148, -3.756286382675171]]
[375653, 15, 0, [5.595904350280762, -4.520296096801758]]
[375653, 8, 0, [12.394002914428711, -5.270975589752197]]
[375653, 0, 1, [3.1025545597076416, -3.173220634460449]]
[375653, 11, 1, [1.5575166940689087, -0.18886220455169678]]
[375653, 21, 1, [2.8337128162384033, -3.8487603664398193]]
[375653, 9, 1, [1.0593534708023071, -1.1097246408462524]]
[375653, 2, 1, [2.1233785152435303, -8.070247650146484]]
[375653, 17, 1, [2.7275142669677734, -3.7346138954162598]]
[375653, 20, 1, [11.576672554016113, -12.393991470336914]]
[375653, 6, 1, [1.2195639610290527, -12.39400863647461]]
[382853, 'popsize', 18, 'queuesize', 0]
[383803, 10, 0, [0.10607725381851196, -10.833455085754395]]
[383803, 3, 0, [2.5351977348327637, -6.825469493865967]]
[383803, 12, 0, [9.668201446533203, -6.398754596710205]]
[383803, 4, 0, [6.119711875915527, -5.518545150756836]]
[383803, 16, 0, [8.59910774230957, -8.607795715332031]]
[383803, 19, 0, [9.427589416503906, -0.12333754450082779]]
[383803, 13, 0, [7.083718776702881, -11.793142318725586]]
[383803, 23, 0, [5.600133419036865, -3.7369256019592285]]
[383803, 15, 0, [5.30637788772583, -4.329522132873535]]
[383803, 8, 0, [12.393960952758789, -5.1602301597595215]]
[383803, 0, 1, [3.092323064804077, -3.151615858078003]]
[383803, 11, 1, [1.4141498804092407, -0.23018933832645416]]
[383803, 21, 1, [2.8297743797302246, -3.912320613861084]]
[383803, 9, 1, [1.3846843242645264, -0.511589765548706]]
[383803, 2, 1, [2.039414644241333, -7.536683082580566]]
[383803, 17, 1, [2.744216203689575, -3.7835686206817627]]
[383803, 20, 1, [11.686797142028809, -12.393951416015625]]
[383803, 6, 1, [1.3301559686660767, -12.393951416015625]]
[391103, 'popsize', 18, 'queuesize', 0]
[392053, 10, 0, [0.10602840781211853, -10.945472717285156]]
[392053, 3, 0, [2.787468194961548, -6.208986759185791]]
[392053, 12, 0, [9.562097549438477, -6.22445821762085]]
[392053, 4, 0, [5.8026604652404785, -6.110686779022217]]
[392053, 16, 0, [8.547883987426758, -8.594307899475098]]
[392053, 19, 0, [9.432129859924316, -0.12333311140537262]]
[392053, 13, 0, [7.071315765380859, -11.96122932434082]]
[392053, 23, 0, [5.48445987701416, -3.6784117221832275]]
[392053, 15, 0, [5.377819538116455, -4.372498989105225]]
[392053, 8, 0, [12.393962860107422, -5.048133373260498]]
[392053, 0, 1, [3.086183786392212, -3.1409788131713867]]
[392053, 11, 1, [1.5969451665878296, -0.09876997023820877]]
[392053, 21, 1, [2.8062314987182617, -4.000777244567871]]
[392053, 9, 1, [1.5033971071243286, -0.33278563618659973]]
[392053, 2, 1, [1.8759500980377197, -7.953131675720215]]
[392053, 17, 1, [2.7554235458374023, -3.855576515197754]]
[392053, 20, 1, [11.798730850219727, -12.393962860107422]]
[392053, 6, 1, [1.4428189992904663, -12.393950462341309]]
[399354, 'popsize', 18, 'queuesize', 0]
[400304, 10, 0, [0.10605581104755402, -11.057018280029297]]
[400304, 3, 0, [2.9018592834472656, -5.5624237060546875]]
[400304, 12, 0, [9.61508846282959, -6.225903511047363]]
[400304, 4, 0, [5.830361366271973, -6.039614677429199]]
[400304, 16, 0, [8.5504150390625, -8.645041465759277]]
[400304, 19, 0, [9.435460090637207, -0.12333814054727554]]
[400304, 13, 0, [7.136676788330078, -12.0294828414917]]
[400304, 23, 0, [5.529971599578857, -3.6611673831939697]]
[400304, 15, 0, [5.69959831237793, -4.454308986663818]]
[400304, 8, 0, [12.393919944763184, -4.936100959777832]]
[400304, 0, 1, [3.081803798675537, -3.1283535957336426]]
[400304, 11, 1, [1.7705447673797607, -0.10582465678453445]]
[400304, 21, 1, [2.7631771564483643, -4.072946548461914]]
[400304, 9, 1, [1.6469814777374268, -0.2399277538061142]]
[400304, 2, 1, [1.5023231506347656, -8.537177085876465]]
[400304, 17, 1, [2.7467057704925537, -3.9189794063568115]]
[400304, 20, 1, [11.87646770477295, -12.380876541137695]]
[400304, 6, 1, [1.557240605354309, -12.393936157226562]]
[407554, 'popsize', 18, 'queuesize', 0]
[408504, 10, 0, [0.10600508004426956, -11.16876220703125]]
[408504, 3, 0, [2.9044830799102783, -4.903237819671631]]
[408504, 12, 0, [9.610625267028809, -5.9233078956604]]
[408504, 4, 0, [5.967216491699219, -5.394350528717041]]
[408504, 16, 0, [8.60293197631836, -8.63780403137207]]
[408504, 19, 0, [9.44044303894043, -0.12333313375711441]]
[408504, 13, 0, [7.185494422912598, -12.017373085021973]]
[408504, 23, 0, [5.5421576499938965, -3.7163097858428955]]
[408504, 15, 0, [5.647349834442139, -4.716391086578369]]
[408504, 8, 0, [12.39395523071289, -4.824404716491699]]
[408504, 0, 1, [3.0836400985717773, -3.1132748126983643]]
[408504, 11, 1, [1.8254913091659546, -0.10407359898090363]]
[408504, 21, 1, [2.706981897354126, -4.130516529083252]]
[408504, 9, 1, [1.70254647731781, -0.23821191489696503]]
[408504, 2, 1, [1.0536091327667236, -9.055169105529785]]
[408504, 17, 1, [2.7240467071533203, -3.976353645324707]]
[408504, 20, 1, [12.087695121765137, -12.20850944519043]]
[408504, 6, 1, [1.6694008111953735, -12.393974304199219]]
[415804, 'popsize', 18, 'queuesize', 0]
[416754, 10, 0, [0.10607720911502838, -11.280613899230957]]
[416754, 3, 0, [3.0239076614379883, -4.749230861663818]]
[416754, 12, 0, [9.656686782836914, -5.992615222930908]]
[416754, 4, 0, [5.9939727783203125, -4.727869033813477]]
[416754, 16, 0, [8.581022262573242, -8.588541030883789]]
[416754, 19, 0, [9.446303367614746, -0.1233319491147995]]
[416754, 13, 0, [7.264797687530518, -11.959718704223633]]
[416754, 23, 0, [5.49036979675293, -3.713916301727295]]
[416754, 15, 0, [5.69740104675293, -4.024934768676758]]
[416754, 8, 0, [12.393952369689941, -4.712334632873535]]
[416754, 0, 1, [3.0893383026123047, -3.099492073059082]]
[416754, 11, 1, [1.8830196857452393, -0.10193052887916565]]
[416754, 21, 1, [2.6428050994873047, -4.1742072105407715]]
[416754, 9, 1, [1.758344054222107, -0.2349962294101715]]
[416754, 2, 1, [0.6882447600364685, -9.387687683105469]]
[416754, 17, 1, [2.6921212673187256, -4.027702331542969]]
[416754, 20, 1, [12.062348365783691, -12.223769187927246]]
[416754, 6, 1, [1.7817314863204956, -12.393985748291016]]
[424104, 'popsize', 18, 'queuesize', 0]
[425054, 10, 0, [0.10598067939281464, -11.394247055053711]]
[425054, 3, 0, [2.764111280441284, -5.2852373123168945]]
[425054, 12, 0, [9.61008071899414, -5.931537628173828]]
[425054, 4, 0, [5.935088157653809, -4.5583367347717285]]
[425054, 16, 0, [8.540072441101074, -8.624075889587402]]
[425054, 19, 0, [9.451948165893555, -0.1233379915356636]]
[425054, 13, 0, [7.358877182006836, -11.903194427490234]]
[425054, 23, 0, [5.505588531494141, -3.6706981658935547]]
[425054, 15, 0, [5.728057861328125, -4.06198787689209]]
[425054, 8, 0, [12.393943786621094, -4.59922981262207]]
[425054, 0, 1, [3.1546053886413574, -3.083662986755371]]
[425054, 11, 1, [1.9153549671173096, -0.1019267812371254]]
[425054, 21, 1, [2.5662312507629395, -4.20514440536499]]
[425054, 9, 1, [1.7886189222335815, -0.2339440882205963]]
[425054, 2, 1, [0.7486861944198608, -9.432159423828125]]
[425054, 17, 1, [2.647878885269165, -4.073939800262451]]
[425054, 20, 1, [12.05079460144043, -12.249110221862793]]
[425054, 6, 1, [1.8948547840118408, -12.393999099731445]]
[432254, 'popsize', 18, 'queuesize', 0]
[433254, 10, 0, [0.10582401603460312, -11.507804870605469]]
[433254, 3, 0, [2.630892038345337, -5.623151779174805]]
[433254, 12, 0, [9.628449440002441, -5.9683051109313965]]
[433254, 4, 0, [5.984587669372559, -4.547120571136475]]
[433254, 16, 0, [8.585500717163086, -8.65363597869873]]
[433254, 19, 0, [9.456679344177246, -0.12333845347166061]]
[433254, 13, 0, [7.4497971534729, -11.825444221496582]]
[433254, 23, 0, [5.540904998779297, -3.6904850006103516]]
[433254, 15, 0, [5.681254863739014, -3.960909843444824]]
[433254, 8, 0, [12.39409351348877, -4.485334396362305]]
[433254, 0, 1, [3.22761607170105, -3.0766854286193848]]
[433254, 11, 1, [1.9417638778686523, -0.10187473148107529]]
[433254, 21, 1, [2.4873862266540527, -4.216210842132568]]
[433254, 9, 1, [1.8142130374908447, -0.23400911688804626]]
[433254, 2, 1, [0.9544844627380371, -9.055342674255371]]
[433254, 17, 1, [2.595036506652832, -4.105231285095215]]
[433254, 20, 1, [12.378852844238281, -12.391095161437988]]
[433254, 6, 1, [2.0061898231506348, -12.393922805786133]]
[440554, 'popsize', 18, 'queuesize', 0]
[441504, 10, 0, [0.10608009248971939, -11.620399475097656]]
[441504, 3, 0, [2.3673458099365234, -5.319672107696533]]
[441504, 12, 0, [9.58864974975586, -5.996551990509033]]
[441504, 4, 0, [5.971698760986328, -4.468194007873535]]
[441504, 16, 0, [8.602269172668457, -8.604217529296875]]
[441504, 19, 0, [9.46146011352539, -0.12333914637565613]]
[441504, 13, 0, [7.377936840057373, -11.781220436096191]]
[441504, 23, 0, [5.738255500793457, -3.546722412109375]]
[441504, 15, 0, [5.572556495666504, -3.639559268951416]]
[441504, 8, 0, [12.394000053405762, -4.373183250427246]]
[441504, 0, 1, [3.291921854019165, -3.0787079334259033]]
[441504, 11, 1, [1.9657968282699585, -0.1020040214061737]]
[441504, 21, 1, [2.4066004753112793, -4.210286617279053]]
[441504, 9, 1, [1.8373991250991821, -0.23473510146141052]]
[441504, 2, 1, [1.3460361957550049, -8.484284400939941]]
[441504, 17, 1, [2.535557985305786, -4.125441074371338]]
[441504, 20, 1, [12.367477416992188, -12.369254112243652]]
[441504, 6, 1, [2.1188242435455322, -12.39396858215332]]
[448804, 'popsize', 18, 'queuesize', 0]
[449754, 10, 0, [0.10604789853096008, -11.732776641845703]]
[449754, 3, 0, [2.479306936264038, -5.299442768096924]]
[449754, 12, 0, [9.283439636230469, -6.0078043937683105]]
[449754, 4, 0, [6.0167951583862305, -4.6245317459106445]]
[449754, 16, 0, [8.550045013427734, -8.600841522216797]]
[449754, 19, 0, [9.467350959777832, -0.12333546578884125]]
[449754, 13, 0, [7.470848560333252, -11.815252304077148]]
[449754, 23, 0, [5.808003902435303, -3.6193346977233887]]
[449754, 15, 0, [5.641255855560303, -3.450519561767578]]
[449754, 8, 0, [12.393926620483398, -4.261310577392578]]
[449754, 0, 1, [3.314394474029541, -3.080496311187744]]
[449754, 11, 1, [2.0144875049591064, -0.10264534503221512]]
[449754, 21, 1, [2.3142006397247314, -4.183370113372803]]
[449754, 9, 1, [1.8841031789779663, -0.23350867629051208]]
[449754, 2, 1, [1.8238329887390137, -7.984698295593262]]
[449754, 17, 1, [2.4614038467407227, -4.134666919708252]]
[449754, 20, 1, [12.374815940856934, -12.339072227478027]]
[449754, 6, 1, [2.231112480163574, -12.393967628479004]]
[457054, 'popsize', 18, 'queuesize', 0]
[458054, 10, 0, [0.10599478334188461, -11.845250129699707]]
[458054, 3, 0, [1.9994754791259766, -4.975484371185303]]
[458054, 12, 0, [9.333233833312988, -5.9422831535339355]]
[458054, 4, 0, [5.717234134674072, -4.633142948150635]]
[458054, 16, 0, [8.562564849853516, -8.645493507385254]]
[458054, 19, 0, [9.471456527709961, -0.123337022960186]]
[458054, 13, 0, [7.551565170288086, -11.875990867614746]]
[458054, 23, 0, [5.891887664794922, -3.622227907180786]]
[458054, 15, 0, [5.727278232574463, -3.6909549236297607]]
[458054, 8, 0, [12.393935203552246, -4.148502349853516]]
[458054, 0, 1, [3.3802425861358643, -3.096606969833374]]
[458054, 11, 1, [2.0432560443878174, -0.10209381580352783]]
[458054, 21, 1, [2.2397282123565674, -4.13683557510376]]
[458054, 9, 1, [1.9115289449691772, -0.2335255742073059]]
[458054, 2, 1, [2.3783416748046875, -7.563813209533691]]
[458054, 17, 1, [2.394169807434082, -4.125536918640137]]
[458054, 20, 1, [12.378815650939941, -12.383329391479492]]
[458054, 6, 1, [2.344120740890503, -12.39395809173584]]
[465354, 'popsize', 18, 'queuesize', 0]
[466304, 10, 0, [0.10605200380086899, -11.957049369812012]]
[466304, 3, 0, [1.9559341669082642, -4.7901458740234375]]
[466304, 12, 0, [9.312957763671875, -5.976891994476318]]
[466304, 4, 0, [5.75001859664917, -4.670993328094482]]
[466304, 16, 0, [8.607392311096191, -8.617735862731934]]
[466304, 19, 0, [9.475794792175293, -0.12333513051271439]]
[466304, 13, 0, [7.65432596206665, -11.940105438232422]]
[466304, 23, 0, [5.854849815368652, -3.605750560760498]]
[466304, 15, 0, [5.455913066864014, -3.6661736965179443]]
[466304, 8, 0, [12.394027709960938, -4.035946846008301]]
[466304, 0, 1, [3.4494104385375977, -3.1250882148742676]]
[466304, 11, 1, [2.1369378566741943, -0.10118085145950317]]
[466304, 21, 1, [2.178006649017334, -4.0728535652160645]]
[466304, 9, 1, [2.000577449798584, -0.22708159685134888]]
[466304, 2, 1, [2.987811326980591, -7.235015869140625]]
[466304, 17, 1, [2.3298869132995605, -4.099645614624023]]
[466304, 20, 1, [12.382128715515137, -12.403711318969727]]
[466304, 6, 1, [2.4402294158935547, -12.377470970153809]]
[473654, 'popsize', 18, 'queuesize', 0]
[474604, 10, 0, [0.10500011593103409, -12.061248779296875]]
[474604, 3, 0, [2.162688970565796, -5.339085102081299]]
[474604, 12, 0, [9.312521934509277, -5.928340911865234]]
[474604, 4, 0, [5.994889259338379, -4.51868200302124]]
[474604, 16, 0, [8.565608024597168, -8.585722923278809]]
[474604, 19, 0, [9.479049682617188, -0.12333453446626663]]
[474604, 13, 0, [7.726667881011963, -11.861576080322266]]
[474604, 23, 0, [5.8905415534973145, -3.5456790924072266]]
[474604, 15, 0, [5.736562728881836, -3.6691627502441406]]
[474604, 8, 0, [12.393921852111816, -3.923447847366333]]
[474604, 0, 1, [3.5137293338775635, -3.1640422344207764]]
[474604, 11, 1, [2.277357339859009, -0.10187117010354996]]
[474604, 21, 1, [2.1288645267486572, -3.986299991607666]]
[474604, 9, 1, [2.133466958999634, -0.22026872634887695]]
[474604, 2, 1, [3.6431186199188232, -7.000178813934326]]
[474604, 17, 1, [2.2681753635406494, -4.0531392097473145]]
[474604, 20, 1, [12.381645202636719, -12.404661178588867]]
[474604, 6, 1, [2.39281964302063, -12.328075408935547]]
[481954, 'popsize', 18, 'queuesize', 0]
[482954, 10, 0, [0.10407687723636627, -12.171602249145508]]
[482954, 3, 0, [2.0165839195251465, -5.196768760681152]]
[482954, 12, 0, [9.356209754943848, -5.900443077087402]]
[482954, 4, 0, [6.015008926391602, -4.561888217926025]]
[482954, 16, 0, [8.547751426696777, -8.638358116149902]]
[482954, 19, 0, [9.485095977783203, -0.12325423955917358]]
[482954, 13, 0, [7.762129306793213, -11.72628116607666]]
[482954, 23, 0, [5.962597846984863, -3.5781190395355225]]
[482954, 15, 0, [5.720451831817627, -3.5200674533843994]]
[482954, 8, 0, [12.393975257873535, -3.8095991611480713]]
[482954, 0, 1, [3.573223829269409, -3.2140486240386963]]
[482954, 11, 1, [2.4045441150665283, -0.10380406677722931]]
[482954, 21, 1, [2.1047654151916504, -3.893641233444214]]
[482954, 9, 1, [2.2559921741485596, -0.21769732236862183]]
[482954, 2, 1, [3.947251558303833, -7.03061056137085]]
[482954, 17, 1, [2.221858024597168, -3.9934237003326416]]
[482954, 20, 1, [12.381536483764648, -12.404879570007324]]
[482954, 6, 1, [2.4506936073303223, -12.317541122436523]]
[490354, 'popsize', 18, 'queuesize', 0]
[491304, 10, 0, [0.1032366082072258, -12.294060707092285]]
[491304, 3, 0, [1.5590744018554688, -4.678904056549072]]
[491304, 12, 0, [9.416686058044434, -5.892333984375]]
[491304, 4, 0, [5.961364269256592, -4.565291881561279]]
[491304, 16, 0, [8.60103702545166, -8.639089584350586]]
[491304, 19, 0, [9.489550590515137, -0.12325794994831085]]
[491304, 13, 0, [7.788348197937012, -11.891074180603027]]
[491304, 23, 0, [5.952238082885742, -3.5366175174713135]]
[491304, 15, 0, [5.855193614959717, -4.08843469619751]]
[491304, 8, 0, [12.393996238708496, -3.695875406265259]]
[491304, 0, 1, [3.6250972747802734, -3.2717134952545166]]
[491304, 11, 1, [2.489574909210205, -0.10341543704271317]]
[491304, 21, 1, [2.10787296295166, -3.7877390384674072]]
[491304, 9, 1, [2.339714288711548, -0.21539068222045898]]
[491304, 2, 1, [4.479280948638916, -7.484442710876465]]
[491304, 17, 1, [2.1920077800750732, -3.917227268218994]]
[491304, 20, 1, [12.381532669067383, -12.404877662658691]]
[491304, 6, 1, [2.5262889862060547, -12.379878997802734]]
[498655, 'popsize', 18, 'queuesize', 0]
[499605, 10, 0, [0.10259467363357544, -12.38593864440918]]
[499605, 3, 0, [1.5555270910263062, -4.485249996185303]]
[499605, 12, 0, [9.385643005371094, -5.943091869354248]]
[499605, 4, 0, [6.101592540740967, -4.413374900817871]]
[499605, 16, 0, [8.578106880187988, -8.585325241088867]]
[499605, 19, 0, [9.494794845581055, -0.12334538251161575]]
[499605, 13, 0, [7.874779224395752, -11.946521759033203]]
[499605, 23, 0, [5.8325676918029785, -3.554396390914917]]
[499605, 15, 0, [5.821267127990723, -4.018146514892578]]
[499605, 8, 0, [12.394004821777344, -3.583124876022339]]
[499605, 0, 1, [3.665377616882324, -3.3318471908569336]]
[499605, 11, 1, [2.5681419372558594, -0.10324098914861679]]
[499605, 21, 1, [2.1430344581604004, -3.67814564704895]]
[499605, 9, 1, [2.416651964187622, -0.21371915936470032]]
[499605, 2, 1, [4.938551425933838, -8.008641242980957]]
[499605, 17, 1, [2.1864919662475586, -3.8265085220336914]]
[499605, 20, 1, [12.381526947021484, -12.404881477355957]]
[499605, 6, 1, [2.666037082672119, -12.357732772827148]]
[506905, 'popsize', 18, 'queuesize', 0]
[507855, 10, 0, [0.10163182765245438, -12.385293006896973]]
[507855, 3, 0, [1.6531916856765747, -5.069947719573975]]
[507855, 12, 0, [9.342925071716309, -5.912599086761475]]
[507855, 4, 0, [6.23561954498291, -4.290564060211182]]
[507855, 16, 0, [8.53714656829834, -8.611673355102539]]
[507855, 19, 0, [9.500123023986816, -0.12333737313747406]]
[507855, 13, 0, [7.95768928527832, -11.996155738830566]]
[507855, 23, 0, [5.851067066192627, -3.5533030033111572]]
[507855, 15, 0, [5.767904281616211, -3.8985161781311035]]
[507855, 8, 0, [12.394017219543457, -3.4688823223114014]]
[507855, 0, 1, [3.688333034515381, -3.3721764087677]]
[507855, 11, 1, [2.6474735736846924, -0.1024768054485321]]
[507855, 21, 1, [2.2053346633911133, -3.5846340656280518]]
[507855, 9, 1, [2.4946787357330322, -0.21079717576503754]]
[507855, 2, 1, [5.306546211242676, -8.59312915802002]]
[507855, 17, 1, [2.2055234909057617, -3.7385406494140625]]
[507855, 20, 1, [12.381523132324219, -12.404884338378906]]
[507855, 6, 1, [2.7222492694854736, -12.312227249145508]]
[515205, 'popsize', 18, 'queuesize', 0]
[516155, 10, 0, [0.10040480643510818, -12.384564399719238]]
[516155, 3, 0, [1.8570746183395386, -5.722580432891846]]
[516155, 12, 0, [9.386026382446289, -5.879090785980225]]
[516155, 4, 0, [6.211978912353516, -4.240828990936279]]
[516155, 16, 0, [8.575769424438477, -8.644309997558594]]
[516155, 19, 0, [9.505341529846191, -0.12333271652460098]]
[516155, 13, 0, [8.015070915222168, -12.073612213134766]]
[516155, 23, 0, [5.825867652893066, -3.4975852966308594]]
[516155, 15, 0, [5.719980239868164, -3.778214931488037]]
[516155, 8, 0, [12.394017219543457, -3.356085777282715]]
[516155, 0, 1, [3.7029404640197754, -3.414414882659912]]
[516155, 11, 1, [2.7391445636749268, -0.10268157720565796]]
[516155, 21, 1, [2.289884090423584, -3.5133872032165527]]
[516155, 9, 1, [2.5846309661865234, -0.20922063291072845]]
[516155, 2, 1, [5.57949686050415, -9.2362699508667]]
[516155, 17, 1, [2.2465922832489014, -3.6604223251342773]]
[516155, 20, 1, [12.381521224975586, -12.404879570007324]]
[516155, 6, 1, [2.815265655517578, -12.32047176361084]]
[523505, 'popsize', 18, 'queuesize', 0]
[524455, 10, 0, [0.09913893789052963, -12.383872032165527]]
[524455, 3, 0, [1.9118260145187378, -5.906787395477295]]
[524455, 12, 0, [9.454278945922852, -5.843489170074463]]
[524455, 4, 0, [6.260042190551758, -4.224001884460449]]
[524455, 16, 0, [8.598771095275879, -8.59860897064209]]
[524455, 19, 0, [9.51119613647461, -0.12334171682596207]]
[524455, 13, 0, [8.120107650756836, -12.140486717224121]]
[524455, 23, 0, [5.825240612030029, -3.5312368869781494]]
[524455, 15, 0, [5.5125932693481445, -3.32460618019104]]
[524455, 8, 0, [12.393929481506348, -3.243533134460449]]
[524455, 0, 1, [3.7097766399383545, -3.4253358840942383]]
[524455, 11, 1, [2.83896803855896, -0.10229454934597015]]
[524455, 21, 1, [2.3912949562072754, -3.469136953353882]]
[524455, 9, 1, [2.6847739219665527, -0.20751839876174927]]
[524455, 2, 1, [5.719667434692383, -9.707087516784668]]
[524455, 17, 1, [2.3085169792175293, -3.598935604095459]]
[524455, 20, 1, [12.381516456604004, -12.404881477355957]]
[524455, 6, 1, [3.487126588821411, -12.212647438049316]]
[531755, 'popsize', 18, 'queuesize', 0]
[532755, 10, 0, [0.09876382350921631, -12.38361930847168]]
[532755, 3, 0, [2.0351080894470215, -5.8766188621521]]
[532755, 12, 0, [9.418185234069824, -5.865543365478516]]
[532755, 4, 0, [6.2617621421813965, -4.275249481201172]]
[532755, 16, 0, [8.548717498779297, -8.5895357131958]]
[532755, 19, 0, [9.517097473144531, -0.12332655489444733]]
[532755, 13, 0, [8.193817138671875, -12.060331344604492]]
[532755, 23, 0, [5.782992839813232, -3.512716770172119]]
[532755, 15, 0, [5.743775844573975, -3.2697155475616455]]
[532755, 8, 0, [12.393928527832031, -3.1309382915496826]]
[532755, 0, 1, [3.7046077251434326, -3.46950364112854]]
[532755, 11, 1, [2.94219708442688, -0.10201909393072128]]
[532755, 21, 1, [2.502164125442505, -3.4543416500091553]]
[532755, 9, 1, [2.7870945930480957, -0.20628221333026886]]
[532755, 2, 1, [5.376528739929199, -9.996649742126465]]
[532755, 17, 1, [2.38653826713562, -3.555332660675049]]
[532755, 20, 1, [12.381509780883789, -12.404885292053223]]
[532755, 6, 1, [4.122841835021973, -11.991278648376465]]
[540055, 'popsize', 18, 'queuesize', 0]
[541005, 10, 0, [0.09830234199762344, -12.383312225341797]]
[541005, 3, 0, [1.935813546180725, -5.988384246826172]]
[541005, 12, 0, [9.459613800048828, -5.844274997711182]]
[541005, 4, 0, [6.2173051834106445, -4.257777690887451]]
[541005, 16, 0, [8.558696746826172, -8.63968276977539]]
[541005, 19, 0, [9.522212028503418, -0.12332583218812943]]
[541005, 13, 0, [8.263934135437012, -11.911092758178711]]
[541005, 23, 0, [5.765276908874512, -3.605665922164917]]
[541005, 15, 0, [5.808010101318359, -3.398528814315796]]
[541005, 8, 0, [12.393983840942383, -3.018270969390869]]
[541005, 0, 1, [3.6945595741271973, -3.5105814933776855]]
[541005, 11, 1, [3.039897918701172, -0.10180044919252396]]
[541005, 21, 1, [2.6208655834198, -3.4751946926116943]]
[541005, 9, 1, [2.8841497898101807, -0.20518667995929718]]
[541005, 2, 1, [4.798939228057861, -10.38392448425293]]
[541005, 17, 1, [2.4798858165740967, -3.5360524654388428]]
[541005, 20, 1, [12.381505966186523, -12.404888153076172]]
[541005, 6, 1, [4.698304653167725, -11.66705322265625]]
[548305, 'popsize', 18, 'queuesize', 0]
[549255, 10, 0, [0.09776293486356735, -12.382977485656738]]
[549255, 3, 0, [1.3700265884399414, -6.0205864906311035]]
[549255, 12, 0, [9.537261009216309, -5.7968621253967285]]
[549255, 4, 0, [6.417118549346924, -3.7699928283691406]]
[549255, 16, 0, [8.605975151062012, -8.619061470031738]]
[549255, 19, 0, [9.526019096374512, -0.12333288788795471]]
[549255, 13, 0, [8.248790740966797, -11.956836700439453]]
[549255, 23, 0, [5.755516529083252, -3.591414213180542]]
[549255, 15, 0, [6.010449409484863, -3.7274625301361084]]
[549255, 8, 0, [12.39393424987793, -2.9064793586730957]]
[549255, 0, 1, [3.681414842605591, -3.546891689300537]]
[549255, 11, 1, [3.140756130218506, -0.10148704051971436]]
[549255, 21, 1, [2.7124762535095215, -3.5204174518585205]]
[549255, 9, 1, [2.984797716140747, -0.203675776720047]]
[549255, 2, 1, [4.174290180206299, -10.676969528198242]]
[549255, 17, 1, [2.558936834335327, -3.5412442684173584]]
[549255, 20, 1, [12.381502151489258, -12.404885292053223]]
[549255, 6, 1, [4.864609241485596, -11.495617866516113]]
[556555, 'popsize', 18, 'queuesize', 0]
[557505, 10, 0, [0.09711629152297974, -12.382596969604492]]
[557505, 3, 0, [0.7130920886993408, -6.1436004638671875]]
[557505, 12, 0, [9.596847534179688, -5.8593220710754395]]
[557505, 4, 0, [6.498151779174805, -3.493865966796875]]
[557505, 16, 0, [8.571996688842773, -8.57555103302002]]
[557505, 19, 0, [9.530972480773926, -0.12332763522863388]]
[557505, 13, 0, [8.329784393310547, -11.985771179199219]]
[557505, 23, 0, [5.764232158660889, -3.5998663902282715]]
[557505, 15, 0, [5.967041492462158, -3.6663856506347656]]
[557505, 8, 0, [12.393985748291016, -2.7938265800476074]]
[557505, 0, 1, [3.6655185222625732, -3.5785481929779053]]
[557505, 11, 1, [3.2477524280548096, -0.10131676495075226]]
[557505, 21, 1, [2.774589776992798, -3.5776419639587402]]
[557505, 9, 1, [3.0909790992736816, -0.2026997208595276]]
[557505, 2, 1, [3.5072078704833984, -10.870261192321777]]
[557505, 17, 1, [2.620838165283203, -3.562809467315674]]
[557505, 20, 1, [12.381499290466309, -12.404882431030273]]
[557505, 6, 1, [5.221512317657471, -11.702539443969727]]
[564805, 'popsize', 18, 'queuesize', 0]
[565755, 10, 0, [0.09634917229413986, -12.382173538208008]]
[565755, 3, 0, [0.4727133512496948, -6.240803241729736]]
[565755, 12, 0, [9.64250373840332, -5.834936141967773]]
[565755, 4, 0, [6.544529914855957, -3.247945785522461]]
[565755, 16, 0, [8.543975830078125, -8.61733627319336]]
[565755, 19, 0, [9.536517143249512, -0.12334222346544266]]
[565755, 13, 0, [8.36290454864502, -12.022928237915039]]
[565755, 23, 0, [5.785056114196777, -3.6699156761169434]]
[565755, 15, 0, [6.060423374176025, -3.7563040256500244]]
[565755, 8, 0, [12.393998146057129, -2.6815805435180664]]
[565755, 0, 1, [3.647343158721924, -3.6086325645446777]]
[565755, 11, 1, [3.3566761016845703, -0.10125918686389923]]
[565755, 21, 1, [2.8148441314697266, -3.6353633403778076]]
[565755, 9, 1, [3.198683977127075, -0.20205296576023102]]
[565755, 2, 1, [2.818559408187866, -10.957643508911133]]
[565755, 17, 1, [2.6660959720611572, -3.5915703773498535]]
[565755, 20, 1, [12.38149356842041, -12.404889106750488]]
[565755, 6, 1, [5.828273773193359, -12.005541801452637]]
[573055, 'popsize', 18, 'queuesize', 0]
[574005, 10, 0, [0.09542687982320786, -12.38170051574707]]
[574005, 3, 0, [0.10928331315517426, -5.834292411804199]]
[574005, 12, 0, [9.641486167907715, -5.87313985824585]]
[574005, 4, 0, [6.5019307136535645, -3.5522942543029785]]
[574005, 16, 0, [8.585709571838379, -8.630349159240723]]
[574005, 19, 0, [9.54133415222168, -0.12333741039037704]]
[574005, 13, 0, [8.412470817565918, -11.940114974975586]]
[574005, 23, 0, [5.827686309814453, -3.7438879013061523]]
[574005, 15, 0, [6.06237268447876, -3.748080253601074]]
[574005, 8, 0, [12.393919944763184, -2.5697526931762695]]
[574005, 0, 1, [3.632450819015503, -3.629157543182373]]
[574005, 11, 1, [3.4696543216705322, -0.10093623399734497]]
[574005, 21, 1, [2.8450875282287598, -3.701728105545044]]
[574005, 9, 1, [3.312565565109253, -0.20111049711704254]]
[574005, 2, 1, [2.5395445823669434, -10.865158081054688]]
[574005, 17, 1, [2.708132028579712, -3.6303794384002686]]
[574005, 20, 1, [12.381488800048828, -12.404886245727539]]
[574005, 6, 1, [5.978399753570557, -12.065741539001465]]
[581305, 'popsize', 18, 'queuesize', 0]
[582305, 10, 0, [0.11162151396274567, -12.394460678100586]]
[582305, 3, 0, [0.09984168410301208, -5.585841178894043]]
[582305, 12, 0, [9.616621017456055, -5.876368999481201]]
[582305, 4, 0, [6.544059753417969, -3.3048758506774902]]
[582305, 16, 0, [8.590743064880371, -8.58028507232666]]
[582305, 19, 0, [9.544875144958496, -0.12333225458860397]]
[582305, 13, 0, [8.460028648376465, -11.968517303466797]]
[582305, 23, 0, [5.8736891746521, -3.795504570007324]]
[582305, 15, 0, [6.372264862060547, -3.6110990047454834]]
[582305, 8, 0, [12.393749237060547, -2.432910203933716]]
[582305, 0, 1, [3.619161367416382, -3.6436071395874023]]
[582305, 11, 1, [3.5781431198120117, -0.10084052383899689]]
[582305, 21, 1, [2.863386869430542, -3.7821900844573975]]
[582305, 9, 1, [3.4197299480438232, -0.20010510087013245]]
[582305, 2, 1, [2.229670763015747, -10.482539176940918]]
[582305, 17, 1, [2.746328592300415, -3.6802499294281006]]
[582305, 20, 1, [12.381481170654297, -12.404886245727539]]
[582305, 6, 1, [5.313016891479492, -11.950642585754395]]
[589605, 'popsize', 18, 'queuesize', 0]
[592105, 15, 0, [6.549010276794434, -3.699805974960327]]
[592105, 8, 0, [12.34769344329834, -2.4333808422088623]]
[592105, 6, 1, [5.023907661437988, -11.973329544067383]]
[593405, 'popsize', 3, 'queuesize', 0]
[593605, 15, 0, [6.590409755706787, -3.7659475803375244]]
[593605, 8, 0, [12.379578590393066, -2.4082987308502197]]
[593605, 6, 1, [5.000476837158203, -11.93771743774414]]
[594906, 'popsize', 3, 'queuesize', 0]
[595105, 15, 0, [6.636929512023926, -3.8621575832366943]]
[595105, 8, 0, [12.398531913757324, -2.3767101764678955]]
[595105, 6, 1, [5.033297538757324, -11.90872573852539]]
[596506, 'popsize', 3, 'queuesize', 0]
[596706, 15, 0, [6.702877044677734, -3.9699814319610596]]
[596706, 8, 0, [12.37673568725586, -2.3483939170837402]]
[596706, 6, 1, [5.064589500427246, -11.942445755004883]]
[598006, 'popsize', 3, 'queuesize', 0]
[598206, 15, 0, [6.767456531524658, -4.056846618652344]]
[598206, 8, 0, [12.35174560546875, -2.331508159637451]]
[598206, 6, 1, [5.035629749298096, -11.972843170166016]]
[599506, 'popsize', 3, 'queuesize', 0]
[599706, 15, 0, [6.839206218719482, -4.134596347808838]]
[599706, 8, 0, [12.33037281036377, -2.3309924602508545]]
[599706, 6, 1, [5.000179290771484, -11.946974754333496]]
[601006, 'popsize', 3, 'queuesize', 0]
[601206, 15, 0, [6.92200231552124, -4.205994606018066]]
[601206, 8, 0, [12.318552017211914, -2.3506152629852295]]
[601206, 6, 1, [5.022426605224609, -11.911084175109863]]
[602556, 'popsize', 3, 'queuesize', 0]
[602756, 15, 0, [7.015924453735352, -4.272294998168945]]
[602756, 8, 0, [12.327434539794922, -2.3719730377197266]]
[602756, 6, 1, [5.059891700744629, -11.933420181274414]]
[604056, 'popsize', 3, 'queuesize', 0]
[604256, 15, 0, [7.116789817810059, -4.329863548278809]]
[604256, 8, 0, [12.359975814819336, -2.3702430725097656]]
[604256, 6, 1, [5.043708324432373, -11.972850799560547]]
[605556, 'popsize', 3, 'queuesize', 0]
[605756, 15, 0, [7.212254047393799, -4.373362064361572]]
[605756, 8, 0, [12.377097129821777, -2.349680185317993]]
[605756, 6, 1, [5.002469539642334, -11.9601469039917]]
[607056, 'popsize', 3, 'queuesize', 0]
[607256, 15, 0, [7.319944381713867, -4.4102253913879395]]
[607256, 8, 0, [12.387762069702148, -2.3204143047332764]]
[607256, 6, 1, [5.0102128982543945, -11.916967391967773]]
[608556, 'popsize', 3, 'queuesize', 0]
[608756, 15, 0, [7.433921813964844, -4.439546585083008]]
[608756, 8, 0, [12.397307395935059, -2.2661662101745605]]
[608756, 6, 1, [5.052125930786133, -11.923213958740234]]
[610056, 'popsize', 3, 'queuesize', 0]
[610356, 8, 0, [12.396186828613281, -2.2346010208129883]]
[610356, 6, 1, [5.048936367034912, -11.970720291137695]]
[611256, 'popsize', 2, 'queuesize', 0]
[611406, 8, 0, [12.397747039794922, -2.1999242305755615]]
[611406, 6, 1, [5.017668724060059, -11.979433059692383]]
[612306, 'popsize', 2, 'queuesize', 0]
[612456, 8, 0, [12.386752128601074, -2.2026093006134033]]
[612456, 6, 1, [4.994034767150879, -11.956076622009277]]
[613356, 'popsize', 2, 'queuesize', 0]
[613506, 8, 0, [12.382749557495117, -2.182934284210205]]
[613506, 6, 1, [5.0024213790893555, -11.924798965454102]]
[614406, 'popsize', 2, 'queuesize', 0]
[614556, 8, 0, [12.377863883972168, -2.159998655319214]]
[614556, 6, 1, [5.0337138175964355, -11.916522026062012]]
[615456, 'popsize', 2, 'queuesize', 0]
[615656, 8, 0, [12.371180534362793, -2.138200283050537]]
[615656, 6, 1, [5.056277751922607, -11.937938690185547]]
[616556, 'popsize', 2, 'queuesize', 0]
[616706, 8, 0, [12.353917121887207, -2.124486207962036]]
[616706, 6, 1, [5.048120975494385, -11.965102195739746]]
[617656, 'popsize', 2, 'queuesize', 0]
[617806, 8, 0, [12.33546257019043, -2.121976137161255]]
[617806, 6, 1, [5.01589298248291, -11.973230361938477]]
[618706, 'popsize', 2, 'queuesize', 0]
[618956, 8, 0, [12.319673538208008, -2.12980580329895]]
