[time, indiv, parent1, parent2, gender, brain]
[150, 15, -1, -1, 0, [[array([[-1.28500388,  0.14085395,  0.71537275, -2.1285786 ,  2.08726999,
        -1.21755741],
       [-0.31815752, -1.46092656,  1.01612903,  0.75782251,  0.23363759,
        -2.41911596],
       [-2.28657302,  1.24020748,  1.32475091,  1.00027899, -2.3346995 ,
        -0.13712326],
       [ 1.90785474,  2.06473222, -1.54229722, -2.222355  , -0.83983165,
         1.32483053],
       [-0.74343514,  0.21066374,  0.45554881,  2.07565667, -0.24557591,
         0.65914783],
       [ 0.29620031, -2.04886329, -0.35857654,  1.8623965 ,  0.02136712,
        -0.20586747]]), array([[-1.50853795,  0.88704427],
       [ 1.98206609, -1.97123802],
       [-1.8104964 ,  0.19186979],
       [ 1.70701472,  1.80591016],
       [ 1.4037053 , -0.07222352],
       [-2.4244447 ,  1.33776186]])], [array([ 1.05959104, -0.07435914,  2.4145393 , -2.18351411, -1.51708103,
       -0.23964557]), array([-2.31970751,  0.64597362])]]]
[150, 18, -1, -1, 1, [[array([[-1.45898613,  2.04763007,  0.82415196, -1.98367189,  1.20327105,
         2.27806633],
       [ 2.00505479,  2.22310088,  1.54976853,  0.70512363, -2.08762756,
        -1.5566547 ],
       [-1.18147004, -1.06362089,  2.28398252, -0.47400048, -1.46632218,
         0.74099389],
       [ 0.97661449, -1.66095632, -2.05792703, -1.77335531, -1.83174063,
        -1.80202216],
       [-1.17692558, -0.93362527,  1.86542683,  1.96738432, -0.49853373,
         1.91776582],
       [ 1.58922781,  1.66633987,  1.41331611, -1.69832951,  2.03635459,
        -0.0235189 ]]), array([[ 1.7390026 , -0.93810406],
       [ 0.37498914,  2.25877336],
       [-0.62263789, -2.06107738],
       [ 0.92876597, -0.96232013],
       [ 2.2587609 ,  1.05195778],
       [-0.98559441,  2.32732683]])], [array([ 0.00898496, -0.19235889, -1.76730021,  2.00913296,  0.59158894,
       -0.48620887]), array([-1.96119538, -0.91869191])]]]
[150, 10, -1, -1, 0, [[array([[-1.7725075 ,  0.26414466,  1.34685522, -1.25937921, -1.84082631,
         1.82488502],
       [-1.55138507, -1.69412733, -0.88262239,  2.23922493, -0.32636495,
        -0.25956567],
       [-2.32896172, -0.4523283 ,  1.64884599,  0.34314058,  0.81205503,
         0.52087479],
       [ 0.01287271,  1.37413338,  2.33701078, -1.96559058, -1.38365288,
         1.92942213],
       [-2.41696924,  0.75800031,  2.0711194 ,  1.57968659, -2.29502597,
        -2.28497732],
       [ 0.33720612, -1.04734635,  1.91933864,  1.84204158, -0.60656086,
        -1.50869402]]), array([[ 1.89232408, -0.70858838],
       [-0.89728728, -1.42811877],
       [ 1.1489927 ,  0.28342971],
       [-1.19480584,  2.17485023],
       [-0.45898475, -0.52979089],
       [ 1.70177627, -2.43509045]])], [array([-0.43296901,  0.97952453, -1.05700219,  0.39661046,  2.26307197,
        0.14936872]), array([1.83751306, 0.86746109])]]]
[150, 8, -1, -1, 1, [[array([[-2.04555378,  0.88469854,  1.52894476, -0.20491065,  0.79168003,
        -1.56181407],
       [ 0.77365802,  1.13897391,  0.60733166,  1.20067999,  0.52520648,
        -1.82354144],
       [-1.85100236, -0.56365295, -1.49148507,  1.69954386,  1.27897055,
         0.80881493],
       [ 1.00285617, -1.70844489,  0.00928611,  0.92163347, -0.67806114,
         2.19554721],
       [-1.55433162,  0.82911269, -1.9080393 , -0.16138552, -1.07145586,
        -0.80360858],
       [-1.0179789 , -1.96033009,  0.34237261, -0.14471852,  2.37662641,
        -2.27604989]]), array([[-1.77909842,  2.32550953],
       [ 0.57245508,  0.94151481],
       [ 1.73538157,  0.54216478],
       [ 2.22763459,  0.00490922],
       [ 0.50219079, -0.67001964],
       [-0.77082401,  1.9499013 ]])], [array([-1.52819011,  0.54524845, -2.05772027,  1.18497042,  0.65661004,
        1.57957059]), array([-0.92935845,  0.91591908])]]]
[150, 0, -1, -1, 0, [[array([[-1.99415521, -1.23273856, -0.88345959, -0.98456095,  1.63268845,
        -1.7123247 ],
       [ 0.61359294, -2.23492697,  1.1615235 , -2.33301566,  1.37191371,
        -1.87589983],
       [-2.31550823,  1.97432105, -1.08514781,  1.9756859 , -1.34948533,
        -1.43329281],
       [-1.35466626,  2.39619819, -1.07916061,  0.13169014,  1.85478884,
        -1.96500464],
       [-0.34475477, -1.20391291,  0.84900036, -0.433359  , -0.44592192,
         0.45057631],
       [ 1.0506734 , -2.00182398,  0.98339198, -1.373907  , -0.01553503,
        -2.23966083]]), array([[-2.24218059, -1.27683643],
       [ 1.37253615,  0.00893021],
       [ 1.09190241,  1.99209245],
       [-1.89898461, -2.20012135],
       [-2.37830643,  2.42337213],
       [ 0.26520054,  0.70261575]])], [array([-0.89315903, -1.50545119, -1.04681778, -0.70258706,  2.35950885,
       -1.57759621]), array([ 2.21457584, -1.21876079])]]]
[150, 23, -1, -1, 1, [[array([[-1.86886161e+00,  1.99431655e+00,  1.42724509e+00,
        -2.42676786e+00,  1.30574124e-03,  1.29830020e+00],
       [ 2.34253356e-01,  2.02878410e+00, -1.84733109e+00,
         2.42754731e+00, -9.11669319e-01,  1.66306314e+00],
       [-1.44320563e+00,  2.25794744e+00, -3.28337671e-01,
         1.44229341e-01,  1.00755974e+00,  1.21273558e-01],
       [-1.02366170e+00, -6.13818626e-01,  1.99917589e+00,
         1.41914157e+00,  1.09013453e+00,  8.38781813e-01],
       [ 2.04033533e+00,  8.52760649e-01,  9.37430449e-01,
        -2.12461187e-01,  7.69588135e-01,  7.91807656e-01],
       [-8.88339112e-01,  1.24112712e+00, -1.71968113e+00,
        -1.95188301e+00, -1.81245457e+00,  7.12636892e-01]]), array([[-2.18810509,  1.60093536],
       [ 0.71702278, -1.94073153],
       [-0.18435535,  1.48771222],
       [-2.36034728,  1.30425049],
       [ 0.0317611 ,  0.00975795],
       [ 2.35513997,  0.33621016]])], [array([ 1.6325356 ,  1.17656294,  0.33583092,  0.13753946, -1.03535229,
       -2.26483521]), array([1.2839196 , 0.80444946])]]]
[150, 13, -1, -1, 0, [[array([[ 0.20918878, -0.63531916, -0.01718441, -1.45832082,  1.11127443,
         1.65958422],
       [ 1.61773242, -2.21579081,  1.05337434,  1.00675448, -0.39869784,
         0.6041554 ],
       [-1.80607192,  1.03291151,  2.19768525,  0.83793996,  0.61552325,
         0.98171346],
       [ 1.25231714, -1.57909878,  0.00939819, -1.65759567, -0.64738709,
         1.42642763],
       [-1.4055731 ,  1.92280366, -1.57060468,  2.2588469 , -0.35821916,
        -0.6688266 ],
       [-2.30903599, -2.22936505,  2.11261141, -2.32052176, -1.49738034,
        -0.28459484]]), array([[-2.15553645,  0.50316383],
       [-1.85959798, -0.85896095],
       [ 1.31299734, -2.25953006],
       [-2.4031337 ,  2.32997085],
       [-2.24576228, -0.14633878],
       [ 0.86383979, -2.02259552]])], [array([-2.01371738,  1.58205084,  0.52961391, -1.33643628,  1.34214159,
       -1.4590159 ]), array([ 2.19483578, -1.41118613])]]]
[150, 24, -1, -1, 1, [[array([[-1.47856333,  1.37250767,  0.49673866,  1.27424043, -0.5230567 ,
        -0.22672133],
       [ 2.0778691 ,  1.02279357, -1.09064537, -1.73712665, -0.49721521,
         2.02747456],
       [ 0.7695374 , -0.19186794, -2.43212109, -0.57185916, -0.82963053,
         1.06116262],
       [-2.24852621, -2.25539712, -1.00377321,  0.57594339,  2.05506353,
        -0.66658107],
       [ 1.87229902,  0.44555367, -1.26592416,  0.06356359, -0.89300368,
         2.11832962],
       [-1.07390485, -0.64959697,  0.66039858, -1.5393736 , -0.50959328,
        -0.21121972]]), array([[ 1.83630257, -1.28105017],
       [ 1.62405664, -1.18640284],
       [ 2.40328135,  1.82077635],
       [-1.7728632 ,  1.63610859],
       [-1.03709811, -0.8365915 ],
       [ 0.59018525,  0.38920096]])], [array([-0.77050134,  2.36559965,  2.3667874 ,  0.03272105,  1.50507691,
       -1.03773471]), array([1.26500815, 2.37152951])]]]
[150, 1, -1, -1, 0, [[array([[-0.58895534, -1.04579701, -0.69580875, -1.18912915, -0.02703326,
        -2.21205393],
       [ 0.57248518,  1.19252344,  2.21306209, -0.34071997,  2.02979384,
         1.78847846],
       [-0.62012527,  0.85857233,  0.78608984,  1.21363913,  1.84175987,
         1.21709218],
       [-1.75850997, -1.8654583 , -1.06684821, -0.50847812,  1.53797997,
        -1.42258476],
       [ 0.1467068 ,  0.53590502,  2.02347265, -0.49812086, -2.22556481,
         0.76253061],
       [-0.66531169,  2.2423258 , -0.79794427, -2.21350797,  1.51024453,
        -0.65178399]]), array([[ 2.04171849, -0.0135217 ],
       [-1.03778491, -1.92135636],
       [-1.89695691,  0.93169482],
       [-1.65090273,  0.13631298],
       [ 1.51190374,  1.94288041],
       [-0.9415723 , -0.41370104]])], [array([ 1.6349868 ,  1.57407843, -0.14137532,  2.26232233,  1.88517138,
       -0.42106583]), array([-0.94782173, -0.95189918])]]]
[150, 19, -1, -1, 1, [[array([[ 1.68093275, -0.82763372, -0.19030352, -0.60634037, -1.47289388,
         1.95284717],
       [-1.71544986,  0.96731826,  1.87194105, -0.85732768, -2.31036348,
        -0.82256956],
       [ 2.11879398, -0.07855922,  0.38209989, -1.69672457, -0.78409908,
         0.86091546],
       [-0.54394353,  0.2436091 ,  1.72241694, -0.08296917,  2.17230453,
        -0.88379761],
       [ 2.19146791, -1.41011488,  1.63586357, -1.37563782, -1.91360864,
        -1.87744944],
       [-0.88039136, -0.93750883, -1.50268132,  1.90375033, -0.68033981,
         2.04999827]]), array([[ 1.28906528,  0.88747433],
       [-1.02257944,  0.51913054],
       [-1.98911249, -1.84342423],
       [-0.0804158 , -0.28554093],
       [-1.76142986,  1.34427498],
       [-0.76851695,  0.65642238]])], [array([-1.02165309, -0.00732676,  0.24276353,  0.46954913, -0.52429459,
       -2.2299947 ]), array([ 1.49400026, -1.05398076])]]]
[150, 14, -1, -1, 0, [[array([[-1.13262228, -2.22147926, -1.17128076,  1.50928767,  0.41982451,
        -0.9121625 ],
       [ 1.39690704, -1.83961929, -1.40332442,  2.11999357,  1.42712979,
         0.66402419],
       [-0.86438628,  2.0042697 , -1.98773473, -2.09818527, -0.36106153,
         0.19595458],
       [ 0.28988857,  0.39559113,  1.48411847, -0.3991833 , -1.28162465,
        -2.01250029],
       [ 0.16989906, -0.05726008, -0.15489057, -0.77715445, -1.74541118,
         0.89908509],
       [-0.68242806, -2.2040811 ,  0.0951603 , -0.119911  ,  1.70088747,
         1.31263068]]), array([[ 1.30085198, -0.44921343],
       [ 1.510028  ,  2.24960843],
       [-0.44888532,  1.78879854],
       [-1.60419824, -0.29003215],
       [-2.06667975, -1.21877902],
       [-1.80416602, -2.08252281]])], [array([-2.01673495, -2.13729307,  1.79649636,  1.65866082,  1.20923772,
        0.79070799]), array([ 0.71607762, -1.98637296])]]]
[150, 12, -1, -1, 1, [[array([[ 2.02168117,  1.78787062,  1.49169458, -1.1100383 ,  0.22457859,
        -0.42652417],
       [-1.94136393,  1.36274234,  0.4574981 , -0.37488877,  0.11177767,
         0.43433593],
       [ 0.13072013,  0.3726291 ,  1.74176026, -1.32881838, -0.16498259,
         1.20945218],
       [ 2.42151875,  2.31047089,  0.85417965, -2.32825532,  1.93848425,
        -0.55743572],
       [ 0.48638019,  0.21247315, -0.02212997,  1.86214688,  1.92403339,
        -0.20765626],
       [-0.75748057,  1.03747772,  2.36716694, -1.68880182,  2.44701461,
        -0.11611298]]), array([[ 2.32946493, -1.47215773],
       [-0.78018167, -1.27877773],
       [-0.97443042, -2.03593713],
       [ 0.4932062 , -0.58624592],
       [ 0.91878081, -1.28712454],
       [-2.44786182, -0.62282342]])], [array([ 1.68273677, -0.70408069,  0.84970411, -2.14160662,  1.52173622,
       -1.40977004]), array([ 2.22878824, -0.00803744])]]]
[150, 11, -1, -1, 0, [[array([[ 2.24426475,  1.9019864 , -1.23379334, -1.55324444,  1.35602233,
         2.08934292],
       [ 0.17894281,  1.65452975, -1.56454276,  1.31341637, -1.46056718,
         0.18436095],
       [-0.90777687, -2.14697731,  0.14348894, -1.60753752, -0.85641471,
        -2.06601159],
       [ 0.77176821,  0.11465118, -0.26001856,  0.00747584, -0.98327034,
         1.71877877],
       [-2.04538201,  1.11191711,  0.67101142,  0.257996  ,  1.73596864,
        -0.36279535],
       [ 0.18832441, -2.18005049, -2.13147219, -1.36070247, -2.17651286,
        -0.44387071]]), array([[-1.42114419, -0.38499003],
       [ 0.19773148,  0.90106122],
       [-1.61989558,  0.00805153],
       [-2.4452285 , -2.17713674],
       [-2.03228268, -0.00733878],
       [ 2.21852176, -0.17468281]])], [array([-1.20954718, -1.90035485, -0.05151832, -1.51560251,  1.76077722,
       -1.93120288]), array([-2.38444279,  1.05351062])]]]
[150, 9, -1, -1, 1, [[array([[ 0.07824378,  2.17629201, -0.47049825,  0.58000836, -2.088798  ,
        -2.39621245],
       [ 0.35636721,  2.01248905, -1.41015796,  1.28606511,  0.98953114,
        -0.45963655],
       [ 0.62429074, -1.23091552, -1.23095069,  1.91941115,  2.05425022,
         2.41970526],
       [-2.0617514 ,  2.38717043, -0.49847506, -1.19623543, -0.02657015,
        -1.06928012],
       [ 0.09989093,  1.73339518,  1.54419574, -0.9391983 ,  1.25030071,
        -1.56960676],
       [-1.79928504, -1.78520846, -1.12334822,  2.44697885,  0.63136238,
        -0.31036095]]), array([[-2.23826378,  2.3079336 ],
       [ 1.19989714, -1.58169481],
       [-2.27967331,  0.46202606],
       [ 0.94296149,  1.61274365],
       [-1.68056429,  1.53974595],
       [-2.03727058,  1.41609356]])], [array([-0.00401411,  1.84406862, -2.07509934, -2.07414101,  2.14530048,
        2.32351584]), array([-0.21052595,  2.06607178])]]]
[150, 5, -1, -1, 0, [[array([[ 2.38524424,  0.68987586,  2.44741081,  1.1643731 ,  1.12064121,
        -1.61179823],
       [ 1.50555099, -1.70910931,  0.32081526,  2.3818447 ,  1.41181793,
         1.59486936],
       [-1.44437358, -1.16037182,  1.35421626, -0.11154322, -0.030915  ,
         1.05885723],
       [ 0.73942048, -0.44416624, -1.93460002, -1.20318511, -1.74086799,
         1.86287439],
       [ 2.09272557,  2.33173673,  2.16017821,  0.52235745, -2.25159628,
        -0.74877761],
       [ 0.55276864,  0.67640135, -1.76372643,  1.09926799,  0.5529335 ,
        -0.31242026]]), array([[-1.82162459,  2.40415599],
       [ 0.1795634 ,  1.54271169],
       [ 2.41271369, -0.08389642],
       [ 0.91831599,  0.88403386],
       [ 1.70356102, -1.31974983],
       [ 1.85698224, -0.62202958]])], [array([-0.77154717, -2.06432576, -0.20940244, -0.11157645, -0.42322706,
       -1.06197334]), array([-1.41697313, -0.91666637])]]]
[150, 3, -1, -1, 1, [[array([[ 0.12535163,  0.60882103, -1.86042147,  0.77731766, -0.3535238 ,
         0.96651213],
       [-2.41057916, -1.28750743, -1.83037207, -2.1475186 ,  0.3108225 ,
        -0.72287264],
       [ 0.47342914,  1.59086621,  0.29500115,  0.86970344,  2.32068152,
         0.26353561],
       [ 0.23210335,  1.574836  ,  2.28157212, -0.3603346 , -0.49569497,
        -1.18603133],
       [ 0.25004006, -2.1761197 , -1.0697537 ,  1.93477376,  0.76733361,
         0.23222171],
       [-1.12157195, -1.17319713,  0.33573861,  1.47749276,  1.55357446,
        -0.6789444 ]]), array([[ 0.91058671,  0.61875607],
       [-1.94643826, -0.95441064],
       [ 0.99769971,  1.66274524],
       [ 0.76789183,  0.13229318],
       [ 0.43880678,  0.79264275],
       [-0.13537521, -1.93927564]])], [array([ 2.22673996,  0.51268455,  2.33653581, -1.11682699,  2.15507449,
        0.70929633]), array([-2.42059807,  0.50813568])]]]
[150, 20, -1, -1, 0, [[array([[-0.22845034, -2.36192131,  0.89443581,  1.02087721,  0.45673507,
        -1.93608   ],
       [ 1.33030669,  0.76206366,  0.00353468, -0.52851047, -2.39447367,
        -1.5462835 ],
       [-0.18372874, -1.38914941,  1.05520884,  1.78795302,  0.73948086,
        -1.58961344],
       [-0.90823749, -1.02437786,  1.49816444, -2.25810359,  0.10971559,
        -0.40622964],
       [ 2.16046546,  1.39105169,  0.95464916,  0.07944192,  1.59073479,
         1.94326072],
       [ 1.00151361,  1.40427123, -2.11642113,  2.06474604, -0.22741141,
         0.14847146]]), array([[-2.35541781,  0.52694913],
       [ 1.99512823,  1.2474373 ],
       [-1.18737327,  1.46963464],
       [ 1.74418097,  0.98109925],
       [ 0.07226028, -1.60619416],
       [-1.46830205,  2.24815777]])], [array([ 2.15858044, -0.07242228, -1.23810321,  1.73633598,  0.84880199,
        0.55491138]), array([-1.29973061, -1.4475272 ])]]]
[150, 7, -1, -1, 1, [[array([[ 2.16229019, -0.55005701, -0.71820289,  0.0138933 ,  0.48615934,
         2.12399566],
       [-0.33744696,  1.42867356,  1.57511481,  1.61751722, -0.85784185,
         1.10346787],
       [ 0.66866703, -2.13485291,  1.61680846, -2.04924246, -2.20562136,
         1.87887545],
       [-1.52841949,  1.94838473, -0.03797366,  0.11900708,  2.07710567,
         1.48275323],
       [ 0.67704797,  1.79383793, -0.54376204,  0.32421955,  0.2464034 ,
         2.28167118],
       [-1.76858861, -0.70834973,  0.80888809,  0.66293882,  0.39541729,
        -2.07633542]]), array([[-1.16436381, -0.40864531],
       [-0.44901458, -0.96201152],
       [ 0.44128459, -1.56598666],
       [ 2.07742119, -0.38580073],
       [-1.8575775 ,  0.84854527],
       [-0.33513128,  0.92755315]])], [array([-1.3767099 ,  0.15115543, -2.3377618 , -1.26239306,  2.4488533 ,
       -0.02206903]), array([-2.35966741, -1.56412441])]]]
[150, 6, -1, -1, 0, [[array([[-1.22658825,  2.35385342,  1.73530316,  0.67406386, -0.95887457,
        -1.57683927],
       [ 1.91357049, -0.54288184,  0.48142392,  1.80371464, -0.77778962,
         0.69051413],
       [ 1.00379566, -0.17919403, -0.85530624, -1.5041263 ,  1.9666185 ,
         0.04503535],
       [-0.28683024,  1.21748026,  2.43232443, -0.30630207,  1.22535494,
         0.70999749],
       [ 1.29552848,  0.34483261, -0.20353283, -0.35000542, -0.97845013,
         0.62650509],
       [-1.79274454,  2.05354447, -1.74287661, -0.09577276, -1.19223032,
         0.86373479]]), array([[ 1.58034613,  1.73249849],
       [-0.07166793, -2.13380273],
       [-0.28445425, -2.1682502 ],
       [-1.87302292,  2.20099806],
       [ 0.4861075 ,  2.21570102],
       [-2.00361256,  1.33313542]])], [array([ 0.191628  , -0.42301213,  0.76417003, -0.52579257,  0.19318158,
       -2.38694528]), array([ 0.02815982, -1.163061  ])]]]
[150, 16, -1, -1, 1, [[array([[-1.68256432, -0.88482313,  2.17877852, -0.19345834,  1.89291025,
        -1.79913586],
       [ 0.21817102, -1.22377856, -0.88879697,  2.07769541, -1.87145267,
         2.32167129],
       [ 0.76233854,  1.57840032,  0.4625195 , -0.08081531,  1.85057331,
        -1.26815236],
       [-1.18319232, -0.9023202 , -0.19523596, -0.73930646, -2.41636181,
        -2.32455595],
       [ 0.14938777, -2.41036351, -2.40835386, -1.04122058,  1.32850591,
        -0.32854348],
       [ 0.08633911, -0.52609126,  0.32431636,  2.06296221,  2.10450501,
         2.19452603]]), array([[-0.69520638, -0.01957535],
       [-1.02711089,  0.01298645],
       [ 0.53902286,  1.5943529 ],
       [ 0.51765341, -1.5636859 ],
       [ 2.26448012, -1.31546981],
       [ 0.09431362,  1.56748372]])], [array([-0.77417227,  2.07585073,  1.01417655,  1.25071262,  2.26609058,
        0.01224046]), array([ 1.19610756, -0.26163363])]]]
[76800, 4, 'birth', 11, 7, 1, [[array([[ 2.24426475,  1.9019864 , -1.23379334, -0.26293982,  1.35602233,
         2.08934292],
       [ 2.44948974,  1.65452975, -1.56454276,  1.31341637, -1.46056718,
         0.18436095],
       [ 1.34414303, -2.14697731,  0.14348894, -1.60753752, -0.74748575,
        -2.06601159],
       [ 0.77176821, -0.06179188, -0.26001856, -1.27368752, -0.98327034,
         1.48275323],
       [ 0.67704797,  2.44948974, -0.54376204,  0.32421955,  0.2464034 ,
         2.28167118],
       [-1.76858861,  2.19467999,  1.08767457,  0.66293882,  0.39541729,
         0.42342707]]), array([[-1.16436381, -0.40864531],
       [-0.44901458, -0.96201152],
       [ 0.51966558, -1.41421356],
       [ 1.41421356, -0.38580073],
       [-1.41421356,  0.84854527],
       [-1.08530326,  0.92755315]])], [array([-1.3767099 ,  0.15115543, -2.3377618 , -1.26239306,  2.4488533 ,
       -0.02206903]), array([-1.41421356, -1.41421356])]]]
[96500, 22, 'birth', 1, 8, 1, [[array([[-0.58895534, -1.09245715,  2.44948974, -0.06249381,  2.44948974,
         1.57506504],
       [ 2.44948974,  1.19252344,  2.21306209, -0.34071997,  2.02979384,
         1.90697871],
       [-0.62012527,  0.85857233,  0.78608984,  1.21363913,  1.84175987,
         1.21709218],
       [-1.75850997, -1.8654583 , -1.06684821, -0.50847812,  1.53797997,
         2.44948974],
       [ 0.1467068 ,  0.53590502,  2.02347265, -0.49812086, -2.22556481,
         0.76253061],
       [-0.66531169,  2.2423258 , -2.07256331, -0.14471852,  2.37662641,
        -2.44948974]]), array([[-1.41421356,  1.41421356],
       [ 0.16588281, -0.99363004],
       [ 1.41421356,  0.54216478],
       [ 1.41421356,  0.00490922],
       [ 0.50219079, -0.67001964],
       [ 1.41421356,  1.41421356]])], [array([-0.15530754,  0.54524845, -2.41119461,  1.18497042,  0.65661004,
        2.04034085]), array([-0.92935845,  0.91591908])]]]
[157251, 21, 'birth', 1, 12, 1, [[array([[-0.58895534, -1.04579701, -0.69580875, -1.18912915, -0.02703326,
        -2.21205393],
       [ 0.57248518,  1.19252344,  2.21306209, -0.34071997,  2.44948974,
         1.78847846],
       [-0.62012527,  0.85857233,  0.78608984,  1.57300347,  1.84175987,
         1.21709218],
       [-1.75850997, -1.8654583 , -1.06684821, -0.50847812,  1.53797997,
        -1.42258476],
       [ 0.1467068 , -0.21286367,  2.02347265, -0.49812086, -2.22556481,
         0.76253061],
       [-0.66531169,  2.2423258 , -0.79794427, -2.21350797,  1.51024453,
        -2.44948974]]), array([[ 1.41421356, -0.0135217 ],
       [-1.03778491, -1.41421356],
       [-1.41421356,  0.93169482],
       [-1.41421356,  0.13631298],
       [ 1.41421356, -1.28712454],
       [-1.41421356, -0.62282342]])], [array([ 1.68273677, -0.70408069,  2.44948974, -2.14160662,  1.05285469,
       -1.40977004]), array([ 1.41421356, -0.30056823])]]]
[157251, 2, 'birth', 14, 19, 1, [[array([[-1.13262228, -2.22147926, -1.17128076,  1.50928767,  0.41982451,
        -0.9121625 ],
       [ 1.39690704, -1.83961929, -1.40332442,  2.44948974,  1.42712979,
         0.66402419],
       [-0.86438628,  2.0042697 , -1.98773473, -2.09818527, -0.36106153,
         0.19595458],
       [ 0.28988857,  0.39559113,  2.44948974, -0.3991833 , -1.28162465,
        -2.01250029],
       [ 0.16989906, -0.05726008, -0.15489057, -2.44948974, -1.74541118,
         0.89908509],
       [-0.68242806, -2.2040811 , -0.37261442, -0.119911  ,  1.70088747,
         2.44948974]]), array([[-0.16353446, -0.44921343],
       [ 1.41421356,  1.41421356],
       [-0.44888532,  1.41421356],
       [ 0.42724287, -0.29003215],
       [-1.41421356,  1.34427498],
       [-0.76851695,  0.65642238]])], [array([-1.02165309, -0.00732676,  0.24276353,  0.46954913, -0.52429459,
       -2.44948974]), array([ 1.41421356, -1.05398076])]]]
[214102, 17, 'birth', 15, 4, 0, [[array([[-1.28500388,  0.14085395,  0.71537275, -2.1285786 ,  2.08726999,
        -1.21755741],
       [-0.31815752, -1.46092656,  1.01612903,  0.57237959,  0.23363759,
        -2.41911596],
       [-2.28657302,  1.24020748,  1.32475091,  1.00027899, -2.3346995 ,
         0.50954386],
       [ 0.77176821, -0.06179188, -0.26001856, -1.27368752, -0.98327034,
         1.48275323],
       [ 0.67704797,  2.44948974, -0.54376204,  0.32421955,  0.2464034 ,
         2.28167118],
       [-1.76858861,  2.19467999, -0.1004569 ,  0.66293882,  0.39541729,
         0.42342707]]), array([[-1.16436381,  1.41421356],
       [-0.44901458, -0.96201152],
       [ 0.51966558, -1.41421356],
       [ 1.20466776, -0.38580073],
       [-1.41421356,  0.84854527],
       [-1.08530326,  0.79743964]])], [array([-1.3767099 ,  1.98479729, -2.3377618 , -1.26239306,  2.4488533 ,
       -0.02206903]), array([-1.41421356, -0.52516254])]]]
[847358, 15, 'death']
[847508, 18, 'death']
[847658, 10, 'death']
[847808, 8, 'death']
[847958, 0, 'death']
[848108, 23, 'death']
[848258, 13, 'death']
[848408, 24, 'death']
[848558, 1, 'death']
[848708, 19, 'death']
[848858, 14, 'death']
[849008, 12, 'death']
[849208, 11, 'death']
[849358, 9, 'death']
[849558, 5, 'death']
[849708, 3, 'death']
[849858, 20, 'death']
[850008, 7, 'death']
[850158, 6, 'death']
[850308, 16, 'death']
[850658, 18, 'birth', 1, 4, 1, [[array([[-0.58895534, -1.04579701, -0.69580875, -1.18912915, -0.02703326,
        -2.21205393],
       [ 2.44948974,  1.19252344,  2.21306209,  1.31341637, -1.46056718,
         0.18436095],
       [ 1.34414303, -2.14697731,  0.14348894, -1.60753752, -0.74748575,
        -2.06601159],
       [ 2.44948974, -0.06179188, -0.26001856, -1.27368752, -0.98327034,
         1.48275323],
       [ 0.67704797,  2.44948974,  1.06349118,  0.32421955, -0.4203562 ,
         1.87478556],
       [-1.76858861,  2.19467999,  1.08767457,  2.44948974,  0.39541729,
         0.42342707]]), array([[-1.16436381, -0.40864531],
       [-0.44901458,  1.41421356],
       [ 0.51966558, -1.41421356],
       [ 0.34151529, -0.38580073],
       [-1.41421356,  0.84854527],
       [-1.08530326,  0.92755315]])], [array([-1.3767099 ,  1.65203204, -2.3377618 , -1.26239306,  2.4488533 ,
       -0.02206903]), array([-1.41421356, -1.41421356])]]]
[850658, 3, 'birth', 5, 9, 1, [[array([[ 2.44948974,  0.68987586,  2.44741081,  1.1643731 ,  1.12064121,
        -2.44948974],
       [ 1.40580476, -1.70910931,  0.32081526,  2.3818447 ,  1.41181793,
         1.59486936],
       [-1.44437358, -1.16037182,  1.35421626, -0.11154322, -0.030915  ,
         1.05885723],
       [ 0.73942048, -0.44416624, -1.93460002, -1.20318511, -0.02657015,
        -0.54118895],
       [ 0.09989093,  1.73339518,  1.54419574, -0.9391983 , -1.58308123,
        -1.56960676],
       [-1.79928504, -1.78520846, -1.12334822,  2.44697885,  0.63136238,
        -0.31036095]]), array([[-1.41421356,  1.41421356],
       [ 1.19989714, -1.41421356],
       [-1.41421356,  0.46202606],
       [ 0.94296149,  1.41421356],
       [ 1.3118663 ,  1.41421356],
       [-1.41421356,  1.41421356]])], [array([-0.00401411, -1.00153192, -1.0806555 , -2.07414101,  2.14530048,
        0.49618983]), array([-0.21052595,  1.41421356])]]]
[850658, 24, 'birth', 11, 18, 0, [[array([[ 2.44948974,  2.44948974,  0.17351227, -1.55324444,  1.35602233,
         2.08934292],
       [ 0.17894281,  1.65452975, -1.56454276,  1.31341637, -1.79837172,
         0.18436095],
       [-1.51459692, -2.14697731,  0.14348894, -1.60753752, -0.85641471,
        -2.06601159],
       [ 0.77176821,  0.11465118, -0.26001856,  0.00747584, -0.98327034,
         1.04580987],
       [-2.04538201,  1.11191711,  0.67101142,  1.96738432, -0.49853373,
         1.91776582],
       [ 1.58922781,  1.66633987,  1.41331611, -2.44948974,  2.03635459,
        -0.0235189 ]]), array([[ 1.41421356, -0.93810406],
       [ 1.41421356,  1.41421356],
       [-0.62263789, -1.41421356],
       [ 0.92876597, -0.96232013],
       [ 1.41421356,  1.05195778],
       [-0.98559441,  1.41421356]])], [array([ 0.00898496,  0.40294535, -1.76730021,  2.00913296,  0.59158894,
       -0.12001751]), array([-1.41421356, -0.91869191])]]]
[850658, 12, 'birth', 11, 16, 0, [[array([[ 2.24426475,  1.9019864 , -1.23379334, -1.55324444, -1.76739276,
         2.08934292],
       [ 0.17894281,  1.65452975, -1.56454276,  1.31341637, -1.46056718,
         0.18436095],
       [-0.90777687, -2.14697731,  0.14348894, -1.60753752, -0.85641471,
        -2.06601159],
       [-0.65859807, -1.83487805, -0.26001856,  0.00747584, -0.98327034,
         1.71877877],
       [-2.04538201,  1.11191711,  0.67101142,  0.257996  ,  1.73596864,
        -0.36279535],
       [ 0.18832441, -2.18005049, -2.13147219, -1.36070247, -2.17651286,
        -0.44387071]]), array([[-1.41421356, -0.38499003],
       [ 0.19773148,  0.90106122],
       [-1.41421356, -1.3108339 ],
       [-1.41421356, -1.41421356],
       [-1.41421356, -0.00733878],
       [ 1.41421356, -0.17468281]])], [array([-0.77417227,  2.07585073,  1.01417655,  1.25071262,  2.26609058,
        0.01224046]), array([ 1.19610756, -0.26163363])]]]
[850658, 20, 'birth', 1, 23, 0, [[array([[-0.58895534, -2.01268719, -0.69580875, -1.18912915,  2.44948974,
        -2.21205393],
       [ 0.57248518,  1.19252344,  0.5633663 , -0.34071997,  2.44948974,
         1.78847846],
       [-0.62012527,  0.85857233,  0.78608984,  1.21363913,  1.84175987,
         1.21709218],
       [-1.75850997, -1.8654583 , -1.06684821, -0.50847812,  1.53797997,
        -1.42258476],
       [ 0.1467068 ,  0.53590502,  2.02347265, -0.49812086, -2.44948974,
         0.76253061],
       [-0.66531169,  2.2423258 , -0.79794427, -2.21350797,  1.51024453,
        -0.65178399]]), array([[ 1.41421356, -0.0135217 ],
       [-1.03778491, -1.41421356],
       [-1.41421356,  0.45517205],
       [-1.41421356,  0.13631298],
       [ 1.41421356,  1.41421356],
       [-0.9415723 , -0.41370104]])], [array([ 1.6349868 ,  1.57407843,  0.33583092,  0.13753946, -1.03535229,
       -2.26483521]), array([1.2839196 , 0.80444946])]]]
[850658, 5, 'birth', 1, 21, 1, [[array([[-0.58895534, -1.04579701, -0.69580875, -1.18912915, -0.02703326,
        -2.21205393],
       [ 0.57248518,  1.19252344,  2.21306209, -0.34071997,  2.44948974,
         1.78847846],
       [-0.62012527,  0.85857233, -2.44948974,  1.57300347,  1.84175987,
         1.21709218],
       [-1.75850997, -1.8654583 , -1.14212812,  2.44948974,  1.53797997,
        -1.42258476],
       [ 0.1467068 , -0.21286367,  2.02347265, -0.49812086,  1.98354267,
         0.76253061],
       [-0.66531169,  2.44948974, -0.79794427, -2.21350797,  1.04116255,
        -2.44948974]]), array([[ 1.41421356, -0.0135217 ],
       [-1.03778491, -1.41421356],
       [ 0.57921327,  0.93169482],
       [ 0.25143342,  0.13631298],
       [ 1.41421356, -1.28712454],
       [-1.41421356, -0.62282342]])], [array([ 1.43980497, -0.70408069,  2.44948974, -2.14160662,  1.05285469,
       -0.35678021]), array([ 1.41421356, -0.30056823])]]]
[850658, 23, 'birth', 11, 21, 0, [[array([[ 2.44948974,  1.9019864 , -1.23379334, -2.44948974,  1.35602233,
         2.44948974],
       [ 0.17894281,  1.65452975, -1.56454276,  1.31341637, -1.46056718,
         1.52448868],
       [-0.90777687, -2.44948974, -0.05660301, -2.44948974, -0.85641471,
        -2.06601159],
       [ 0.77176821,  0.11465118, -0.26001856,  0.00747584, -2.33537494,
         1.71877877],
       [-2.04538201,  1.11191711,  0.6076909 , -2.44948974,  1.73596864,
        -0.36279535],
       [ 0.18832441, -2.18005049, -2.13147219, -1.36070247, -0.80960564,
        -0.44387071]]), array([[-1.41421356, -0.38499003],
       [-1.03778491, -1.41421356],
       [-0.95366034,  0.93169482],
       [-1.41421356,  0.13631298],
       [ 1.41421356, -1.28712454],
       [-1.41421356, -0.62282342]])], [array([ 1.68273677, -0.95149924,  2.44948974, -2.14160662,  2.44948974,
        0.28428321]), array([ 1.41421356, -0.30056823])]]]
[896159, 4, 'death']
[906759, 22, 'death']
[935159, 21, 'death']
[935309, 2, 'death']
[954359, 17, 'death']
[1135011, 18, 'death']
[1135161, 3, 'death']
[1135311, 24, 'death']
[1135461, 12, 'death']
[1135611, 20, 'death']
[1135761, 5, 'death']
[1135911, 23, 'death']
[1136061, 'Extinction!']
