[time, indiv, parent1, parent2, gender, brain]
[150, 16, -1, -1, 0, [[array([[ 0.53746432,  1.75860728, -2.06900217, -0.36804653,  1.34586184,
         0.82862728],
       [ 1.6854408 ,  0.91561626,  0.79157055,  0.14854625,  0.14806221,
         0.64166633],
       [ 0.93878245,  1.42930834, -0.69240727,  2.2785025 ,  0.85818931,
         0.61069465],
       [-0.39327508, -2.25383239,  0.5354645 , -1.50043269, -1.21697086,
         0.16278515],
       [ 0.50616081,  2.04109796,  1.40152702, -0.91349555, -1.67359001,
        -2.35417152],
       [ 0.75167904,  0.49069509, -1.57546774,  0.33942298,  0.26005481,
        -0.28343995]]), array([[ 0.28710879,  1.59096327],
       [-1.53828385, -1.61226097],
       [ 1.72018275, -2.29909801],
       [ 1.26948296,  0.70436983],
       [ 1.89997401,  0.32399451],
       [ 0.73635181,  0.104796  ]])], [array([-2.09450354, -0.528581  ,  1.27882729, -0.72654957, -1.25015522,
        0.89937989]), array([ 2.09030688, -1.46889337])]]]
[150, 3, -1, -1, 1, [[array([[ 2.07391448,  0.636798  ,  1.4399413 ,  0.76900065, -1.95366643,
         0.43898031],
       [ 1.19417897,  0.87890059,  2.17892906,  2.34091559, -1.12883758,
        -1.80262482],
       [ 1.06228641,  1.14049025,  1.58254679,  1.1694286 ,  2.02532005,
         0.93837117],
       [ 0.03194147, -0.53438999, -1.1734199 , -1.22198862,  1.86315265,
         0.0656571 ],
       [-2.23962009, -2.1188444 ,  1.21666607,  1.96389515,  1.47163778,
        -0.44951023],
       [-0.9422287 ,  1.1831442 ,  0.65408629, -1.02872451, -0.50087577,
        -1.78842744]]), array([[-1.28790417,  1.18293359],
       [ 1.08970792, -0.82551113],
       [ 1.83382209,  0.52162378],
       [ 0.18969381, -1.30457918],
       [-0.80179308, -2.01527329],
       [ 1.07416356, -0.80349583]])], [array([ 1.07576755,  1.72083214, -1.74340098,  1.71648913,  1.58198218,
        1.23747342]), array([ 0.51751321, -0.87732279])]]]
[150, 0, -1, -1, 0, [[array([[-1.63429834,  1.26274479, -2.17834802, -1.72870053, -0.30015428,
        -1.52262799],
       [-0.97888114,  0.52237463, -1.97236495, -2.15711127,  0.10863242,
         1.61301884],
       [-2.20354234, -2.10941408,  1.37595575, -0.44074389,  0.49381303,
        -0.96846656],
       [ 0.07518393,  0.53872256, -1.05089426,  0.981375  ,  2.27810162,
         1.01521269],
       [-2.34146732, -0.74492171,  1.51155076, -0.99263789,  1.52225378,
         0.64842455],
       [-1.95276315,  2.29454992, -0.11063431, -2.1575103 ,  1.62818698,
         1.94813271]]), array([[-1.98427997, -2.41246499],
       [-1.19063946,  2.12637397],
       [-1.67991164,  1.18785343],
       [ 0.53308333, -1.68964454],
       [-2.02540535,  1.89531131],
       [ 1.98235656,  0.0034223 ]])], [array([-0.42522288, -1.55215734,  0.08834398, -0.66899689,  0.99464941,
       -0.60925173]), array([ 0.24319229, -0.59882242])]]]
[150, 5, -1, -1, 1, [[array([[-1.21366609, -1.63145505, -0.56307825,  1.15781019,  0.24173394,
         0.01858339],
       [ 1.09936293,  0.36497583, -1.46198043, -1.23086426,  0.53396847,
         0.29470868],
       [-1.86366068, -0.55675137,  0.83049693,  1.40160319, -0.08937432,
         0.31317687],
       [ 2.10695954,  1.03821549,  1.81698563, -1.16344162, -0.63653608,
        -0.80340648],
       [ 0.62794443,  1.09426584,  1.42252605,  2.24262281,  0.39870615,
        -0.50436909],
       [-2.31469817,  1.95831672,  0.6892407 ,  2.14712154,  1.72943835,
        -1.31550976]]), array([[ 0.93731061,  0.5771508 ],
       [ 1.10742231,  1.13734899],
       [ 1.68898006,  0.20426561],
       [ 2.37916086,  1.865315  ],
       [-0.11226944, -1.53217218],
       [ 1.25816193, -1.71681118]])], [array([ 2.44841908,  2.25925232,  1.18516875,  0.64070793, -2.31280871,
       -0.26660548]), array([1.55398346, 0.1184902 ])]]]
[150, 7, -1, -1, 0, [[array([[-1.08255349, -1.11337952, -0.76495573, -0.1014636 ,  2.41115926,
        -1.97483475],
       [-2.44211019,  2.15097425,  1.62763501,  2.14957013, -1.16962569,
         1.24908415],
       [-1.76874878, -1.46773467,  2.26567457, -1.48870775, -1.00694062,
         1.94343442],
       [ 1.80754093, -1.77071808,  2.22347039,  0.72637899,  2.25968801,
        -1.29303771],
       [-0.37319648, -2.11832758, -0.12438645,  1.36139347, -1.55980773,
        -1.0174649 ],
       [ 0.87614366,  0.96771789,  0.85709843, -0.81403056, -1.11209312,
        -1.09369332]]), array([[-1.2265651 , -0.51601758],
       [-0.07077552, -0.49212446],
       [ 1.62443032,  2.03054972],
       [-0.90899513,  1.38100567],
       [-0.55950192, -0.6159019 ],
       [ 1.12806738, -1.95004153]])], [array([-1.83360951,  1.81531257,  1.31739741,  0.93030561,  0.43998986,
        2.09676868]), array([1.64049469, 1.74371564])]]]
[150, 14, -1, -1, 1, [[array([[ 1.4486495 , -2.1885198 ,  1.81361428,  2.11543612,  1.37214042,
         0.43170528],
       [-0.80625345,  1.27757649,  1.38564732, -2.11341138,  1.98370482,
         1.91521353],
       [ 1.58218114, -0.40921787, -1.81182358,  1.94290826,  0.47303722,
        -0.34106309],
       [ 2.29561244,  1.04409726,  0.78007542,  2.28131315,  2.33734081,
         0.10429858],
       [ 0.20652683,  1.69698354, -1.31788085, -1.1607536 ,  1.6780644 ,
        -2.15053606],
       [-0.03185435,  1.56543653,  2.19752975,  0.39351359, -2.1117757 ,
        -2.33469966]]), array([[ 2.11466315,  0.86774449],
       [-1.0449489 ,  2.03511504],
       [-0.7178961 ,  1.25232425],
       [-0.02133282,  1.47758141],
       [-1.9163844 ,  1.89281707],
       [ 1.28688926,  1.26005756]])], [array([-0.13943013, -2.07209907,  0.53107423,  1.92858847,  1.03429625,
        0.32787167]), array([0.05811698, 2.14149915])]]]
[150, 22, -1, -1, 0, [[array([[ 0.03779031, -0.03958191,  1.41601626,  1.33354641, -0.16610598,
         0.80285847],
       [-0.29330998, -1.24643831,  0.66606962, -1.47272226,  2.36406667,
        -2.44276656],
       [-0.2780917 , -1.87576612, -2.14664614,  0.89171982,  0.42692483,
        -2.09390911],
       [-1.2528448 , -1.10695173, -0.07752873,  1.34903394,  1.43957972,
        -2.22833564],
       [-0.55744593,  0.87144545,  1.91259472,  0.13417308, -1.7711201 ,
        -2.17742313],
       [ 1.64619303, -1.13310989,  1.36511007,  1.78602778, -1.28403666,
        -0.1668601 ]]), array([[ 0.57012874,  1.83024262],
       [-0.56063345,  0.20437206],
       [-1.49032276, -0.74994259],
       [-0.36024437,  0.62893777],
       [-1.52770073,  1.51596247],
       [-1.68370432,  2.21594585]])], [array([-2.31876899,  2.05394297,  0.12060191, -1.63538381, -1.73662911,
        0.6009908 ]), array([ 0.73966202, -1.23062797])]]]
[150, 1, -1, -1, 1, [[array([[-1.29874432e+00, -2.23377039e-01, -1.28215150e+00,
        -1.81768695e+00, -2.09528291e-01,  4.62573966e-01],
       [ 9.94683657e-01, -9.08815880e-01, -1.16363857e+00,
        -2.40071337e+00, -9.56191065e-01,  6.79463435e-01],
       [-1.88952581e+00, -2.25924126e-03, -7.53545478e-01,
         8.86730611e-01, -8.47612762e-01, -1.94420741e+00],
       [-9.69577110e-01, -1.96785323e+00,  2.08594601e+00,
         2.08636452e+00,  1.18995353e+00, -8.38901588e-02],
       [ 1.73785146e+00,  1.70939498e+00,  1.66268769e+00,
         1.57043034e+00,  8.87398856e-01,  2.37810062e+00],
       [-7.74198228e-01, -1.09119465e+00, -1.50019514e-01,
         2.06468398e+00, -2.06304498e+00, -7.43066028e-01]]), array([[-0.85744   ,  0.53421899],
       [-0.8955158 ,  2.37453896],
       [ 2.11851901,  0.41371438],
       [ 2.00437167, -2.34858779],
       [-2.33842   , -1.65125653],
       [ 1.28146992, -2.03081627]])], [array([ 2.03676549,  0.35281277,  1.47173184, -0.27036147,  1.83618514,
        0.92890958]), array([ 1.04939115, -1.67129775])]]]
[150, 21, -1, -1, 0, [[array([[ 1.20371083,  1.40768524, -1.75149736, -2.24043953, -1.90254727,
        -1.03020342],
       [ 1.59240352, -0.90131807, -0.04390844, -0.46462011,  0.9934709 ,
        -1.7285894 ],
       [ 2.30699027, -2.25082841, -0.25574262, -0.06459841, -1.00199615,
         1.72081978],
       [-2.10081359, -2.30249299, -0.57827939, -0.62562726,  1.50672545,
         2.34408891],
       [ 1.51860156, -0.34646903,  2.37782447, -1.61465583,  0.24825688,
        -1.89757394],
       [-0.1864134 , -2.44914926, -2.22312189, -0.55196061,  0.20693193,
         0.71646843]]), array([[ 2.34073673, -1.66406691],
       [ 2.26908108,  0.97585124],
       [-2.02364842, -2.14483286],
       [ 0.01472797, -0.60510974],
       [ 2.10364886, -0.32920724],
       [-2.08422531, -1.02678143]])], [array([ 1.62284207, -0.32129764, -0.49905164,  2.14938968,  1.31289225,
        0.45678106]), array([-0.21926834,  0.99719763])]]]
[150, 15, -1, -1, 1, [[array([[ 2.26359460e-01,  1.13317027e-01, -1.37866026e+00,
         2.29365570e+00, -3.36333449e-01, -8.19819961e-02],
       [-2.33093161e+00,  5.02661928e-02,  3.67945851e-01,
         9.59367649e-01, -1.59315032e-03,  2.12850491e+00],
       [-6.32616852e-01,  1.97062646e+00,  1.07257017e+00,
        -2.22177759e+00,  1.24988149e+00,  2.33878463e+00],
       [ 2.24506493e+00,  5.11614143e-01, -1.33041558e+00,
         5.93933009e-01,  1.76784712e+00,  1.72756329e+00],
       [ 2.00203519e+00, -2.39784933e+00, -1.92424975e+00,
        -1.31302583e+00,  3.73189987e-01,  1.81038468e+00],
       [ 1.33962162e+00, -7.91173928e-01, -2.35240998e+00,
         4.73499903e-01,  2.26569827e+00, -1.28372769e+00]]), array([[ 1.43621549, -2.11729424],
       [ 0.95850565, -0.37354008],
       [ 1.18070077,  2.24826229],
       [ 1.23686315, -0.62431428],
       [ 0.13625744, -1.28795023],
       [ 1.19745771, -1.58156414]])], [array([ 0.79095387,  0.35809212, -1.30872613,  0.51248142,  0.97237688,
       -0.5816787 ]), array([1.90956968, 0.56530173])]]]
[150, 20, -1, -1, 0, [[array([[-1.00854049,  0.63726341,  0.15597698, -0.60134329, -1.0858459 ,
         1.777422  ],
       [-0.69568952,  1.41529337, -0.09923379,  0.12103518, -2.04415744,
         0.81344137],
       [ 0.11403336, -0.65857098,  1.58764135,  0.46948132,  0.93017035,
         0.78223903],
       [ 2.1576182 ,  2.27510372,  0.34281367,  2.12961329,  1.63343682,
         1.98621827],
       [-0.95117301,  1.96004719,  1.46463977, -2.21212492, -0.12720609,
        -1.15720004],
       [-1.90893851, -2.31168823, -1.24206134, -0.20741102,  0.84791877,
         1.08986834]]), array([[ 0.08340865, -0.82762169],
       [ 1.25250466, -0.2295758 ],
       [ 2.2841385 , -0.08955459],
       [ 1.59282503,  2.26927097],
       [-1.58630782,  0.75089012],
       [ 1.25702679,  0.72771689]])], [array([ 0.77879209,  0.27231219,  2.38745318,  2.34986457, -2.40050707,
        1.53927606]), array([1.20369149, 0.05968852])]]]
[150, 24, -1, -1, 1, [[array([[ 1.02866191,  1.60411544,  1.43292863,  1.30687259, -1.6911504 ,
        -1.15515889],
       [-1.65869947,  0.627684  , -0.18719342,  1.29074355, -1.66193327,
        -0.89550035],
       [ 1.75368141,  0.71951833, -2.1687724 , -1.07307695,  0.95899706,
         0.17687879],
       [-2.11772323, -0.70892357, -2.00253977,  2.05198761,  0.01448981,
         1.16415314],
       [ 1.95088667, -2.09031392,  0.52842393, -0.34212448,  0.92785305,
         0.31866411],
       [-1.99575112,  2.07563076,  1.73306844, -2.21512176,  1.18991144,
        -2.3956943 ]]), array([[ 1.33400129, -0.15157728],
       [ 1.65975754,  2.30988759],
       [ 0.61050227, -2.20473192],
       [-0.09744541,  0.26761641],
       [-0.78943447, -1.58505818],
       [-0.98674481,  1.16640453]])], [array([-2.28954212, -0.84220408,  2.16958603,  0.15783269, -0.05534811,
        1.88050701]), array([1.13412537, 1.57687894])]]]
[150, 23, -1, -1, 0, [[array([[-0.22069289, -2.38839697, -2.11495221,  2.23448791, -1.72179482,
        -2.1121714 ],
       [-1.56277891,  0.93509056,  0.97128883, -0.83320735,  0.01654686,
        -0.22612676],
       [-1.022986  , -1.73002936,  0.0859087 , -2.06136225,  0.1601451 ,
        -1.40391542],
       [-0.44398946,  0.83218807,  0.28361413, -0.88752459,  1.6919372 ,
        -0.44633269],
       [-2.42943838,  1.34066069,  0.64027517,  0.74683078, -0.65427998,
         2.27320777],
       [-2.09238514, -1.95057167, -2.01811961,  0.17784325,  1.91494049,
         0.0221256 ]]), array([[ 1.85326358,  0.93309695],
       [-1.65397426, -0.25701744],
       [-1.49819371,  0.6914223 ],
       [ 2.29454242, -1.73919849],
       [ 1.76253595,  1.97104613],
       [ 2.00672821, -1.3700429 ]])], [array([-0.08048439, -1.89432561,  1.8537421 ,  0.29570282,  1.1017472 ,
       -0.48159161]), array([1.36577687, 1.78339957])]]]
[150, 2, -1, -1, 1, [[array([[-0.03554822, -1.94644091, -0.13546515,  0.74245119, -1.65632518,
        -0.61641792],
       [-1.17213327, -1.38202682,  0.26304876,  1.66725622,  0.87142004,
        -2.36756198],
       [ 0.75821092,  0.61910425,  1.57939022,  1.56232517,  0.84985176,
         1.98913041],
       [-0.30007747, -2.19803119,  1.01731413,  1.49814652,  1.83509286,
        -0.60967291],
       [ 0.18485323, -1.25234621, -0.48331686, -1.13067478,  1.7525334 ,
         1.24336714],
       [ 1.81497476,  1.35399375, -2.11219064,  2.28082365,  2.09907974,
        -1.23664552]]), array([[ 2.37338407, -0.94253344],
       [ 1.95982593,  1.38975162],
       [-2.36905434, -0.34602166],
       [-2.0701482 ,  1.6198369 ],
       [ 1.65994276,  0.70116669],
       [ 0.39504541,  2.25407401]])], [array([-0.17053531,  2.20863612,  1.82286812,  0.19750991,  1.5910707 ,
        0.79041423]), array([0.93018518, 0.84725132])]]]
[150, 12, -1, -1, 0, [[array([[ 1.99254325,  2.02301732, -0.85879251, -0.99815299, -0.12835784,
         1.21779716],
       [ 1.04324128,  2.02730572, -0.99354547,  1.50676819, -0.05479298,
        -0.37595674],
       [ 0.0754641 , -1.38363821, -1.05423443,  1.80502682, -2.06496815,
        -0.19895103],
       [ 2.09366766,  1.73697801,  1.17149486, -1.16970914, -0.05377383,
         0.30840284],
       [ 0.89229861,  1.53917079, -0.05415382, -0.38469427, -0.86330838,
        -1.81149622],
       [ 0.11395718, -0.90718943,  1.54960105, -1.35653222,  1.16150415,
         2.08001104]]), array([[-1.27013842,  1.66682085],
       [-0.93729598, -1.24868755],
       [-1.11343137, -2.2744294 ],
       [ 0.70686496,  1.16149726],
       [ 0.47104359, -1.37607087],
       [ 0.47729669, -2.08800732]])], [array([ 0.65248674,  0.22077031, -0.0541991 , -1.81137107, -0.0589993 ,
       -0.41036044]), array([2.16348958, 1.20129462])]]]
[150, 9, -1, -1, 1, [[array([[-0.90222048, -1.39415163,  0.97600224, -0.0963848 ,  1.97146757,
         0.02292219],
       [-1.28519425, -1.25912076, -1.41971258, -2.27308017, -0.93244031,
         1.72149081],
       [-0.98238559,  1.63559052,  0.03460429, -0.44950234, -2.13512989,
        -2.43101898],
       [-0.63479102, -0.61251071, -0.23523813,  0.06245999, -1.50551128,
        -0.91230134],
       [ 0.14798762, -2.38487466, -2.40265188, -2.17269866,  1.09590014,
         0.17965167],
       [ 2.42166963,  1.23445841,  0.24765169, -1.19572814,  0.67476469,
        -0.77315712]]), array([[ 1.15429587, -0.98882146],
       [ 0.11227017, -0.46330704],
       [-1.14297783, -0.31255317],
       [ 0.85854602,  0.00494037],
       [ 1.50452255,  2.43478569],
       [-1.83557673, -2.26508237]])], [array([-1.16618707, -0.71445248,  1.61006311, -0.52969628, -1.82277859,
        2.05149905]), array([-0.66308274, -0.34811046])]]]
[150, 18, -1, -1, 0, [[array([[-0.60446687,  0.41378451, -0.66256378,  2.25056846,  0.40228009,
        -2.40219754],
       [-2.28461546, -0.23588519, -0.1105597 ,  1.19584834,  1.88584952,
         1.22482158],
       [-0.95624512, -2.42090498, -0.35737092, -2.0338586 ,  0.47857469,
         1.57934021],
       [-2.347557  ,  1.17891757,  1.18169683,  2.29402166, -0.73155426,
        -1.98840197],
       [-1.36678292, -1.6649228 ,  0.92134963, -1.36805162,  2.09632017,
        -1.44684902],
       [-2.23253361,  0.86702945, -1.13372284, -1.93989234, -0.11287161,
        -0.88150655]]), array([[-2.18151034,  1.8762658 ],
       [-1.52600662, -1.12081401],
       [-1.03444109, -1.95746772],
       [-0.26177116, -1.28945308],
       [-1.00917079,  1.61240507],
       [ 0.3329032 , -0.92198261]])], [array([ 0.68079613, -1.50563053,  1.62322462, -0.93693787,  0.00341051,
        0.73571082]), array([0.2985883 , 2.00239318])]]]
[150, 13, -1, -1, 1, [[array([[-0.05006701, -1.19171912, -0.44186681,  1.81200189, -0.24942709,
        -2.34283616],
       [-0.52399995, -2.33392661,  0.18393268, -1.39742975, -1.93373753,
         1.56915115],
       [-2.21754804,  0.52137314,  1.81560398,  0.19577573, -0.37891361,
         1.82136558],
       [ 1.53605698,  0.63466523,  0.14346405, -2.3731761 ,  1.01451344,
         1.77382788],
       [ 0.55272517, -0.60507619,  1.87812809, -2.03045946,  1.24811314,
        -0.66418742],
       [ 1.84724871, -1.54986985, -1.13077464,  0.9684294 , -1.04361218,
         0.8351827 ]]), array([[ 1.40306984,  0.2788099 ],
       [-1.57068401,  0.38257296],
       [-1.96399538, -1.82619949],
       [ 2.35690571, -2.19060479],
       [ 2.43088884, -1.7356872 ],
       [-1.71411006, -0.0625189 ]])], [array([ 2.43634858,  0.73418472,  1.99538028, -2.00371091, -0.85521183,
       -1.72928292]), array([ 1.08464292, -1.60117543])]]]
[150, 6, -1, -1, 0, [[array([[-0.26714374, -0.54356777, -1.04780309,  0.76897345,  0.81941405,
        -0.4687015 ],
       [-0.54840435,  1.61323504,  0.7347571 , -0.04187902,  0.98722806,
         0.02991333],
       [-0.60413876,  1.71745567, -1.96926731, -0.88589643, -0.94241972,
        -0.59674831],
       [-1.22261979, -0.5749127 , -0.18798387, -0.88766435,  0.41866101,
         0.41494183],
       [-1.9595125 , -1.31406513, -2.30942108, -1.19763419,  2.28200332,
        -1.11626915],
       [-0.80091901, -2.42922492,  1.85098405,  2.36919077, -0.82133695,
        -2.41072019]]), array([[ 2.12010021,  1.72184253],
       [ 2.33453857,  0.71639407],
       [ 1.44439138, -0.45160432],
       [ 0.55390908,  0.51276904],
       [-2.33315949, -2.30680913],
       [-1.07430471,  0.87900749]])], [array([ 2.28735304, -1.259696  ,  0.03216157, -2.23064061,  1.34519831,
       -0.0401024 ]), array([0.51460649, 2.02790051])]]]
[150, 10, -1, -1, 1, [[array([[-8.54076898e-01,  2.23992768e+00, -2.22114848e-01,
        -3.55809367e-01, -1.44557485e+00, -1.82801135e+00],
       [-1.55929705e+00, -4.76780841e-01,  1.85552030e+00,
        -2.08485534e-03,  1.64424848e+00, -2.74364770e-02],
       [-1.88133570e+00,  1.36048608e+00,  2.21512377e+00,
         1.18359036e+00, -2.82036746e-01, -1.53646219e-01],
       [-1.64435755e+00,  1.74674303e+00, -2.38892551e-02,
        -6.59363051e-01,  8.67128916e-01, -1.87732222e+00],
       [-2.37692592e+00,  1.89101930e-01, -1.95859842e+00,
        -1.36643557e+00,  1.19270841e+00,  1.05389099e+00],
       [-7.00440893e-01,  1.11486881e+00,  1.20245138e+00,
         1.62060487e+00,  9.44332538e-01,  2.25602135e+00]]), array([[-2.08722824,  0.40891088],
       [-2.39085204,  0.55222224],
       [ 1.90818123,  0.88777901],
       [-1.0711176 , -0.29022449],
       [-2.23482746,  2.16226197],
       [-0.10762672, -1.816991  ]])], [array([ 2.35792908,  1.82590299, -1.16380585, -1.50481149, -0.2835004 ,
       -2.14218946]), array([ 0.8905679 , -0.89012389])]]]
[67600, 4, 'birth', 21, 1, 1, [[array([[ 1.20371083,  1.40768524, -1.75149736, -2.24043953, -1.90254727,
        -1.03020342],
       [ 1.59240352, -1.92247859, -0.04390844, -0.46462011,  0.9934709 ,
        -1.7285894 ],
       [ 2.30699027, -2.44948974, -0.51685994, -0.06459841, -1.00199615,
         1.72081978],
       [-2.10081359, -2.30249299, -0.57827939, -0.62562726,  1.50672545,
         2.34408891],
       [ 2.44948974, -0.34646903,  2.37782447,  2.44948974,  0.24825688,
        -2.44948974],
       [-0.1864134 , -2.44914926, -2.22312189, -0.55196061,  1.81286706,
         0.71646843]]), array([[ 1.41421356,  0.53421899],
       [-0.8955158 ,  1.41421356],
       [-1.02256425,  0.41371438],
       [ 1.41421356, -1.41421356],
       [-1.41421356, -1.41421356],
       [ 1.28146992, -1.41421356]])], [array([ 2.03676549,  1.73941575,  1.47173184, -1.70062704,  1.83618514,
        0.92890958]), array([ 1.04939115, -1.41421356])]]]
[116351, 11, 'birth', 7, 3, 1, [[array([[-0.76641391, -1.11337952, -2.44948974, -2.44948974,  2.41115926,
        -1.97483475],
       [-2.44211019,  2.15097425,  1.62763501,  2.14957013, -1.16962569,
         1.24908415],
       [-1.76874878, -1.46773467,  2.44948974, -1.48870775, -2.06169765,
         1.94343442],
       [ 1.80754093, -1.77071808,  2.22347039,  0.72637899,  2.25968801,
        -1.29303771],
       [-1.68890002, -2.11832758, -1.72672674,  2.44948974, -1.55980773,
        -0.10807893],
       [ 0.87614366,  0.96771789,  0.31573355, -0.81403056, -1.11209312,
        -1.09369332]]), array([[-1.41421356, -0.51601758],
       [-0.07077552,  0.5542817 ],
       [ 1.41421356,  1.41421356],
       [-0.90899513,  1.41421356],
       [-0.55950192, -0.6159019 ],
       [ 1.12806738, -1.41421356]])], [array([-0.84770134,  1.81531257, -1.74340098,  1.71648913,  1.58198218,
        2.44948974]), array([-0.04837309, -0.87732279])]]]
[126551, 8, 'birth', 22, 14, 0, [[array([[ 2.33296655, -2.44948974,  1.41601626,  1.33354641, -0.16610598,
        -1.35894623],
       [-1.94784739, -1.24643831,  0.66606962, -1.47272226,  2.36406667,
        -2.44276656],
       [-0.2780917 , -1.87576612, -2.14664614,  0.89171982,  0.42692483,
        -2.44948974],
       [-1.2528448 , -1.10695173, -0.07752873,  1.34903394,  2.44948974,
        -2.22833564],
       [-0.55744593, -1.28232744,  1.91259472,  0.13417308,  0.56142413,
        -2.15053606],
       [-0.03185435,  2.44948974,  2.19752975, -0.28013534, -2.1117757 ,
        -2.33469966]]), array([[ 1.41421356,  0.86774449],
       [-1.0449489 ,  1.41421356],
       [-0.7178961 ,  1.25232425],
       [-0.02133282,  1.41421356],
       [-1.41421356,  1.41421356],
       [ 1.28688926,  1.26005756]])], [array([-0.13943013, -2.07209907,  1.00896782,  1.92858847,  1.03429625,
        0.6079692 ]), array([0.05811698, 1.41421356])]]]
[137301, 17, 'birth', 22, 24, 1, [[array([[-2.44948974, -0.03958191,  1.41601626,  0.45694723, -0.16610598,
         2.00731696],
       [-0.29330998, -1.24643831,  0.66606962, -1.47272226,  2.36406667,
        -0.68572748],
       [-0.2780917 , -1.87576612, -1.58299586,  0.89171982,  0.42692483,
        -2.09390911],
       [-1.2528448 , -0.84142085, -0.07752873,  1.34903394,  1.43957972,
        -2.22833564],
       [-0.55744593,  0.87144545,  1.91259472,  0.13417308, -1.7711201 ,
        -2.17742313],
       [-0.12728184,  2.07563076,  1.73306844, -2.21512176,  1.18991144,
        -2.3956943 ]]), array([[ 1.33400129, -0.15157728],
       [ 1.41421356,  1.41421356],
       [ 0.61050227, -1.41421356],
       [-0.09744541,  0.26761641],
       [-1.41421356, -1.41421356],
       [-0.98674481,  1.16640453]])], [array([-2.44948974, -0.84220408,  2.16958603,  0.15783269, -0.05534811,
        1.88050701]), array([1.13412537, 1.41421356])]]]
[159401, 19, 'birth', 23, 4, 0, [[array([[ 2.03765633, -2.38839697, -2.11495221,  2.44948974, -1.72179482,
        -2.1121714 ],
       [-1.56277891, -0.53675722, -1.71219415, -0.83320735,  0.01654686,
        -0.22612676],
       [-1.022986  , -1.73002936,  2.44948974, -2.06136225,  0.1601451 ,
        -1.40391542],
       [-0.44398946,  0.83218807,  0.28361413, -0.88752459,  2.44948974,
         2.44948974],
       [ 2.44948974, -0.34646903,  2.37782447,  1.8363876 ,  0.26211092,
        -2.44948974],
       [-0.1864134 , -2.44914926, -2.22312189, -0.55196061,  1.81286706,
         0.71646843]]), array([[ 1.41421356,  0.53421899],
       [-0.8955158 ,  1.41421356],
       [-1.02256425, -1.41421356],
       [ 0.23808361, -1.41421356],
       [-1.41421356, -1.41421356],
       [ 1.28146992, -0.72856964]])], [array([ 2.03676549,  1.73941575,  1.47173184, -2.39653249,  1.83618514,
       -0.07387076]), array([ 1.01939611, -1.41421356])]]]
[837558, 16, 'death']
[837708, 3, 'death']
[837858, 0, 'death']
[838008, 5, 'death']
[838158, 7, 'death']
[838308, 14, 'death']
[838458, 22, 'death']
[838608, 1, 'death']
[838758, 21, 'death']
[838908, 15, 'death']
[839058, 20, 'death']
[839208, 24, 'death']
[839358, 23, 'death']
[839508, 2, 'death']
[839658, 12, 'death']
[839808, 9, 'death']
[839958, 18, 'death']
[840108, 13, 'death']
[840258, 6, 'death']
[840408, 10, 'death']
[840758, 23, 'birth', 21, 15, 0, [[array([[ 1.20371083e+00,  1.40768524e+00, -1.37866026e+00,
        -1.04076663e+00, -3.36333449e-01, -8.19819961e-02],
       [-2.33093161e+00,  5.02661928e-02,  3.67945851e-01,
         9.59367649e-01, -1.59315032e-03,  2.12850491e+00],
       [-6.32616852e-01,  1.97062646e+00,  1.07257017e+00,
        -2.22177759e+00,  1.24988149e+00,  2.33878463e+00],
       [ 1.66135087e+00,  5.11614143e-01, -1.22337871e+00,
         5.93933009e-01,  1.76784712e+00,  1.72756329e+00],
       [ 2.00203519e+00, -2.39784933e+00, -1.92424975e+00,
        -1.31302583e+00, -1.40857478e-01,  1.81038468e+00],
       [ 1.33962162e+00, -7.91173928e-01, -2.35240998e+00,
         4.73499903e-01,  2.26569827e+00, -1.28372769e+00]]), array([[ 0.54740386, -1.41421356],
       [ 0.95850565,  0.41135698],
       [ 1.18070077,  1.41421356],
       [ 1.23686315, -0.62431428],
       [ 0.13625744, -1.41421356],
       [ 1.19745771, -1.41421356]])], [array([ 0.79095387,  0.35809212, -1.30872613,  0.51248142,  2.44948974,
       -0.5816787 ]), array([1.41421356, 0.56530173])]]]
[840758, 15, 'birth', 6, 2, 1, [[array([[ 0.45344343, -0.54356777, -0.13546515,  0.74245119, -1.65632518,
        -0.61641792],
       [-1.17213327, -1.38202682,  0.26304876,  1.66725622,  0.87142004,
        -2.36756198],
       [ 0.75821092,  0.61910425,  1.57939022,  1.56232517,  0.84985176,
         1.98913041],
       [-0.30007747, -2.19803119,  1.01731413,  1.49814652,  1.83509286,
        -1.59646172],
       [ 0.18485323, -1.25234621, -0.48331686, -1.13067478,  1.7525334 ,
        -1.42139773],
       [ 2.44948974,  1.35399375, -2.44948974,  2.28082365,  2.09907974,
         2.43299884]]), array([[ 1.41421356, -0.94253344],
       [ 1.41421356,  1.38975162],
       [-1.41421356, -0.34602166],
       [-1.41421356,  1.41421356],
       [ 1.41421356,  0.70116669],
       [ 0.39504541,  1.41421356]])], [array([-0.17053531,  2.20863612,  1.82286812, -2.10060293,  1.5910707 ,
        0.79041423]), array([-0.04176362,  0.84725132])]]]
[840758, 3, 'birth', 18, 4, 1, [[array([[-0.60446687,  0.41378451, -0.66256378,  2.25056846,  0.40228009,
        -2.40219754],
       [-2.28461546, -2.44948974, -0.1105597 ,  1.19584834,  1.88584952,
         1.22482158],
       [-0.95624512, -2.42090498, -0.27695321, -2.0338586 ,  0.47857469,
         1.57934021],
       [-2.347557  , -2.30249299, -0.57827939, -0.62562726,  1.50672545,
         2.34408891],
       [ 1.63761644, -2.44948974,  2.37782447,  2.44948974,  2.44948974,
        -2.44948974],
       [-0.1864134 , -2.44914926, -2.22312189, -0.55196061,  1.81286706,
         0.71646843]]), array([[ 1.41421356,  0.53421899],
       [-0.8955158 ,  1.41421356],
       [-1.02256425,  0.41371438],
       [ 1.41421356, -1.41421356],
       [-1.41421356, -1.41421356],
       [ 1.28146992, -1.41421356]])], [array([ 2.03676549,  1.73941575,  1.47173184, -1.70062704,  1.83618514,
        0.92890958]), array([ 1.04939115, -1.41421356])]]]
[840758, 13, 'birth', 19, 1, 0, [[array([[ 2.03765633, -2.38839697,  0.56625291,  2.44948974, -0.17145288,
        -0.28930119],
       [-1.56277891, -0.53675722, -1.71219415, -0.83320735,  0.01654686,
        -0.22612676],
       [-1.022986  , -1.73002936,  2.44948974, -0.71763663,  0.1601451 ,
        -1.40391542],
       [-0.44398946,  0.83218807,  0.28361413, -0.88752459,  2.44948974,
         1.85608783],
       [ 2.44948974, -0.34646903,  2.01889042,  1.8363876 ,  0.26211092,
        -2.44948974],
       [-0.77419823, -1.09119465, -0.15001951,  2.06468398, -2.44948974,
        -0.74306603]]), array([[-0.85744   ,  0.2975309 ],
       [-0.8955158 ,  1.41421356],
       [ 1.41421356,  0.41371438],
       [ 1.41421356, -1.41421356],
       [-1.41421356, -1.41421356],
       [ 0.39944585, -1.41421356]])], [array([ 2.03676549,  1.83862359,  1.47173184, -0.27036147, -1.3251768 ,
        1.1453637 ]), array([-0.13843157, -1.41421356])]]]
[840758, 20, 'birth', 20, 14, 1, [[array([[-2.44948974,  0.63726341,  0.15597698,  1.68040085, -0.91630005,
         1.777422  ],
       [-1.21692093,  1.41529337, -0.41162417,  0.12103518, -2.04415744,
         2.44948974],
       [ 0.11403336, -0.65857098,  1.58764135,  0.46948132,  1.42861811,
         0.78223903],
       [ 2.41159047,  2.27510372,  1.91444348,  2.12961329,  1.63343682,
         2.44948974],
       [-0.40772021,  1.96004719,  1.46463977, -2.44948974,  0.1734714 ,
        -1.15720004],
       [-0.17103828, -2.31168823, -1.24206134, -0.20741102, -2.1117757 ,
        -2.33469966]]), array([[ 1.41421356,  0.86774449],
       [-1.0449489 ,  1.41421356],
       [-0.7178961 ,  1.25232425],
       [-0.28303889,  1.41421356],
       [-1.41421356,  1.41421356],
       [ 1.28688926,  1.26005756]])], [array([-0.13943013, -0.11041216,  0.53107423,  1.92858847,  1.03429625,
        0.32787167]), array([0.05811698, 1.41421356])]]]
[840758, 5, 'birth', 0, 1, 1, [[array([[-1.63429834,  1.26274479, -2.17834802, -1.72870053, -0.30015428,
         1.10075111],
       [-0.97888114,  0.52237463, -1.97236495,  1.35241316,  0.10863242,
         1.61301884],
       [-2.20354234, -2.10941408,  1.37595575,  0.38895198,  0.49381303,
        -0.96846656],
       [ 0.07518393, -1.96785323,  2.08594601,  2.08636452,  2.44948974,
        -0.08389016],
       [ 1.73785146,  1.70939498,  1.66268769,  1.57043034,  0.88739886,
         2.37810062],
       [-0.77419823, -1.09119465, -0.15001951,  2.44948974, -2.06304498,
        -0.26790974]]), array([[-0.85744   ,  0.53421899],
       [-0.8955158 ,  1.13360628],
       [ 1.41421356,  0.41371438],
       [ 1.41421356, -1.41421356],
       [-1.41421356, -1.41421356],
       [ 1.28146992,  0.2437725 ]])], [array([ 2.03676549,  0.35281277,  1.47173184, -0.27036147,  1.83618514,
        0.92890958]), array([ 1.04939115, -1.41421356])]]]
[840758, 9, 'birth', 21, 11, 1, [[array([[ 1.20371083,  1.40768524, -1.75149736, -2.24043953,  0.02081254,
        -1.03020342],
       [ 1.59240352, -0.90131807, -0.04390844, -0.46462011,  0.9934709 ,
        -2.44948974],
       [ 2.30699027, -2.44948974, -0.25574262, -0.06459841, -1.00199615,
         1.72081978],
       [-2.10081359, -2.44948974, -0.57827939, -0.62562726,  1.50672545,
         2.34408891],
       [-0.69271404, -0.34646903,  2.37782447, -1.61465583,  0.24825688,
        -1.89757394],
       [-0.1864134 , -2.44914926, -2.22312189, -0.81403056, -1.11209312,
        -1.09369332]]), array([[-1.41421356, -1.41421356],
       [-0.07077552,  0.5542817 ],
       [ 1.41421356,  0.86506178],
       [-0.90899513, -0.66137413],
       [-0.55950192, -0.6159019 ],
       [ 1.12806738, -1.41421356]])], [array([-2.44948974,  1.81531257, -1.74340098,  1.71648913,  2.44948974,
        2.44948974]), array([-0.04837309, -0.89889125])]]]
[840758, 2, 'birth', 0, 13, 0, [[array([[-1.63429834,  1.26274479, -2.17834802,  2.44948974, -0.30015428,
        -1.52262799],
       [ 2.44948974,  0.52237463, -1.97236495, -2.15711127,  0.10863242,
         1.61301884],
       [-2.44948974, -2.10941408,  1.37595575, -0.44074389, -0.32476846,
        -0.96846656],
       [ 0.07518393,  0.53872256, -1.05089426,  2.44948974,  2.27810162,
         1.01521269],
       [-2.34146732, -0.74492171,  1.51155076,  0.96805758,  1.52225378,
         2.44948974],
       [-1.95276315,  2.29454992, -0.11063431, -2.1575103 ,  1.62818698,
         1.94813271]]), array([[-1.41421356, -1.41421356],
       [-1.19063946,  1.41421356],
       [-1.41421356,  1.18785343],
       [ 0.53308333, -1.41421356],
       [-1.41421356, -1.41421356],
       [ 0.04581257, -0.0625189 ]])], [array([ 2.43634858,  0.73418472,  1.99538028, -2.00371091, -0.85521183,
       -1.72928292]), array([ 1.08464292, -1.41421356])]]]
[840758, 12, 'birth', 20, 3, 0, [[array([[-1.00854049e+00,  6.37263413e-01, -2.44948974e+00,
        -6.01343291e-01, -1.08584590e+00,  1.77742200e+00],
       [-6.95689518e-01,  1.41529337e+00,  8.49175311e-04,
         1.21035181e-01, -2.04415744e+00,  8.13441371e-01],
       [ 1.14033356e-01, -6.58570976e-01,  2.08275584e+00,
         4.69481323e-01,  9.30170349e-01,  7.82239034e-01],
       [ 2.15761820e+00, -5.34389987e-01, -1.17341990e+00,
        -1.22198862e+00,  1.86315265e+00, -2.44948974e+00],
       [-2.23962009e+00, -2.11884440e+00,  1.21666607e+00,
         1.96389515e+00,  1.47163778e+00, -4.49510233e-01],
       [ 2.44948974e+00,  1.18314420e+00,  6.54086287e-01,
        -1.02872451e+00, -5.00875771e-01, -1.78842744e+00]]), array([[-1.28790417,  1.18293359],
       [ 1.08970792, -0.82551113],
       [ 1.41421356,  1.41421356],
       [ 0.38298807, -1.30457918],
       [-1.38866768, -1.41421356],
       [ 1.07416356, -0.80349583]])], [array([ 1.07576755,  1.72083214, -1.74340098,  1.71648913, -2.0430566 ,
        1.23747342]), array([-1.41421356, -0.87732279])]]]
[886408, 4, 'death']
[917159, 11, 'death']
[923009, 8, 'death']
[928409, 17, 'death']
[938059, 19, 'death']
[1189861, 23, 'death']
[1190011, 15, 'death']
[1190162, 3, 'death']
[1190361, 13, 'death']
[1190511, 20, 'death']
[1190662, 5, 'death']
[1190812, 9, 'death']
[1190961, 2, 'death']
[1191111, 12, 'death']
[1191261, 'Extinction!']
