[time, indiv, parent1, parent2, gender, brain]
[150, 16, -1, -1, 0, [[array([[ 1.4467433 ,  0.6351375 , -1.87383613, -2.1810159 , -2.39619588,
        -2.44917648],
       [ 0.94728999, -1.17297338, -0.64954767, -1.67763628, -0.45048334,
         2.40434816],
       [-2.12178272, -0.2248445 , -1.52338502, -1.13120113, -0.11358901,
         2.12092925],
       [-0.54000646, -1.41657328, -1.65370909,  0.54337769, -1.5785333 ,
         0.19813808],
       [-2.42831228, -0.40604298,  0.50805702,  2.02754988, -2.25513372,
        -1.24849931],
       [ 1.12990798, -0.76877352, -0.11646206, -0.07441619,  0.13760952,
        -2.31225722]]), array([[ 1.69805086, -0.17024504],
       [ 1.77470383,  2.19261152],
       [ 1.8767475 ,  2.31527705],
       [ 1.78848597,  0.15269903],
       [ 2.08338467, -2.06569158],
       [-0.69272559, -0.69752344]])], [array([ 1.8254138 , -0.73838999, -1.6987284 , -2.40696515,  1.17505339,
        1.00251007]), array([-2.16552887,  0.10374724])]]]
[150, 11, -1, -1, 1, [[array([[ 1.27731576,  0.60512169,  0.72725873, -1.97532516, -1.28111805,
        -2.09935425],
       [-2.00796657,  1.1080963 ,  0.30811195, -1.30330452,  0.77055763,
        -0.72898748],
       [ 1.55133103,  1.53191519,  0.14128359, -2.08589327,  0.60696295,
        -0.83269568],
       [-0.961866  ,  1.83875213, -1.34737961, -0.41574149, -0.27725797,
        -0.39962797],
       [-1.82605423, -2.11536687,  1.31396072, -1.16191993, -0.9425939 ,
         0.42007604],
       [-0.88169275,  1.52099896, -1.52418338, -1.49830204, -1.58488272,
         1.50883746]]), array([[-1.38053272,  0.04566077],
       [-0.74485925, -0.17250706],
       [ 0.08614025, -0.75246348],
       [-0.9303193 ,  0.65865613],
       [ 0.73615854,  0.00275107],
       [-2.27012084,  2.39351931]])], [array([-1.17094126,  0.36967599,  1.62995779,  1.52732453, -2.36448918,
        1.19346003]), array([0.63662313, 1.03323681])]]]
[150, 4, -1, -1, 0, [[array([[ 1.57396956,  0.05763924,  2.0219662 , -1.32924995,  0.99359073,
         0.22069293],
       [ 2.24363757, -0.07628062, -1.50435106,  1.04536774, -2.02378189,
        -1.69128633],
       [ 2.29574273,  1.04847012, -0.97725963,  1.49167277,  1.25150196,
        -1.86070254],
       [-0.61998688,  1.5403054 , -0.16316829,  1.95246793, -0.09436739,
        -1.71372985],
       [-0.56416158,  0.98418395,  1.08924875,  1.4037673 , -1.72413017,
         2.17507873],
       [ 0.76066577, -0.08996892,  2.02501166, -0.46847012,  2.0730096 ,
         0.81644131]]), array([[-1.2735122 ,  1.27653691],
       [-0.33767456, -0.83019709],
       [-0.2871244 , -0.73499937],
       [-0.45958168, -0.11119103],
       [ 1.20647645,  0.01596618],
       [-2.01864828,  2.09253444]])], [array([ 0.67402163, -0.92936878, -1.11687846, -0.98864384, -1.97296204,
       -1.28072712]), array([ 2.17407646, -1.6625918 ])]]]
[150, 0, -1, -1, 1, [[array([[-0.35717861,  0.33949372,  1.66497801, -0.45194818, -2.04095709,
        -0.19067158],
       [-1.40868502,  1.5094829 ,  0.44928396, -0.71971972, -0.62831273,
         2.22098932],
       [ 1.6781166 ,  1.56098676,  0.54518867, -0.82084302, -1.95908115,
         0.80943746],
       [-0.59655031, -0.48987988,  2.38148152,  1.15699476, -2.32704611,
        -1.06165802],
       [ 1.10450333,  1.05555156, -0.09329239, -2.41686712,  1.44678683,
        -1.96098184],
       [-0.91873238, -0.73562199, -2.29819494,  1.23977153, -0.70613195,
         0.46501076]]), array([[-1.18582447,  0.47442046],
       [-2.22913461,  1.01359795],
       [ 0.94550771, -1.26509191],
       [-1.73090219,  0.32333585],
       [-0.62902751, -1.04550446],
       [ 1.29535722,  1.09340499]])], [array([-1.25364403,  2.27181959,  1.90689631, -0.26636787,  2.36576935,
        2.38775503]), array([ 1.29707515, -1.04935067])]]]
[150, 2, -1, -1, 0, [[array([[-2.1615371 ,  0.32188433, -0.48903167, -1.97509698, -0.16814951,
         1.24363303],
       [-0.14235514, -1.93062597,  0.92372634,  1.44174797,  0.25221655,
        -1.49231422],
       [ 1.1225191 ,  0.74303446,  0.65032391,  0.20863554,  2.0255713 ,
         1.65606447],
       [ 1.31494725,  1.54955994, -1.0051242 ,  2.41278899,  1.98450857,
        -0.6054514 ],
       [-0.76724883, -0.9375735 ,  0.22570998,  0.17297446,  1.37457775,
         1.23274687],
       [ 0.49619825,  2.11296934,  1.18859477, -1.39965959,  0.08645032,
         1.1457647 ]]), array([[-2.30386031, -0.02682744],
       [ 1.74958671, -0.83821806],
       [ 0.58570498,  1.93059375],
       [ 0.49278891,  2.15570252],
       [-0.68297479,  1.44405015],
       [ 0.58704296,  0.74431347]])], [array([ 2.28800257, -1.65036064, -2.29084104, -2.02300335,  1.46760618,
        2.30350509]), array([-1.24422044,  2.2223453 ])]]]
[150, 17, -1, -1, 1, [[array([[-0.87673802, -0.7086446 ,  1.00619955, -2.44520088, -0.83680884,
        -1.52607848],
       [ 1.66962049, -1.33202393,  1.33989432,  1.51680049, -0.38109838,
         1.3258915 ],
       [-0.57097598,  2.06517225,  0.04389913, -0.76354088, -1.71375833,
        -0.36240205],
       [ 0.30214471, -1.04779193, -0.44217335, -1.54324013,  0.97027457,
         0.16882205],
       [-2.2773291 , -1.57716285, -1.98264998, -2.38819781, -1.16487239,
        -1.01533997],
       [ 1.32510354, -1.07883738, -2.21691137,  1.44543493,  0.70474799,
        -1.17736774]]), array([[-1.41301336, -0.80698035],
       [ 0.01297513, -1.90662095],
       [ 1.79625692, -2.33015137],
       [-1.91687693,  0.74955076],
       [-0.28279106, -0.44756097],
       [-2.37281243, -1.13211934]])], [array([ 0.63597257,  2.0992601 ,  0.05908795, -1.04087115, -1.1074101 ,
        0.49106975]), array([-0.8681711,  0.3716834])]]]
[150, 10, -1, -1, 0, [[array([[-0.23887186, -0.88874405,  1.75656558, -0.84072491,  1.96896712,
        -1.50324391],
       [ 1.67664423, -0.92222207, -1.14930173,  0.21778339,  1.8488272 ,
         1.12667978],
       [ 0.34019537, -0.06456488,  0.7885567 ,  1.73425408, -0.3435393 ,
         0.10604776],
       [ 0.0950309 ,  1.67869154,  2.10052748,  1.01355091, -1.05340408,
         0.58123942],
       [-0.13646091,  0.28235504,  1.01702034, -2.05296095, -2.2331853 ,
        -1.03656059],
       [-1.68014745,  1.50289197, -1.19891235, -1.55195572, -1.74950808,
         0.84446597]]), array([[-0.50563497, -1.15849056],
       [-0.51813137,  0.99857991],
       [ 1.52537415,  2.32889745],
       [-0.40511931, -0.3771321 ],
       [-1.3871478 ,  1.5168969 ],
       [ 0.3017694 , -1.83217761]])], [array([ 1.94285744,  2.05733802,  0.37180668,  0.77911258,  1.22026598,
       -1.20502466]), array([-0.66324627, -1.42091587])]]]
[150, 8, -1, -1, 1, [[array([[ 2.28235622,  0.47492823, -1.5846553 ,  0.50977071, -0.12318816,
        -1.18087704],
       [ 0.47986961, -2.30001816, -0.77775388,  2.04719228, -0.55682295,
        -0.54312058],
       [-1.220264  , -2.24955481,  0.5649989 ,  1.47598873, -2.23253404,
         2.37061331],
       [ 0.98556439,  0.07538965,  0.51775536,  1.30852195,  2.12996866,
         1.06750544],
       [ 1.58816506,  1.3031562 , -1.11713043, -2.23568514, -1.51256845,
         2.11516963],
       [ 0.18717612, -1.46674404, -0.8773574 , -1.5189806 ,  1.19801758,
        -0.48581718]]), array([[-0.83003452, -2.28819245],
       [-0.75560527,  1.33121585],
       [-0.42151067,  0.91592758],
       [-1.58082991,  0.71957943],
       [ 1.26267716, -1.29459205],
       [ 0.33614663,  2.34898632]])], [array([ 2.29121087, -0.37196192, -1.39672548, -0.00342889, -1.11195977,
       -0.74206473]), array([-1.06013702,  0.3104356 ])]]]
[150, 5, -1, -1, 0, [[array([[-0.45076733, -1.44186067,  1.40746759, -1.95156982, -0.34822383,
         0.34974249],
       [-1.37813107, -0.49988449, -2.04919199,  2.38151723, -1.13271708,
        -0.26536348],
       [ 0.99209425, -1.36962753, -1.54344337,  2.40542197, -1.6757116 ,
        -2.37889334],
       [-1.28378158, -2.09633164,  1.66467468, -1.48665226,  0.96918898,
        -1.42006109],
       [ 2.0986075 ,  1.71047888,  2.11268521,  1.33155652, -1.91121876,
         1.2101435 ],
       [-2.30393636,  2.19395224, -0.47874732,  0.224598  , -1.6808385 ,
         0.15107298]]), array([[-1.26850247,  0.2374125 ],
       [ 0.36842973,  0.62771218],
       [ 2.22277077, -0.1769393 ],
       [-1.33314511, -0.5484118 ],
       [-2.14552465, -0.4380909 ],
       [-1.64351148, -0.41864205]])], [array([-1.11066446,  0.06346882,  0.76644664, -0.82804553,  1.83028076,
       -0.03099238]), array([ 0.33660078, -0.15650739])]]]
[150, 23, -1, -1, 1, [[array([[ 0.7129097 , -0.81086751,  1.48315163, -0.09576844, -0.30224359,
        -1.13095993],
       [-1.56751218,  1.25735714,  2.00470684,  0.61464527,  1.21227765,
         0.25465378],
       [-2.01403872,  1.13113063,  0.05877824,  2.23699313,  1.43358314,
         2.00491523],
       [ 2.41257069, -0.1059432 ,  0.80044883, -1.04981997, -1.99558943,
         0.72294122],
       [-0.35010616,  0.53233027, -0.54079441, -1.6255112 ,  1.36279375,
        -0.44852915],
       [-1.68320352,  0.83119345, -2.1887264 , -1.41222906, -0.57962814,
        -0.8606725 ]]), array([[-2.43377646,  2.13732952],
       [-0.40570633,  1.77531464],
       [-0.09576293,  2.20237041],
       [-0.85595827,  1.69154787],
       [ 0.915296  , -0.5545692 ],
       [-0.79606584,  1.95093184]])], [array([ 2.15636101, -0.33703741, -1.93305512,  0.73099986, -2.37499148,
       -0.51938523]), array([ 1.3293081 , -2.36035967])]]]
[150, 12, -1, -1, 0, [[array([[-2.40334497,  0.10519428,  2.18082238, -1.7963673 ,  1.18282367,
         0.00827715],
       [ 0.0754453 ,  1.46359697, -2.02080536, -0.51630765,  1.11999971,
        -1.85859879],
       [-1.3889    , -1.98441172,  0.68640729,  0.0827728 ,  2.12537536,
        -0.07190296],
       [ 1.00611078,  0.70436832,  1.73495541, -2.11450256, -0.91811791,
        -0.12890415],
       [-1.50200929,  1.76333834,  1.46775033, -1.19782951, -2.06127327,
        -2.25695976],
       [-0.73148987, -2.37138321,  0.58038351, -0.08673658,  0.98370087,
         0.73801678]]), array([[-1.23438738,  0.52952983],
       [ 1.97137611, -2.18871875],
       [ 1.14508831,  1.60120335],
       [ 1.2191167 ,  2.24085438],
       [ 0.96840442, -0.57125879],
       [ 1.63084864, -0.67882147]])], [array([-1.25941629,  0.06462401,  0.78603452, -1.44211878,  2.20424889,
        0.96808877]), array([-0.03704714, -2.367823  ])]]]
[150, 6, -1, -1, 1, [[array([[ 0.12391978, -2.06689682,  1.59820059, -1.9426779 , -1.92528228,
         2.03021065],
       [-0.2016148 ,  1.97918534, -0.49543076, -1.19518343, -1.1882919 ,
        -0.36010289],
       [ 1.71701358, -2.36206293, -1.09152986, -1.86546335,  2.13665873,
         0.98583161],
       [ 0.0174769 ,  0.82510388,  0.12295074,  0.94883034, -1.56085537,
        -1.20051473],
       [ 2.18304153, -0.97212052, -1.78725322,  0.6921373 ,  1.24320579,
         0.45484223],
       [-0.25699843,  1.084229  , -1.54610111,  0.71923331,  0.47773482,
         2.28979592]]), array([[-1.90455842, -0.06617357],
       [-0.21059373,  1.00456664],
       [ 2.31068588,  1.4786186 ],
       [ 0.12821024,  0.48501279],
       [ 1.5566593 ,  2.12678685],
       [ 1.55100688,  0.0025748 ]])], [array([0.02387193, 0.24702726, 2.27066043, 0.58099008, 0.41226962,
       0.78342064]), array([-1.65337083, -0.60958173])]]]
[150, 21, -1, -1, 0, [[array([[-0.58728585,  1.49332217,  0.10427175, -0.77824247,  1.05419156,
         0.47179842],
       [-2.06930937, -0.66701878,  1.48706253, -0.33302925,  0.36919408,
        -1.1247036 ],
       [-0.43803612, -1.36359161,  0.59918741, -0.26559562,  2.35804645,
         2.44770842],
       [ 0.75653675,  0.83032439,  0.44396344,  1.8278177 , -2.16204055,
        -2.10748682],
       [ 1.69709525, -0.80023638, -1.38375737,  2.31968641,  0.16186798,
         1.21402282],
       [-1.14704991,  1.0859616 ,  0.78654606,  0.40647478, -2.39352568,
         0.72602846]]), array([[ 1.9288873 , -0.62670577],
       [ 0.47841106,  1.93639425],
       [ 1.73363738, -1.96032027],
       [-1.75063848, -2.36142242],
       [-0.99040705, -0.38355458],
       [ 1.27339242,  0.53845303]])], [array([ 0.89182759, -0.11761612, -2.10743677,  0.34085939, -1.97720133,
        2.38768421]), array([ 2.42732244, -1.06675181])]]]
[150, 20, -1, -1, 1, [[array([[ 0.98941444, -1.94126083,  1.09855277, -1.29276239,  1.25485433,
        -2.10667841],
       [-0.22259173, -2.04845617, -2.3221621 ,  2.08138503,  1.27297061,
        -0.92689828],
       [ 1.04970473,  1.86282731, -0.59303689, -1.4356755 ,  0.80139981,
        -0.81926127],
       [ 1.3153175 , -0.74215424,  0.53240962, -0.12204541,  0.70610495,
         2.03714183],
       [ 0.62885459, -0.58646715,  1.76744695,  1.87934214, -0.46497663,
         1.36704369],
       [ 1.06707681,  0.10571925, -2.32415466,  0.28127509,  1.14870035,
         1.02634578]]), array([[ 2.43261821,  0.7180981 ],
       [ 2.30381025,  2.18170116],
       [-2.09581969,  0.8778307 ],
       [ 1.62186844, -0.6857007 ],
       [-1.33854259,  1.59441303],
       [-2.13716487, -1.8585147 ]])], [array([ 0.92378193,  1.56171028,  0.95063847, -2.39011831, -0.00933044,
       -0.83942321]), array([ 1.04384965, -0.35383023])]]]
[150, 22, -1, -1, 0, [[array([[-2.2196706 ,  2.22832683,  0.8966141 , -0.15130707, -1.66299521,
        -2.2439434 ],
       [-2.4482155 , -1.49723778, -1.89789225,  2.08215893, -1.06170425,
         0.06253488],
       [ 0.40399332,  0.73779526, -0.30198602,  0.55647158, -2.09883044,
         1.90585618],
       [ 2.31693842, -0.7909205 ,  0.68422678, -2.06958866,  0.75925993,
        -1.03783322],
       [ 0.65200865, -1.53300184,  1.23708588,  2.31579944, -0.27441192,
        -2.41517127],
       [-0.49972168, -0.01863126, -1.7094993 , -0.59069977, -0.5918474 ,
         1.26160123]]), array([[ 1.88305474, -0.12215407],
       [ 0.33003471,  1.87360475],
       [ 0.69011797, -2.02588412],
       [-1.57159303, -2.00207926],
       [-2.16013446,  0.34698329],
       [ 0.50595878, -1.61817872]])], [array([-1.72959363, -0.95496863, -0.20417968, -0.38534949,  0.03862526,
       -1.63447245]), array([ 1.47592694, -1.79025547])]]]
[150, 7, -1, -1, 1, [[array([[-0.87960314, -1.69142665,  2.20969713, -1.21399693, -1.54157216,
         0.38613898],
       [-2.4008915 ,  2.07959187, -1.00963142, -1.83669687, -1.81022732,
         0.7159352 ],
       [-2.15068477,  1.09428142, -1.57384392,  0.43917741, -1.94209331,
        -0.16547468],
       [ 1.36195471,  1.96719484, -1.51015841, -1.33675325, -0.917831  ,
        -1.10613329],
       [-1.2701459 , -2.07461874, -2.44403375,  2.41941142, -0.74037156,
         2.11366969],
       [ 0.06368796,  1.27434071, -0.06489159, -1.84851538, -1.03234806,
        -1.02459251]]), array([[ 1.19480703,  0.2722906 ],
       [ 0.68140271,  1.08944045],
       [ 2.42714995,  1.28648299],
       [ 0.41908747,  2.04193469],
       [-0.52559584,  1.59506568],
       [-1.75498717, -0.10720837]])], [array([-2.27489286,  1.52308891,  1.88400756,  1.488276  ,  0.63554286,
        0.708559  ]), array([ 1.54507653, -0.72424052])]]]
[150, 24, -1, -1, 0, [[array([[-2.11224162,  1.81942931, -0.81038796, -0.94767569,  1.27037768,
        -1.79775078],
       [-0.40237079, -0.41135553,  0.9345324 ,  2.38478705, -0.0761424 ,
         2.34868773],
       [ 0.0333506 , -2.05142504,  0.58275252, -0.24850058, -2.25892791,
        -2.29409573],
       [ 1.12694028,  1.68718729, -2.01610195,  1.35904457,  1.94859679,
        -1.89542805],
       [ 2.1089155 , -0.45110018,  1.49804377, -0.15486802,  2.2359531 ,
        -2.03694993],
       [-2.39329761, -1.21190258, -0.1634649 , -2.19383103, -1.1095577 ,
        -0.88207727]]), array([[-1.22235434,  0.23113464],
       [-1.41205796, -2.27843532],
       [ 0.6597248 ,  1.37006449],
       [ 0.2372948 ,  0.71003609],
       [ 0.58606399,  0.32867646],
       [-0.18506099, -2.2277151 ]])], [array([-0.20464636,  2.27596043, -0.33544392, -1.97991989,  2.05265218,
       -0.37223716]), array([-0.04086154,  0.59537415])]]]
[150, 19, -1, -1, 1, [[array([[-1.19535046, -2.30968105,  0.11850347, -1.72021878, -1.1101661 ,
        -2.39948964],
       [ 1.92608854, -0.27023787,  2.42010906, -2.23339807, -1.57300939,
         2.41393224],
       [-2.22803093, -2.39146234,  0.42616125, -0.59392005, -0.41765182,
         1.197209  ],
       [ 1.95742685, -0.79694302,  1.95677548, -0.91860374, -1.56233549,
        -2.01768677],
       [ 1.22232041, -0.82658855,  1.34944391,  1.75481606, -0.90334892,
        -2.08057809],
       [ 2.03122773,  0.42843921, -1.60537325,  1.87207109,  0.2558189 ,
         2.27021345]]), array([[-0.15100519,  1.13583044],
       [-1.93284032,  0.06553188],
       [-0.02613864,  1.84922738],
       [ 0.71718356, -0.27484373],
       [ 1.57977406,  1.84621087],
       [ 1.18162249, -1.00220219]])], [array([ 1.73405391,  2.27281617, -0.26457421,  0.08335367, -1.05155903,
       -2.34360826]), array([-1.54351244,  0.54432403])]]]
[150, 3, -1, -1, 0, [[array([[-0.70452076,  1.1769021 ,  0.51568987,  0.35752645,  1.34416765,
         1.84780162],
       [ 1.24294045,  2.20773461, -2.0298558 ,  2.32709362, -0.49662004,
        -0.98443988],
       [ 1.3580952 ,  1.59194495,  1.61960283,  0.33405147, -0.8405003 ,
        -0.39972222],
       [-1.13961508, -1.93881606,  1.39284242, -2.09498113,  0.92854399,
        -1.78650393],
       [-1.1522052 ,  1.39334328, -1.41930164,  1.10778705, -1.61422947,
        -1.38609008],
       [-1.22808974, -2.01355603,  2.02034426, -0.14653038, -1.69409184,
        -0.907102  ]]), array([[ 1.9486213 ,  2.21901025],
       [ 1.43832954,  2.03532933],
       [-2.09151189, -0.49013632],
       [-0.02302262,  2.31815413],
       [ 1.59851204,  0.05934336],
       [-0.63967601,  1.68399803]])], [array([-0.97239856,  0.52263103,  0.25432044,  1.03087581,  2.40745573,
        1.77315027]), array([1.21375537, 0.96106027])]]]
[150, 9, -1, -1, 1, [[array([[-0.97565571,  1.05974066, -1.44671299,  2.40579091, -0.14009366,
         0.91425246],
       [ 1.13783484, -1.018667  , -1.49821973, -2.02117068, -0.9018925 ,
        -1.3219178 ],
       [ 0.9135741 ,  0.81816752, -1.91589545,  0.32338323,  1.72613214,
         2.26250318],
       [-0.33570122, -1.16934854, -2.37913049, -0.93920107,  1.17029198,
         1.43658003],
       [-2.28403888,  1.12667645,  0.11953494,  1.89156171, -1.55751647,
         2.16604779],
       [ 0.83638636, -2.32717939,  1.29444987, -1.35208383, -0.7966379 ,
        -0.5562255 ]]), array([[ 1.29725718, -0.94193074],
       [ 0.81421253, -2.42967424],
       [ 1.98893181, -0.69904858],
       [ 1.51232016, -0.07619297],
       [-1.78010789, -2.22728676],
       [ 0.20612533, -1.57128977]])], [array([ 1.42542098, -0.22520147,  2.08742698,  2.34799598, -0.6306349 ,
        1.7675207 ]), array([-0.90797038,  0.04766572])]]]
[112401, 13, 'birth', 22, 20, 0, [[array([[-2.2196706 ,  2.22832683,  0.8966141 , -0.15130707,  2.41042857,
        -2.2439434 ],
       [-2.4482155 , -1.49723778, -1.89789225,  2.08215893, -1.06170425,
         2.44948974],
       [ 1.04970473,  1.33222204, -0.59303689, -1.4356755 ,  2.03568366,
        -0.81926127],
       [ 1.4955757 , -0.74215424,  1.59164128, -0.12204541,  0.70610495,
         2.03714183],
       [ 0.62885459,  0.38618897,  1.76744695,  1.87934214, -2.02044948,
         1.36704369],
       [ 1.06707681,  0.10571925, -2.32415466, -0.35999725,  1.14870035,
         1.02634578]]), array([[ 1.41421356,  0.7180981 ],
       [ 1.41421356,  1.41421356],
       [-1.41421356,  0.8778307 ],
       [ 1.41421356, -0.6857007 ],
       [-1.33854259,  1.41421356],
       [-1.41421356, -1.41421356]])], [array([ 0.92378193,  1.56171028,  0.95063847, -2.44948974, -0.00933044,
       -0.80066665]), array([1.04384965, 0.18729097])]]]
[160951, 18, 'birth', 10, 23, 0, [[array([[ 2.44948974, -0.88874405, -0.46739667, -0.84072491,  1.96896712,
        -1.50324391],
       [ 1.67664423, -0.92222207, -1.14930173,  0.21778339,  1.8488272 ,
         1.12667978],
       [ 2.05355675, -0.06456488,  0.7885567 ,  2.44948974, -0.3435393 ,
         0.10604776],
       [ 0.0950309 ,  2.44948974,  2.44948974,  1.01355091, -1.05340408,
         0.58123942],
       [-0.13646091,  0.28235504, -2.26614756, -2.05296095, -2.2331853 ,
        -1.03656059],
       [-1.68014745,  1.50289197, -1.19891235, -1.55195572, -1.74950808,
         0.84446597]]), array([[-0.50563497, -1.15849056],
       [-0.51813137,  0.99857991],
       [ 1.41421356,  1.41421356],
       [-0.40511931, -0.3771321 ],
       [-1.3871478 ,  1.41421356],
       [ 0.3017694 , -1.41421356]])], [array([ 1.94285744,  2.05733802, -1.93305512,  0.73099986, -2.37499148,
       -0.51938523]), array([ 1.3293081 , -1.41421356])]]]
[242652, 1, 'birth', 22, 11, 0, [[array([[-2.2196706 ,  2.22832683,  0.8966141 , -0.15130707, -2.44948974,
        -2.44948974],
       [-2.4482155 , -2.44948974, -2.44948974,  2.08215893, -1.06170425,
         0.06253488],
       [ 0.40399332,  0.73779526,  2.17855566,  1.23361472, -2.09883044,
         1.90585618],
       [-0.65033793, -0.7909205 ,  0.68422678, -2.06958866,  1.50833874,
        -1.03783322],
       [ 0.65200865, -1.53300184,  1.23708588,  2.31579944, -0.27441192,
        -2.41517127],
       [-0.49972168, -0.01863126, -1.7094993 ,  0.06887016, -0.5918474 ,
         1.26160123]]), array([[ 1.41421356,  0.04566077],
       [-0.74485925, -0.17250706],
       [ 0.08614025, -0.75246348],
       [ 0.46809867, -0.11020213],
       [ 1.41421356,  0.00275107],
       [-1.41421356, -0.27435206]])], [array([-1.17094126,  0.36967599,  1.62995779,  1.52732453, -2.36448918,
        1.19346003]), array([0.1282208 , 1.03323681])]]]
[264102, 15, 'birth', 4, 8, 0, [[array([[ 1.0653513 ,  0.05763924,  2.0219662 , -1.32924995, -0.12318816,
        -1.18087704],
       [ 0.47986961, -2.44948974, -1.11016007,  0.14762614, -0.55682295,
        -0.54312058],
       [-1.220264  , -2.24955481,  0.5649989 ,  1.47598873, -2.23253404,
         2.37061331],
       [ 0.98556439,  0.07538965,  0.51775536,  1.30852195,  2.12996866,
         1.06750544],
       [ 1.58816506,  1.3031562 , -1.11713043, -2.23568514, -1.51256845,
         2.11516963],
       [ 0.18717612, -1.46674404, -0.8773574 , -0.00377455,  1.19801758,
        -0.48581718]]), array([[-0.83003452, -1.41421356],
       [-0.75560527,  1.33121585],
       [-0.42151067,  0.91592758],
       [-1.41421356,  0.71957943],
       [ 1.26267716, -1.29459205],
       [ 0.33614663,  1.41421356]])], [array([ 2.29121087, -0.37196192,  2.44948974,  2.44391692, -1.11195977,
       -0.74206473]), array([-1.06013702,  0.3104356 ])]]]
[286352, 14, 'birth', 10, 17, 1, [[array([[-2.44948974, -0.88874405,  1.75656558, -2.44948974,  1.96896712,
        -1.52607848],
       [ 1.66962049, -1.33202393,  1.33989432, -1.54269163, -0.38109838,
         1.3258915 ],
       [-0.57097598,  2.06517225,  0.04389913,  2.44948974, -1.71375833,
        -0.36240205],
       [ 0.30214471, -1.04779193, -0.44217335, -1.54324013,  0.97027457,
         0.16882205],
       [-2.2773291 , -1.57716285, -1.98264998, -2.38819781, -1.16487239,
        -1.01533997],
       [ 1.32510354, -1.07883738, -2.21691137,  1.44543493,  0.70474799,
        -1.17736774]]), array([[-1.41301336, -0.80698035],
       [ 0.01297513, -1.41421356],
       [ 0.70169877, -1.41421356],
       [-1.41421356,  0.74955076],
       [-0.28279106, -0.44756097],
       [-1.41421356, -1.41421356]])], [array([ 0.63597257,  2.0992601 ,  0.05908795, -1.04087115, -1.1074101 ,
        0.49106975]), array([-0.8681711,  0.3716834])]]]
[811658, 16, 'death']
[811808, 11, 'death']
[811958, 4, 'death']
[812108, 0, 'death']
[812258, 2, 'death']
[812408, 17, 'death']
[812558, 10, 'death']
[812708, 8, 'death']
[812858, 5, 'death']
[813008, 23, 'death']
[813158, 12, 'death']
[813308, 6, 'death']
[813458, 21, 'death']
[813608, 20, 'death']
[813758, 22, 'death']
[813908, 7, 'death']
[814058, 24, 'death']
[814208, 19, 'death']
[814358, 3, 'death']
[814508, 9, 'death']
[814858, 12, 'birth', 15, 8, 1, [[array([[ 1.0653513 ,  0.05763924,  2.0219662 , -1.32924995, -0.12318816,
        -1.18087704],
       [ 0.47986961, -2.44948974, -1.11016007,  0.14762614, -0.55682295,
        -0.54312058],
       [-1.220264  , -2.24955481,  1.22102254,  1.47598873, -2.23253404,
         2.37061331],
       [ 0.98556439,  0.93294375, -1.06985644,  1.30852195,  2.12996866,
         1.06750544],
       [ 2.44948974,  1.3031562 , -1.11713043, -2.23568514, -1.51256845,
         2.11516963],
       [ 0.18717612, -1.46674404, -0.8773574 , -1.5189806 ,  1.19801758,
        -0.48581718]]), array([[-0.83003452, -1.41421356],
       [-0.31119705,  1.33121585],
       [-0.42151067,  0.91592758],
       [-1.41421356,  0.71957943],
       [ 1.26267716, -1.29459205],
       [ 0.33614663,  1.41421356]])], [array([ 2.29121087, -0.37196192, -1.39672548, -0.00342889, -1.74083643,
       -0.74206473]), array([-1.06013702,  0.3104356 ])]]]
[814858, 7, 'birth', 24, 19, 0, [[array([[-2.11224162,  1.81942931, -0.81038796, -0.94767569, -0.87526519,
         1.28668429],
       [-0.40237079, -0.41135553, -2.44948974,  2.38478705, -2.44948974,
         2.34868773],
       [ 0.0333506 , -0.49521988,  0.58275252, -0.24850058, -2.25892791,
        -2.29409573],
       [ 1.12694028,  1.68718729, -2.01610195,  1.35904457,  2.44948974,
        -1.89542805],
       [ 2.44948974,  2.44948974,  1.49804377, -0.15486802,  2.2359531 ,
        -2.03694993],
       [-2.39329761, -1.21190258, -0.1634649 , -2.19383103, -1.1095577 ,
        -0.88207727]]), array([[-1.22235434,  0.23113464],
       [-1.41205796, -1.41421356],
       [ 0.03859324,  1.37006449],
       [ 0.2372948 ,  0.71003609],
       [ 0.58606399,  0.32867646],
       [-0.18506099, -1.41421356]])], [array([ 1.73405391,  2.27281617, -0.26457421,  0.08335367, -1.05155903,
       -1.1429733 ]), array([-1.41421356,  0.88847203])]]]
[814858, 9, 'birth', 13, 9, 1, [[array([[-2.2196706 ,  2.22832683,  0.8966141 , -0.15130707,  2.41042857,
        -2.2439434 ],
       [-2.44948974, -1.49723778, -1.89789225,  2.08215893, -1.06170425,
         2.44948974],
       [ 1.04970473,  1.33222204, -2.44948974, -1.4356755 ,  2.03568366,
         2.27516668],
       [ 1.4955757 , -0.74215424,  1.59164128, -0.12204541,  0.70610495,
         2.03714183],
       [ 0.62885459,  0.38618897,  1.76744695,  2.44948974, -2.02044948,
         1.36704369],
       [ 1.06707681,  0.10571925,  1.29444987, -0.7769308 , -2.44948974,
        -0.5562255 ]]), array([[ 1.29725718, -0.94193074],
       [ 0.81421253, -1.41421356],
       [ 1.41421356, -0.69904858],
       [ 1.41421356, -0.07619297],
       [-1.41421356, -1.41421356],
       [ 0.20612533, -1.41421356]])], [array([ 1.42542098, -0.22520147,  2.08742698,  2.34799598, -0.6306349 ,
        1.7675207 ]), array([-1.16042144, -1.41421356])]]]
[814858, 24, 'birth', 24, 17, 1, [[array([[-2.11224162,  1.81942931, -2.44948974, -0.94767569,  1.27037768,
        -1.79775078],
       [-0.61418958, -2.44948974,  0.9345324 ,  2.38478705, -0.0761424 ,
         2.34868773],
       [ 0.0333506 , -2.05142504,  0.58275252, -0.24850058, -2.25892791,
        -2.29409573],
       [ 2.44948974,  1.68718729,  2.44948974,  1.35904457,  1.94859679,
        -1.89542805],
       [ 2.1089155 , -0.45110018,  2.44948974,  1.87092376,  2.44948974,
        -2.03694993],
       [-2.39329761, -1.21190258, -0.1634649 , -2.19383103, -1.1095577 ,
        -0.88207727]]), array([[-1.22235434,  0.23113464],
       [-1.41205796, -1.41421356],
       [ 0.6597248 ,  1.37006449],
       [ 0.85412356,  0.71003609],
       [ 0.58606399,  0.32867646],
       [-0.18506099, -1.41421356]])], [array([-0.20464636,  2.27596043, -0.2789246 ,  1.04444791, -1.1074101 ,
        0.49106975]), array([-0.8681711,  0.3716834])]]]
[814858, 2, 'birth', 24, 14, 1, [[array([[-2.11224162,  1.81942931, -0.81038796, -0.94767569,  1.27037768,
        -1.79775078],
       [-0.40237079,  1.64868334,  0.9345324 ,  2.38478705, -0.0761424 ,
         2.34868773],
       [ 0.0333506 , -2.05142504,  0.58275252, -0.87914824, -2.44948974,
        -2.29409573],
       [ 1.12694028,  1.68718729, -2.01610195, -0.81835651,  1.94859679,
        -1.89542805],
       [ 2.1089155 , -0.45110018, -0.52659079,  2.44948974,  2.2359531 ,
        -2.03694993],
       [-2.44948974,  0.47550135, -0.1634649 , -2.19383103,  0.70474799,
        -2.02798464]]), array([[-1.41301336, -0.80698035],
       [ 0.01297513, -1.41421356],
       [ 0.70169877, -1.41421356],
       [-1.41421356,  0.74955076],
       [-0.28279106, -0.44756097],
       [ 1.37497123, -1.41421356]])], [array([ 0.63597257,  2.0992601 ,  0.05908795, -1.04087115, -1.1074101 ,
        0.49106975]), array([-0.8681711,  0.3716834])]]]
[814858, 8, 'birth', 15, 7, 0, [[array([[ 1.0653513 ,  0.05763924,  2.0219662 , -1.32924995, -0.12318816,
        -1.6774178 ],
       [ 0.47986961, -2.44948974, -1.11016007,  0.14762614, -1.49657483,
         2.25126257],
       [ 0.43969138, -2.24955481, -1.57384392,  0.43917741, -2.053694  ,
        -0.16547468],
       [ 0.53187897,  1.96719484, -1.51015841, -1.33675325, -2.44948974,
        -1.10613329],
       [-1.2701459 , -2.07461874, -2.44403375,  2.41941142,  0.5173385 ,
         2.11366969],
       [ 0.06368796,  1.48706056, -0.06489159, -1.84851538, -1.03234806,
        -1.02459251]]), array([[ 1.19480703,  0.2722906 ],
       [-1.41421356,  1.08944045],
       [ 1.41421356,  1.28648299],
       [ 0.41908747,  1.41421356],
       [-0.52559584,  1.41421356],
       [-1.41421356, -0.10720837]])], [array([-2.27489286,  1.52308891,  1.88400756, -2.44948974,  2.44948974,
        0.708559  ]), array([ 1.41421356, -0.72424052])]]]
[814858, 11, 'birth', 15, 14, 1, [[array([[ 1.0653513 ,  0.05763924,  2.0219662 , -1.32924995,  0.21066707,
        -1.52607848],
       [ 1.66962049, -1.33202393,  1.33989432, -1.54269163,  2.44948974,
        -2.13390895],
       [-0.57097598,  2.06517225,  0.04389913,  1.7836511 , -1.71375833,
        -0.36240205],
       [ 0.30214471, -2.44948974, -0.44217335, -1.54324013,  0.97027457,
        -2.44948974],
       [-2.2773291 , -1.57716285, -1.98264998, -2.38819781, -1.16487239,
        -1.01533997],
       [ 1.32510354, -1.07883738, -2.21691137,  1.44543493,  0.70474799,
         2.03570317]]), array([[-1.41301336, -0.80698035],
       [ 0.01297513, -1.41421356],
       [ 0.70169877, -1.41421356],
       [-0.82228424,  0.74955076],
       [-0.28279106, -0.44756097],
       [-1.41421356, -1.41421356]])], [array([ 2.44948974,  2.0992601 ,  0.05908795, -1.04087115, -1.1074101 ,
        0.49106975]), array([-0.8681711 ,  0.96067859])]]]
[831308, 19, 'birth', 18, 14, 0, [[array([[ 2.44948974, -0.88874405, -0.46739667, -2.44948974,  1.96896712,
        -0.79735366],
       [ 1.67664423, -0.92222207, -1.14930173,  0.21778339,  1.8488272 ,
        -2.05615805],
       [ 2.05355675, -0.06456488,  0.7885567 ,  2.44948974, -0.3435393 ,
         0.10604776],
       [ 0.0950309 ,  2.44948974,  2.44948974, -1.24591011, -1.05340408,
         0.58123942],
       [-0.13646091,  0.28235504, -2.26614756, -2.05296095, -2.2331853 ,
        -1.03656059],
       [-1.68014745,  1.50289197, -1.19891235, -1.77016514, -1.74950808,
         1.34732349]]), array([[-0.50563497, -1.15849056],
       [-0.51813137,  0.99857991],
       [ 1.41421356,  1.41421356],
       [ 0.74253525, -1.41421356],
       [-1.3871478 ,  1.41421356],
       [-0.68648286, -1.41421356]])], [array([-2.44948974,  2.05733802, -1.93305512,  0.73099986, -1.1074101 ,
        0.49106975]), array([-0.8681711,  0.3716834])]]]
[884308, 13, 'death']
[912559, 18, 'death']
[923409, 17, 'birth', 19, 14, 1, [[array([[ 2.44948974, -0.88874405, -0.46739667, -2.44948974,  2.44948974,
        -0.79735366],
       [ 1.66962049, -1.33202393,  1.33989432, -1.54269163, -0.38109838,
         1.3258915 ],
       [-2.44948974,  1.37446554, -0.36943873,  2.44948974, -1.71375833,
        -0.36240205],
       [ 0.30214471, -1.04779193, -0.44217335,  0.58935879,  0.97027457,
         0.16882205],
       [-2.2773291 , -0.65286733, -1.98264998, -2.38819781, -1.16487239,
        -1.85256803],
       [ 1.32510354,  0.68878912, -2.21691137,  1.44543493,  0.70474799,
        -1.17736774]]), array([[-1.41301336, -0.20136015],
       [ 0.01297513, -1.41421356],
       [ 0.70169877, -1.41421356],
       [-1.41421356,  0.74955076],
       [-0.28279106, -0.44756097],
       [-1.41421356, -1.41421356]])], [array([-0.82755993,  2.0992601 ,  2.44948974, -1.04087115,  2.05887263,
        0.49106975]), array([-0.8681711,  0.3716834])]]]
[928859, 16, 'birth', 1, 12, 0, [[array([[-2.2196706 ,  2.22832683,  0.8966141 , -0.15130707, -2.44948974,
        -2.44948974],
       [-2.4482155 , -2.44948974, -1.676129  ,  2.08215893, -1.06170425,
         0.3709544 ],
       [ 0.40399332,  0.66676442,  2.17855566,  1.42697739, -2.23253404,
         2.37061331],
       [ 0.98556439,  0.93294375, -1.06985644,  1.30852195,  2.12996866,
         1.06750544],
       [ 2.44948974,  1.3031562 , -1.11713043, -2.23568514, -1.51256845,
         2.11516963],
       [ 1.08242666,  2.44948974, -0.8773574 , -1.5189806 ,  1.19801758,
        -0.48581718]]), array([[-0.83003452, -1.41421356],
       [-0.31119705,  1.33121585],
       [ 1.41421356,  1.41421356],
       [-1.41421356,  0.71957943],
       [ 1.26267716, -1.29459205],
       [ 0.33614663,  1.41421356]])], [array([ 2.29121087, -0.37196192, -1.39672548,  2.44948974, -1.74083643,
       -0.74206473]), array([-1.06013702,  0.3104356 ])]]]
[935159, 22, 'birth', 7, 24, 1, [[array([[-2.11224162, -1.34577592, -0.81038796, -0.94767569, -0.87526519,
         1.1527295 ],
       [ 2.44948974,  0.23980037, -2.44948974,  2.38478705, -2.44948974,
        -2.26225895],
       [ 0.0333506 , -0.49521988,  0.58275252, -0.24850058, -2.25892791,
        -2.29409573],
       [ 1.12694028,  1.68718729, -2.01610195,  1.35904457,  2.44948974,
        -1.89542805],
       [ 2.1089155 , -0.45110018,  2.44948974,  1.87092376,  2.44948974,
        -2.03694993],
       [-1.37740382, -1.21190258, -0.1634649 , -2.19383103, -1.99570952,
        -0.88207727]]), array([[-1.22235434,  0.23113464],
       [-0.36222931, -1.41421356],
       [-1.41421356,  1.37006449],
       [ 0.85412356,  1.41421356],
       [ 0.58606399,  0.32867646],
       [-0.18506099,  0.76596853]])], [array([-0.20464636,  2.27596043, -2.44948974,  1.04444791, -0.56598029,
        0.49106975]), array([-0.8681711,  0.3716834])]]]
[959909, 1, 'death']
[971559, 15, 'death']
[982559, 14, 'death']
[1070460, 1, 'birth', 16, 2, 0, [[array([[-2.2196706 ,  2.22832683,  0.8966141 , -0.15130707, -2.44948974,
        -2.44948974],
       [-0.40237079,  1.64868334,  0.9345324 ,  2.38478705, -0.0761424 ,
         2.34868773],
       [ 0.0333506 , -2.05142504,  0.58275252,  1.03998733, -2.44948974,
        -2.29409573],
       [ 2.44948974,  1.68718729, -2.01610195, -0.81835651,  2.44948974,
        -1.89542805],
       [ 2.1089155 , -0.45110018, -0.52659079,  2.44948974,  2.44948974,
        -2.03694993],
       [-2.44948974,  0.47550135, -0.1634649 , -2.19383103,  0.70474799,
        -2.44948974]]), array([[-0.5820907 , -0.80698035],
       [ 0.50701291, -1.41421356],
       [ 0.70169877, -1.41421356],
       [-1.41421356,  1.41421356],
       [-0.28279106, -0.44756097],
       [ 1.41421356, -1.41421356]])], [array([ 0.63597257,  0.75007452,  0.05908795, -1.04087115,  1.33016703,
        0.49106975]), array([-0.8681711,  0.3716834])]]]
[1076060, 23, 'birth', 19, 17, 1, [[array([[ 2.44948974, -0.79343829, -0.46739667, -2.44948974,  1.96896712,
         0.48138106],
       [ 1.67664423, -0.92222207,  0.05414104,  0.21778339,  1.8488272 ,
        -2.05615805],
       [ 2.05355675, -0.06456488,  0.7885567 ,  2.44948974, -0.3435393 ,
         0.48871312],
       [ 0.0950309 , -2.44948974, -0.17268462,  0.58935879,  0.97027457,
         0.16882205],
       [-2.2773291 , -0.32741679, -1.98264998, -0.62815311, -1.16487239,
        -1.85256803],
       [-0.84777266,  0.68878912, -2.21691137,  1.44543493,  2.44948974,
        -1.17736774]]), array([[-1.41301336, -1.41421356],
       [ 0.01297513, -1.41421356],
       [ 0.70169877, -1.41421356],
       [-1.41421356,  0.74955076],
       [ 0.59230093, -0.44756097],
       [-1.41421356, -1.41421356]])], [array([-0.82755993,  2.0992601 ,  2.44948974, -1.04087115,  2.05887263,
        0.49106975]), array([-0.8681711,  0.3716834])]]]
[1076060, 4, 'birth', 1, 12, 1, [[array([[-2.2196706 ,  2.22832683,  0.8966141 , -0.15130707, -2.44948974,
        -2.44948974],
       [-0.40237079,  1.64868334,  0.9345324 ,  2.38478705, -0.0761424 ,
         0.38380975],
       [ 0.0333506 , -2.05142504,  0.58275252,  1.03998733,  2.44948974,
        -2.44948974],
       [ 2.44948974,  0.93294375,  1.85214754,  1.30852195,  2.12996866,
         1.06750544],
       [ 2.44948974,  1.3031562 , -1.11713043, -2.23568514, -1.51256845,
         2.11516963],
       [ 0.18717612, -1.46674404, -0.8773574 , -1.5189806 ,  1.19801758,
        -0.48581718]]), array([[-0.83003452, -1.41421356],
       [-0.31119705, -0.89967939],
       [-0.42151067,  1.41421356],
       [-1.41421356,  1.41421356],
       [ 1.26267716, -1.29459205],
       [ 0.33614663,  1.41421356]])], [array([ 2.29121087, -0.37196192, -1.39672548, -0.00342889, -1.74083643,
       -0.74206473]), array([-1.06013702,  0.3104356 ])]]]
[1127361, 13, 'birth', 7, 4, 0, [[array([[-2.11224162,  1.81942931, -0.81038796, -2.44948974, -0.87526519,
         1.28668429],
       [-0.40237079, -2.44948974, -2.44948974,  1.08429464, -2.44948974,
         2.34868773],
       [ 0.0333506 , -0.49521988,  2.06691149, -0.24850058, -2.44948974,
        -2.29409573],
       [ 1.12694028,  1.68718729, -2.44948974,  1.35904457,  2.44948974,
        -1.89542805],
       [ 2.44948974,  2.44948974,  1.49804377, -0.15486802,  2.2359531 ,
        -2.03694993],
       [-2.39329761, -1.21190258, -0.1634649 , -2.19383103, -1.1095577 ,
        -0.88207727]]), array([[-1.22235434,  0.23113464],
       [-1.41205796, -0.03311859],
       [ 0.03859324,  1.37006449],
       [ 0.2372948 ,  0.71003609],
       [ 1.26267716, -1.29459205],
       [-0.0074323 ,  1.41421356]])], [array([ 2.29121087, -0.37196192, -1.39672548, -0.15564648, -2.35565793,
        2.04037939]), array([-1.06013702,  0.3104356 ])]]]
[1134361, 18, 'birth', 16, 22, 0, [[array([[-2.21967060e+00,  2.22832683e+00, -2.44948974e+00,
        -1.51307072e-01, -2.44948974e+00,  2.44948974e+00],
       [-2.44821550e+00, -2.44948974e+00, -1.67612900e+00,
         2.08215893e+00,  1.23387123e+00,  3.70954400e-01],
       [ 4.03993323e-01,  6.66764425e-01,  2.44948974e+00,
         1.42697739e+00, -2.23253404e+00,  2.37061331e+00],
       [ 2.44948974e+00,  9.32943750e-01,  2.44948974e+00,
         1.30852195e+00,  2.12996866e+00,  1.06750544e+00],
       [ 2.44948974e+00, -4.51100184e-01,  2.44948974e+00,
         1.87092376e+00,  2.44948974e+00, -2.33677310e-03],
       [-1.37740382e+00, -2.44948974e+00, -1.63464902e-01,
        -2.44948974e+00, -1.99570952e+00, -8.82077265e-01]]), array([[-1.22235434,  0.23113464],
       [-0.06688499, -1.41421356],
       [-1.41421356,  1.41421356],
       [ 0.85412356,  1.41421356],
       [ 0.58606399,  0.32867646],
       [-0.18506099,  0.76596853]])], [array([-0.20464636,  2.27596043, -2.44948974,  1.04444791, -0.56598029,
        0.49106975]), array([-0.8681711,  0.3716834])]]]
[1229762, 6, 'birth', 8, 23, 0, [[array([[-1.6579436 ,  0.05763924,  2.44948974, -1.32924995, -0.12318816,
         2.44948974],
       [ 0.47986961,  1.94455641, -1.11016007, -2.44948974, -1.49657483,
         2.25126257],
       [ 0.43969138, -2.24955481, -1.57384392,  0.43917741, -2.053694  ,
        -0.16547468],
       [ 0.53187897, -0.82251454,  2.44948974, -1.33675325, -2.44948974,
        -1.10613329],
       [-1.2701459 , -2.07461874, -0.28403614,  2.41941142,  0.5173385 ,
         2.11366969],
       [-0.41774101,  1.48706056, -0.06489159, -1.84851538, -2.44948974,
        -1.02459251]]), array([[ 1.19480703,  0.2722906 ],
       [-1.41421356, -1.41421356],
       [ 0.70169877, -1.41421356],
       [-1.41421356,  0.74955076],
       [ 0.59230093, -0.44756097],
       [-1.41421356, -1.41421356]])], [array([ 2.44948974,  2.0992601 ,  2.44948974, -1.04087115,  2.05887263,
        0.49106975]), array([-0.8681711,  0.3716834])]]]
[1275712, 12, 'death']
[1275862, 7, 'death']
[1276012, 9, 'death']
[1276162, 24, 'death']
[1276312, 2, 'death']
[1276462, 8, 'death']
[1276612, 11, 'death']
[1290813, 19, 'death']
[1358263, 17, 'death']
[1362163, 16, 'death']
[1365663, 22, 'death']
[1437714, 1, 'death']
[1440314, 23, 'death']
[1440464, 4, 'death']
[1452564, 13, 'death']
[1453764, 18, 'death']
[1453964, 6, 'death']
[1453964, 'Extinction!']
