[time, indiv, parent1, parent2, gender, brain]
[150, 14, -1, -1, 0, [[array([[ 2.41002663,  0.25917688, -1.7375197 , -0.75745731,  0.31578067,
         1.10411367],
       [-1.05819305, -0.53271288,  0.42395218, -1.18492784, -1.35794728,
         1.58775078],
       [ 1.36465491,  0.13687727, -1.81183149, -2.10385367, -1.98606624,
         1.33527631],
       [ 0.76025295,  0.81501802, -0.23996518,  1.56302868, -1.33536613,
         1.34314566],
       [-0.3528293 , -1.89550482,  1.97914218, -1.51818288,  1.79406185,
        -2.11403195],
       [-0.81040967,  2.09731976, -1.46015745, -0.9858978 , -2.40475652,
        -0.37669918]]), array([[ 1.72321512, -1.44359214],
       [-0.03133484, -1.72488125],
       [-1.71147167,  1.48996877],
       [-0.68188798, -0.46272338],
       [ 1.76237622,  0.58417382],
       [ 2.01147185, -0.74509349]])], [array([ 1.03504456, -0.80737488, -0.54830574,  1.54635046, -0.0191058 ,
        0.53305989]), array([0.05760844, 0.18536915])]]]
[150, 17, -1, -1, 1, [[array([[-1.76618786,  2.39205447, -0.42543178, -2.1727644 ,  1.42291876,
        -0.25167327],
       [-0.89189355, -0.2185282 , -2.10591865,  2.06057063, -1.79608808,
         0.45480958],
       [ 0.21304272, -1.19434295,  1.77767907, -0.70179729, -1.16597473,
         1.8819445 ],
       [ 0.20074763, -0.90238986, -0.16833283,  1.92945412, -1.01330644,
        -0.53946322],
       [-2.30536211,  0.95173643, -0.99856807,  1.37697088, -0.41881946,
         2.1867112 ],
       [-2.24528257, -0.15051744,  2.19800553,  2.44368861,  1.94592509,
        -1.69875605]]), array([[ 0.11904453, -0.52708504],
       [-1.71386749, -1.18191438],
       [ 1.40200439,  0.88937829],
       [-0.19830996, -2.26812   ],
       [ 0.33741752, -0.06422784],
       [ 1.5255167 , -2.16273395]])], [array([-1.5677309 ,  2.24291172,  0.75595174,  1.02737353, -2.39017624,
       -0.11139389]), array([-1.38873258,  0.84340561])]]]
[150, 20, -1, -1, 0, [[array([[ 1.41264027,  0.07401341, -0.02556615,  0.68894618,  1.03954432,
         0.54569514],
       [-1.67050736, -1.51328657,  0.05203152,  1.36677377,  0.82640634,
        -0.3724281 ],
       [ 1.3881293 ,  0.02913964,  2.21129823,  1.58417725, -0.22304626,
         1.71694185],
       [-1.09536094, -2.23571111, -1.83206665, -1.90151022,  2.19575965,
         2.44105456],
       [ 1.55230883, -0.93602963,  0.19737424,  0.617372  , -0.21916545,
        -2.42050534],
       [-1.97684244, -1.79937892, -1.4328269 , -0.33551321,  1.63303018,
        -2.43322205]]), array([[ 0.54884921, -1.68177297],
       [ 2.33279881,  0.82577978],
       [-0.16778612, -0.48689182],
       [ 0.09547059,  0.67638074],
       [-1.303819  ,  1.77302087],
       [ 2.02286719,  0.38631867]])], [array([ 2.38722394, -1.2621977 , -0.89855832, -1.78539512, -0.4002577 ,
       -1.14974656]), array([ 2.25183908, -0.29771441])]]]
[150, 0, -1, -1, 1, [[array([[ 1.18912631,  0.91600384, -0.99605638, -2.25463526,  1.01761644,
        -0.77656876],
       [-0.74154966,  1.06916222, -2.04231512,  1.71065383, -2.06134308,
         1.95391276],
       [-0.28120343, -0.12506301, -0.8136498 ,  0.26072523, -1.80515864,
        -1.9961664 ],
       [ 1.6164903 ,  0.44808557,  2.24818283, -2.0988466 , -0.40836426,
         2.15723888],
       [-0.17402374, -2.01624285, -1.82184241, -0.34790711,  0.51098435,
         0.9957783 ],
       [-1.27887284,  2.26847348,  0.30541602, -1.85757834,  0.33839786,
        -0.413367  ]]), array([[ 1.12150899,  0.40640121],
       [ 0.51614917,  1.7008205 ],
       [ 0.54300253, -1.66486714],
       [ 1.64865004, -1.86025693],
       [-0.17100384,  1.45776282],
       [-0.6676731 ,  1.47365367]])], [array([ 0.72486864,  0.24415168,  0.67534175, -1.61370695, -0.60032378,
       -2.31444863]), array([ 0.94720272, -1.4025882 ])]]]
[150, 13, -1, -1, 0, [[array([[ 1.19854025, -1.09251531,  1.54771048, -1.48848822, -0.19998249,
         1.00953971],
       [ 2.16849182,  0.9724571 ,  0.67025291,  0.36917357,  0.9216854 ,
        -0.15389697],
       [-0.98761928,  1.15915011, -1.10605964,  2.38051705,  0.06657168,
        -1.41194248],
       [-1.62189564,  0.45740164, -0.82519961, -1.52420429,  0.99571794,
         0.99907588],
       [ 2.36887527,  0.99262579,  2.05045594, -1.77175765,  1.88499593,
        -1.28254435],
       [-0.23490078,  0.36558238, -0.57080787,  0.5475328 , -0.13221303,
         1.88834137]]), array([[-2.1222045 ,  0.65830587],
       [-0.1953092 ,  1.15820473],
       [-2.12304765, -2.10670448],
       [-2.11137594, -1.76028102],
       [-0.97947911,  1.7504234 ],
       [-1.99773227,  0.76641416]])], [array([-1.65989686,  2.15201111,  1.04748991, -0.58087184,  1.5657906 ,
        0.57791465]), array([-1.64521777, -0.8545444 ])]]]
[150, 18, -1, -1, 1, [[array([[ 0.49866113,  0.92711953,  0.14707131, -1.62125784,  0.86725066,
         1.8589203 ],
       [-1.47541401,  2.02187005,  1.59063395,  1.46258275,  0.71825376,
        -1.31033075],
       [-0.29747291,  0.42910048, -2.05863649, -1.31839366,  0.04390435,
        -1.67942374],
       [-2.42840117,  0.23400803,  0.39216214,  1.03532757, -0.48346335,
         1.66429182],
       [-1.23747919,  0.82524395, -1.85035312, -0.94046753, -1.06599232,
         0.72815979],
       [-0.3174553 , -0.8787149 , -1.39971478,  2.3368296 ,  1.38850157,
         1.17066837]]), array([[-2.42097468,  2.17436812],
       [-0.2687073 , -2.02416069],
       [-2.11134085, -0.54399778],
       [ 1.23986138,  0.92810274],
       [-0.99425853,  1.22912324],
       [-0.2100463 , -1.09449923]])], [array([ 2.3175067 ,  0.94199827, -0.86661215, -0.56426431, -1.64651982,
       -0.8430837 ]), array([ 1.55109695, -1.85514606])]]]
[150, 4, -1, -1, 0, [[array([[-0.26191418, -1.70754937, -1.71791322, -2.15381234, -0.66332607,
         1.04446287],
       [-1.32864343,  0.99625878, -1.18287185,  1.1708496 ,  1.04796187,
         0.01117337],
       [ 0.3727529 , -1.92878812, -1.75966355,  2.30236327,  1.47367833,
         2.08734919],
       [ 1.78171542,  0.09113458,  0.35001768, -0.36248381,  2.04877875,
         0.80897219],
       [-1.07775176,  1.62524163, -0.13426888, -1.69466957, -1.52506892,
         0.49818407],
       [ 1.3022054 , -1.61047884,  2.32359319,  0.8670947 , -0.8338889 ,
        -1.83782735]]), array([[-0.055782  ,  1.48131113],
       [-1.45026566,  0.57143995],
       [-0.26404388,  1.95454185],
       [ 0.57051479, -2.33743748],
       [ 0.72756963,  1.59316246],
       [ 0.90914973, -2.27591159]])], [array([-1.71889914, -1.26452492,  1.26310616, -1.50684558, -2.13988931,
       -0.03243122]), array([0.02633985, 0.50717604])]]]
[150, 11, -1, -1, 1, [[array([[-0.60773926,  2.31210969,  2.00626572,  0.41326621, -0.69794619,
        -0.38899904],
       [ 1.11574417, -2.2580443 , -0.57045402, -2.16012287, -1.29467395,
        -1.95160781],
       [-0.92279826, -1.58089688, -1.28146508,  2.0420474 ,  2.35173597,
         0.78180271],
       [-0.43560701, -1.57254724, -1.56183826, -1.04349443, -0.48489215,
         0.79002169],
       [ 1.44079144,  0.37311766, -1.06956878, -2.1850436 , -0.37660837,
        -1.14162937],
       [ 2.35518425,  0.08781706,  0.59711694,  0.33905979,  1.08695397,
        -1.33609081]]), array([[-2.25936038,  2.16257073],
       [-1.3856993 , -1.83548294],
       [ 1.10942846,  1.57528796],
       [ 2.03516291,  1.97823738],
       [-0.46055047,  1.32031377],
       [ 1.48071801, -1.33818876]])], [array([-2.084355  , -2.29645129, -2.37652999,  2.06967368, -1.07086279,
        2.35994617]), array([-0.75274799,  2.17231962])]]]
[150, 22, -1, -1, 0, [[array([[ 1.20078667, -1.65124246, -0.78681954,  2.35730319,  0.59321941,
        -0.08889693],
       [ 1.6557587 ,  1.87767329, -1.84696058,  0.43801953,  0.69326799,
        -1.5418038 ],
       [ 0.23013541,  0.00807234, -1.9464029 ,  0.96058471, -0.42907029,
         0.70951779],
       [-0.62714462,  1.67632164,  1.86507335, -0.33120001,  1.36389077,
         1.7571105 ],
       [ 0.86121333, -1.5592246 , -1.41501955, -1.42159407, -0.97647003,
         0.56615882],
       [ 1.45014685,  1.03320989, -0.67783112, -0.16981046,  1.40347069,
        -0.81720819]]), array([[ 1.93576991, -0.73302842],
       [ 1.81753138, -1.35489576],
       [-1.27218489,  0.78666273],
       [ 1.36353828, -0.77746786],
       [ 0.43948389,  2.34023272],
       [-0.44145995, -0.74898532]])], [array([-0.29044257, -1.34430153,  2.26631917,  0.58845332, -0.51193415,
       -2.44700326]), array([1.16673816, 1.86222837])]]]
[150, 1, -1, -1, 1, [[array([[ 1.56428151,  2.07735719,  1.1331881 , -1.6609114 , -0.47275362,
        -0.12462039],
       [-0.28124031, -0.1122964 , -0.05425185, -1.04752669,  2.37440697,
        -2.31771773],
       [ 1.60893757,  1.01792707,  1.87125506,  0.87543704, -2.07762977,
         2.05638793],
       [ 1.48547146,  0.54493772,  1.83024228,  0.03742519,  0.26110948,
         0.51748522],
       [ 2.34561857, -1.26474326,  0.65158445,  1.75765727, -1.39029225,
        -1.80558059],
       [-1.65067722, -0.83008655, -1.41168637, -0.08757821, -1.30366229,
        -0.86620971]]), array([[-1.6847453 ,  0.90923588],
       [-0.49490481, -0.08968212],
       [ 0.3211933 ,  0.15019515],
       [-1.70600743,  2.44578542],
       [-2.36127561, -1.46780062],
       [-0.43016058, -0.11410851]])], [array([-1.15019947,  1.82132641, -1.17450026, -2.3354123 ,  1.53991724,
        0.08452638]), array([ 1.92068978, -0.16150585])]]]
[150, 15, -1, -1, 0, [[array([[-2.23775761,  1.46607383,  1.69290973,  0.32741942,  2.39957527,
        -1.68119891],
       [ 2.23173752, -0.46334218,  2.39081237, -0.34103495,  1.93533877,
        -0.13792865],
       [-0.20804798,  1.28892093, -0.91318253, -2.14544125, -0.2315273 ,
        -1.5127549 ],
       [ 0.21903116,  0.18911447, -1.16647392,  2.35263981, -0.53116643,
         1.44762985],
       [-0.11974503, -0.10680631,  1.41395422,  0.1569518 ,  0.28319704,
         1.26975357],
       [-2.21602103, -1.27005519, -2.2059577 ,  0.91631269,  1.22495694,
        -1.9934932 ]]), array([[-0.13125586, -0.16906554],
       [-0.5682679 ,  1.59666383],
       [-0.63730191,  0.55042833],
       [ 1.12910908, -0.77089456],
       [ 1.97127891, -0.8859517 ],
       [ 0.88182101,  0.2530269 ]])], [array([ 0.59302376,  1.47912219,  1.05734943, -0.90309456, -2.19245243,
        2.37267114]), array([ 0.36917294, -1.06417177])]]]
[150, 12, -1, -1, 1, [[array([[ 0.29389022, -0.20236849, -0.70116567, -0.92621153,  1.03137809,
        -1.55626114],
       [-0.44140038,  1.85153195,  2.01722132, -2.22708581,  0.70722873,
        -1.76413359],
       [ 0.79690605, -0.78140029,  0.93367423,  1.9016413 , -1.00433932,
        -2.06831373],
       [ 2.3455769 ,  2.29713695,  1.36421891,  0.75526533,  1.91378355,
        -1.62608491],
       [-1.35159322, -2.07161177,  2.32013096, -0.77430891,  2.35711906,
         1.73269876],
       [-1.82492312, -0.20661867,  2.32519169, -2.09106033, -2.24481443,
        -2.29198541]]), array([[ 2.04287083,  0.89055053],
       [-0.87293377, -0.98598336],
       [ 1.79136667,  0.1498011 ],
       [-0.75141807,  1.02463507],
       [ 0.14149761, -2.23389796],
       [-0.65173154,  0.20678406]])], [array([-0.98048476, -1.59952547,  0.61092929,  0.13806315,  0.04291076,
       -2.01100575]), array([ 0.1143882 , -1.18536272])]]]
[150, 9, -1, -1, 0, [[array([[ 1.19536565, -0.99329797, -1.73117407, -1.24832549,  1.96500821,
         1.05778925],
       [-1.19422226,  1.67421037, -2.23106935,  0.93758925, -0.23935163,
        -0.50125003],
       [ 2.06227229, -2.20307333,  2.2610015 ,  0.29672198, -0.74777732,
        -1.49400559],
       [ 1.73053384,  1.00106941, -1.27970311, -1.04350558,  0.69054877,
         0.0928161 ],
       [-1.49112342, -1.99874839, -2.1793459 , -2.20428807,  1.93804786,
        -0.2334427 ],
       [ 0.26446368, -0.45049421,  0.80384582,  1.67575673,  1.37465546,
        -0.4415229 ]]), array([[ 0.82075128, -0.26240813],
       [-2.30438602, -0.53347776],
       [ 1.07887306, -1.93509988],
       [ 2.1876791 , -1.49062658],
       [ 2.43784557,  0.32200168],
       [ 0.39225554, -0.75802659]])], [array([-0.21951866,  0.65075942,  2.41983979,  0.78049314, -1.78648599,
       -2.40350144]), array([-1.09804474,  0.025047  ])]]]
[150, 16, -1, -1, 1, [[array([[ 0.68593715,  1.8383262 , -1.04665473,  0.90052424,  1.68829623,
        -1.14669767],
       [ 1.74713217,  1.54096337,  0.57341678, -0.73855153, -0.45303055,
         1.92863346],
       [-0.48378851,  1.6310745 , -2.19962397, -1.76339887, -2.05755801,
         0.57512378],
       [ 1.25535606,  2.35765784,  0.74212302, -2.19965815,  2.0640802 ,
         1.90910996],
       [ 0.44707024,  1.33862003, -1.77032954,  2.32835556,  2.27434298,
         0.50285466],
       [-0.71938309, -1.09582597, -1.99926075, -1.33006514,  2.33155205,
        -0.39240212]]), array([[ 1.61829787,  0.50746387],
       [-0.29180083,  2.25626478],
       [-1.4295444 , -0.74163001],
       [-1.77617666, -0.2405798 ],
       [ 0.44800905, -1.54366991],
       [ 0.87507206, -1.25693649]])], [array([-1.90080863,  2.42842493,  1.86583231,  1.69714417, -0.35374721,
        0.06611385]), array([-1.75653891,  1.60603617])]]]
[150, 19, -1, -1, 0, [[array([[ 0.70450318,  0.55517014, -0.25381415,  1.39758714,  2.17296983,
         1.72014421],
       [ 0.402754  , -2.1606036 , -1.09963015,  1.17014598, -1.0535231 ,
        -1.65869106],
       [ 2.01181218, -0.80531566,  1.1022344 , -2.38458738, -0.39434553,
        -1.93080602],
       [-2.22537117, -1.45263401,  0.66267611,  1.39419074, -2.06280481,
        -2.31585659],
       [ 0.7345323 , -1.64498774,  2.15933585, -0.22844221,  1.80223597,
         0.23918806],
       [ 1.23626314,  1.472694  ,  1.84094509, -0.21359073,  0.18073636,
        -1.46279559]]), array([[ 2.38676481, -1.19715405],
       [ 0.26000307, -0.16046994],
       [ 1.62487144, -0.2407833 ],
       [-1.24040947, -1.45509757],
       [-1.36959154,  1.86504487],
       [ 2.31897795,  0.78869477]])], [array([-1.27612336,  1.49168406, -0.58273875,  1.26742373, -0.51698274,
        1.95683107]), array([-1.21878985, -1.09213697])]]]
[150, 3, -1, -1, 1, [[array([[ 0.94790528,  0.86376628, -0.55945147, -1.71786877, -2.15623781,
        -1.65438751],
       [ 1.93652345, -2.3588118 , -0.3514475 ,  0.93749271, -2.40489092,
         2.27316419],
       [-0.65917592,  0.19275437, -0.15133382, -0.74656061, -1.56724216,
        -0.21069853],
       [ 0.16158731, -1.66218278,  0.43198717, -1.98874281, -0.06759156,
         0.99142037],
       [-0.2458901 ,  1.3647759 ,  1.69918631, -0.46347215, -1.99399257,
         1.20348596],
       [-0.97313671,  0.4361009 ,  0.49250954, -0.32718264,  2.1426542 ,
         1.64445649]]), array([[-0.58080784, -1.62583482],
       [ 0.99383551,  0.38816267],
       [-1.71763582, -1.77743971],
       [ 1.01566054,  2.44404933],
       [ 0.6252103 , -1.90301436],
       [ 0.81858951, -1.24973443]])], [array([-1.1729799 , -2.00592926, -1.3757267 ,  1.03530185,  1.03530786,
       -2.15232176]), array([ 2.16309806, -1.19268953])]]]
[150, 21, -1, -1, 0, [[array([[ 0.03488188,  0.26773261, -2.10839134, -0.00982863, -0.55710158,
        -1.32924454],
       [ 1.100573  ,  1.27831515,  0.74277272,  2.24361734,  1.53419178,
         0.54531751],
       [ 0.86798325, -0.7373108 ,  1.47857456, -0.50568044, -0.39655708,
        -0.25601496],
       [ 0.64828445, -0.47340996,  2.36522698,  0.90504807, -0.64334293,
        -2.37815162],
       [ 2.39305493,  1.61895309,  1.61154426,  0.99502695, -1.39293068,
        -0.33456919],
       [ 1.9818196 , -2.14094961, -0.2539074 , -1.56751564, -2.18739731,
         1.79678855]]), array([[-0.56573491,  1.61524279],
       [ 1.390838  , -1.08983848],
       [-2.07020985, -1.10296234],
       [-1.04157514,  0.1990693 ],
       [ 0.97917692,  2.07144455],
       [-0.82590183, -2.07881192]])], [array([ 0.47504777, -0.90037275,  0.67731559,  0.39083286,  0.64826994,
        1.67197555]), array([ 1.8046399 , -0.00666619])]]]
[150, 5, -1, -1, 1, [[array([[-0.53901538, -0.0063487 , -1.15611563, -0.94079459,  0.36545454,
         0.03804276],
       [-2.42372039,  1.95172639, -2.33662641,  0.72795906, -1.62685512,
         0.90552098],
       [-1.34554266,  2.07445058,  1.42140388, -0.61422783, -0.3356531 ,
         1.60144028],
       [-0.04065053,  1.11285531, -0.27849428, -2.2270661 ,  0.59349101,
        -2.42993986],
       [-1.46310551, -1.4135517 ,  2.30303998,  1.23180469, -0.41724724,
        -0.64870589],
       [-1.06238493, -0.44639633,  0.65463503, -0.2869743 , -1.17443988,
        -0.31086182]]), array([[ 0.47996343, -0.11585393],
       [-1.10152634,  0.44315838],
       [ 0.80755022, -1.95019583],
       [-0.62252064,  1.1534689 ],
       [ 0.91586605,  1.216059  ],
       [ 2.21992514,  2.0579571 ]])], [array([-1.30264358, -1.66078239,  1.12426176, -1.49219382,  0.78059553,
       -1.33914891]), array([-1.31744039,  1.18084233])]]]
[150, 7, -1, -1, 0, [[array([[ 2.182607  ,  2.01290502, -1.57540338, -0.31572263, -1.25218125,
        -1.1389019 ],
       [ 0.81624525,  1.03954087,  2.00401999,  0.06850914,  1.0052119 ,
        -1.09508717],
       [ 0.10858401,  2.09791897, -0.31837588, -1.86209081, -2.43415925,
        -2.39222737],
       [-0.31882495,  0.208748  ,  1.67379613,  1.65201492,  1.16009183,
         1.27878387],
       [-0.11169354,  0.79415414, -1.75792631, -1.58285039,  1.50242299,
        -0.2693095 ],
       [ 2.12068616,  1.74498038, -0.96664261, -2.06508843,  1.83213478,
         1.66606987]]), array([[-0.27050335,  0.55754968],
       [ 2.22580549,  0.71401813],
       [ 0.52482293, -1.0189597 ],
       [ 1.34262471,  0.37123729],
       [ 2.17193171, -1.557537  ],
       [ 0.55951598,  1.70223943]])], [array([-0.15369567,  1.35173696,  1.87466194,  2.30418932, -2.35351927,
        2.31696094]), array([-0.05056324,  1.55169759])]]]
[150, 24, -1, -1, 1, [[array([[-0.85524114,  1.1457355 ,  2.36174911,  2.24201155,  0.80060002,
        -1.4612625 ],
       [-1.04149423, -1.38612591, -0.33602839, -0.28520806, -1.56027194,
        -0.60343951],
       [-0.48997501, -2.32863825,  0.51925542,  2.27894759, -0.7818713 ,
        -1.19483837],
       [ 1.85120088, -1.03100041,  1.82590007, -2.41053658, -1.99667672,
         1.59377368],
       [ 1.95324058, -1.70541745, -1.12125136, -1.9301367 ,  1.82880114,
         1.24857349],
       [ 0.39515173,  1.05217852,  1.37146134, -0.01286791,  0.65923247,
        -0.77253811]]), array([[-1.63527267,  1.89809715],
       [ 1.62314763, -2.18475111],
       [-1.93781564,  0.97921789],
       [ 0.97866617,  1.61054699],
       [-0.48817341, -0.5244645 ],
       [-2.14943408, -1.93224955]])], [array([-0.25557182,  2.0081173 , -1.69490281, -0.48410628,  0.63334775,
        0.97324786]), array([ 2.29635506, -1.94072167])]]]
[29700, 8, 'birth', 22, 24, 0, [[array([[ 1.20078667, -1.65124246, -0.78681954,  2.35730319,  0.59321941,
        -0.08889693],
       [ 1.6557587 ,  1.87767329, -1.84696058,  0.43801953, -1.94373123,
        -1.5418038 ],
       [ 0.23013541,  0.00807234,  0.42450742,  0.96058471, -0.42907029,
         0.70951779],
       [-1.36026071,  1.64418867,  2.44948974, -0.33120001,  1.36389077,
         1.7571105 ],
       [ 0.86121333, -1.5592246 , -1.41501955, -1.42159407,  2.41741139,
         0.56615882],
       [ 1.45014685,  1.03320989, -0.67783112, -0.16981046,  1.40347069,
        -0.81720819]]), array([[ 1.41421356, -1.41421356],
       [ 1.41421356, -1.35489576],
       [-1.27218489,  0.78666273],
       [ 1.36353828, -0.77746786],
       [ 0.43948389,  1.41421356],
       [-0.44145995,  1.41421356]])], [array([-0.29044257, -1.34430153,  2.26631917,  0.58845332, -0.51193415,
       -2.44700326]), array([ 1.41421356, -1.41421356])]]]
[136001, 23, 'birth', 20, 16, 1, [[array([[ 2.44948974,  0.07401341, -0.02556615,  0.68894618,  1.03954432,
         0.54569514],
       [-1.67050736,  2.44948974,  0.05203152,  1.36677377,  0.82640634,
        -0.3724281 ],
       [ 1.3881293 , -1.32406904,  2.21129823,  2.44948974, -0.22304626,
         1.71694185],
       [-1.09536094, -2.23571111, -1.83206665, -1.90151022,  2.19575965,
         2.44105456],
       [ 1.55230883, -0.93602963,  0.19737424,  0.617372  , -0.21916545,
        -2.42050534],
       [-1.97684244, -1.79937892, -1.4328269 , -0.33551321,  0.36151234,
        -2.43322205]]), array([[ 0.54884921, -1.41421356],
       [ 1.41421356,  0.82577978],
       [-0.16778612, -0.48689182],
       [ 1.10966317,  0.67638074],
       [-1.303819  ,  1.41421356],
       [ 0.87507206, -0.55463012]])], [array([-1.90080863,  2.42842493,  1.86583231,  1.69714417, -0.35374721,
        0.06611385]), array([-1.41421356,  1.41421356])]]]
[227152, 6, 'birth', 9, 12, 1, [[array([[ 1.19536565, -0.99329797, -1.73117407, -1.24832549,  2.44948974,
         1.05778925],
       [-1.19422226,  1.67421037, -2.23106935,  0.93758925, -0.23935163,
        -0.50125003],
       [ 2.06227229, -2.20307333,  2.2610015 ,  0.29672198, -0.74777732,
        -1.49400559],
       [ 1.73053384,  1.00106941, -1.27970311, -1.04350558,  0.69054877,
        -0.36650979],
       [-1.49112342, -1.99874839, -2.1793459 , -2.20428807,  1.93804786,
        -0.2334427 ],
       [ 1.91510671, -0.20661867,  2.32519169, -2.44948974, -2.24481443,
        -2.29198541]]), array([[ 1.41421356,  0.89055053],
       [-0.87293377, -0.98598336],
       [ 1.41421356, -0.63261255],
       [-0.75141807,  1.02463507],
       [ 0.14149761, -0.77780881],
       [-0.42309305,  1.41421356]])], [array([-2.44948974, -1.59952547,  0.61092929,  0.13806315,  0.97733853,
       -2.01100575]), array([ 0.1143882, -0.2689268])]]]
[269402, 2, 'birth', 8, 16, 0, [[array([[-0.06217257, -1.02623069, -0.78681954,  2.35730319,  0.59321941,
        -1.14669767],
       [ 2.44948974,  1.54096337,  2.44948974, -0.73855153, -0.45303055,
         1.92863346],
       [-0.48378851,  1.6310745 , -2.19962397, -1.76339887, -2.05755801,
         0.57512378],
       [ 2.44948974,  2.35765784,  0.74212302, -0.58435523,  2.0640802 ,
         1.90910996],
       [ 0.47012167,  1.33862003, -0.42634931,  2.32835556,  2.27434298,
         0.50285466],
       [-0.71938309, -1.09582597, -1.99926075, -1.33006514,  2.33155205,
        -0.39240212]]), array([[ 1.41421356, -0.46119562],
       [-0.29180083,  1.41421356],
       [-1.41421356, -0.74163001],
       [-1.41421356, -0.2405798 ],
       [ 0.44800905, -1.41421356],
       [ 0.87507206, -1.23721331]])], [array([-1.90080863,  2.42842493,  1.86583231,  1.69714417, -0.35374721,
        0.06611385]), array([-1.41421356,  1.41421356])]]]
[391253, 10, 'birth', 20, 6, 1, [[array([[ 1.41264027,  0.07401341, -0.02556615,  0.68894618,  1.03954432,
         0.932539  ],
       [-2.28617189, -1.51328657,  0.05203152,  1.36677377,  2.44948974,
        -0.3724281 ],
       [ 1.3881293 ,  0.05585611,  2.21129823,  1.58417725, -0.22304626,
         1.71694185],
       [-1.09536094, -2.23571111, -1.83206665, -1.90151022,  2.19575965,
        -1.46853057],
       [ 1.55230883, -0.93602963,  0.19737424,  0.617372  , -0.21916545,
        -2.44948974],
       [-1.97684244, -1.79937892, -1.4328269 , -2.44948974,  1.63303018,
        -2.43322205]]), array([[ 0.54884921, -1.41421356],
       [ 1.41421356,  1.41421356],
       [-0.16778612, -0.67233829],
       [ 0.09547059,  0.67638074],
       [-1.303819  ,  1.41421356],
       [ 1.41421356, -0.59977927]])], [array([ 2.38722394, -1.2621977 ,  0.61092929,  0.13806315,  0.97733853,
       -2.01100575]), array([ 0.1143882, -0.2689268])]]]
[813458, 14, 'death']
[813608, 17, 'death']
[813758, 20, 'death']
[813908, 0, 'death']
[814058, 13, 'death']
[814208, 18, 'death']
[814358, 4, 'death']
[814508, 11, 'death']
[814658, 22, 'death']
[814808, 1, 'death']
[814958, 15, 'death']
[815108, 12, 'death']
[815258, 9, 'death']
[815408, 16, 'death']
[815558, 19, 'death']
[815708, 3, 'death']
[815908, 21, 'death']
[816058, 5, 'death']
[816208, 7, 'death']
[816358, 24, 'death']
[816708, 16, 'birth', 8, 6, 1, [[array([[ 1.20078667, -1.65124246, -0.78681954,  2.35730319,  0.59321941,
        -0.08889693],
       [ 2.44948974,  2.44948974, -1.84696058,  0.61212816, -1.94373123,
        -1.5418038 ],
       [ 0.23013541,  0.00807234,  0.42450742, -2.44948974, -1.93981892,
         0.70951779],
       [-1.36026071,  1.64418867,  2.44948974, -0.33120001,  2.44948974,
         2.44948974],
       [ 0.86121333, -1.5592246 , -1.41501955, -1.42159407,  2.44948974,
         0.56615882],
       [ 1.45014685,  0.12072927, -0.67783112,  0.54783408,  1.40347069,
        -0.81720819]]), array([[ 1.41421356, -1.41421356],
       [ 1.41421356, -1.35489576],
       [-1.27218489,  0.78666273],
       [ 1.36353828, -1.41421356],
       [ 0.43948389,  1.04007071],
       [-0.42309305,  1.41421356]])], [array([-2.44948974, -2.44948974,  0.61092929,  0.13806315,  0.97733853,
        2.44948974]), array([ 0.1143882, -0.2689268])]]]
[816708, 11, 'birth', 7, 18, 0, [[array([[ 2.182607  ,  2.01290502, -1.57540338, -0.31572263, -2.44948974,
        -2.44948974],
       [-1.85143619,  1.03954087,  2.00401999,  0.06850914,  1.0052119 ,
        -1.09508717],
       [ 0.10858401,  0.08191368, -0.31837588, -2.44948974, -2.43415925,
        -2.39222737],
       [ 0.53213646,  0.23400803,  0.39216214,  2.44948974, -0.48346335,
         1.66429182],
       [-1.23747919,  0.82524395, -1.85035312, -0.94046753, -1.06599232,
         2.44948974],
       [ 1.24054303, -0.8787149 , -1.39971478,  2.3368296 , -2.44948974,
         2.09402762]]), array([[-1.41421356,  1.41421356],
       [-0.2687073 , -1.41421356],
       [-1.41421356, -0.54399778],
       [ 1.23986138,  1.41421356],
       [-0.99425853,  1.22912324],
       [-0.2100463 , -1.09449923]])], [array([ 2.3175067 ,  0.94199827, -0.86661215, -0.56426431, -1.64651982,
       -0.8430837 ]), array([ 1.41421356, -1.41421356])]]]
[816708, 18, 'birth', 4, 6, 0, [[array([[-0.26191418, -0.53974489, -1.71791322, -2.15381234, -0.66332607,
        -1.0366878 ],
       [-1.19422226, -2.44948974, -2.23106935,  0.93758925, -0.23935163,
        -0.50125003],
       [ 2.06227229, -2.20307333,  2.2610015 ,  0.29672198, -0.74777732,
        -1.49400559],
       [ 1.73053384,  1.00106941, -1.27970311, -1.04350558,  0.69054877,
        -0.36650979],
       [-1.49112342, -2.44948974, -2.1793459 , -2.44948974,  1.93804786,
        -0.2334427 ],
       [ 1.91510671, -0.20661867,  2.32519169, -2.44948974, -2.44948974,
        -2.29198541]]), array([[ 1.41421356,  0.89055053],
       [-0.87293377, -0.98598336],
       [ 1.41421356, -0.63261255],
       [-0.75141807,  1.02463507],
       [ 0.14149761, -0.77780881],
       [-0.42309305,  1.41421356]])], [array([-2.44948974, -1.59952547,  0.48721669, -1.14817441,  0.97733853,
       -0.84804022]), array([ 1.41421356, -0.2689268 ])]]]
[816708, 4, 'birth', 15, 11, 1, [[array([[-2.44948974,  1.46607383,  1.69290973,  0.32741942,  2.39957527,
        -0.39605302],
       [ 2.23173752, -0.46334218, -0.5131216 , -0.34103495,  1.93533877,
         1.10970627],
       [-0.20804798,  1.28892093, -0.91318253, -2.44948974, -2.44948974,
        -1.5127549 ],
       [ 0.67247744, -0.2003981 , -1.16647392,  2.35263981, -0.53116643,
         2.44948974],
       [-2.44948974, -2.44948974,  2.44948974,  0.1569518 ,  0.28319704,
         1.26975357],
       [-2.21602103,  2.44948974, -2.2059577 ,  0.91631269,  1.22495694,
        -1.9934932 ]]), array([[-0.13125586, -0.16906554],
       [-0.5682679 ,  1.41421356],
       [-0.63730191,  0.55042833],
       [ 1.12910908, -0.77089456],
       [ 1.41421356,  1.32031377],
       [ 1.41421356, -1.33818876]])], [array([-0.63098357, -2.29645129, -2.37652999,  2.06967368, -1.07086279,
        2.44948974]), array([-0.75274799,  1.41421356])]]]
[816708, 24, 'birth', 19, 0, 1, [[array([[-0.62431319,  0.55517014, -0.25381415,  0.26057919,  2.17296983,
         1.72014421],
       [ 0.402754  , -2.1606036 , -1.09963015,  1.37981657, -1.0535231 ,
        -1.65869106],
       [ 2.01181218, -0.80531566,  2.44948974, -2.38458738, -0.39434553,
        -1.93080602],
       [-2.22537117, -1.45263401,  0.66267611,  1.39419074, -2.06280481,
        -2.31585659],
       [ 0.7345323 , -1.64498774,  2.07641969, -0.22844221,  1.80223597,
         0.23918806],
       [ 1.23626314,  1.472694  ,  1.84094509, -0.21359073,  0.18073636,
        -1.46279559]]), array([[ 1.12150899,  0.40640121],
       [-1.2663739 ,  1.41421356],
       [ 0.54300253, -1.41421356],
       [ 1.41421356, -1.41421356],
       [-0.17100384,  1.41421356],
       [-0.6676731 ,  1.41421356]])], [array([ 0.72486864,  0.24415168,  0.67534175, -1.61370695, -0.60032378,
       -2.31444863]), array([ 1.41421356, -1.4025882 ])]]]
[816708, 19, 'birth', 20, 17, 1, [[array([[ 2.44948974,  0.07401341, -0.02556615,  0.68894618, -0.0767332 ,
         0.54569514],
       [-1.67050736, -1.51328657,  0.05203152,  1.36677377,  0.82640634,
        -0.3724281 ],
       [-1.00836593,  2.44948974, -0.03991383,  1.58417725, -0.22304626,
         1.71694185],
       [-1.09536094, -2.23571111, -1.83206665, -0.12151757,  1.93819949,
         2.44105456],
       [ 1.55230883, -0.93602963,  0.19737424,  2.44948974, -0.21916545,
        -2.42050534],
       [-1.97684244, -1.79937892, -1.4328269 , -0.33551321,  1.63303018,
        -1.99706982]]), array([[ 0.54884921, -1.41421356],
       [ 1.41421356,  1.41421356],
       [-0.16778612, -0.48689182],
       [-0.19830996, -1.41421356],
       [ 0.33741752, -0.06422784],
       [ 1.41421356, -1.41421356]])], [array([-1.5677309 ,  2.24291172,  0.75595174,  1.02737353, -2.39017624,
       -0.11139389]), array([-1.38873258,  0.84340561])]]]
[831958, 8, 'death']
[832558, 8, 'birth', 11, 23, 1, [[array([[ 2.44948974,  2.01290502,  0.23722008, -0.31572263, -2.44948974,
        -2.44948974],
       [-2.44948974,  1.03954087,  2.00401999,  0.06850914,  0.82640634,
        -0.3724281 ],
       [ 1.3881293 ,  1.12805998,  2.21129823,  2.44948974, -0.22304626,
         1.71694185],
       [-1.09536094, -2.23571111, -1.83206665, -1.90151022,  2.19575965,
         0.03099941],
       [ 1.55230883,  0.28044128,  0.19737424,  0.617372  , -0.21916545,
        -2.42050534],
       [-1.97684244, -0.12520495, -2.44948974, -0.33551321,  0.36151234,
        -2.43322205]]), array([[ 0.54884921, -1.41421356],
       [ 1.41421356, -0.43836677],
       [-0.16778612,  0.20002471],
       [ 1.41421356,  0.67638074],
       [-1.303819  ,  1.41421356],
       [ 0.87507206, -0.55463012]])], [array([-2.44948974,  2.42842493,  1.86583231,  1.69714417, -0.35374721,
        0.06611385]), array([-1.41421356,  1.41421356])]]]
[888858, 23, 'death']
[931259, 6, 'death']
[948259, 2, 'death']
[989959, 10, 'death']
[1113361, 16, 'death']
[1113511, 11, 'death']
[1113661, 18, 'death']
[1113811, 4, 'death']
[1113961, 24, 'death']
[1114111, 19, 'death']
[1114311, 8, 'death']
[1114311, 'Extinction!']
