[time, indiv, parent1, parent2, gender, brain]
[150, 22, -1, -1, 0, [[array([[-0.83990583, -0.20868965, -2.28468862,  2.43072195,  0.82668052,
         0.58011047],
       [-0.83577903, -0.9156157 , -1.97177069,  0.39886325,  0.2607485 ,
        -0.97710329],
       [ 0.69175916, -0.72859564,  2.19252991, -2.04512427,  0.93050214,
         0.80685396],
       [ 0.23815656, -0.88298996,  0.8100325 , -0.88213549,  0.52106496,
        -1.71484082],
       [-1.04313226, -1.4939872 ,  0.35781806,  0.64600499,  1.01948938,
        -1.18355516],
       [ 0.74311587, -1.9032912 , -0.02366472, -0.37431289, -2.12157282,
        -2.08331119]]), array([[-1.10970733,  1.93394835],
       [-2.3292482 , -0.70906133],
       [ 2.27707188, -0.20299819],
       [ 1.06030736, -0.43988308],
       [ 2.40298377, -0.33258988],
       [-2.0534982 ,  1.3341824 ]])], [array([-0.6383424 , -1.51974121, -0.93733312,  1.44717107,  1.12497581,
        0.72991637]), array([-0.62244854, -0.26874644])]]]
[150, 15, -1, -1, 1, [[array([[-1.53900859, -1.08278806, -2.39773617, -0.21029278, -0.91947754,
        -0.64461592],
       [-1.24447844,  0.96201295,  1.07047162, -0.95807521, -1.46213282,
         1.88145758],
       [-1.02877756,  1.55164105, -0.27680622, -0.55304701,  0.55535043,
        -0.12799751],
       [-1.37476053,  2.21388605,  2.31424237,  1.49509132,  1.93078417,
         1.41461832],
       [-1.26111746, -1.16188635, -1.85402696, -1.35588537, -1.02857262,
         1.77233793],
       [ 0.79111532,  0.06834286,  1.68621371, -0.17634801, -0.54965199,
         1.72127825]]), array([[ 1.88843322,  2.42288607],
       [ 0.47210121,  2.37262992],
       [-2.39046694, -2.02559695],
       [-0.84051204,  1.22525064],
       [-0.9545144 , -0.75505388],
       [ 1.72278305,  1.2060497 ]])], [array([ 0.31748263, -0.3720989 ,  0.06718596, -2.3755922 , -2.25683658,
        1.47136354]), array([ 0.1951878 , -1.09224081])]]]
[150, 7, -1, -1, 0, [[array([[-1.27157899, -1.7516685 , -2.31584532, -0.85042594,  1.00945935,
        -1.77543947],
       [ 1.51530265, -0.19117233, -1.90495157,  0.27783889,  0.32466935,
        -0.36264662],
       [ 1.80212625, -0.70388578, -0.95042132,  1.6893009 ,  1.22945565,
        -0.4587381 ],
       [ 0.6601621 , -1.19515121,  1.0085015 ,  1.95955999,  1.91095237,
        -0.06880066],
       [-0.66691835,  0.80450864, -0.03844649, -0.02082135, -1.88963936,
        -0.3688537 ],
       [-0.58984385, -2.34536537, -1.41456861, -1.39896499, -0.20372973,
         2.17833157]]), array([[-1.51559296,  0.93885276],
       [-1.0599088 ,  1.6791477 ],
       [-0.11594401, -1.79235049],
       [-1.71302572,  0.34874154],
       [ 2.01944985, -1.57825864],
       [-1.34222775,  1.2764901 ]])], [array([-0.58332913,  1.05050857, -1.48343595, -0.26970769,  0.92823496,
        1.05379481]), array([0.20647747, 1.11452822])]]]
[150, 4, -1, -1, 1, [[array([[-1.16577091, -0.32630268,  2.30535538,  1.25224961,  0.90746522,
         1.9635833 ],
       [-1.5736433 , -0.06277834, -1.28844375,  1.11883497, -0.84324356,
        -0.38442829],
       [-1.08404529,  0.661074  ,  1.26792975,  0.23477496,  0.83564533,
         1.35450041],
       [ 1.95003161, -1.44708707,  0.50974846, -0.76387088,  0.18367711,
         2.04474914],
       [-2.07273112,  0.85016012,  0.40834418, -0.40657583,  1.93899238,
         1.11301057],
       [-0.34002376,  0.82194704,  2.03840394,  1.11273025,  1.69825688,
         1.36984783]]), array([[-1.71524324,  1.22494673],
       [ 0.93077307, -2.39289366],
       [ 1.90548732, -2.44183784],
       [-0.65064708,  1.50703251],
       [-0.38316217, -0.91952039],
       [ 0.21640934,  1.69488279]])], [array([-1.70096547,  1.01755028,  0.50369261,  0.49815169,  1.66528529,
       -2.23223371]), array([ 0.22896262, -1.7249518 ])]]]
[150, 8, -1, -1, 0, [[array([[-2.15975099, -2.32918091, -1.44934946, -2.42185696, -2.43389524,
         1.93030705],
       [ 1.11479384, -0.37463423, -0.68791233,  0.40274502,  1.7316793 ,
        -1.30908584],
       [-1.09481387, -2.17087509,  1.84147386,  1.0097319 ,  1.56636574,
         0.03353067],
       [ 2.33582055,  0.43042756,  0.99085756, -2.42065858,  0.23899121,
         0.97538286],
       [-0.17110407,  1.34535037,  0.3759037 ,  1.14530925,  2.08249559,
         0.69080632],
       [ 1.21786055, -1.58724218, -1.08709969, -0.97707276, -0.76962906,
        -2.03520558]]), array([[ 2.05876337, -1.64882105],
       [-0.93872182,  1.3400927 ],
       [-2.19096308,  1.33781482],
       [-1.21522115, -0.54822337],
       [-0.58862912, -2.2386427 ],
       [-2.12845455, -1.33530168]])], [array([-2.22686751,  1.1138797 ,  1.03657972, -1.04071939, -1.00153744,
       -0.34662356]), array([1.02003808, 0.66547658])]]]
[150, 12, -1, -1, 1, [[array([[-0.56052743,  0.20769564,  0.39336304,  0.78005731, -1.08551784,
        -1.77026983],
       [ 1.29046581, -1.25784413,  0.6969794 ,  0.02303258, -0.96073262,
        -1.72397281],
       [ 1.12522871, -2.22710453, -0.9826883 , -0.33118862, -0.71202678,
         1.1359381 ],
       [-1.64810587, -1.12853523,  1.76018798,  1.8007085 , -0.57799338,
         1.06606302],
       [-0.47285823,  1.96474744, -2.12757812, -0.33039004, -1.95108643,
        -0.22270308],
       [-0.52535025, -2.23384766,  0.01633414,  2.20674748,  1.27320743,
         0.39310753]]), array([[-1.87810728e+00,  1.04334659e+00],
       [ 4.58900114e-01, -8.43191347e-01],
       [ 8.61034145e-01, -1.02050008e-03],
       [ 1.88173705e+00, -1.78396897e+00],
       [-6.12285795e-01,  5.43194341e-01],
       [-2.40922121e+00,  1.89034949e+00]])], [array([-1.47467171, -1.90203181, -0.23214822, -1.10027283,  1.58454289,
        1.58489351]), array([1.34541258, 1.6484227 ])]]]
[150, 16, -1, -1, 0, [[array([[-0.12943229, -0.48495454,  0.28886232, -2.1733833 ,  1.82886035,
        -2.15655838],
       [-1.69425672, -1.43921198,  2.09422247,  0.09057285,  1.52871362,
        -0.15148913],
       [-1.97734923,  0.67384285, -0.36574509, -2.4118977 ,  2.28997692,
        -1.98843914],
       [-2.37364721,  0.06481662, -1.85834754,  1.19797045,  1.5352824 ,
         0.18785652],
       [-0.76652048,  1.8750908 , -2.40620176,  2.02198419, -1.27007975,
        -0.60533762],
       [ 0.95302165, -1.50382031,  0.55454712,  0.64538629, -0.66007168,
         0.60836187]]), array([[ 1.09870013, -1.46973977],
       [-0.21893698, -2.40627904],
       [ 1.93150903, -1.68125669],
       [ 1.65132688, -1.02693998],
       [ 1.73270075,  1.78947094],
       [ 0.83451087, -0.54660759]])], [array([-0.44112654,  0.78831125, -0.31748774, -1.19240599, -1.12644492,
        0.19256265]), array([-0.08343816, -2.14432032])]]]
[150, 11, -1, -1, 1, [[array([[ 0.17163493, -0.36293013, -1.4469344 ,  1.46648023, -0.90716829,
        -2.23849671],
       [-1.28984531,  0.34140331,  1.81826288,  0.6037669 ,  0.41745551,
        -0.9015329 ],
       [ 1.06953181, -1.25904911, -1.48481417,  1.88945053, -0.47719362,
        -1.62358991],
       [ 2.27691236,  1.02007535,  0.68775378, -1.25940224, -0.66576902,
        -0.89387071],
       [ 1.97735015, -0.5546531 , -1.32725819, -0.7549138 , -0.64378576,
        -1.55338173],
       [ 0.15911003, -0.2495368 ,  0.93085856,  2.21362886, -0.60564346,
         1.39920498]]), array([[-0.65587175,  0.73709053],
       [ 0.41308953,  0.63177834],
       [-1.22715977, -1.41261877],
       [ 2.25107602,  0.92237647],
       [-0.73547133,  1.51227003],
       [-1.47460752, -2.22274891]])], [array([-0.9530631 ,  2.38043809,  1.63364315, -0.01386793,  0.94809189,
       -0.36995295]), array([0.81363608, 0.3121007 ])]]]
[150, 14, -1, -1, 0, [[array([[ 1.74264832, -0.27496423,  0.43878582, -1.67390118, -0.92081694,
         0.24244822],
       [ 0.7127194 , -0.25771615,  0.8424854 ,  1.63182721,  1.16745968,
        -0.84581513],
       [-1.42667609,  2.18937611,  0.19103045, -0.60959145, -0.82891072,
        -1.31023599],
       [ 2.23399819, -1.92163582, -0.79301081, -2.01516195, -0.20387617,
        -1.80779768],
       [ 1.45595839,  0.56365887, -0.28383851,  0.88094784,  2.33055613,
         1.05604427],
       [-1.31579734,  0.5129927 , -2.39943434, -1.6316497 , -1.38831915,
         0.30995463]]), array([[ 1.8848629 , -2.24154779],
       [-1.59395566,  0.77322819],
       [-2.2412092 ,  0.65872176],
       [-2.14978429, -2.01346648],
       [-2.20991656, -0.82897432],
       [ 0.51867513, -2.21281323]])], [array([-0.61663887, -0.31128574, -0.93056286,  1.12013241,  2.17912149,
       -0.74201452]), array([-0.26197073,  0.01322004])]]]
[150, 20, -1, -1, 1, [[array([[ 2.38593608,  0.24841639,  0.01281693, -0.13558567, -0.68429808,
        -1.92369905],
       [-0.67349486,  1.99786113, -0.21617718, -1.02468798,  0.13033416,
        -2.04803508],
       [ 0.35109637,  1.46423463,  1.43600827, -1.47629398,  0.03952985,
        -1.99122104],
       [-2.09228074, -2.26234207,  2.27785715,  0.02575033,  0.44121069,
         0.54847255],
       [-0.05730623,  0.93268444, -2.14864563, -1.01121095, -1.01841742,
         2.05884665],
       [-1.30188897, -0.58325201, -2.39039508,  0.13538859, -0.18030686,
         1.65626794]]), array([[-2.19968671,  0.62344567],
       [-1.5518383 ,  2.40353806],
       [ 0.21444097, -1.06554197],
       [ 1.23268458, -0.85638737],
       [-0.27367174, -0.06117086],
       [-0.10316379,  0.68777107]])], [array([ 1.72932299,  2.23878824, -0.70747885,  1.89603042,  0.14625926,
       -0.27004746]), array([ 0.32387048, -0.81036862])]]]
[150, 2, -1, -1, 0, [[array([[-1.70859768, -0.74278686,  0.02686355,  1.37170475,  0.26810921,
         0.24500936],
       [-1.77944627,  2.40487534,  1.13403661, -2.0296322 ,  0.91837526,
         0.61835038],
       [-1.11907813,  1.92060036,  0.47485782, -0.32073102, -1.41493131,
         2.43312879],
       [ 0.24594092,  0.54474472, -1.17662292, -0.76721665, -0.92271535,
         0.76872274],
       [ 1.22932936, -1.61967168,  1.64585565,  1.75929423,  2.04372462,
         1.28247847],
       [ 0.34787263,  1.98720694,  1.55179222, -1.03069085,  0.23759937,
         0.0771333 ]]), array([[-1.21227427, -0.39520294],
       [ 0.3631022 ,  2.25826614],
       [-2.32447329, -0.25704273],
       [ 2.08579629, -0.58510296],
       [-1.25658622,  1.12505946],
       [ 0.25394332,  0.33289527]])], [array([-1.65182356, -0.5532929 ,  0.94355135, -0.48645914, -0.55742945,
        1.56916491]), array([-2.36666723e+00,  1.48031834e-04])]]]
[150, 23, -1, -1, 1, [[array([[ 1.15604481,  1.26739453,  2.29987335, -2.44407345, -0.66253533,
         2.19203312],
       [-0.86772637, -2.31379381,  0.52750597,  1.23438991, -1.38461391,
         1.89700416],
       [-1.88632179, -1.16788383,  2.10217012, -2.23506948, -0.16631346,
        -0.28925572],
       [ 1.48123061,  2.30574231,  0.75956511,  1.23474164,  1.25652112,
         2.18257015],
       [-1.59727568,  1.84191444, -0.241097  ,  2.27276994, -1.55762506,
        -0.16327752],
       [ 2.14617342, -1.23772292, -0.29456925, -2.37974765,  1.34736423,
         0.96794076]]), array([[ 0.26210343, -1.18588371],
       [-0.43344498, -1.54178505],
       [ 0.74315366,  1.16317819],
       [ 1.23946948, -1.94292031],
       [-1.0710769 , -1.21925626],
       [ 1.9870847 ,  1.20393084]])], [array([-1.87083561, -0.9792476 ,  0.70987157,  1.1054382 , -1.05746714,
        1.57528083]), array([0.71722377, 1.14817396])]]]
[150, 5, -1, -1, 0, [[array([[ 2.01846412, -2.10821581, -1.25914343,  1.02840624,  0.21557128,
        -1.95545777],
       [-1.15251466,  1.87544847,  2.20002829,  0.27034214, -0.30199635,
        -0.04019322],
       [-2.40604356,  1.07036136, -1.51766759,  0.5993929 , -1.48709787,
         0.79039811],
       [ 1.43811607, -1.10634219,  1.4595755 , -0.00729116, -1.94642966,
         1.74752188],
       [ 1.21231514, -1.54885495, -2.18299813,  0.34097787, -0.08375315,
         1.41200639],
       [ 2.17365454, -1.98601752, -0.73501179,  0.01268788, -1.69564703,
        -0.9993245 ]]), array([[-1.81245736,  1.10685205],
       [ 1.91839005, -1.46931413],
       [-2.30236875, -0.73841397],
       [-1.37688512, -2.22251573],
       [-1.66937843,  0.23220179],
       [-1.85576755, -0.22771126]])], [array([ 0.13415735,  2.2112058 , -1.5865779 , -1.21137276,  1.05591544,
       -2.29791842]), array([1.80280175, 1.97246997])]]]
[150, 19, -1, -1, 1, [[array([[-0.77807068, -0.82253128,  2.39710365, -1.27238508,  1.33083182,
        -0.60196214],
       [-1.77753516, -1.41177182,  1.33709191, -1.24114267,  1.96773512,
        -0.24354166],
       [ 0.9820366 , -1.78159379, -0.87018789, -0.65064486, -1.25974031,
        -2.0792193 ],
       [ 1.51791721, -1.79207659, -1.74389427,  1.80964893,  0.91244998,
         0.98336593],
       [-1.96905461, -1.34858103, -2.3134112 ,  1.8861    ,  1.89324637,
         1.51424654],
       [-0.95450318,  1.39561721,  1.67684266, -1.68337115,  1.25757402,
         0.97353458]]), array([[ 1.7819398 ,  1.6082838 ],
       [-0.01549811, -1.28048534],
       [ 0.22907527, -0.65885542],
       [ 1.56391493, -2.02961963],
       [ 0.06840194, -0.22666735],
       [-1.14600928,  2.44437918]])], [array([ 1.37618922,  1.21764624,  0.42324067, -0.29431245,  0.22709011,
       -1.01747884]), array([2.36582641, 0.26615516])]]]
[150, 9, -1, -1, 0, [[array([[ 0.73095182,  0.30154085,  1.3767068 ,  0.65359211,  2.06414809,
         2.24398044],
       [ 1.59785375,  2.42811482,  1.24643679, -1.77521993, -1.47691078,
        -1.24985562],
       [ 1.54393636,  1.16110548, -0.86858474, -2.26231686,  1.9738967 ,
         0.58507574],
       [ 1.52949975,  1.79822599,  1.6435308 , -0.16951287, -1.23520242,
         0.7031988 ],
       [-1.29184378,  0.88455872,  1.29412466, -0.59643569,  1.52573077,
         1.58921832],
       [-1.05044309,  1.89355129,  1.08921147, -0.60202835,  1.04629574,
        -2.24160166]]), array([[-2.44399614, -1.21921268],
       [ 0.97727101,  1.16778356],
       [ 2.23387609,  0.32931482],
       [ 1.94546389,  1.34848483],
       [-2.3012307 ,  1.41386469],
       [-0.00521029, -0.78086937]])], [array([ 0.59665146, -2.15280999,  1.15534327, -1.0120365 ,  1.65483041,
       -1.93594482]), array([ 1.01125958, -1.52275354])]]]
[150, 21, -1, -1, 1, [[array([[-1.41605065, -2.0334583 ,  2.29011168, -0.33933291,  0.83543569,
        -2.2673129 ],
       [ 0.03573318,  0.68885613,  1.80323199,  2.01483552,  1.07721002,
         0.61482063],
       [-1.55863843, -1.94860945, -2.20033726, -2.12203358, -1.55393256,
        -1.29723631],
       [ 1.89831656,  0.06771407,  2.1626164 , -0.94562901, -0.12180763,
        -2.3667976 ],
       [-1.64868923, -2.366858  ,  2.14235284, -0.52839493,  1.81062531,
         1.59831094],
       [ 2.02451816, -0.11172071, -2.10577748, -1.01953776,  1.80406665,
        -2.34581986]]), array([[-0.44204898,  2.18343838],
       [-0.80270282,  0.67246039],
       [-2.08346317,  0.77659625],
       [-0.32459325,  2.22232347],
       [-0.59488395, -0.68515701],
       [ 2.19637517,  0.09992907]])], [array([ 1.15474883,  2.19017145, -1.4467425 ,  1.54225249,  1.45906854,
        1.65198853]), array([ 0.26745905, -0.82281511])]]]
[150, 1, -1, -1, 0, [[array([[ 0.37095241,  2.22271387,  1.52536385, -1.61497208, -2.16545088,
        -1.17712969],
       [ 1.48308473, -1.90952723, -0.39985252,  0.95249061, -1.92684317,
         1.31691081],
       [ 1.84468358,  1.84573006,  1.48995903, -0.51548575,  0.29345547,
        -0.49050209],
       [-1.97269536, -0.25859877,  0.57659868, -2.09858335, -2.41702395,
         2.35476769],
       [-2.28403858,  1.28477394, -0.95770161,  2.36945683,  0.12077305,
         1.7283247 ],
       [ 1.74518819, -1.68518111, -2.17713541,  1.65928154, -0.70552518,
         0.13493158]]), array([[-1.7736154 , -0.28282119],
       [-0.17954588, -0.99820464],
       [-1.60415587,  1.94147071],
       [ 0.69813836,  0.62338382],
       [-1.4804958 ,  0.03288848],
       [ 2.10650296,  1.00490004]])], [array([-1.11423104,  0.8315163 ,  0.00592805,  2.27955109, -1.9836638 ,
        1.07599083]), array([ 0.11041702, -2.4457358 ])]]]
[150, 24, -1, -1, 1, [[array([[-1.62717258, -1.80132528, -0.29730715, -1.12747758,  0.69168624,
        -0.94131395],
       [-0.11659473,  0.39940389,  1.35520777, -0.75589649, -1.5762154 ,
        -0.00713967],
       [ 0.27057834, -1.6799587 , -0.46422112,  0.01991676,  0.73031687,
         0.06562735],
       [-1.48211709,  1.13021473, -0.18328569,  1.44793029, -2.40496431,
         1.78627641],
       [ 0.78611059,  2.414316  , -0.68267324, -1.49887137, -1.90465216,
        -2.02217388],
       [-1.96181375, -0.29634736, -0.86968547,  1.41561019,  0.02199776,
        -1.92824747]]), array([[-1.28462476, -0.10787933],
       [ 0.30729048, -0.70377624],
       [ 0.10980705, -0.0820949 ],
       [ 0.38863238,  1.45072442],
       [-0.37919587, -0.61249454],
       [-0.06426158, -2.26405703]])], [array([-0.73811607,  0.1821962 ,  2.28237498, -0.13399271, -0.95376413,
        0.66053736]), array([-1.50182118, -0.2474911 ])]]]
[150, 3, -1, -1, 0, [[array([[ 1.38590499, -1.33809847,  0.23313959, -2.19346937,  0.80879184,
        -1.09214411],
       [-1.3191886 ,  0.69214012, -2.40478148, -2.22562341,  0.95848938,
         1.13139634],
       [ 0.49578029, -2.01122272, -1.08046712, -0.32134873,  0.99499332,
         1.92459656],
       [ 1.37215136, -0.73167718,  0.92269551,  1.62266753, -1.74411767,
        -0.85212988],
       [-1.13715091,  0.41092676, -1.06287122,  1.83254395,  0.80391794,
         0.76935445],
       [-0.16782204, -1.0133858 , -0.00392439, -2.34280992, -2.39973676,
         1.82798064]]), array([[ 0.91642305, -1.70914839],
       [ 0.26582624, -1.93431192],
       [-1.27152249,  1.11179369],
       [-1.37056069,  0.16291532],
       [ 2.2705987 ,  0.41421358],
       [ 1.82707397,  1.95295425]])], [array([ 2.00662509, -1.17756559, -1.51174023, -0.26796543, -0.96060622,
        0.51992251]), array([-0.37650479, -1.9998339 ])]]]
[150, 17, -1, -1, 1, [[array([[-0.37550289, -2.11501334,  1.56563779, -0.0467378 ,  1.91619656,
        -1.81382633],
       [ 1.00930636,  0.85896763, -2.09733622, -1.25097559,  1.93398727,
        -0.12973633],
       [ 1.69385008,  1.19580279,  1.25023735,  1.17605369, -0.14530699,
         1.67983957],
       [ 1.51960608,  0.49460227, -1.3703076 ,  1.03517682,  2.31809798,
        -2.16601759],
       [-0.14550404,  0.75849238,  0.21121956,  2.30266669,  1.61833812,
        -1.43832669],
       [-0.78803022, -0.66031666, -1.40159218, -0.86021833,  2.10911449,
        -0.52032364]]), array([[ 1.32017264, -1.28515671],
       [ 2.24164439,  1.05910652],
       [ 1.51565144,  0.01100866],
       [-2.25119116, -0.85247861],
       [ 0.55650425,  2.2467447 ],
       [ 1.37482137, -0.08006698]])], [array([-0.95894231, -0.6945057 ,  0.29710197,  1.2826239 ,  1.79917564,
        2.36733299]), array([0.72621306, 2.36711359])]]]
[67500, 6, 'birth', 8, 20, 1, [[array([[-1.99689693,  0.77237944,  2.09319689,  1.17391915, -2.43389524,
         1.93030705],
       [ 1.11479384, -0.37463423, -2.13639522,  1.91134353,  1.7316793 ,
        -1.30908584],
       [-1.09481387,  2.44948974,  1.84147386,  1.38362057, -2.44948974,
         0.03353067],
       [ 2.33582055,  0.43042756,  0.99085756, -2.42065858,  0.44121069,
         0.54847255],
       [ 0.99987399,  0.93268444, -2.14864563, -1.01121095,  0.47428064,
         1.97499475],
       [-1.30188897,  2.44948974, -2.39039508,  0.13538859, -0.18030686,
         1.65626794]]), array([[-1.41421356,  0.62344567],
       [-1.41421356,  1.41421356],
       [ 0.21444097, -1.06554197],
       [ 1.23268458, -0.85638737],
       [-0.27367174, -0.06117086],
       [-0.10316379,  0.68777107]])], [array([ 1.72932299,  2.23878824, -0.70747885,  1.89603042,  1.21592068,
       -1.29758548]), array([ 0.32387048, -0.81036862])]]]
[144951, 10, 'birth', 2, 6, 1, [[array([[-1.70859768, -2.43296537, -2.44948974,  1.37170475,  1.99488367,
         0.24500936],
       [-1.77944627,  2.40487534, -1.72237295, -2.0296322 , -2.44948974,
         1.79881082],
       [-1.11907813,  1.92060036, -0.70492178, -0.32073102, -1.41493131,
         2.43312879],
       [ 0.24594092,  0.54474472,  0.29171788,  2.03211196, -0.92271535,
         0.76872274],
       [ 1.22932936, -2.44948974,  1.64585565,  1.75929423,  2.44948974,
         1.97499475],
       [ 2.44948974,  2.44948974, -2.39039508,  0.13538859, -0.18030686,
         1.65626794]]), array([[-1.41421356,  0.62344567],
       [-1.41421356,  1.41421356],
       [ 0.21444097, -1.06554197],
       [ 1.41421356, -0.85638737],
       [-1.41421356, -0.06117086],
       [-0.10316379,  0.68777107]])], [array([ 1.72932299,  2.23878824, -0.70747885,  1.89603042,  2.44948974,
       -1.29758548]), array([0.32387048, 1.03155341])]]]
[165151, 18, 'birth', 16, 11, 0, [[array([[-0.12943229, -0.48495454,  0.28886232, -2.1733833 ,  1.82886035,
        -2.23849671],
       [ 2.19176764,  0.34140331,  1.81826288,  2.2952434 ,  0.41745551,
        -0.9015329 ],
       [-1.4064102 , -1.25904911, -1.48481417, -0.21803703, -0.47719362,
        -1.62358991],
       [ 2.27691236,  1.02007535,  0.68775378, -2.44948974, -1.74172401,
        -0.89387071],
       [ 1.97735015, -0.5546531 , -1.32725819, -0.7549138 , -0.64378576,
        -0.85231921],
       [ 0.70272483, -0.2495368 , -0.33790028,  2.21362886, -0.07142932,
         1.39920498]]), array([[-0.65587175,  1.41421356],
       [ 0.41308953, -1.41421356],
       [-1.22715977, -1.41261877],
       [ 1.41421356,  0.92237647],
       [-0.73547133,  1.41421356],
       [-1.41421356, -1.41421356]])], [array([-0.9530631 ,  2.38043809,  2.24540897,  2.44948974, -2.00456743,
       -0.36995295]), array([ 0.81363608, -0.79129537])]]]
[229052, 0, 'birth', 5, 11, 1, [[array([[-1.09944063,  0.11125722, -1.4469344 ,  1.46648023, -0.90716829,
        -2.23849671],
       [-1.28984531,  2.29929031,  1.81826288,  0.6037669 ,  0.41745551,
        -0.9015329 ],
       [ 1.35308635, -1.25904911, -1.48481417,  1.88945053, -0.47719362,
        -1.62358991],
       [ 2.27691236,  1.02007535,  0.68775378,  0.38712649, -0.66576902,
        -0.89387071],
       [ 1.97735015, -0.5546531 , -1.32725819, -1.01374224, -0.64378576,
        -1.55338173],
       [ 0.15911003, -0.2495368 ,  0.93085856,  2.21362886,  0.60659737,
         1.39920498]]), array([[-1.41421356,  0.73709053],
       [ 0.41308953,  0.63177834],
       [-1.22715977, -1.41421356],
       [ 1.41421356,  0.92237647],
       [-0.73547133,  1.41421356],
       [-1.41421356, -1.41421356]])], [array([-2.44948974,  2.44948974,  1.63364315, -0.01386793,  0.94809189,
       -2.44948974]), array([0.81363608, 0.3121007 ])]]]
[306203, 13, 'birth', 3, 23, 0, [[array([[ 1.38590499, -1.33809847,  0.23313959, -2.19346937,  0.80879184,
        -1.09214411],
       [-1.3191886 , -1.50349281, -2.40478148, -2.44948974, -2.44948974,
         1.13139634],
       [ 0.49578029, -2.01122272, -0.96020842, -0.32134873,  0.99499332,
         1.92459656],
       [ 2.44948974, -0.73167718,  0.92269551,  1.62266753, -1.74411767,
        -0.85212988],
       [-1.13715091,  0.41092676, -1.06287122,  1.83254395,  0.80391794,
         0.76935445],
       [-0.16782204, -1.0133858 , -0.00392439, -2.34280992, -2.39973676,
         1.82798064]]), array([[ 0.91642305, -1.41421356],
       [ 0.26582624, -1.41421356],
       [ 1.41421356,  1.11179369],
       [-1.37056069,  1.41421356],
       [ 1.41421356, -1.21925626],
       [ 1.41421356,  1.20393084]])], [array([-1.87083561, -0.09831638,  0.70987157,  1.1054382 , -1.05746714,
        1.57528083]), array([0.71722377, 1.14817396])]]]
[825758, 22, 'death']
[825958, 15, 'death']
[826108, 7, 'death']
[826258, 4, 'death']
[826408, 8, 'death']
[826558, 12, 'death']
[826758, 16, 'death']
[826908, 11, 'death']
[827058, 14, 'death']
[827208, 20, 'death']
[827358, 2, 'death']
[827508, 23, 'death']
[827658, 5, 'death']
[827808, 19, 'death']
[827958, 9, 'death']
[828108, 21, 'death']
[828258, 1, 'death']
[828408, 24, 'death']
[828558, 3, 'death']
[828758, 17, 'death']
[829108, 15, 'birth', 8, 19, 0, [[array([[-2.15975099, -2.32918091, -1.67499182, -2.44948974, -2.44948974,
         1.93030705],
       [ 1.11479384, -0.41057574, -1.21498415,  0.40274502,  1.7316793 ,
        -1.30908584],
       [-1.09481387, -2.17087509,  1.84147386,  1.0097319 ,  1.56636574,
         0.03353067],
       [ 2.33582055,  0.43042756,  0.99085756, -2.42065858,  0.91244998,
         0.98336593],
       [-1.96905461, -1.34858103, -2.3134112 ,  1.8861    ,  1.89324637,
         1.51424654],
       [-0.95450318,  1.39561721,  2.44948974, -1.68337115,  1.25757402,
        -2.26449281]]), array([[ 1.41421356,  1.41421356],
       [-0.01549811, -1.28048534],
       [ 0.22907527, -0.65885542],
       [ 1.41421356, -1.41421356],
       [ 0.06840194, -0.22666735],
       [-1.14600928,  1.41421356]])], [array([-0.15010312,  1.21764624,  0.42324067, -0.29431245,  2.44948974,
       -1.01747884]), array([1.41421356, 0.26615516])]]]
[829108, 12, 'birth', 8, 0, 0, [[array([[-2.44948974, -2.32918091, -1.44934946, -2.42185696, -2.43389524,
         1.93030705],
       [ 1.11479384, -0.37463423, -0.68791233,  0.40274502,  1.00073845,
        -1.30908584],
       [-0.74546056, -2.17087509,  1.84147386,  1.0097319 ,  1.56636574,
         1.65077503],
       [ 2.27691236,  1.02007535, -2.44948974,  0.38712649, -0.66576902,
        -0.89387071],
       [ 1.97735015, -0.5546531 , -1.32725819, -1.01374224, -0.64378576,
        -1.55338173],
       [ 0.15911003, -0.2495368 ,  0.93085856,  2.21362886,  0.60659737,
         1.39920498]]), array([[-1.41421356,  0.73709053],
       [ 0.41308953,  0.63177834],
       [-1.22715977, -1.41421356],
       [ 1.41421356,  0.92237647],
       [-1.0153262 ,  1.41421356],
       [-1.41421356, -0.31809878]])], [array([-2.44948974,  2.44948974,  1.63364315, -0.01386793,  0.94809189,
       -2.44948974]), array([0.81363608, 0.3121007 ])]]]
[829108, 1, 'birth', 8, 23, 1, [[array([[-2.15975099, -2.32918091, -1.44934946, -2.44948974, -2.43389524,
         1.19021922],
       [ 1.11479384, -2.44948974, -0.68791233,  0.40274502,  0.04018672,
        -1.30908584],
       [-1.09481387, -2.44948974,  1.84147386,  0.31227727, -0.16631346,
        -0.28925572],
       [ 2.44948974,  0.15832401,  0.75956511,  1.23474164,  1.25652112,
         2.18257015],
       [-1.59727568,  2.31910978, -0.241097  ,  2.27276994, -1.55762506,
        -2.08766032],
       [ 2.44948974, -1.23772292, -0.29456925, -2.37974765,  2.05792313,
         0.96794076]]), array([[ 0.26210343, -1.18588371],
       [ 1.41421356, -1.41421356],
       [ 0.74315366,  1.16317819],
       [ 1.23946948, -0.94158828],
       [-1.0710769 , -1.21925626],
       [ 1.41421356,  1.20393084]])], [array([-1.87083561, -0.9792476 ,  0.70987157,  1.1054382 , -1.05746714,
        1.57528083]), array([0.71722377, 1.14817396])]]]
[855208, 6, 'death']
[882408, 10, 'death']
[888358, 18, 'death']
[903059, 0, 'death']
[917009, 13, 'death']
[984659, 15, 'death']
[984809, 12, 'death']
[984959, 1, 'death']
[985109, 'Extinction!']
