[time, indiv, parent1, parent2, gender, brain]
[150, 13, -1, -1, 0, [[array([[-2.37224495, -2.19113123, -2.29532494, -1.34124059, -1.37040559,
         0.16070363],
       [ 0.72364012,  1.74368206, -2.38767294, -0.44745872,  0.34987153,
         0.31152323],
       [-0.58892076, -1.75424599,  0.72021689,  0.42839882, -1.72094988,
        -0.21518781],
       [ 0.9391291 ,  0.24209872,  0.80688364,  1.20940387,  0.54154436,
         0.36901363],
       [-1.38660116, -1.41558036,  2.43342322,  1.00379635, -2.03260595,
        -2.33658829],
       [-2.22662938,  0.72335409,  0.49087675,  1.35423001,  1.34225022,
        -1.94055301]]), array([[-2.11195189, -1.73704862],
       [ 0.95881639,  1.64481234],
       [-2.20386942,  0.75382698],
       [-2.13580269, -0.61230264],
       [ 0.39171022,  0.54128346],
       [ 1.00788095, -1.40271245]])], [array([ 0.37953114, -2.37874405,  1.20748031,  0.12638993, -2.16498879,
        2.35422345]), array([-1.86480074, -0.41957306])]]]
[150, 0, -1, -1, 1, [[array([[-1.55160091, -1.68567449, -2.06748819,  0.16684086, -0.93987706,
         1.06274877],
       [-0.80354095,  0.51483282, -2.36760609,  2.30920372, -0.36428659,
        -0.86061289],
       [-0.79655045, -0.23144361,  0.84672198, -2.04826856,  0.31757062,
        -2.13204523],
       [-1.37574597,  1.1547133 ,  2.14741023, -1.2900562 ,  2.03390085,
        -0.96354817],
       [ 2.26707073,  1.29548546, -1.93897834,  1.1926821 , -0.86816663,
         1.79269303],
       [-0.06251347,  1.49005351, -0.71165013,  0.77407531,  0.86034459,
        -0.67654982]]), array([[ 0.43332646,  0.59770786],
       [ 1.95065683, -1.06514117],
       [ 2.22263558, -0.78572202],
       [ 1.57840037, -1.76630235],
       [ 1.25884839, -0.15303878],
       [ 0.67297165, -0.87790714]])], [array([-0.61714257, -2.17437166, -0.44172753,  2.10522812, -0.34756373,
        1.92166478]), array([-0.28468858,  0.36586505])]]]
[150, 6, -1, -1, 0, [[array([[ 0.53105403, -0.40861423,  1.90264025,  2.21262541,  1.86200003,
         1.90422162],
       [-1.73387543,  1.87363096,  1.49891281,  0.40517854, -2.00584818,
        -0.24764469],
       [ 0.58567917,  2.25619842, -1.93405022, -1.70856641,  2.30397267,
        -2.11551439],
       [ 2.15025609, -0.58525547,  1.17370408,  0.58507955,  1.26804945,
        -0.685782  ],
       [ 1.3870505 , -0.78147783, -1.07201933,  0.93120003,  0.86985604,
        -0.31063669],
       [ 0.81872136,  1.87768163,  1.56942635,  2.39069892, -0.74681361,
        -1.61696162]]), array([[ 1.82096307, -0.99342534],
       [-1.95363218,  0.31901087],
       [-1.96855405, -0.18716806],
       [ 2.24664008,  0.11269728],
       [ 2.19706813,  1.44424893],
       [ 0.06181374,  0.01027922]])], [array([-2.44022714, -0.09575048,  1.81583345, -0.03716632, -0.89636245,
       -1.3935058 ]), array([1.48014703, 0.62212788])]]]
[150, 22, -1, -1, 1, [[array([[-0.38111683, -0.7923544 , -0.65707167, -1.00188821, -0.49597832,
        -0.78639598],
       [ 1.27667104,  0.91032312, -1.98947337, -0.53063155,  0.18291189,
         2.31426511],
       [ 1.91772519, -1.55314796,  0.66151503,  0.08268382,  0.55770865,
         1.4657265 ],
       [ 0.70016454,  0.12439974,  2.31275423, -0.35661053, -2.10106437,
        -2.13199119],
       [-2.17783477, -2.29853915,  1.58470014, -2.21548602,  0.54688504,
        -2.38124057],
       [ 1.91536949,  2.40654091,  1.98419933, -1.79434987, -1.03140866,
        -0.66740618]]), array([[-1.98115693,  0.23864635],
       [-0.51782693,  1.31263477],
       [ 0.94751861,  0.3523792 ],
       [ 0.75930603,  0.55260257],
       [-0.9108806 , -1.0508397 ],
       [-0.06541286,  1.80779589]])], [array([-1.83278395,  0.8530883 , -2.17669492, -1.93414461,  1.9015162 ,
       -1.28248778]), array([-1.6305975 ,  1.35669915])]]]
[150, 11, -1, -1, 0, [[array([[-1.79746501,  0.28971613, -1.7069901 , -2.31876641,  0.33113904,
         1.37434678],
       [-1.28135447, -1.99563578,  0.63063202, -0.89205237,  2.43582805,
         0.37221864],
       [ 2.26122702,  1.576099  ,  0.88481415,  1.17051678, -0.28638469,
         0.01677812],
       [ 0.96286127, -2.23533109, -0.73349087, -0.82575989,  0.50479664,
        -1.13053851],
       [ 1.69459571, -0.48092699,  1.0743935 , -2.09001024, -2.43380353,
         2.13881966],
       [-1.10757276,  0.89987657,  0.8446558 , -2.02094567, -0.13879245,
        -1.11958332]]), array([[-0.75464297,  0.48584617],
       [-1.57518921,  1.97315063],
       [ 1.71190915, -2.39210154],
       [ 0.07563216, -1.77444051],
       [-2.21880914,  0.0062677 ],
       [ 0.1748061 ,  1.19445686]])], [array([ 1.08440244,  0.51600376, -1.45798085,  0.50785656,  1.96650859,
       -1.75934773]), array([1.8678073 , 2.25088293])]]]
[150, 8, -1, -1, 1, [[array([[ 0.18960167,  1.71918254, -1.62143476, -1.67770636,  0.23901301,
         1.78145322],
       [-0.18961676, -1.34419949,  1.16946823,  1.0028981 ,  1.28618761,
        -0.77722752],
       [-2.38758438, -1.10052962,  1.01853598,  2.25200673, -0.65508289,
         1.53439667],
       [-0.65153878, -0.25563139,  1.11786345,  0.72400721, -2.37016521,
         1.14883056],
       [ 0.74772607,  2.01139989, -1.82843181,  1.8448877 ,  1.87289279,
        -2.2795788 ],
       [-0.66658325, -1.52981586,  0.56864572, -1.35919517, -0.65107192,
         0.26978801]]), array([[-2.35257489, -1.28170634],
       [ 1.36039249,  1.78205595],
       [ 1.79036643, -0.28089437],
       [ 0.61687445,  0.56608021],
       [-0.41326832, -1.1891938 ],
       [-1.81916765,  1.67521331]])], [array([-1.40416046, -1.07533904, -0.56671718, -1.40796255, -0.91120762,
       -1.51444754]), array([ 0.15443887, -1.07054359])]]]
[150, 3, -1, -1, 0, [[array([[ 0.14930602,  1.88121702, -1.00260376, -1.60067244, -0.92118071,
         0.65761592],
       [ 0.81643864, -2.14320927,  0.27723514,  0.28647051,  1.02917949,
         1.70822572],
       [-0.25577047, -0.50481249,  0.10383409,  0.20823771,  1.42622442,
        -1.39286227],
       [ 0.98577448, -0.28452364, -1.75575992, -0.85869654, -1.98202189,
         1.96197218],
       [-0.82711318,  1.28239746,  1.80193572,  0.86903029, -1.56226713,
         1.32528774],
       [-1.59971477,  2.1601401 , -1.71911135, -1.78939331,  1.71677895,
        -0.86331411]]), array([[-0.60018575, -1.39957295],
       [ 0.80632475,  1.41307279],
       [ 2.17756867,  1.01208412],
       [-1.59305262,  1.41799938],
       [-0.47058438,  2.21028041],
       [ 1.94274178,  0.02626631]])], [array([-1.13981668, -1.78772822, -2.19472707,  1.78374568,  1.54473875,
        0.29273561]), array([2.0860289 , 2.05385871])]]]
[150, 15, -1, -1, 1, [[array([[-2.21930588,  1.37885006,  2.0332405 ,  1.32033312,  0.98853713,
        -0.27987423],
       [ 2.12054501, -0.00827687,  1.35953602,  1.24812867, -1.37271302,
         0.19224964],
       [-1.53711063,  1.33198995, -1.3621416 ,  2.40743122,  1.63399557,
         0.15413208],
       [-1.80069321,  2.3657318 , -2.11088601, -0.87242505,  1.88081499,
        -1.54696205],
       [ 0.04998721,  0.8761101 ,  1.04982622, -2.12645846, -1.80442234,
         1.97360839],
       [-0.6317646 ,  0.23053508, -1.98309422, -0.34932538, -1.97735473,
        -1.27314354]]), array([[-0.41208939,  1.3099709 ],
       [-0.40065572,  1.61517192],
       [-0.23482879, -2.07887784],
       [-1.50855574,  1.52180086],
       [ 0.66079824, -0.74710495],
       [-0.0177644 ,  0.56301387]])], [array([-2.15220813, -0.84706814, -0.25465754,  1.71174395,  1.56104156,
        0.22431019]), array([-1.47709634,  0.1287201 ])]]]
[150, 16, -1, -1, 0, [[array([[ 1.60972933,  0.4473874 , -0.10482912,  0.22447151, -0.95423233,
         2.18758569],
       [-1.10758494,  2.36354674, -1.39919172,  0.62820912,  1.84812076,
        -1.55141959],
       [-1.08224777, -0.22286567,  1.60139748, -1.22514189, -2.24190753,
        -1.05914706],
       [-0.17362667, -2.2440307 ,  2.26594446, -0.51782028, -1.51872496,
         1.22201127],
       [-0.82522436, -1.23591352, -2.05815424, -0.95203443,  1.06078481,
         2.26761931],
       [ 1.98217989,  2.4058491 , -0.59785053,  0.72213694, -0.04769199,
         0.37161699]]), array([[ 0.23804112,  2.2410672 ],
       [ 1.24299813, -0.05655645],
       [ 0.45599207,  0.64140679],
       [-2.17301978, -1.21816217],
       [ 1.86193253,  2.27915878],
       [ 0.16739718, -1.1569132 ]])], [array([ 1.60369185, -1.67934599, -0.53814703, -2.26905752,  1.66507485,
        0.225482  ]), array([-1.39849259,  2.44286372])]]]
[150, 14, -1, -1, 1, [[array([[-1.84413507, -1.06382418,  0.1226469 ,  1.96985957,  1.19817735,
         0.79681786],
       [ 2.30621999,  2.42190714,  1.12791269, -0.64527615,  0.70359148,
        -0.67183677],
       [-1.63883293,  1.73979421, -1.21095649,  1.20362853, -0.84769557,
         2.18006683],
       [-2.43484559,  1.81069091,  0.07468116, -1.81576489,  1.43314149,
         0.77475686],
       [ 2.37065585,  1.10253874, -1.97002964,  0.59417221,  1.37086526,
        -1.29874408],
       [-2.02147211,  1.67536545,  0.15698369, -0.24484871,  1.67505333,
        -0.36171647]]), array([[ 2.23203401,  0.57974159],
       [ 2.2030736 , -1.37531283],
       [-2.20377702, -1.57836726],
       [-2.30322904,  1.29404225],
       [-0.42763881,  0.46700954],
       [ 1.39306771,  1.05295365]])], [array([ 0.79877226, -0.75836482, -1.78841175, -2.35752825, -1.03546992,
       -1.20175023]), array([-0.63169972, -1.39363444])]]]
[150, 24, -1, -1, 0, [[array([[ 2.32911555, -2.2886495 , -0.79296837, -0.41922041,  2.00826877,
        -2.32492007],
       [-0.89868801, -0.31776266,  0.15431942,  1.07742249, -2.12803397,
         1.7639825 ],
       [-2.37785317,  0.09534984,  0.38940707,  0.63904838, -2.04161241,
         1.01740573],
       [-0.77512365,  2.21517983,  0.13125744, -0.800969  ,  1.70356297,
        -2.09661008],
       [ 2.1451653 ,  0.88458935,  1.67401073,  1.75005059,  0.03137462,
        -1.35544306],
       [-1.5345886 ,  0.7397725 , -1.16178782,  0.92955364, -1.6615845 ,
        -0.77344722]]), array([[ 1.72698282, -1.64609649],
       [ 0.09850841, -2.18328978],
       [-2.26951003, -1.56738325],
       [ 0.18540401,  1.92899497],
       [-1.4260587 ,  2.28022587],
       [-1.26396369, -2.40911244]])], [array([ 1.87441118, -0.69675482, -2.14274491,  0.80625664,  1.64476386,
       -1.86843619]), array([ 2.24590806, -1.49519663])]]]
[150, 23, -1, -1, 1, [[array([[ 1.18363896,  2.24717089,  0.21662323, -0.03582266, -1.45633391,
        -2.24019536],
       [-2.26176218, -2.27340351, -0.3945287 ,  0.26151063, -2.03203594,
         1.54998764],
       [ 2.25329827,  0.33826572, -2.26034996,  2.26436802,  1.27499127,
        -0.49426788],
       [ 1.86322775,  0.33375681, -0.23371448, -0.0183417 , -1.27262106,
        -0.79343217],
       [ 0.05659524,  0.17512896,  0.70211859,  1.89732671,  1.72630343,
         2.14552854],
       [ 0.72786008,  0.10333614,  2.21169828,  0.05159784, -0.71548903,
        -2.0064469 ]]), array([[ 1.85925278,  0.86382451],
       [-0.21325111, -0.29896001],
       [-0.61030225,  1.93155933],
       [-1.67046718,  2.43148837],
       [-1.49398668, -1.96816655],
       [-0.16072101,  1.70066869]])], [array([ 1.1938492 , -0.29613116,  0.03444662,  0.99679462,  0.45155501,
        0.29411489]), array([-0.57482818,  1.92293952])]]]
[150, 9, -1, -1, 0, [[array([[ 2.14306143e-01,  3.47024276e-01, -2.27384446e+00,
         4.93643711e-01,  2.60925825e-01, -6.43333245e-01],
       [-2.15200009e+00,  2.26119283e-01,  1.62928891e+00,
         9.75142096e-01,  9.36516457e-01, -2.22753907e+00],
       [-1.27805550e+00,  1.12535181e+00, -2.39488804e+00,
         1.33522266e-01,  1.71443940e+00, -1.27016296e+00],
       [ 1.57904314e+00, -9.69602961e-01,  3.32801857e-01,
         2.19751593e+00,  1.30625400e+00, -8.36365130e-01],
       [-1.73504991e+00, -2.09352485e+00, -1.21104417e+00,
         1.71761202e+00, -7.04141092e-04,  8.60748652e-01],
       [-7.77787010e-01, -1.29079766e+00,  2.97185871e-01,
         2.29397119e+00, -2.10057669e+00, -1.74428413e-01]]), array([[-2.19802171, -2.14685599],
       [-0.09845597,  1.84485965],
       [-0.02643414,  1.14037767],
       [ 0.35604851,  0.46975799],
       [ 0.55859507, -1.30994012],
       [ 2.33057531, -1.27650966]])], [array([-1.67875012,  0.9667254 ,  0.64284227, -2.4229173 ,  1.91075436,
        2.27630346]), array([2.15013475, 2.42992778])]]]
[150, 19, -1, -1, 1, [[array([[-0.27052061,  0.00435017, -1.50878264, -1.21450215, -0.96739199,
        -2.14689329],
       [-0.35173665, -2.20665817,  0.94037425, -0.21220407,  1.09931487,
         1.73273283],
       [-0.23104348,  0.3606997 , -1.33777005,  0.20069383, -1.2915758 ,
        -0.15566322],
       [-1.22418599, -0.59401725, -1.07670273,  1.6586154 , -0.39133552,
         0.5119505 ],
       [ 0.47702665,  0.64401312,  0.83325984, -1.41126524,  0.67569032,
         0.78946944],
       [-1.78287589, -1.89770348, -1.71763126, -0.40849504,  2.14984213,
         2.192813  ]]), array([[-2.42216352,  2.11790144],
       [-0.96358822, -1.27738966],
       [ 0.82684085,  0.8144014 ],
       [ 0.47250627, -2.23431901],
       [-1.23863113, -2.08072736],
       [-1.85513174, -0.90004282]])], [array([ 0.14367256, -0.22690223,  1.94785864,  0.62106682,  0.65639046,
        0.52595988]), array([2.28560786, 1.9901416 ])]]]
[150, 10, -1, -1, 0, [[array([[ 8.15265050e-01, -2.43405455e+00,  2.65628256e-01,
         1.01033265e-01,  1.47759809e+00, -1.13183625e+00],
       [-1.51963786e+00,  8.97344669e-01, -1.67085300e+00,
         1.80617897e-01,  2.06743353e+00, -1.11549262e+00],
       [-1.85793065e+00, -2.02733864e-01, -1.57244663e+00,
         2.80007501e-01, -8.68254667e-01,  2.18532423e+00],
       [ 2.06823449e-01,  1.67949697e+00,  1.88007963e+00,
        -8.26623157e-01, -9.21534344e-01, -5.31585561e-01],
       [-1.99210509e+00, -2.12571112e+00,  1.08901321e+00,
         8.43643269e-01,  8.11475125e-02, -1.25778629e+00],
       [-1.30428943e+00, -2.62791006e-01,  2.16200670e-01,
         2.32957535e-03,  1.77154160e+00, -1.49628021e+00]]), array([[ 2.02874633, -0.73438506],
       [ 1.1041536 ,  0.5746284 ],
       [ 1.78694331, -0.09394887],
       [-0.02783286,  0.87907872],
       [ 0.02685161, -1.0546668 ],
       [-2.12807092,  1.35975378]])], [array([ 1.96875851, -0.95376786,  0.36045788, -1.94179062,  0.97455165,
       -0.31524755]), array([-1.38124453, -1.43940785])]]]
[150, 5, -1, -1, 1, [[array([[-2.13880972, -0.95093244,  0.89719259, -0.83310521,  0.76193374,
         1.65955717],
       [ 1.72963369, -0.75988142,  1.69890035,  2.13088014,  0.75885254,
        -2.20050669],
       [ 1.14932108,  2.21352873,  0.08740131,  1.70771589,  0.55429132,
         1.80770985],
       [-1.77526294, -0.59901213,  1.39926274,  0.88480622, -1.58133134,
        -1.60390059],
       [-2.11076984, -0.48156331,  0.08143376,  2.28867725, -0.3945865 ,
        -0.87078307],
       [ 0.59315361,  2.34315551,  1.70050823, -1.47886607,  1.87142963,
        -0.64529066]]), array([[ 0.66271337, -2.27564464],
       [ 0.35112649, -2.30664645],
       [ 1.12220054,  0.40988965],
       [ 0.98392425,  1.83040028],
       [-0.15430219, -1.60217393],
       [-0.99383487, -0.2189314 ]])], [array([ 1.3750905 ,  0.73341022,  2.44017876,  0.95367869, -0.68455456,
       -2.0930148 ]), array([1.38930968, 0.47597606])]]]
[150, 18, -1, -1, 0, [[array([[-1.00730348, -1.43462605,  1.7252872 , -0.51271789,  1.48631001,
         0.1554605 ],
       [-1.70220588,  2.28184338,  0.23791474, -1.71718462,  0.00697587,
         1.41514487],
       [-1.8481057 ,  0.95547953, -2.24096344, -1.40944418,  1.99884479,
         0.62586292],
       [-0.40821238, -0.47972268, -1.48846288,  2.12904767, -1.36020397,
        -0.59455999],
       [ 0.5704871 , -0.50206906, -0.23955594, -0.41669564, -0.89625103,
        -0.23224978],
       [ 0.24342113, -0.838302  ,  1.44804011,  1.29034426, -0.33733585,
         1.21934046]]), array([[-1.55243537,  1.0749445 ],
       [ 1.85989958,  0.22077396],
       [-1.46021806,  0.76362013],
       [ 0.26201612, -0.8914849 ],
       [ 0.25205242, -2.22610788],
       [-1.51980611, -2.11424222]])], [array([-1.17108704,  0.95057007,  0.24683964,  2.14007104, -1.07355213,
        1.29732997]), array([1.21725211, 1.31649664])]]]
[150, 4, -1, -1, 1, [[array([[-0.15318827, -2.14681753,  1.18434382, -1.86485032,  1.149584  ,
         1.15980233],
       [ 0.23186659, -1.26134093,  2.01602979, -2.16293754,  0.24900777,
         0.89923339],
       [-0.52710244,  1.24763109, -2.10123773,  1.18570334, -1.85831841,
        -0.97957789],
       [ 0.91952508,  2.42727   ,  1.19793668,  1.19044113, -0.4742917 ,
        -0.91434024],
       [ 2.03420312,  1.37647403, -0.43556243, -1.16463537, -0.82931697,
        -1.29135178],
       [-1.16054699,  2.23953741, -1.14376955,  0.81092977,  1.86816809,
         2.29474561]]), array([[-1.49358642, -0.07472433],
       [-0.11750056, -0.30226448],
       [ 1.01494342, -1.37437874],
       [-0.75654093,  1.01389467],
       [-1.34445535, -1.67610052],
       [ 2.40307605,  0.05750481]])], [array([ 1.12246132,  1.67750304,  1.59931866, -0.10757286, -1.56437318,
       -1.70643214]), array([ 0.54308555, -1.46352384])]]]
[150, 7, -1, -1, 0, [[array([[-0.50259204,  2.44417559,  1.24268704, -1.97131759, -1.14315904,
         1.16623791],
       [ 1.78696495,  1.98324224, -1.90579169,  0.30732765,  0.87642103,
        -2.1130485 ],
       [-1.96987826,  0.12454711,  1.0731597 , -0.18209264, -0.03219508,
        -0.83361846],
       [ 0.54398635,  0.69523589, -0.03803429, -2.05368875, -1.65456607,
         0.09774504],
       [ 1.28223527,  2.17843766, -1.59356549,  2.22795816, -2.08988851,
        -1.35499851],
       [-0.24258202,  2.20218494, -2.2873933 ,  2.33555398,  1.41995286,
         2.0298796 ]]), array([[-0.40671649, -1.54802738],
       [-2.08972813, -1.27249618],
       [ 1.41654407, -0.59519167],
       [-1.22210361,  1.20021195],
       [ 1.52305275,  0.21282865],
       [ 0.40382241,  1.88616128]])], [array([ 1.14179963,  1.38835238, -2.26540949,  1.49352997,  2.10084214,
        1.16931885]), array([ 1.36278558, -0.61595922])]]]
[150, 12, -1, -1, 1, [[array([[ 0.87592699, -1.70215693, -1.36132599, -0.37705585,  1.90390115,
        -1.00582641],
       [-1.30567835, -2.05825437,  1.59728157, -2.3364289 , -0.48369775,
        -2.25708753],
       [-0.92718159, -0.3162117 , -0.48559208,  2.42202189, -0.47446244,
         2.31971206],
       [-0.13590384,  1.03452597, -2.27471173, -1.15821198,  1.27738578,
         0.13184363],
       [ 0.99072432,  0.21860669, -1.19373122,  1.57966821,  0.77421074,
         1.14630411],
       [-0.69147157, -0.51012235, -1.05290778,  1.55030608, -1.25160288,
         1.78006019]]), array([[-0.65825592, -1.17796122],
       [ 2.12350069, -0.65763271],
       [ 0.25374059, -1.65884394],
       [-1.34331057, -2.44531329],
       [-1.89194701, -2.04681576],
       [ 0.48747365, -1.63174602]])], [array([-2.23016684, -0.31824798, -0.59499905,  0.97843796, -2.21268749,
        1.6145379 ]), array([0.80856951, 1.39120164])]]]
[20100, 1, 'birth', 24, 22, 1, [[array([[ 2.32911555, -2.2886495 , -0.79296837,  0.03732463,  2.00826877,
        -1.71907746],
       [-0.89868801, -0.31776266,  0.15431942,  2.00145551,  0.01047092,
         1.7639825 ],
       [-2.37785317,  0.09534984,  0.38940707,  0.63904838, -2.04161241,
         1.01740573],
       [-0.77512365,  2.21517983,  0.13125744, -0.800969  ,  2.44948974,
        -2.09661008],
       [ 2.1451653 ,  0.88458935,  1.67401073,  1.75005059,  0.03137462,
        -1.35544306],
       [ 1.67694916,  0.7397725 , -1.16178782,  0.92955364, -1.6615845 ,
        -0.07365719]]), array([[ 1.41421356, -1.41421356],
       [ 1.41421356, -1.41421356],
       [-1.41421356, -1.41421356],
       [ 0.18540401,  1.41421356],
       [-1.41421356,  1.41421356],
       [-1.26396369, -1.41421356]])], [array([-1.83278395, -0.86709216, -2.44948974, -1.93414461,  1.9015162 ,
        0.54245824]), array([-1.41421356,  1.35669915])]]]
[87750, 17, 'birth', 16, 1, 1, [[array([[ 2.44948974,  0.4473874 , -0.10482912,  0.22447151, -0.95423233,
         2.18758569],
       [-0.04098011,  2.36354674, -1.39919172,  0.62820912,  1.84812076,
        -1.55141959],
       [-1.08224777, -0.22286567,  1.60139748, -1.22514189, -2.24190753,
        -1.05914706],
       [-0.17362667, -2.2440307 ,  2.26594446, -0.51782028, -1.02020793,
         1.52312394],
       [ 2.44948974, -2.44948974, -2.44948974, -0.95203443, -0.01004165,
         2.26761931],
       [ 1.98217989,  2.44948974, -1.09550961,  0.72213694,  1.8951166 ,
         0.37161699]]), array([[ 0.23804112,  1.41421356],
       [ 1.24299813, -0.05655645],
       [ 0.45599207,  0.64140679],
       [-1.41421356, -1.41421356],
       [ 1.41421356,  1.41421356],
       [-0.9890053 ,  0.10141897]])], [array([ 1.60369185, -1.67934599, -0.53814703, -1.93414461,  1.9015162 ,
        0.54245824]), array([-1.41421356,  1.35669915])]]]
[87750, 20, 'birth', 24, 23, 0, [[array([[ 2.32911555, -2.2886495 , -0.79296837, -0.41922041,  2.00826877,
        -2.32492007],
       [-0.89868801, -2.44948974,  0.15431942,  0.26151063, -2.03203594,
         1.54998764],
       [ 2.25329827, -1.12072539, -2.26034996,  2.26436802,  1.27499127,
        -2.44948974],
       [ 2.44948974,  0.33375681, -0.23371448, -0.0183417 , -1.27262106,
         1.75469123],
       [ 0.05659524,  0.17512896,  0.70211859,  1.89732671,  1.72630343,
         0.5650332 ],
       [ 0.72786008,  0.10333614,  2.21169828,  0.05159784, -2.44948974,
        -2.0064469 ]]), array([[ 1.41421356,  0.86382451],
       [-0.21325111, -0.29896001],
       [ 0.3938796 ,  1.41421356],
       [-1.41421356,  1.41421356],
       [-1.41421356, -1.41421356],
       [-0.16072101,  1.41421356]])], [array([-1.56312394, -0.29613116, -1.30902912,  2.44948974, -0.41297242,
       -2.44948974]), array([-1.02889652,  1.41421356])]]]
[98500, 2, 'birth', 11, 0, 0, [[array([[-1.79746501,  0.28971613, -1.7069901 , -2.31876641,  2.44948974,
         1.37434678],
       [-1.28135447, -1.99563578,  0.63063202, -0.89205237,  2.43582805,
         0.37221864],
       [ 2.26122702,  1.576099  ,  0.88481415, -1.70876321, -2.4069632 ,
         0.01677812],
       [ 0.96286127, -2.23533109, -0.73349087, -0.82575989,  1.39930018,
        -1.13053851],
       [ 1.69459571, -0.48092699, -2.44948974, -2.09001024, -2.43380353,
         2.13881966],
       [-1.10757276, -2.44948974,  0.8446558 ,  0.90492722, -0.13879245,
         2.01165146]]), array([[-0.69576941,  0.48584617],
       [-1.41421356,  1.41421356],
       [ 1.41421356, -1.41421356],
       [ 0.07563216, -1.41421356],
       [-1.41421356,  0.0062677 ],
       [ 0.1748061 , -0.5556582 ]])], [array([-2.10106696,  0.51600376, -1.45798085,  0.50785656, -0.34756373,
        0.61656609]), array([-0.28468858,  0.36586505])]]]
[317953, 21, 'birth', 6, 4, 1, [[array([[ 0.53105403,  1.5139524 ,  1.90264025, -0.52119379,  1.86200003,
         2.03561084],
       [-1.73387543,  1.87363096,  1.49891281,  0.40517854, -2.00584818,
        -0.55479645],
       [ 0.58567917,  2.25619842, -1.93405022, -1.70856641,  2.30397267,
        -2.11551439],
       [ 2.15025609, -0.58525547,  1.17370408,  0.58507955,  1.26804945,
        -1.3470057 ],
       [ 1.3870505 , -0.78147783, -2.17546832, -0.27664933,  0.86985604,
        -0.31063669],
       [ 0.48832012,  1.87768163,  1.56942635,  2.39069892, -0.88711714,
        -2.44948974]]), array([[ 1.41421356, -0.99342534],
       [-1.41421356,  0.31901087],
       [-1.41421356, -0.18716806],
       [ 1.41421356,  0.11269728],
       [ 1.41421356,  1.41421356],
       [ 1.41421356,  0.05750481]])], [array([ 1.12246132,  1.67750304,  1.59931866,  0.34330531, -2.44948974,
       -1.70643214]), array([ 0.54308555, -1.41421356])]]]
[832358, 13, 'death']
[832508, 0, 'death']
[832658, 6, 'death']
[832808, 22, 'death']
[832958, 11, 'death']
[833108, 8, 'death']
[833258, 3, 'death']
[833408, 15, 'death']
[833558, 16, 'death']
[833708, 14, 'death']
[833858, 24, 'death']
[834008, 23, 'death']
[834158, 9, 'death']
[834308, 19, 'death']
[834458, 10, 'death']
[834608, 5, 'death']
[834758, 18, 'death']
[834908, 4, 'death']
[835058, 7, 'death']
[835208, 12, 'death']
[835558, 24, 'birth', 6, 0, 0, [[array([[ 0.53105403, -0.40861423, -2.44948974,  2.21262541,  1.86200003,
         1.90422162],
       [-1.73387543,  1.87363096,  1.49891281,  0.40517854, -0.31376383,
        -0.24764469],
       [ 0.58567917,  2.25619842,  0.78194035, -1.70856641,  2.30397267,
        -2.11551439],
       [ 2.15025609, -2.4154365 ,  2.44948974,  0.58507955,  1.26804945,
        -2.44948974],
       [ 2.26707073,  1.29548546, -1.93897834,  2.44948974, -0.86816663,
         1.79269303],
       [-0.06251347,  1.49005351, -0.71165013,  0.77407531,  0.86034459,
        -0.67654982]]), array([[-1.41421356,  1.41421356],
       [ 1.41421356, -1.06514117],
       [ 1.41421356, -0.78572202],
       [ 1.41421356, -1.41421356],
       [ 1.25884839, -0.15303878],
       [ 0.67297165, -0.02449877]])], [array([-0.61714257, -2.17437166, -0.44172753,  2.10522812, -0.34756373,
        2.44948974]), array([-0.28468858,  0.36586505])]]]
[835558, 3, 'birth', 20, 1, 0, [[array([[-0.63411638, -2.2886495 , -0.79296837, -0.41922041,  2.00826877,
        -2.32492007],
       [ 2.44948974, -0.13729808,  0.15431942,  1.59262063, -2.03203594,
         1.54998764],
       [ 2.16370067, -1.12072539, -2.26034996,  2.26436802,  1.27499127,
        -2.44948974],
       [ 0.86287993,  0.33375681, -2.44948974, -0.0183417 , -1.27262106,
         1.75469123],
       [ 0.05659524,  0.17512896,  1.67401073,  1.75005059,  0.03137462,
        -1.35544306],
       [ 1.67694916,  0.7397725 , -1.16178782,  0.92955364,  1.36571229,
        -0.07365719]]), array([[ 1.41421356, -1.41421356],
       [ 1.41421356, -1.41421356],
       [-1.41421356, -1.41421356],
       [ 0.18540401,  1.41421356],
       [-0.39743482, -0.5024672 ],
       [ 1.25126661, -1.41421356]])], [array([-1.83278395, -0.86709216, -2.44948974, -1.93414461,  1.9015162 ,
        0.54245824]), array([-1.41421356,  1.35669915])]]]
[835558, 11, 'birth', 20, 22, 1, [[array([[ 2.32911555, -2.2886495 , -0.79296837, -0.41922041,  2.00826877,
        -2.32492007],
       [-0.89868801, -2.44948974,  0.15431942,  0.26151063, -0.7631308 ,
        -0.907234  ],
       [ 2.25329827,  2.44948974, -2.44948974,  2.26436802,  1.27499127,
        -2.44948974],
       [ 2.44948974,  1.57509916, -0.23371448, -0.35661053, -2.10106437,
        -1.24523609],
       [-2.17783477, -2.29853915,  1.58470014, -2.21548602,  0.54688504,
        -2.38124057],
       [ 1.91536949,  2.40654091,  1.98419933, -1.79434987,  1.12742832,
        -1.86797908]]), array([[ 0.3573333 ,  0.23864635],
       [-0.51782693,  1.41421356],
       [ 0.94751861,  0.54411402],
       [ 0.75930603,  0.55260257],
       [-0.9108806 , -1.0508397 ],
       [-0.06541286,  1.41421356]])], [array([-1.83278395,  0.8530883 , -2.17669492, -2.44948974, -0.59606858,
       -1.28248778]), array([-1.41421356,  1.35669915])]]]
[835558, 8, 'birth', 6, 1, 0, [[array([[ 0.53105403, -2.44948974,  1.90264025,  2.21262541,  1.86200003,
         1.90422162],
       [-1.73387543,  1.87363096,  1.49891281,  0.40517854, -2.00584818,
        -0.24764469],
       [ 0.58567917, -1.27888841, -1.93405022, -1.70856641,  2.42782478,
        -2.11551439],
       [ 2.15025609, -0.58525547,  1.17370408,  0.58507955,  1.26804945,
        -0.685782  ],
       [ 1.3870505 ,  1.15440759, -1.07201933,  0.55340696,  2.43279114,
        -0.31063669],
       [ 0.81872136,  1.87768163,  2.41288186,  2.39069892, -0.74681361,
        -1.61696162]]), array([[ 1.41421356,  0.47694446],
       [-1.41421356,  0.31901087],
       [-1.41421356, -0.18716806],
       [ 1.41421356, -1.41421356],
       [ 1.41421356,  1.41421356],
       [-1.26396369, -1.41421356]])], [array([-0.50953676, -0.86709216, -2.44948974, -1.93414461,  1.9015162 ,
        0.54245824]), array([-1.41421356,  1.41421356])]]]
[835558, 22, 'birth', 18, 1, 1, [[array([[-1.00730348, -2.14189447,  1.7252872 , -0.36516348,  1.48631001,
         0.1554605 ],
       [-1.70220588, -1.04514411,  0.23791474, -1.71718462,  0.00697587,
         1.41514487],
       [-1.8481057 ,  0.95547953, -2.24096344, -1.40944418,  1.99884479,
         0.77062085],
       [-0.40821238,  1.65532207, -1.48846288,  2.12904767, -1.36020397,
        -2.09661008],
       [ 2.1451653 , -2.33091365,  1.67401073,  1.75005059,  0.03137462,
        -2.44948974],
       [ 1.67694916,  0.7397725 , -1.16178782,  0.92955364, -1.6615845 ,
        -2.44948974]]), array([[ 1.41421356, -1.41421356],
       [ 1.41421356, -1.41421356],
       [-1.41421356, -1.41421356],
       [ 0.05753741,  1.41421356],
       [-1.41421356,  1.41421356],
       [-1.26396369, -1.41421356]])], [array([-1.83278395, -0.86709216, -2.44948974, -1.93414461,  2.44948974,
        2.44948974]), array([-1.41421356,  1.35669915])]]]
[835558, 15, 'birth', 13, 22, 1, [[array([[-2.37224495, -2.19113123, -2.29532494, -1.34124059, -1.37040559,
         0.16070363],
       [ 0.72364012,  1.74368206, -2.38767294, -2.44948974,  0.34987153,
         0.31152323],
       [-0.58892076, -1.75424599,  1.64298392,  0.42839882, -1.72094988,
        -0.21518781],
       [ 2.44948974,  2.05799164,  0.80688364,  2.32839529,  0.54154436,
         0.36901363],
       [-1.38660116, -1.33815553,  2.43342322,  1.00379635, -2.03260595,
        -2.33658829],
       [-2.22662938,  0.72335409,  0.49087675,  1.35423001,  1.34225022,
        -0.66740618]]), array([[-1.41421356,  0.23838354],
       [-0.51782693,  1.31263477],
       [ 0.94751861,  0.3523792 ],
       [ 0.75930603,  0.55260257],
       [-0.9108806 , -1.0508397 ],
       [-0.06541286,  1.41421356]])], [array([-1.83278395,  2.44948974, -2.17669492, -1.93414461,  1.9015162 ,
       -1.28248778]), array([-1.41421356,  1.35669915])]]]
[835558, 16, 'birth', 18, 19, 0, [[array([[-1.00730348, -1.43462605,  1.7252872 , -0.51271789,  1.48631001,
         0.1554605 ],
       [-1.70220588,  2.44948974, -1.83464761, -2.14610499,  0.00697587,
         2.44948974],
       [-1.8481057 ,  0.95547953, -2.24096344, -2.35493514,  1.99884479,
         0.62586292],
       [-0.40821238, -0.47972268, -1.48846288,  2.12904767, -1.36020397,
        -0.59455999],
       [ 0.5704871 , -0.31589142, -1.77582647,  1.13358138, -0.89625103,
        -0.23224978],
       [ 0.24342113, -0.838302  ,  1.44804011,  1.29034426, -0.33733585,
         1.21934046]]), array([[-1.41421356,  1.41421356],
       [-0.96358822, -1.27738966],
       [ 0.82684085,  0.8144014 ],
       [ 0.47250627, -1.41421356],
       [-1.41421356, -1.41421356],
       [-1.41421356, -0.90004282]])], [array([ 0.14367256, -0.22690223,  1.94785864,  0.62106682,  0.65639046,
        0.52595988]), array([1.41421356, 1.41421356])]]]
[835558, 9, 'birth', 13, 21, 0, [[array([[-2.37224495, -2.19113123, -2.44948974,  2.44948974, -1.37040559,
         1.85789075],
       [ 0.72364012,  1.74368206, -1.61848818, -0.44745872, -1.288893  ,
         0.31152323],
       [-0.58892076, -1.75424599,  0.72021689,  0.42839882, -0.43388217,
        -2.44948974],
       [ 0.9391291 , -0.8274341 ,  0.80688364,  1.20940387, -2.44948974,
         0.36901363],
       [-1.38660116, -1.41558036,  2.43342322,  1.00379635, -2.03260595,
         1.36194934],
       [ 0.48832012, -2.13174654,  1.56942635,  2.39069892, -0.88711714,
        -2.44948974]]), array([[ 1.41421356, -0.99342534],
       [-1.41421356,  1.37932167],
       [-1.41421356, -0.18716806],
       [ 1.41421356,  0.11269728],
       [-0.44838404,  1.41421356],
       [ 1.41421356,  0.05750481]])], [array([ 1.12246132,  1.67750304,  1.59931866,  0.34330531, -2.44948974,
        1.48577682]), array([ 0.54308555, -0.51458216])]]]
[835558, 5, 'birth', 3, 14, 0, [[array([[ 0.14930602,  1.88121702,  0.91883256, -1.60067244, -0.92118071,
         0.65761592],
       [ 0.81643864, -2.14320927,  0.27723514,  1.00925954,  1.02917949,
         1.70822572],
       [-0.25577047, -0.50481249,  0.10383409,  0.20823771,  1.42622442,
        -1.39286227],
       [ 0.98577448, -0.28452364, -1.75575992, -1.82132594, -1.98202189,
         1.96197218],
       [-0.77508417,  1.28239746,  1.80193572,  0.86903029, -1.56226713,
         1.32528774],
       [-1.70213451,  2.1601401 , -1.71911135, -1.78939331,  1.71677895,
        -0.12192588]]), array([[-0.60018575, -1.39957295],
       [ 0.80632475,  1.41307279],
       [ 1.41421356,  1.01208412],
       [-1.41421356,  0.71153842],
       [-0.47058438,  0.45221436],
       [ 1.41421356,  0.02626631]])], [array([ 0.79877226, -0.75836482, -1.78841175, -2.35752825, -1.03546992,
       -1.20175023]), array([-0.63169972, -1.39363444])]]]
[835558, 12, 'birth', 20, 5, 1, [[array([[ 2.32911555, -2.2886495 , -0.79296837, -2.44948974,  0.76193374,
         1.65955717],
       [ 1.72963369, -0.75988142,  1.69890035,  2.13088014,  1.64722383,
        -2.20050669],
       [ 1.14932108,  2.21352873,  0.08740131,  1.70771589,  0.55429132,
         2.44948974],
       [-1.77526294, -0.59901213,  1.39926274,  0.88480622, -1.58133134,
        -1.60390059],
       [-1.51566789, -0.48156331,  0.08143376,  0.78909065, -0.3945865 ,
        -0.87078307],
       [ 0.59315361,  2.34315551,  1.70050823, -1.47886607,  1.87142963,
        -2.44948974]]), array([[ 0.66271337, -1.41421356],
       [ 0.35112649, -1.41421356],
       [ 1.12220054,  0.40988965],
       [ 0.98392425,  1.41421356],
       [-0.15430219, -1.41421356],
       [-0.99383487, -0.2189314 ]])], [array([-0.91685269,  0.73341022,  2.44017876,  0.95367869, -0.68455456,
       -2.0930148 ]), array([1.38930968, 0.47597606])]]]
[835558, 7, 'birth', 13, 5, 1, [[array([[-2.37224495, -2.19113123, -2.29532494, -1.34124059, -1.37040559,
         0.16070363],
       [ 0.72364012,  2.44948974, -1.23933888, -0.44745872,  0.34987153,
         0.31152323],
       [-0.58892076, -2.44948974,  0.72021689,  1.34651919, -1.72094988,
        -0.21518781],
       [ 0.9391291 ,  0.24209872,  0.80688364, -0.71731813,  0.54154436,
         0.36901363],
       [-1.38660116, -1.41558036,  2.43342322,  1.00379635, -2.03260595,
        -2.33658829],
       [-2.22662938,  0.72335409,  0.49087675,  1.35423001, -1.08399044,
        -1.94055301]]), array([[-1.41421356, -1.41421356],
       [ 1.41421356,  1.41421356],
       [-1.41421356,  0.75382698],
       [-1.41421356, -0.61230264],
       [-1.41421356,  0.54128346],
       [ 1.00788095, -1.40271245]])], [array([ 0.37953114,  0.73341022,  2.44017876,  0.52831775, -2.44948974,
       -2.0930148 ]), array([ 1.38930968, -0.57908922])]]]
[843258, 4, 'birth', 20, 22, 1, [[array([[ 2.32911555, -2.2886495 , -0.79296837, -0.41922041,  2.00826877,
        -2.32492007],
       [ 2.44948974, -2.44948974,  0.15431942,  0.04318908, -2.03203594,
         1.54998764],
       [ 2.25329827,  0.15821128, -2.26034996,  2.26436802,  1.27499127,
        -2.44948974],
       [ 2.44948974,  0.33375681, -0.96720003, -0.0183417 ,  0.42152433,
         2.42550974],
       [ 0.05659524,  0.17512896,  0.70211859, -0.67745693,  1.72630343,
         0.5650332 ],
       [ 0.72786008,  0.10333614,  2.21169828,  0.92955364,  0.15339179,
        -2.44948974]]), array([[ 1.41421356, -1.41421356],
       [ 1.41421356, -1.41421356],
       [-1.41421356, -1.41421356],
       [ 0.05753741,  1.41421356],
       [-1.41421356,  1.41421356],
       [-1.26396369, -1.41421356]])], [array([-1.83278395, -0.86709216, -2.44948974, -1.93414461,  2.44948974,
        1.21379657]), array([-1.41421356,  1.35669915])]]]
[850458, 1, 'death']
[851358, 10, 'birth', 5, 22, 0, [[array([[-1.11649899,  1.88121702, -0.47066527, -1.60067244, -0.92118071,
         0.65761592],
       [ 0.81643864, -1.04514411,  0.23791474, -1.71718462,  0.00697587,
         1.41514487],
       [-1.8481057 ,  0.95547953, -2.24096344, -1.40944418,  1.99884479,
         0.77062085],
       [-0.40821238,  1.65532207, -1.48846288, -2.44948974, -1.36020397,
        -2.09661008],
       [ 2.1451653 , -2.44948974,  1.67401073,  1.75005059,  0.03137462,
        -2.44948974],
       [ 1.67694916,  2.44948974, -1.16178782,  0.92955364, -1.0493445 ,
        -2.44948974]]), array([[ 1.41421356,  1.41421356],
       [ 1.41421356, -1.41421356],
       [-1.41421356, -1.41421356],
       [ 0.05753741,  1.41421356],
       [-1.41421356,  1.41421356],
       [-1.26396369, -1.41421356]])], [array([ 2.05019682, -0.86709216, -2.44948974,  0.22569202,  2.44948974,
        2.01719594]), array([-1.41421356,  1.35669915])]]]
[905459, 17, 'death']
[905609, 20, 'death']
[912659, 2, 'death']
[1042360, 21, 'death']
[1241312, 18, 'birth', 3, 4, 1, [[array([[-0.63411638, -2.2886495 , -0.79296837, -2.44948974,  2.00826877,
        -2.32492007],
       [ 2.44948974, -0.13729808,  1.13383158,  1.59262063, -2.03203594,
         1.54998764],
       [ 2.25329827,  0.15821128, -2.41501159,  2.26436802,  1.27499127,
        -2.44948974],
       [ 2.44948974,  0.33375681,  0.68674746, -0.0183417 ,  0.42152433,
         2.42550974],
       [ 0.05659524,  0.17512896,  0.70211859, -0.67745693,  1.72630343,
         1.37445745],
       [ 0.72786008,  0.10333614,  2.21169828, -0.6971819 ,  0.15339179,
        -2.44948974]]), array([[ 1.41421356, -1.41421356],
       [ 1.41421356, -1.41421356],
       [-1.41421356, -1.41421356],
       [ 0.05753741,  1.41421356],
       [-1.41421356,  1.41421356],
       [-1.26396369, -1.41421356]])], [array([-1.83278395, -0.52958261, -2.44948974, -1.93414461,  2.44948974,
        1.21379657]), array([-1.41421356,  1.35669915])]]]
[1317663, 24, 'death']
[1317813, 3, 'death']
[1317963, 11, 'death']
[1318113, 8, 'death']
[1318263, 22, 'death']
[1318413, 15, 'death']
[1318613, 16, 'death']
[1318763, 9, 'death']
[1318913, 5, 'death']
[1319063, 12, 'death']
[1319263, 7, 'death']
[1320913, 4, 'death']
[1322113, 10, 'death']
[1322313, 18, 'death']
[1322313, 'Extinction!']
