[time, indiv, parent1, parent2, gender, brain]
[150, 19, -1, -1, 0, [[array([[ 1.41442099,  0.66525749, -0.97949492,  0.57640043,  0.79436381,
        -0.51292217],
       [-2.19770159,  1.75097231,  0.92882285,  0.16617119,  0.15706117,
         0.00255437],
       [ 2.28768209,  1.09717266, -0.41727972,  0.28294174, -0.31583781,
         0.70545741],
       [ 0.00975583, -0.5638514 , -2.10594438, -0.61503598, -2.42135994,
        -1.32288512],
       [-1.6812491 ,  1.94833481,  0.86275406,  0.46245018, -0.21377262,
         1.3842484 ],
       [-0.76962032, -0.35778056,  0.40595639,  0.12412471,  2.40888464,
         0.58932271]]), array([[ 1.04833857,  0.79553999],
       [-2.21754032, -1.59259617],
       [ 1.71491783, -1.74903204],
       [-1.49387245,  1.205601  ],
       [ 2.42233671, -0.24932699],
       [-0.54501197,  1.69399529]])], [array([ 2.03557963, -1.75756783, -0.69332468,  1.05991312, -1.24212326,
        0.19901487]), array([-0.48454844, -0.15111023])]]]
[150, 6, -1, -1, 1, [[array([[-2.02371381, -0.49616481,  0.97739165,  1.75791241,  2.14624199,
         0.00833846],
       [-1.51380378, -0.80532637,  0.32929676, -1.61404611,  1.72608358,
        -0.58062777],
       [-2.32586267, -1.03183596,  1.73260707, -0.17071205,  0.61930706,
        -0.76263663],
       [ 0.91255812,  0.72847526,  1.65186987,  1.23748021, -1.02623003,
         1.48575838],
       [ 0.35530655,  1.19218237, -1.69032296, -1.73386554,  1.44550984,
        -0.56663102],
       [-0.25935985, -1.61546961, -0.60899427,  1.24007804, -2.38060584,
        -1.32160559]]), array([[-1.70357104, -1.36344406],
       [ 0.80527715,  0.61002481],
       [-1.14680154,  1.85666971],
       [-2.0458768 , -2.35654871],
       [ 1.45181683, -0.90666487],
       [-2.02318419, -2.25987938]])], [array([-0.64324877,  0.03768287, -1.05304921,  1.31910179, -0.14254377,
        1.49893542]), array([ 2.40150121, -0.73330517])]]]
[150, 13, -1, -1, 0, [[array([[ 1.64938138, -1.44161184,  1.29220838, -1.82688062, -1.20948358,
         2.06245849],
       [-0.73085085,  1.54627887, -1.29502554,  1.2684888 , -0.80043006,
        -1.3630304 ],
       [ 1.65648837, -2.00438742, -2.35231757, -0.94127612, -2.17920603,
         1.44267833],
       [-0.19707994,  2.11642365, -1.35241683,  0.24429989, -1.74023178,
        -1.76475467],
       [ 0.98494484, -0.17416699,  0.22463009,  1.07342535,  0.77906733,
         0.31614673],
       [-0.13273376,  2.33784839,  1.04205797,  2.09455706, -0.95267558,
        -1.62204085]]), array([[-0.30719494, -0.50701974],
       [ 0.22248517,  1.57810215],
       [-0.24188617,  0.96118464],
       [ 0.63218425,  0.1289587 ],
       [ 1.91359552, -2.09641126],
       [-1.0271339 , -0.55644422]])], [array([ 2.27945712, -1.12704988,  2.22841076,  1.88703338,  1.79383837,
        2.29250897]), array([ 0.62740885, -1.72426317])]]]
[150, 11, -1, -1, 1, [[array([[ 0.52726966,  1.99374219,  2.41436718, -1.23193275,  1.61960474,
        -0.16457448],
       [ 1.58824184,  0.28801659, -0.47078402, -1.98614617, -0.86532045,
        -1.93579995],
       [ 1.12354189,  0.93286954, -1.94216861, -1.72038235,  2.05472789,
        -0.26566007],
       [ 0.38303809, -0.4092581 ,  1.68322061, -0.50892884, -2.21138273,
         1.64001625],
       [ 0.83580211,  2.15670292, -2.11644098,  2.2614228 ,  1.59867551,
         0.64384703],
       [-1.52947083, -1.24954587, -0.86418746,  1.80703791, -0.28088219,
        -0.67437772]]), array([[ 2.04518665,  0.86614399],
       [-0.44632414,  2.30496267],
       [-1.87934309,  0.97637221],
       [ 0.42031508, -1.15163921],
       [-0.86927795,  2.17785796],
       [ 0.30312184, -1.99904184]])], [array([ 1.37210642, -1.78260719, -1.4994423 , -1.92919988, -1.10804703,
       -1.96174566]), array([-1.3446259 ,  0.08591109])]]]
[150, 7, -1, -1, 0, [[array([[ 1.15552158,  1.75215711, -0.77735687,  0.53582739, -2.12487001,
        -0.88683148],
       [-0.92772113, -1.32539387,  0.42720489, -1.93227171,  1.91708079,
         0.55101938],
       [-1.80102293,  0.81071289,  1.15846685, -0.89336048, -0.4021593 ,
         2.05550247],
       [ 1.42765443,  0.08662033,  1.2263121 ,  1.39157291, -2.33010474,
        -2.40837651],
       [-1.02908969, -0.32487823,  0.07748262, -0.80082387,  0.6728067 ,
         1.56646802],
       [-1.43594596,  0.18423645, -2.34816722, -1.05817138,  2.14520597,
        -1.19927083]]), array([[ 0.24013084, -1.5179463 ],
       [ 2.16826139, -0.63900426],
       [ 1.5703874 ,  1.37180353],
       [ 0.00733132,  0.585128  ],
       [-1.7674906 ,  1.24820397],
       [-1.21997745, -2.26417753]])], [array([-2.25334806, -1.02170701, -0.91793921,  1.79706378,  1.45256869,
        1.96087808]), array([-1.61561119, -0.70728103])]]]
[150, 21, -1, -1, 1, [[array([[ 0.26013134,  2.03188432,  1.78239645, -1.09756668,  0.03965601,
        -0.10329212],
       [-0.31563542,  2.33801098, -0.07368744,  1.92061533, -2.11636572,
         1.61176704],
       [ 1.52541866,  0.50076038,  0.05647794,  2.44786259, -1.31387169,
         0.35227633],
       [-1.51786991,  1.13029083, -0.94787128,  2.21161353,  0.43003373,
         0.04271465],
       [ 2.3938761 , -2.29374916, -0.90935995, -1.69080661, -1.41242024,
        -2.08052968],
       [-1.7433825 ,  1.49015619, -1.46005333,  0.62953024,  1.65443526,
         2.34797503]]), array([[-1.82169584,  0.74610557],
       [-1.7009053 , -0.86710866],
       [ 2.26565569, -2.18855852],
       [-1.490063  ,  0.98786795],
       [-1.67857871, -2.16543906],
       [ 2.15563543, -1.84697361]])], [array([ 1.97418115,  1.73385323,  0.08976121,  2.44284716, -0.51492456,
        2.32639396]), array([2.0792573 , 1.63421379])]]]
[150, 23, -1, -1, 0, [[array([[ 0.00865115, -0.03232478,  0.15845838,  0.39454274, -1.52940199,
         1.06363064],
       [-1.18821649,  0.33932335, -0.56942821,  1.79712313, -2.05428372,
         0.45362544],
       [ 0.83100704,  2.23677213,  0.06920578, -1.92286766,  0.48628998,
         0.56329244],
       [-1.43987466, -0.99574072,  0.00543117,  1.71876226, -1.46706939,
        -0.19713946],
       [-1.3418347 ,  1.3191088 , -1.99557128, -0.03745352,  2.113947  ,
        -2.31875687],
       [ 0.81183728, -1.96701334, -0.22532648, -0.03637423, -1.50847382,
        -2.38025333]]), array([[-0.39494141,  0.55609381],
       [ 1.26526777, -0.68606294],
       [ 1.57010869, -1.10257037],
       [-2.21790413,  1.12551839],
       [-1.91617171,  0.36245661],
       [ 0.88751227,  1.57975601]])], [array([ 1.36869265,  2.3526854 , -0.04049221, -1.69452216, -1.20580564,
       -1.09250383]), array([2.37617129, 2.05934118])]]]
[150, 20, -1, -1, 1, [[array([[ 1.07667707, -0.33086301,  0.83969426, -0.05845676, -2.10820447,
        -0.02919415],
       [-1.14787085,  0.73829341,  0.63251066, -2.35874061,  1.11752896,
         2.18705243],
       [-2.13762136, -0.51589945,  0.6155621 ,  1.00309306, -0.41230523,
         0.10914321],
       [ 0.08939741,  0.22843119, -0.71830905,  2.00269507, -1.78106717,
         0.04632508],
       [ 1.42445229, -1.37220726, -1.5733389 ,  2.15819792, -0.37945257,
         0.1045985 ],
       [ 0.50980577,  0.78751797,  1.49876189,  0.72419574,  2.00400343,
         0.35005765]]), array([[ 1.75826131, -1.14242545],
       [-1.83324766,  1.56121417],
       [-1.13540735, -0.70386183],
       [-0.61635827, -1.96457678],
       [ 0.57388482,  0.89864182],
       [ 1.95256864,  1.5061877 ]])], [array([-0.9439988 ,  1.92504492,  0.13495683,  1.1246522 , -2.34244908,
        1.46719548]), array([ 1.57107791, -0.11194292])]]]
[150, 9, -1, -1, 0, [[array([[ 1.76113624,  1.11292912,  2.02542535,  0.75389322,  1.13715656,
         0.55956177],
       [-2.03218228, -0.68084432, -1.60334017,  1.06856447, -0.02100889,
         2.16801016],
       [ 0.70312814,  2.2042282 ,  0.8619816 , -1.52380509,  0.3733407 ,
        -0.09089337],
       [ 2.33523669, -0.0846539 ,  0.73225   ,  1.39557318, -1.43125671,
         0.51293993],
       [ 0.00868336, -0.23776067,  0.66460717, -2.07675678,  2.1544596 ,
         2.09747384],
       [-1.59487829, -2.32980747, -1.4718603 , -0.51461565, -0.32871371,
        -1.26548662]]), array([[-0.07954327, -2.08914986],
       [ 0.89187834, -2.05485331],
       [-0.20920832,  1.18900727],
       [-2.09236727,  0.51431081],
       [-2.21752551,  1.36747125],
       [ 1.28851767, -0.83615742]])], [array([ 0.52747034,  1.77237052,  0.7994    , -2.03059992, -2.02326342,
        2.18529283]), array([-1.86883241, -1.40834487])]]]
[150, 0, -1, -1, 1, [[array([[-0.59177782,  0.44979997, -0.35816327,  0.06906498,  2.42028616,
         1.50072045],
       [-0.12547369,  1.41116286,  0.37249637,  1.28929348,  2.26899495,
         1.12899047],
       [-1.53309648, -1.88978442, -1.80622437, -0.48540947, -1.67609324,
        -0.06947054],
       [-1.12142439,  1.45205177, -1.86340274,  1.88914626,  0.50473454,
        -1.81326001],
       [-1.61761696,  1.34710617, -2.08402373,  0.94667521, -1.778922  ,
        -2.12574142],
       [-0.67913714, -1.72634743, -1.89518163, -1.50241114,  0.61421079,
         0.63415977]]), array([[ 0.42458445, -1.70916748],
       [ 2.41431268, -0.1246137 ],
       [-0.91615536, -1.02762703],
       [-0.46828082, -1.36739395],
       [ 1.0208517 , -2.22944368],
       [ 1.79059991, -0.5896506 ]])], [array([ 0.48251097, -0.57880116, -2.13032947, -0.12583181,  1.20201218,
        0.8187104 ]), array([-1.76967595,  0.2019777 ])]]]
[150, 10, -1, -1, 0, [[array([[-0.25797177, -0.97296835,  2.30765228, -0.93110878,  2.28830747,
        -0.41729115],
       [ 0.98015107, -1.91140418, -0.22896892,  0.96416395, -2.4237392 ,
        -1.73951646],
       [-1.23956239,  0.74981104,  1.6065481 , -1.47200889, -0.40665924,
        -1.0054077 ],
       [-1.38241692, -2.18093179, -1.93958715, -0.58239061, -1.89153044,
        -0.11818956],
       [ 0.51119758, -1.27221559,  0.75345797, -0.3358948 , -0.79024808,
        -0.40015094],
       [-1.59987352,  2.18501942, -0.0861935 ,  2.36376146,  0.37783584,
         0.09666722]]), array([[ 0.59475967, -1.90291266],
       [ 2.41238649,  0.24266473],
       [-1.5514291 , -1.0267708 ],
       [-1.85491509,  1.75074694],
       [-1.63812841,  1.20183751],
       [-2.33736864, -1.09020607]])], [array([ 1.89131075,  0.84223795, -1.1875316 , -0.75140439, -1.31831404,
        0.18877128]), array([-1.48066411,  1.99681126])]]]
[150, 16, -1, -1, 1, [[array([[-0.28517514,  1.40979173, -1.54144048,  0.19049057,  1.37498265,
        -0.48402852],
       [-1.40925549, -1.01788135, -0.72660024, -2.06160881,  0.70321216,
        -0.81155263],
       [-2.32417556,  2.00808698, -1.92677969,  1.2954024 , -1.92091652,
         1.51154459],
       [ 1.66607164, -1.68710948,  0.65883207, -0.27563166,  1.66644797,
         0.82314377],
       [-1.55767698,  0.54226313, -2.06215822,  0.40795746,  2.2669618 ,
        -0.06856852],
       [-0.7483942 ,  2.36309545,  2.23042599, -1.20487076, -0.62607564,
        -0.40333867]]), array([[ 1.08621458, -2.1045854 ],
       [-0.58627139, -1.28366111],
       [-0.2748325 , -0.54224247],
       [ 0.97092182,  2.43843733],
       [-1.98229735, -0.10939881],
       [-2.32322077, -1.99928951]])], [array([-1.97741289, -0.4761255 , -1.16533815, -1.98818932,  0.11320314,
        0.18510331]), array([-1.39944352,  1.36654981])]]]
[150, 8, -1, -1, 0, [[array([[ 1.48030056,  1.54190604,  1.71461185, -0.17188741,  1.58011745,
         2.27628797],
       [-2.31084279, -2.43791527, -0.06895449,  0.89087254,  1.26426314,
         1.11801358],
       [ 1.49758112, -0.66748637,  0.24813416,  0.975096  ,  2.11322448,
         1.32224879],
       [ 0.82198474,  2.28748012, -1.13146111,  2.27944366, -0.69807614,
        -0.14081601],
       [-1.60904273, -0.737072  ,  1.62471026, -1.69877735,  0.30443921,
         0.89336343],
       [-1.48117434, -0.51053372,  1.18027707, -2.02558885, -0.94716746,
        -1.39974856]]), array([[ 1.51792337,  0.53457974],
       [-0.35788416,  1.99085067],
       [-0.18974894, -0.82501167],
       [-0.1200197 , -0.6921418 ],
       [ 0.50228727,  1.68489979],
       [ 0.7854304 ,  2.15065029]])], [array([-0.87064118,  1.29082747, -1.52279692, -1.7817885 , -2.32495522,
        1.18935799]), array([-1.93391931, -1.88518588])]]]
[150, 5, -1, -1, 1, [[array([[ 0.36069654, -0.33030662, -2.0371744 , -1.58156663, -0.03831329,
        -1.73611453],
       [-2.32361862, -2.17013536,  0.88984796,  1.49219185, -0.23924022,
         0.63293136],
       [ 0.07463675, -2.11283635,  1.18795175,  2.05149263,  2.36776713,
        -0.57002106],
       [ 0.05713055, -0.47676134,  0.72029926,  1.68004127,  0.98688628,
        -2.30611934],
       [-1.69666024, -1.33051554, -1.62251018, -0.27272732,  2.23250053,
         0.27936605],
       [ 1.52612148,  2.29573993,  1.64029526, -0.32022579,  2.36597648,
        -0.59433379]]), array([[ 2.24355839, -1.39910795],
       [-2.07419721,  1.6741236 ],
       [-1.08665296,  1.84355334],
       [ 1.36081553, -0.2330887 ],
       [-0.02988714,  1.27790581],
       [-0.35108439, -0.94750526]])], [array([ 0.77826866,  1.504762  , -1.52256453,  2.25263665, -1.44189816,
       -0.60428351]), array([-1.65586366,  1.34072187])]]]
[150, 14, -1, -1, 0, [[array([[ 1.33924351,  2.44079898,  1.69507601,  2.08826756, -0.7113062 ,
         0.23057812],
       [-1.81816827, -1.08144344,  1.83351535,  2.11143793, -1.45754013,
        -0.17694469],
       [-1.73482067,  1.65942474,  0.17529049, -1.95109169,  0.82681872,
        -2.40948127],
       [-0.90759976, -1.37893106, -1.41490008, -1.2165355 , -1.92565545,
        -0.82201814],
       [ 2.31790214,  1.61433192, -1.29170757, -1.38406473, -2.35793363,
        -1.77776703],
       [-2.11410701,  0.59454073,  1.87020243, -2.41609422, -1.14874774,
        -1.02691974]]), array([[-1.53625307, -0.59060291],
       [-0.12378995, -0.79143566],
       [ 1.85769602,  2.02816812],
       [-0.38432951, -1.18826148],
       [-1.11738116,  1.18017734],
       [ 1.15307148,  2.41398557]])], [array([ 0.64138261, -1.95383933,  2.15091172,  0.451797  ,  2.2616626 ,
        2.33072136]), array([1.10888456, 1.61979237])]]]
[188951, 1, 'birth', 9, 21, 1, [[array([[ 1.76113624,  1.11292912,  2.02542535,  0.75389322,  1.13715656,
         0.55956177],
       [-2.03218228, -0.68084432, -1.60334017,  2.44948974, -0.02100889,
         2.16801016],
       [ 0.70312814,  2.2042282 ,  0.8619816 ,  2.44786259, -1.31387169,
         0.35227633],
       [-1.51786991,  1.13029083, -0.94787128,  2.21161353,  0.43003373,
         0.04271465],
       [ 2.3938761 , -2.44948974, -0.90935995, -1.69080661, -1.41242024,
        -2.08052968],
       [-1.7433825 ,  1.49015619, -1.46005333,  0.62953024,  1.65443526,
         2.44948974]]), array([[-1.41421356,  1.41421356],
       [-1.41421356, -0.86710866],
       [ 1.41421356, -1.41421356],
       [-1.41421356,  0.98786795],
       [-1.41421356, -1.41421356],
       [ 1.41421356, -1.41421356]])], [array([ 1.97418115,  1.73385323,  0.08976121,  2.44284716, -0.51492456,
        2.32639396]), array([1.41421356, 1.41421356])]]]
[728157, 19, 'death']
[728307, 6, 'death']
[728457, 13, 'death']
[728607, 11, 'death']
[728757, 7, 'death']
[728907, 21, 'death']
[729057, 23, 'death']
[729207, 20, 'death']
[729357, 9, 'death']
[729507, 0, 'death']
[729657, 10, 'death']
[729807, 16, 'death']
[729957, 8, 'death']
[730107, 5, 'death']
[730257, 14, 'death']
[730507, 1, 'death']
[730507, 'Extinction!']
