[time, indiv, parent1, parent2, gender, brain]
[150, 0, -1, -1, 0, [[array([[-0.12502322,  1.52875795,  0.80036167,  0.95623674,  0.51433448,
         0.52494742],
       [-0.74361975, -1.95825035, -0.38794018,  1.76575825, -0.98040256,
         0.83968363],
       [ 0.17238285,  2.05194489, -2.23319645,  0.58074146, -0.50140789,
        -1.21179544],
       [-1.0882198 ,  1.40502636,  2.11771823,  2.35909218,  2.14436546,
         2.33919184],
       [ 1.85551035,  0.2860374 ,  0.31515592, -0.94906803, -0.76769601,
        -1.96045841],
       [ 1.44706373, -0.04171358, -0.27664226,  0.08016157,  1.97373852,
        -0.38249094]]), array([[-0.47045017,  0.43192471],
       [-2.01272939, -1.35922393],
       [-2.29003065, -0.7522725 ],
       [ 0.54391031, -1.19066756],
       [ 1.20528863, -2.10372151],
       [-1.58948937,  1.31036642]])], [array([ 1.07307226,  1.21946251, -1.06530882,  2.32767057, -1.92812186,
       -2.40871576]), array([ 0.50607507, -2.02649908])]]]
[150, 5, -1, -1, 1, [[array([[ 1.99520734,  0.11295888,  0.46779282,  1.55728762, -1.39414075,
        -0.41355836],
       [-0.931088  , -0.49675729,  0.28912416, -2.44294909, -1.85657449,
        -1.37683445],
       [ 1.76404044, -1.67408143, -2.38191042, -2.27978508, -1.06170097,
        -1.71191962],
       [ 1.03786561, -0.28823031,  0.80226932,  1.22378105, -1.92136668,
        -1.64775964],
       [-0.24873867, -0.58493879,  0.12409999,  2.05164565,  0.79223814,
         0.74214752],
       [-1.02716929,  1.4832223 , -0.44308546, -1.82511038,  2.34550194,
         2.42445672]]), array([[ 0.0769886 , -0.88353501],
       [ 2.37885798, -0.417149  ],
       [ 0.32045598,  2.05574247],
       [ 1.55086579, -0.55162256],
       [-2.41774207, -0.17221149],
       [-1.86526868, -2.19348289]])], [array([-1.78515476,  0.18358149,  2.29671002, -0.45673471, -1.0987509 ,
        1.38492793]), array([0.89346341, 1.05314137])]]]
[150, 15, -1, -1, 0, [[array([[ 0.64222716,  1.36458388,  0.72646613,  1.91462895,  1.85484926,
         0.10202567],
       [ 1.75074167, -2.33070808,  1.00941958,  1.85454934,  0.03790205,
        -0.07843224],
       [ 0.41150282, -0.53408271,  1.74758563,  1.13027229,  1.57925087,
        -1.75198883],
       [ 1.50701022,  0.44919146, -0.62725732, -0.50531039,  1.55281871,
        -1.15101127],
       [ 1.78927429,  1.88432624, -1.05875821, -1.65734574, -1.87697645,
        -0.59055575],
       [ 2.02960811, -0.27415835,  0.08519813, -2.09178857,  1.46591215,
        -1.08173876]]), array([[ 0.80088433,  1.9441078 ],
       [ 1.2569233 , -2.22283787],
       [-2.39585514, -1.69619527],
       [-0.66147828,  1.50936521],
       [ 2.15738433, -2.3128747 ],
       [ 1.16005467,  0.53610149]])], [array([ 0.02468476, -2.31684438,  0.34710745, -0.40012602, -1.85609657,
       -2.18995995]), array([-1.28878885, -0.49151174])]]]
[150, 1, -1, -1, 1, [[array([[-1.23889645,  1.36943571,  1.14844091, -1.77987232,  0.34261479,
         0.11609883],
       [ 0.99756878, -0.88560212,  0.14877635, -1.03155108,  1.82176183,
        -0.39669954],
       [ 1.88765863,  2.3586183 , -2.36512958,  1.11513014, -2.06989637,
        -0.54047475],
       [-2.3300279 , -2.37674454, -1.68838909, -1.63587246,  0.58547719,
        -0.07905843],
       [ 0.38248569,  0.09798451,  1.96786886,  0.29839487, -1.21294924,
        -1.97789159],
       [ 2.11201136, -0.03294523,  2.31237208,  2.05216259, -0.90197459,
         1.58674205]]), array([[ 0.90583581,  0.87467504],
       [-1.84738301,  1.80903558],
       [ 0.19645187,  0.31420968],
       [ 2.43309776, -1.02907213],
       [-1.94755617,  1.23693913],
       [-1.23839431,  0.41604404]])], [array([ 2.3288727 ,  1.84576086, -0.59307206, -1.30255454,  2.00587738,
        1.45107775]), array([0.16482739, 2.32191692])]]]
[150, 9, -1, -1, 0, [[array([[ 0.23481582, -0.78459375,  1.77763031, -2.07205053,  2.21258505,
         0.27236444],
       [-0.37976889,  2.44939478, -2.28959586,  1.50261598, -0.29317984,
        -1.37904031],
       [ 1.4024019 ,  2.06181422,  0.52489707, -2.23354328, -0.87894791,
         1.53774343],
       [ 2.42287112, -0.3920411 ,  1.91036911,  2.3097066 ,  2.24308052,
         0.66895657],
       [ 1.24585385,  1.37743614,  0.12747728, -0.7661376 , -0.0319235 ,
        -2.1648721 ],
       [-1.07677998,  0.52907397,  0.84315377, -0.38537566,  1.79809567,
        -0.63356734]]), array([[-1.4055224 ,  2.21117413],
       [-0.45463866,  2.07832654],
       [-0.45716377, -1.54952006],
       [-1.24103798,  1.63862256],
       [ 0.43672504,  1.0684145 ],
       [-1.31947539,  1.1621878 ]])], [array([ 0.67126444,  1.0919535 ,  0.24115033,  2.41986366, -1.80663552,
       -1.60843255]), array([0.40547485, 0.45520893])]]]
[150, 3, -1, -1, 1, [[array([[ 1.71239943,  0.53848601, -1.53754925,  1.6936258 ,  1.45953372,
         0.49235328],
       [-0.15996817,  1.35819983, -0.4663503 , -2.20471283, -1.47152538,
        -0.52012152],
       [-0.61364945, -0.85069131, -2.35814899,  0.93741134, -0.99562579,
        -0.38266135],
       [-2.02672797,  1.62236693, -0.87336401,  0.02640209, -2.10961495,
        -0.48031161],
       [-1.29900008,  0.55047712,  1.25168022,  0.14777636,  2.35595917,
        -1.83938373],
       [-0.37147966,  0.66439059, -0.35174024, -0.39301753,  0.73693245,
        -1.11766274]]), array([[ 0.0909613 ,  0.62298829],
       [ 0.74460273,  2.23009927],
       [ 0.43508251,  0.90486748],
       [-2.08365745,  2.4054017 ],
       [-0.30385203,  1.91704038],
       [ 1.25819252,  0.52900481]])], [array([-1.12701364,  1.33087045,  1.89576295, -1.00489685,  1.93127172,
        2.09845258]), array([-0.44334547, -0.4518348 ])]]]
[150, 6, -1, -1, 0, [[array([[-0.09386277,  1.3800969 , -1.74556702,  1.5417367 , -0.431943  ,
         0.91203293],
       [ 0.82003622, -0.77142906,  1.80583882, -0.18004885, -1.1693854 ,
         2.21217066],
       [ 2.08572566,  0.01352232, -0.7639628 , -1.12029113, -1.05110948,
        -1.60572792],
       [ 1.75999546,  0.61484763, -1.98578475,  0.00849616,  0.25261415,
         1.50075649],
       [ 1.08448145, -0.64330054,  0.07392153, -0.32053275, -2.20875301,
         1.29617918],
       [ 1.22829543,  0.81379436,  0.06999647,  0.17257332, -1.00298379,
         1.5853098 ]]), array([[ 0.20535757,  0.68693502],
       [ 2.36331176, -1.83482339],
       [-0.10709858, -1.14306789],
       [-2.03883624,  1.3604882 ],
       [ 2.13001483,  0.80623564],
       [-1.5335985 , -0.48568359]])], [array([ 0.46936143,  0.08403793, -1.6804253 , -0.86179911,  0.79884133,
       -0.16331327]), array([ 0.74634844, -1.53810948])]]]
[150, 23, -1, -1, 1, [[array([[ 2.83838524e-02,  1.42484736e+00,  9.61602460e-01,
         1.62232911e+00,  7.33286460e-01,  2.05773191e+00],
       [-1.54872506e+00,  2.23202596e+00,  1.14685431e+00,
         1.83988638e+00,  1.29107421e+00, -6.54612578e-01],
       [ 2.24234423e+00,  1.94880975e+00, -1.43405832e+00,
        -1.50296909e+00, -1.19150778e+00, -3.43983223e-01],
       [-2.08975013e+00, -1.89510200e-01,  1.07649025e+00,
         4.27143892e-01,  7.43865904e-01,  1.72557512e-03],
       [ 6.00679922e-01, -1.57063092e+00,  3.86465674e-01,
        -1.93099267e+00, -1.55826337e+00, -1.65299384e+00],
       [ 8.81341091e-01, -2.02635491e+00, -6.88909349e-01,
         1.18754632e-01,  7.51262034e-01, -1.96260527e-01]]), array([[ 1.14899762, -1.63994268],
       [-1.1646652 , -2.0693104 ],
       [-2.02656097,  2.26412484],
       [ 2.03680618,  1.65012247],
       [-1.67059902,  0.11978321],
       [ 1.36609058, -2.36188554]])], [array([ 1.54193341,  1.01328147,  1.89872247, -1.33599525, -0.67112829,
       -0.32893155]), array([-0.75945811,  0.05963164])]]]
[150, 12, -1, -1, 0, [[array([[-1.20175918,  0.60995395,  2.20219932,  1.59016952,  2.44738213,
        -1.80965495],
       [ 0.4172884 , -1.07303089, -2.14557124,  2.06915874, -0.13771671,
        -2.2077447 ],
       [ 2.0579164 , -2.2958728 ,  1.35013123, -1.99479443, -0.87628518,
         0.76708564],
       [-0.73081601,  2.19042225, -0.15480984, -1.88613987,  0.19887709,
        -1.92979573],
       [-0.242826  ,  1.71836445,  2.04209268, -0.90619592,  1.08153337,
         1.33378877],
       [-1.57183735,  1.01622166,  1.02264773,  1.83272583, -1.03166292,
        -0.88449978]]), array([[ 0.66067899, -0.34981568],
       [-0.21380757, -0.15803285],
       [-0.04515195,  0.52311603],
       [-1.77942872,  1.40850202],
       [ 1.56119398, -1.96112413],
       [-0.83056156,  0.59311805]])], [array([-1.67849692, -0.00551933, -1.27277601, -0.44158417, -0.89784788,
        2.10219495]), array([0.05581131, 0.87068175])]]]
[150, 21, -1, -1, 1, [[array([[ 2.15857651,  2.3427526 , -1.09310535, -2.42434945,  0.02014744,
        -0.40076764],
       [ 0.6783407 ,  0.17245735, -1.4188593 ,  2.07480003, -2.31962973,
        -1.60230217],
       [-0.13390408,  1.74887344, -1.84651946, -2.0530389 , -1.91949639,
        -0.91899244],
       [-0.92989185, -1.6360883 , -1.85616609, -1.87349296,  0.55710913,
        -0.07954737],
       [-2.05872708,  2.16733386,  1.29700771, -1.39665707, -2.21560823,
        -0.66979656],
       [ 1.85852264, -0.95347766,  1.36026494,  0.97643584,  0.03358509,
        -2.36783236]]), array([[ 1.0435919 ,  1.39607304],
       [-1.26079103,  0.40306976],
       [ 1.6594624 , -1.67391695],
       [-0.12612776,  0.45235011],
       [ 0.26697001, -0.6633504 ],
       [-1.40847466, -0.52424444]])], [array([-2.22788828,  1.49580618, -0.89834531,  1.65359923,  0.80713795,
       -0.15681461]), array([-0.51225879, -1.9400689 ])]]]
[150, 4, -1, -1, 0, [[array([[-1.37075298, -1.96695657, -1.6687863 ,  0.99527961, -1.18295442,
        -0.8773256 ],
       [ 1.03652449, -0.94208285, -1.605231  , -0.59347076,  1.01406536,
         0.56006537],
       [-0.34651867, -0.35581049, -1.20824476, -2.42354195,  0.99863326,
         1.1140708 ],
       [ 0.75007679,  1.54470492, -1.98954985, -0.57837234, -2.05806444,
         0.86462306],
       [ 0.58322036, -0.80919136, -0.71461183,  2.27503577,  1.79834535,
        -0.30881373],
       [-2.01669355,  0.13322544, -1.3740243 , -0.17973078,  0.40793077,
         2.20552102]]), array([[ 0.64044352,  2.41208799],
       [-1.76850722, -1.02839536],
       [-0.15850801,  1.35288645],
       [ 1.63929837, -1.19209887],
       [-2.02162187, -1.54588906],
       [ 1.35259934, -2.08401186]])], [array([-1.79470778,  1.18981706, -1.8000333 , -1.85864231, -2.17636644,
        0.37196421]), array([ 1.58209969, -0.63236748])]]]
[150, 20, -1, -1, 1, [[array([[ 1.5212826 , -1.37503543, -0.83634673, -1.52174273, -1.03459282,
         1.05647057],
       [ 1.2998918 , -0.26004133,  0.33683231,  0.31533921,  1.18955372,
        -1.55134755],
       [ 0.16937593,  0.78285341, -0.67158705,  0.76067208, -0.64006518,
         0.90802856],
       [ 1.15234923,  1.26466778,  0.91781739,  0.37175198,  1.97545361,
         1.17862215],
       [ 2.32564482, -1.16537304,  2.12208753, -0.69878073, -0.34959265,
        -1.86883018],
       [-0.85904013,  0.46259792, -1.54399403,  2.28861538,  0.25127804,
        -0.54351242]]), array([[ 1.38983114,  0.0503078 ],
       [ 0.95448334, -1.20743787],
       [ 0.66407112,  2.16852608],
       [ 0.46302763,  1.59663524],
       [ 0.14803457,  0.38457392],
       [-1.78399746,  0.83159499]])], [array([-2.02031611,  1.69089172,  1.780187  , -1.88496767, -0.1822866 ,
        0.4799104 ]), array([2.30159154, 1.37560367])]]]
[150, 17, -1, -1, 0, [[array([[-0.85543709,  0.80570329,  1.55981999, -2.17198807, -0.79568163,
        -2.02453752],
       [-0.32482117,  1.00069258,  1.74276288,  2.05900104, -0.23342122,
         1.28250761],
       [ 0.52362516,  0.02315725,  1.94565016, -0.22341908, -1.46637679,
         1.46818684],
       [ 2.11577716, -2.22881355,  0.84931055, -1.48407647, -2.23089494,
        -1.03908844],
       [ 1.67904382,  0.99555345, -0.73783007, -1.43643988,  1.81679475,
        -0.94490153],
       [ 1.50798823,  0.80787795,  1.91637635, -0.27977072, -1.85487244,
        -2.21620353]]), array([[-0.2316395 , -1.82876478],
       [-1.8154271 , -2.27911697],
       [-0.81207983,  0.46077625],
       [-0.43119494,  1.11025605],
       [ 0.3311813 ,  1.21592813],
       [-1.26295046, -1.14443574]])], [array([ 1.87866167,  0.59906414, -1.24771681, -1.46501415,  2.00981936,
       -0.30065885]), array([ 2.42105799, -2.14026841])]]]
[150, 11, -1, -1, 1, [[array([[ 1.53430433,  0.45810795,  1.5951824 , -1.33354874, -2.21699459,
         0.10524354],
       [-1.10408544,  0.53390219, -2.30666669,  0.27162364,  1.30235085,
        -0.63919605],
       [-0.39121536, -0.30612321, -1.87534966, -2.32681114, -1.22774212,
        -2.19797111],
       [-0.91796529, -0.54539344,  1.79752625,  2.08638678,  1.39636983,
        -0.32462041],
       [-1.22015699,  1.58858414, -0.50906056,  1.22791994,  0.3075094 ,
        -2.09699646],
       [ 0.47346508, -1.81315722, -1.71567128,  1.19385779, -1.19837667,
         0.43732128]]), array([[ 1.8503634 ,  0.63542213],
       [ 0.41603382, -1.76266889],
       [ 0.29317295, -1.04795432],
       [-0.32226132,  0.4388165 ],
       [ 1.96177488,  1.59307537],
       [-1.23510548, -2.24858921]])], [array([-1.64060286,  0.15160327, -1.06824702, -2.31826486,  1.51713074,
       -0.89723039]), array([ 1.67763851, -1.97528826])]]]
[150, 2, -1, -1, 0, [[array([[ 0.28662598,  2.07467551,  1.02813965,  0.41424088, -1.34218254,
        -1.52849383],
       [-0.4395625 ,  0.17533453, -1.00264188,  0.08301468,  0.39318426,
        -1.70730736],
       [-1.94671809,  2.15527303, -1.01137906, -2.44097056, -2.24852452,
         1.65177835],
       [ 0.87437478, -2.08368015,  1.40698523, -1.27245941, -0.24140985,
        -1.71566311],
       [-1.60411804, -0.72231237, -0.08362614, -2.35257015,  1.08117828,
        -0.32457458],
       [-1.78708517,  1.15229084, -0.54506048,  1.0649251 ,  2.033698  ,
        -0.86571529]]), array([[ 0.03509017, -1.75547138],
       [-1.53942279, -0.92343338],
       [-0.67770963,  0.14555091],
       [ 0.50812503, -0.86549153],
       [-1.66782495, -1.67475664],
       [-1.74685924, -0.1726741 ]])], [array([ 1.47976742,  0.7056071 ,  0.48169579, -2.11479009, -0.24421943,
        1.36192951]), array([2.35498813, 2.25162254])]]]
[263552, 13, 'birth', 6, 23, 1, [[array([[-9.38627700e-02,  1.38009690e+00, -1.74556702e+00,
         1.54173670e+00, -4.31943003e-01,  9.12032926e-01],
       [ 8.20036222e-01,  2.23202596e+00, -9.75559002e-01,
         1.83988638e+00,  1.29107421e+00, -6.54612578e-01],
       [ 2.24234423e+00,  1.94880975e+00, -2.31523234e+00,
         1.10412463e+00, -1.19150778e+00, -3.43983223e-01],
       [-2.08975013e+00, -1.89510200e-01,  1.07649025e+00,
         4.27143892e-01,  7.43865904e-01,  1.72557512e-03],
       [ 6.00679922e-01, -1.57063092e+00,  3.86465674e-01,
        -1.93099267e+00, -1.55826337e+00, -1.65299384e+00],
       [ 8.81341091e-01, -2.02635491e+00, -6.88909349e-01,
         1.18754632e-01, -1.92041685e+00, -1.96260527e-01]]), array([[ 1.41421356, -1.41421356],
       [-1.1646652 , -1.33779768],
       [-1.41421356,  1.41421356],
       [ 1.41421356,  1.41421356],
       [-1.41421356,  0.11978321],
       [ 1.36609058, -1.41421356]])], [array([-2.30966017,  1.01328147,  1.89872247, -1.33599525, -2.44948974,
       -0.32893155]), array([-0.75945811, -1.41421356])]]]
[270452, 14, 'birth', 2, 23, 0, [[array([[-1.18456659e+00,  2.07467551e+00,  1.02813965e+00,
         4.14240882e-01, -1.34218254e+00, -1.52849383e+00],
       [ 1.46978214e+00,  1.08465039e+00, -1.00264188e+00,
         8.30146777e-02,  8.18615023e-01, -1.70730736e+00],
       [-1.94671809e+00,  2.15527303e+00, -1.01137906e+00,
        -2.44097056e+00, -2.24852452e+00,  1.91593630e+00],
       [ 8.74374783e-01, -2.08368015e+00,  1.40698523e+00,
        -1.27245941e+00, -2.41409848e-01,  1.72557512e-03],
       [ 6.00679922e-01, -1.57063092e+00,  3.86465674e-01,
        -1.93099267e+00, -1.55826337e+00, -2.44948974e+00],
       [ 8.81341091e-01, -2.02635491e+00,  2.44948974e+00,
         1.18754632e-01,  7.51262034e-01, -1.87493765e+00]]), array([[ 1.14899762, -1.41421356],
       [-1.1646652 , -0.73221649],
       [-1.41421356,  1.41421356],
       [ 1.41421356,  1.41421356],
       [-1.41421356,  0.11978321],
       [ 1.36609058, -1.41421356]])], [array([ 1.54193341,  1.01328147,  1.89872247, -1.33599525, -0.67112829,
       -0.32893155]), array([-0.75945811, -1.41421356])]]]
[481654, 8, 'birth', 17, 23, 1, [[array([[-0.85543709,  0.80570329,  1.55981999, -2.17198807, -0.79568163,
        -2.02453752],
       [-0.32482117,  1.00069258,  1.74276288,  2.05900104,  2.44948974,
        -0.65461258],
       [ 2.24234423,  1.94880975, -1.43405832, -1.50296909, -2.44948974,
        -0.34398322],
       [-2.08975013, -0.1895102 ,  1.07649025,  0.42714389,  0.7438659 ,
        -1.45165415],
       [ 0.60067992, -2.44948974,  0.38646567, -2.44948974, -1.55826337,
        -1.65299384],
       [ 0.88134109, -2.02635491, -2.0601491 ,  0.11875463,  0.75126203,
        -0.19626053]]), array([[ 1.14899762, -1.41421356],
       [-1.1646652 , -1.41421356],
       [-1.41421356,  1.41421356],
       [ 0.39688874,  1.41421356],
       [-1.41421356,  0.11978321],
       [ 1.36609058, -1.41421356]])], [array([ 1.54193341,  1.01328147,  1.89872247, -1.33599525, -0.67112829,
        0.17870002]), array([-0.75945811,  0.05963164])]]]
[763307, 0, 'death']
[763457, 5, 'death']
[763607, 15, 'death']
[763757, 1, 'death']
[763907, 9, 'death']
[764107, 3, 'death']
[764257, 6, 'death']
[764407, 23, 'death']
[764557, 12, 'death']
[764707, 21, 'death']
[764857, 4, 'death']
[765007, 20, 'death']
[765157, 17, 'death']
[765307, 11, 'death']
[765457, 2, 'death']
[822758, 13, 'death']
[823908, 14, 'death']
[824108, 8, 'death']
[824108, 'Extinction!']
