[time, indiv, parent1, parent2, gender, brain]
[150, 4, -1, -1, 0, [[array([[ 0.76738318, -2.23465544,  0.58987773, -0.96107811, -1.60816566,
        -0.9920286 ],
       [-1.11792397,  2.03749441, -2.30370215,  1.49743074,  1.31531616,
         1.82548325],
       [-1.03173635,  1.50077143, -2.38545963,  0.73350259,  1.80189603,
         1.62738583],
       [-0.79509688,  0.39658325, -2.3165663 , -0.10345397,  2.20651095,
        -1.82738749],
       [ 0.34160591,  1.34009008, -0.00270236, -1.56688579,  0.7821196 ,
         2.10610174],
       [-0.24844065,  1.08458677, -0.87941959, -1.00663657,  1.94608748,
        -2.18113823]]), array([[ 1.74063767,  0.49433481],
       [-0.37831136,  1.69952776],
       [ 0.67498008,  0.49074575],
       [ 1.73320586,  2.43549522],
       [ 2.04964541,  1.0895682 ],
       [ 1.43980037,  1.48569452]])], [array([ 1.93727146,  0.03367742, -2.35518424, -1.76816856, -0.17026196,
       -0.85006219]), array([2.14122208, 0.84872128])]]]
[150, 9, -1, -1, 1, [[array([[-0.71858439,  1.27252023, -0.65627558,  1.65550135,  2.44256701,
        -0.01174471],
       [ 1.87687016,  2.3404851 , -0.31268362,  1.91811899, -1.10876254,
         2.37481381],
       [ 1.55470716,  2.40946117, -1.86921008, -2.06921482,  1.15302466,
         0.48863457],
       [-0.26190863, -1.27165503,  1.10560168, -0.79638324,  0.60130859,
         1.94205295],
       [-0.719851  , -2.16349305, -2.16568944, -2.02657756, -0.76661698,
         0.50915997],
       [ 1.67887129,  1.42198318, -2.24828581, -0.58560177,  1.2399524 ,
        -2.39294058]]), array([[-2.23779489, -1.15729417],
       [-1.59881671,  0.84512575],
       [-1.81176272,  1.37900793],
       [-0.11385054,  1.6645122 ],
       [ 1.0504267 , -1.06350077],
       [ 1.98455997, -0.52134748]])], [array([-1.89330491, -0.5744896 , -0.55496389, -0.12749585, -1.69069811,
        1.78770861]), array([-0.0056455 , -2.20125785])]]]
[150, 13, -1, -1, 0, [[array([[ 1.16619118, -2.1638033 , -0.33782565,  1.45608048,  1.86644532,
         2.27322126],
       [-0.78955753, -0.69397612,  2.28407023,  1.74030667,  1.06360376,
        -0.88801255],
       [ 0.55021994, -2.34725375,  2.31986728, -1.83523979,  1.55282442,
        -1.88536118],
       [ 1.2180893 ,  1.94913104, -2.02145359,  2.38212593,  0.18197798,
         0.40444634],
       [-1.15900082, -0.07549679,  0.12378211, -1.27976094,  0.62933619,
        -0.25603586],
       [ 0.36534721, -2.38460514, -2.22134199,  1.99927515, -1.73643475,
         0.95007823]]), array([[ 2.10547128,  0.72002922],
       [ 0.85975057, -2.36570268],
       [-0.68454723,  0.56839166],
       [ 0.30601544,  2.39166964],
       [-0.09751151, -0.60750457],
       [ 2.37009071,  0.64922318]])], [array([ 1.08413859, -0.45426259,  0.28317758,  1.1924953 ,  0.12834661,
        1.45677338]), array([0.37961627, 2.4033259 ])]]]
[150, 7, -1, -1, 1, [[array([[ 0.94307719, -0.6384977 ,  0.50888748, -1.44861215,  0.26783876,
         1.2032378 ],
       [ 0.3873625 , -0.3351666 , -1.07752133,  1.21280421,  0.83197369,
        -0.7021647 ],
       [-0.78747797, -1.49860368,  1.54428795,  0.66929905,  0.10403457,
         1.81120652],
       [ 1.50975259,  2.36656272,  0.51916135, -1.03085776, -1.58806196,
         2.36233787],
       [ 1.70763315, -0.96565286, -1.65843992, -1.94604507, -1.64331943,
        -0.40817234],
       [-2.18289994,  1.70546641,  0.93922176, -0.30919416,  0.23999846,
         1.31772454]]), array([[-1.31354797, -1.06564183],
       [-1.98034249, -0.38211879],
       [-0.98454115, -2.26076096],
       [-1.7124511 , -1.48742473],
       [-1.24662168,  2.3729597 ],
       [ 0.70135097, -0.1861754 ]])], [array([ 0.62731211,  0.9255518 , -1.36605743,  2.35329154, -1.72515183,
       -2.18449497]), array([-1.04722212,  0.12799483])]]]
[150, 18, -1, -1, 0, [[array([[-1.14184907, -0.63315918, -0.06499076, -2.40729341, -0.13369207,
        -2.18412547],
       [-1.49233523,  2.13810918,  0.46958041, -0.59626641, -0.59847467,
         2.04146535],
       [ 0.59107036,  1.69411398,  0.40381106,  0.3862988 , -1.76950146,
         2.32908591],
       [ 1.44346832, -2.21588307,  0.43291797, -1.73273657, -1.191837  ,
         0.52828455],
       [ 1.64184971, -1.76405937, -1.9356843 , -0.05640728, -0.16004266,
        -1.30541172],
       [ 1.03701943,  0.15773784,  0.33396552,  1.61377507,  0.5165006 ,
        -2.08789413]]), array([[-0.35418233, -0.37473001],
       [ 1.49712287, -0.46681335],
       [ 0.08569202,  0.17776834],
       [ 1.94867213,  1.66015054],
       [ 0.23313725,  1.14824316],
       [ 2.09857078, -1.8942631 ]])], [array([ 1.52591789, -2.07033322,  0.32589591,  1.71723089, -1.8188032 ,
       -0.44104145]), array([-0.05849101, -1.06395674])]]]
[150, 1, -1, -1, 1, [[array([[-1.039842  , -1.98412762, -1.89015445, -0.00858226,  0.99593772,
         1.65316253],
       [-1.30869014, -1.64522123,  1.55633057,  1.79111509, -1.82503862,
        -2.04999466],
       [ 0.67191386,  1.88856637, -1.14664065, -0.2660651 ,  2.06018452,
        -1.90103154],
       [ 0.90944761, -2.0905226 ,  1.87228453,  0.60620022, -2.11216383,
         0.50606964],
       [-1.72548827, -1.09346983, -1.65921158, -0.55848467, -2.14216389,
        -2.21144321],
       [-0.27160212,  0.47498329,  2.32415861,  0.01034912,  0.00493125,
         2.24109691]]), array([[ 1.39921497,  0.66392594],
       [ 2.44834313,  1.38344517],
       [-1.99713084,  0.47916943],
       [ 2.44476321, -1.95126313],
       [-2.14410447, -1.15787853],
       [ 0.76521764,  2.38093246]])], [array([-1.31285321, -2.04530828, -2.32970387,  0.65212709, -0.21257559,
        1.31560069]), array([-0.08999255,  0.85215527])]]]
[150, 0, -1, -1, 0, [[array([[ 1.30668767,  1.66038709,  1.95523593, -1.40302531, -1.9795197 ,
         1.1093713 ],
       [-2.36595395,  2.33382481, -2.10860568, -1.9118652 ,  1.02069857,
        -0.12004127],
       [-2.08492329, -1.83841729, -2.10313659,  1.26251006,  1.50297653,
         2.36839073],
       [-2.21952048, -0.11982504, -1.48540747, -2.0168571 ,  1.4007277 ,
        -0.84366042],
       [-0.24949174, -2.23720164,  1.83348797,  2.35521678, -0.77120049,
        -0.64687686],
       [ 1.77157411, -1.98742149,  0.6518862 ,  1.31375454,  1.8121543 ,
        -2.18067782]]), array([[-1.62473412, -0.0867454 ],
       [-0.63100704, -0.787664  ],
       [ 1.99843354,  2.4039938 ],
       [-1.96514965,  0.96782657],
       [-1.63718698,  2.05624404],
       [-0.05235396, -0.95893717]])], [array([ 0.41911445, -2.33674825,  0.35936661, -1.53134028,  1.10312162,
        1.62284521]), array([-2.17676564, -0.13900668])]]]
[150, 5, -1, -1, 1, [[array([[-1.95151168,  0.69621389, -0.09848262, -2.26199159,  0.89230449,
         0.05401049],
       [ 0.29221382, -0.34307396,  0.37179479,  0.29334487,  1.90420714,
         0.97340691],
       [-1.20998593, -1.42989963, -1.9614347 , -1.10284767,  0.0717967 ,
         1.55961197],
       [ 1.68964124,  1.65271011, -0.23414223, -1.47593006,  0.5242704 ,
        -0.16359366],
       [-1.96754805,  1.58652423,  2.31922628,  1.31629407,  1.40444836,
         0.58875851],
       [ 1.59808134,  1.83060283, -0.84093847, -0.12404495,  1.03805633,
         0.93633615]]), array([[ 1.53246237,  2.04785037],
       [ 2.10255694, -2.02784658],
       [-0.91491817, -0.96315594],
       [-1.65111043, -1.57380071],
       [-1.34884088, -0.48994944],
       [-0.33225431,  0.51103881]])], [array([-2.24796234, -1.61176429,  0.63185583, -0.3874316 ,  2.06574121,
        0.67728674]), array([2.03370073, 1.34074927])]]]
[150, 3, -1, -1, 0, [[array([[ 0.25435852, -0.72736539, -0.97997729,  0.40520243,  1.51087996,
         0.01861785],
       [ 0.73063204,  1.00087718, -1.02404721, -1.56851715, -0.63989212,
         1.38660436],
       [-1.25473605,  1.70093731, -0.83361311,  0.4624856 ,  0.13198568,
        -1.3806488 ],
       [ 0.9503653 ,  1.03800911, -0.11952189,  0.99806732,  0.3504595 ,
         1.70842705],
       [-0.23542405,  0.25771877, -0.34797257,  1.63379708,  1.72533691,
         2.25794878],
       [ 1.18478393, -0.47319768,  0.63839298,  1.04525894, -1.06136519,
         2.43197322]]), array([[-2.11280695,  0.23153937],
       [-0.05383759, -0.96166749],
       [-1.20577057,  1.30132595],
       [ 1.8281507 , -1.35805192],
       [-1.45749169,  0.8156462 ],
       [ 1.66817599, -1.02163833]])], [array([1.18736065, 0.26588616, 1.78525821, 0.73792073, 0.29204643,
       1.60113805]), array([0.88371364, 1.43299655])]]]
[150, 17, -1, -1, 1, [[array([[-0.32449566, -1.57400975,  1.31072394,  2.21665516, -1.8895054 ,
        -2.40693154],
       [ 1.60810877,  1.14968421,  1.83418651, -0.85634798, -0.23103093,
         2.23445069],
       [-1.74534486,  1.36181912, -1.68728129, -0.23045438,  0.1563311 ,
        -1.15272821],
       [-2.10567369,  0.46794333,  1.04578788,  1.47928248,  1.52460322,
        -1.37021016],
       [-1.05372868, -1.52385777,  2.15689712,  1.94521542,  0.28236116,
         1.10100746],
       [ 0.21632116, -0.30858727, -1.1228021 ,  0.13172694,  1.83490315,
        -1.49926795]]), array([[-0.35350799, -0.02883053],
       [ 1.33867072,  1.76034941],
       [-0.50656885, -0.08040688],
       [-1.53396403, -0.93737155],
       [-1.38686733, -0.11005912],
       [-0.05509826, -2.2056648 ]])], [array([-0.64316659,  1.41850465,  2.17868026, -0.21700405, -0.64287367,
       -2.0648219 ]), array([-1.79925993, -1.93394926])]]]
[150, 16, -1, -1, 0, [[array([[ 1.8041845 ,  1.73629901, -1.16226549, -1.89056633, -0.26002143,
        -0.76526694],
       [ 0.45588802,  2.23635418,  0.3015324 , -1.1856138 ,  0.09526436,
         0.85235077],
       [-0.61281087,  1.47677225, -1.79336024, -0.32657461, -1.70529977,
         0.36179806],
       [-0.49221437,  2.1979698 , -2.27270787,  1.14812545, -1.72172267,
        -1.64576554],
       [-1.48763487, -0.23304265,  2.02146379,  0.44579911,  0.33694257,
         0.49969681],
       [ 1.80961819, -1.43975048, -1.41666407, -1.03523753, -0.67222027,
         1.41215947]]), array([[-2.07810364, -1.39493823],
       [ 2.06209319,  0.60247116],
       [-2.13176912,  1.14157826],
       [-1.32049135, -0.77377754],
       [ 0.27261381, -2.07501235],
       [-0.6438277 ,  2.34799527]])], [array([-0.50549177,  0.56212067,  1.03937764, -0.86516307,  1.91221781,
       -1.82773216]), array([ 1.21877118, -0.97901206])]]]
[150, 15, -1, -1, 1, [[array([[-1.9352081 , -0.89953838,  0.69654546,  0.56557593, -0.1763678 ,
        -2.42115135],
       [ 1.92962798, -1.18581473, -2.16843872, -0.25138098,  0.31818288,
        -1.69395196],
       [ 1.6539463 ,  1.38014075, -0.62782993, -1.81241773,  0.34295347,
        -2.33251157],
       [-1.9583116 , -0.37121133, -2.30451064, -0.45913712, -1.31355098,
        -1.41815116],
       [-1.47831536, -0.33231403, -1.17229725,  1.18656987, -0.30823398,
         1.00459939],
       [ 0.34610237, -1.14177362,  2.31635643,  0.80913115,  0.81745765,
         0.21790512]]), array([[-0.22856633,  1.48711528],
       [-0.77550238, -0.37268222],
       [ 0.04537157,  0.77548626],
       [ 0.59496348, -0.31979771],
       [-0.57708191,  1.68749281],
       [ 0.04686228,  1.82221753]])], [array([-1.51588287,  1.68752371,  0.04527118,  1.61807512, -2.29855733,
        1.82503437]), array([-0.65959474,  0.51059841])]]]
[150, 12, -1, -1, 0, [[array([[ 1.16221543, -1.55428296,  2.14450684,  1.36114464,  1.90208404,
        -1.00477822],
       [-2.15424651, -2.02749377, -1.29321833,  0.59018055, -2.1795397 ,
        -1.07695564],
       [-1.98782959, -2.08776463,  0.30201278, -1.31408439, -0.25588934,
         1.9685715 ],
       [ 2.23942843,  0.89375647, -1.79375294, -0.181057  , -0.99010996,
         1.82954997],
       [-0.50185845,  1.22426503,  1.02423819, -1.93600912,  1.59627567,
        -0.20254219],
       [-1.3004042 ,  0.67904723,  1.94469299, -1.03560688, -0.7233209 ,
        -0.94916323]]), array([[-0.74331944,  1.91268294],
       [-2.07806859,  1.12200736],
       [-1.31063217,  1.51442043],
       [ 1.21700257, -1.76835121],
       [-0.79562133, -1.66312512],
       [ 1.96501117, -0.22458058]])], [array([-1.33808604, -1.13669541, -0.6895571 , -2.04423207, -0.36318252,
        0.5091479 ]), array([-2.296073  ,  1.96349239])]]]
[150, 8, -1, -1, 1, [[array([[-1.45928457,  1.8216595 ,  2.23694942, -1.83977957, -1.58875533,
         1.50429891],
       [ 2.10291804,  0.72059486,  1.67810103, -1.8721208 , -0.17583762,
        -2.12715993],
       [ 2.27398757,  1.86137102,  0.25050448,  0.7390608 , -1.24889694,
        -1.39631084],
       [-2.15230004,  0.98786724, -0.10866452,  0.67517753, -1.55647338,
         1.83714931],
       [ 1.33924382, -0.79175806,  1.02907739,  2.31640415, -0.12996244,
        -0.73814839],
       [ 0.01059711, -0.40585795, -1.89332652,  1.81335673, -1.44990267,
        -0.45770077]]), array([[-1.37465006, -1.70162111],
       [-1.2074269 ,  0.87098183],
       [-1.86041692, -1.51377155],
       [-1.7943356 , -1.37883911],
       [-2.40392643, -1.42441291],
       [ 2.40423412,  1.42941966]])], [array([-1.40384277, -0.67039202,  1.26445964,  0.95715895,  2.10167444,
        1.09771756]), array([0.88126636, 1.06219718])]]]
[150, 21, -1, -1, 0, [[array([[-0.73239475,  1.94190782, -1.74707379,  1.31983738, -0.04806489,
         1.33591422],
       [ 1.98911691,  1.48333361, -2.36667881,  1.34640819, -1.26177538,
        -1.24610441],
       [-0.23713566, -0.76604662,  0.35891415, -0.26434392,  1.4991796 ,
        -1.1158342 ],
       [ 0.25124716,  0.99851607,  2.23081428, -0.39538374, -0.21513632,
         0.09661639],
       [-0.18819487, -2.12887572, -2.25240708,  0.06948448, -1.52456908,
        -0.52081567],
       [-0.56801998,  0.27061144,  1.87334021,  1.03471707, -1.70237842,
        -0.33097245]]), array([[-0.15458731,  0.03167929],
       [-0.31729449, -1.8437762 ],
       [ 2.00693213,  1.49071299],
       [ 0.02481282,  0.50909333],
       [ 0.5031515 ,  1.6462766 ],
       [ 0.21019645, -0.56109012]])], [array([ 0.31729036,  0.90454196,  1.76168177,  1.55265944, -1.94389132,
       -2.20845942]), array([-2.22629746,  1.52730843])]]]
[101051, 2, 'birth', 18, 7, 0, [[array([[-1.14184907, -0.63315918, -0.06499076, -2.40729341, -0.13369207,
        -2.18412547],
       [ 0.3873625 , -0.3351666 , -1.07752133,  1.21280421,  0.83197369,
         2.08655133],
       [-0.78747797, -1.49860368,  1.54428795,  0.66929905,  0.10403457,
         1.81120652],
       [ 1.50975259,  2.44948974, -0.95492186,  2.44948974, -1.58806196,
         2.36233787],
       [ 1.70763315, -0.96565286, -1.65843992, -2.11259391, -2.44948974,
        -0.40817234],
       [-2.18289994,  1.70546641,  0.93922176, -0.30919416,  0.23999846,
        -0.57680228]]), array([[-1.31354797, -1.06564183],
       [-0.22002626, -0.38211879],
       [-0.98454115, -1.41421356],
       [-1.41421356, -1.41421356],
       [-1.24662168,  0.5969623 ],
       [ 1.41421356, -0.1861754 ]])], [array([ 0.62731211,  0.9255518 , -1.36605743,  2.35329154, -2.44948974,
       -2.18449497]), array([-1.41421356,  0.12799483])]]]
[241852, 24, 'birth', 4, 8, 1, [[array([[ 0.76738318, -2.44948974,  0.58987773, -0.96107811, -1.60816566,
        -0.9920286 ],
       [-1.11792397,  2.03749441, -2.30370215,  1.49743074, -2.44948974,
         2.44948974],
       [-1.03173635,  1.50077143, -2.38545963,  0.73350259,  1.80189603,
         1.62738583],
       [-0.79509688,  0.39658325, -2.3165663 , -0.10345397,  2.30756958,
        -1.82738749],
       [ 0.34160591,  1.34009008, -0.00270236, -1.56688579,  0.7821196 ,
         0.973886  ],
       [-0.24844065,  1.08458677, -0.69174865, -2.44948974,  1.94608748,
        -2.18113823]]), array([[1.41421356, 1.41421356],
       [0.67731759, 1.41421356],
       [0.67498008, 0.49074575],
       [1.41421356, 1.41421356],
       [1.41421356, 1.0895682 ],
       [1.41421356, 1.41421356]])], [array([ 1.93727146, -2.04881277, -2.35518424, -1.76816856, -0.76424089,
       -0.85006219]), array([0.88126636, 1.06219718])]]]
[273652, 23, 'birth', 13, 9, 0, [[array([[ 1.16619118,  1.06984246, -0.33782565,  1.45608048,  1.81708596,
         2.44948974],
       [-0.78955753,  1.07125875,  2.28407023,  1.74030667,  1.55001205,
        -0.88801255],
       [ 0.55021994, -2.34725375,  2.31986728, -1.83523979,  1.55282442,
        -1.88536118],
       [ 1.2180893 ,  1.94913104, -2.02145359,  2.38212593,  0.18197798,
         0.40444634],
       [-2.05120261,  1.09415544,  0.2853281 , -1.27976094,  0.62933619,
        -0.25603586],
       [ 0.36534721, -2.38460514, -2.22134199,  1.19874846, -1.73643475,
        -1.71087946]]), array([[ 1.41421356,  0.72002922],
       [ 0.85975057, -1.41421356],
       [-0.68454723,  0.56839166],
       [ 0.30601544,  1.41421356],
       [-0.09751151, -1.06350077],
       [ 1.41421356, -0.52134748]])], [array([-1.89330491, -0.5744896 , -0.55496389, -0.12749585, -2.44948974,
        1.78770861]), array([-0.0056455 , -1.41421356])]]]
[348603, 22, 'birth', 0, 24, 0, [[array([[ 1.30668767,  1.66038709,  1.95523593, -1.40302531, -1.9795197 ,
         1.1093713 ],
       [-2.36595395,  2.44948974, -2.10860568, -1.9118652 ,  1.02069857,
        -0.12004127],
       [-2.44948974, -1.83841729, -2.10313659,  1.69019345,  1.50297653,
         2.36839073],
       [-2.21952048, -0.11982504, -2.3165663 ,  0.12126977,  2.30756958,
        -1.82738749],
       [ 0.34160591,  1.34009008, -0.00270236, -1.56688579,  0.7821196 ,
         0.973886  ],
       [-0.24844065,  1.08458677, -0.69174865, -2.44948974,  1.94608748,
        -0.47209923]]), array([[1.41421356, 1.41421356],
       [1.41421356, 1.41421356],
       [1.41421356, 0.49074575],
       [1.41421356, 1.41421356],
       [1.41421356, 1.0895682 ],
       [1.41421356, 1.41421356]])], [array([ 1.93727146, -2.04881277, -2.35518424, -1.76816856, -0.76424089,
       -1.73089221]), array([0.88126636, 1.06219718])]]]
[357453, 20, 'birth', 2, 5, 0, [[array([[-1.73120277, -0.63315918, -0.06499076, -2.40729341,  0.14768728,
         1.80422742],
       [ 1.28239573, -0.3351666 , -1.07752133,  0.5407448 , -0.72441395,
         2.08655133],
       [-0.78747797, -1.49860368,  1.54428795,  0.66929905,  0.10403457,
         1.8638818 ],
       [ 1.50975259,  2.44948974, -0.95492186,  2.44948974, -1.58806196,
         2.36233787],
       [ 1.70763315, -0.96565286, -1.65843992, -2.11259391, -2.44948974,
        -0.40817234],
       [-2.18289994,  1.70546641, -0.07219999,  1.052118  ,  0.23999846,
         0.93633615]]), array([[ 1.41421356,  1.41421356],
       [ 1.41421356, -1.41421356],
       [-1.41421356, -0.96315594],
       [-1.41421356, -1.41421356],
       [-0.4851376 , -0.48994944],
       [-0.33225431,  0.51103881]])], [array([-2.24796234, -1.61176429,  0.63185583, -0.3874316 , -0.63450727,
       -1.49589094]), array([ 1.41421356, -1.34893183])]]]
[543955, 11, 'birth', 20, 5, 1, [[array([[-1.73120277, -0.63315918, -0.06499076, -0.80344972,  0.14768728,
         1.80422742],
       [ 1.28239573, -0.3351666 , -1.07752133,  0.5407448 , -0.72441395,
         2.08655133],
       [-0.78747797, -1.49860368,  1.54428795,  2.44948974,  0.10403457,
         1.8638818 ],
       [ 1.50975259, -2.3589525 , -0.95492186,  2.44948974,  2.44948974,
         2.44948974],
       [ 1.70763315, -0.96565286, -1.65843992, -2.11259391,  0.44611748,
        -0.40817234],
       [-2.18289994,  1.70546641, -0.07219999,  1.76072988, -1.61334456,
         0.93633615]]), array([[ 1.41421356,  1.41421356],
       [ 1.41421356, -1.41421356],
       [-1.41421356, -1.41421356],
       [-0.5270201 , -1.41421356],
       [-0.4851376 , -1.41421356],
       [-0.33225431,  0.38955323]])], [array([-2.24796234, -2.44948974,  0.63185583, -2.26195556,  2.06574121,
        0.67728674]), array([-1.28840532,  1.34074927])]]]
[699157, 6, 'birth', 21, 7, 1, [[array([[-0.73239475,  1.94190782, -1.74707379,  1.31983738, -0.04806489,
         1.33591422],
       [ 1.98911691,  2.32351274, -2.36667881, -0.31432917, -2.44948974,
        -1.24610441],
       [-0.23713566, -0.76604662,  0.35891415, -0.26434392,  1.4991796 ,
        -1.1158342 ],
       [ 0.25124716,  2.44948974,  2.44948974, -0.39538374, -0.21513632,
         0.09661639],
       [-0.18819487, -2.12887572, -2.25240708,  0.06948448, -1.49978914,
        -0.52081567],
       [-0.56801998,  0.27061144, -2.16399972,  1.03471707, -1.70237842,
        -0.33097245]]), array([[-0.15458731, -1.06564183],
       [-1.41421356, -0.38211879],
       [ 0.41271771, -1.41421356],
       [-1.41421356, -1.41421356],
       [-0.56412253,  1.41421356],
       [ 0.70135097, -0.1861754 ]])], [array([ 0.62731211,  0.9255518 , -1.36605743,  2.35329154, -2.44948974,
       -2.18449497]), array([-1.04722212,  0.12799483])]]]
[799508, 19, 'birth', 20, 8, 1, [[array([[-1.73120277, -0.63315918, -0.06499076, -2.40729341,  0.14768728,
         1.80422742],
       [ 1.28239573, -0.3351666 , -1.07752133,  0.5407448 , -0.72441395,
         2.02945912],
       [-0.78747797, -1.49860368, -0.56425821,  0.66929905,  0.10403457,
         1.8638818 ],
       [-2.15230004,  0.98786724, -0.10866452,  0.67517753, -1.55647338,
         1.83714931],
       [ 1.33924382, -0.79175806, -2.30746405,  2.31640415, -0.12996244,
        -0.73814839],
       [ 0.01059711, -0.40585795, -1.89332652,  1.81335673, -1.44990267,
        -0.45770077]]), array([[-1.37465006, -1.41421356],
       [-1.2074269 ,  0.87098183],
       [-1.41421356, -1.41421356],
       [-1.41421356, -1.37883911],
       [-1.41421356, -1.41421356],
       [ 1.41421356,  1.41421356]])], [array([-1.40384277, -1.57137814,  1.26445964,  0.95715895,  2.10167444,
       -1.51740078]), array([0.88126636, 1.06219718])]]]
[810258, 14, 'birth', 2, 19, 0, [[array([[-1.14184907, -0.63315918, -0.06499076, -2.40729341, -0.10800675,
        -2.18412547],
       [ 0.3873625 , -0.3351666 , -2.44948974,  1.21280421,  0.2167058 ,
         2.08655133],
       [-0.78747797, -1.49860368, -0.56425821, -2.44948974, -0.69938464,
         1.8638818 ],
       [-2.15230004,  0.98786724, -0.10866452,  0.67517753, -1.55647338,
         2.44948974],
       [ 1.33924382, -0.79175806, -2.30746405,  2.31640415, -0.12996244,
        -0.73814839],
       [ 0.01059711, -0.40585795, -1.89332652,  1.81335673,  1.98456836,
        -0.45770077]]), array([[-1.41421356, -1.41421356],
       [-1.2074269 , -1.41421356],
       [-1.41421356, -1.41421356],
       [-1.41421356, -1.37883911],
       [-1.41421356, -1.41421356],
       [ 1.41421356,  1.06766598]])], [array([-1.40384277, -1.57137814,  1.26445964, -1.39018125,  2.43009604,
       -1.51740078]), array([0.88126636, 1.06219718])]]]
[875508, 4, 'death']
[875708, 9, 'death']
[875858, 13, 'death']
[876008, 7, 'death']
[876158, 18, 'death']
[876308, 1, 'death']
[876508, 0, 'death']
[876658, 5, 'death']
[876808, 3, 'death']
[876958, 17, 'death']
[877108, 16, 'death']
[877258, 15, 'death']
[877408, 12, 'death']
[877558, 8, 'death']
[877708, 21, 'death']
[878258, 18, 'birth', 22, 19, 0, [[array([[ 1.30668767,  1.66038709,  1.95523593, -1.40302531, -1.9795197 ,
         1.87795436],
       [-2.36595395,  2.44948974, -2.10860568, -1.9118652 ,  1.02069857,
        -0.12004127],
       [-2.44948974, -1.83841729, -2.00305997,  1.69019345,  1.50297653,
        -1.31823193],
       [ 2.14827833, -0.11982504, -2.3165663 ,  0.12126977,  2.30756958,
        -1.82738749],
       [-2.44948974,  1.34009008, -0.00270236, -1.56688579,  0.30563684,
         0.973886  ],
       [-0.24844065,  1.08458677, -0.69174865, -2.44948974,  1.94608748,
        -0.47209923]]), array([[ 1.41421356,  1.41421356],
       [ 1.41421356,  1.41421356],
       [-1.41421356, -1.41421356],
       [-1.41421356, -1.37883911],
       [-1.41421356, -1.41421356],
       [ 1.41421356,  1.10669008]])], [array([-1.40384277, -2.44948974,  1.26445964,  0.95715895,  2.10167444,
       -1.51740078]), array([ 0.88126636, -1.00543049])]]]
[887708, 13, 'birth', 2, 6, 1, [[array([[-1.14184907, -0.63315918, -0.06499076, -0.67994573, -0.13369207,
        -2.18412547],
       [ 0.3873625 , -0.3351666 , -1.07752133,  1.21280421,  0.83197369,
         2.08655133],
       [-0.78747797, -1.49860368,  1.54428795,  0.66929905,  0.10403457,
         1.81120652],
       [ 1.50975259,  1.61512546,  1.05859751,  2.44948974, -1.58806196,
         2.36233787],
       [ 1.70763315, -0.96565286, -1.65843992, -2.11259391, -2.44948974,
        -0.40817234],
       [-2.18289994,  2.44948974,  0.93922176,  2.44948974,  0.23999846,
        -2.44948974]]), array([[-1.41421356, -1.06564183],
       [-0.22002626, -0.38211879],
       [-0.98454115, -1.41421356],
       [-1.41421356,  1.41421356],
       [-1.24662168,  0.05850638],
       [ 0.83798489, -0.1861754 ]])], [array([ 0.62731211,  0.9255518 , -1.36605743,  2.44948974, -2.44948974,
       -2.18449497]), array([-1.04722212,  0.12799483])]]]
[893008, 4, 'birth', 14, 11, 1, [[array([[-1.14184907, -0.63315918, -0.06499076, -2.40729341, -0.10800675,
        -2.18412547],
       [ 0.3873625 , -0.3351666 , -2.44948974, -1.36941723,  0.2167058 ,
         0.1174313 ],
       [ 2.44948974, -1.49860368,  0.21511899, -2.44948974, -0.69938464,
         1.8638818 ],
       [-2.15230004,  0.27742877, -0.10866452,  0.67517753, -1.55647338,
         2.44948974],
       [ 1.33924382, -0.54471476, -2.30746405,  2.44948974, -0.12996244,
        -0.73814839],
       [ 0.01059711, -0.40585795, -1.89332652,  1.81335673,  1.98456836,
        -0.45770077]]), array([[-1.41421356, -1.41421356],
       [-1.41421356, -1.41421356],
       [-0.99832061,  0.8970434 ],
       [-1.41421356, -1.37883911],
       [ 0.09400104, -1.41421356],
       [-0.33225431,  0.38955323]])], [array([-2.24796234, -2.44948974,  0.63185583, -2.26195556,  2.44948974,
        0.67728674]), array([-1.28840532,  1.41421356])]]]
[953759, 2, 'death']
[1051210, 24, 'death']
[1061110, 9, 'birth', 20, 4, 0, [[array([[-1.73120277, -0.63315918, -2.44948974, -2.40729341,  0.14768728,
         1.80422742],
       [ 2.44948974, -0.3351666 , -1.07752133,  0.5407448 , -0.72441395,
         2.44948974],
       [-0.78747797, -1.49860368,  1.54428795,  0.66929905,  0.10403457,
         1.8638818 ],
       [ 1.50975259,  2.44948974,  0.04206102,  2.44948974, -1.58806196,
         2.36233787],
       [ 1.70763315, -2.39439375, -1.65843992,  1.08844474, -2.44948974,
        -0.40817234],
       [-2.18289994,  1.70546641, -0.07219999,  1.052118  ,  0.23999846,
         0.93633615]]), array([[ 1.41421356, -1.41421356],
       [-1.41421356,  0.06805937],
       [-1.41421356,  0.8970434 ],
       [-1.41421356, -1.37883911],
       [ 0.09400104, -1.41421356],
       [-0.33225431,  0.38955323]])], [array([-2.44948974, -2.44948974,  0.63185583, -2.26195556,  2.44948974,
        0.67728674]), array([-0.17620335,  1.41421356])]]]
[1066260, 8, 'birth', 9, 13, 0, [[array([[-1.73120277, -0.63315918, -2.44948974, -2.30757778,  0.14768728,
         1.80422742],
       [-2.44948974, -0.3351666 , -1.07752133,  0.02327661,  2.44948974,
         2.08655133],
       [-0.78747797, -1.49860368,  1.54428795,  0.66929905,  0.10403457,
         1.81120652],
       [ 1.50975259,  1.61512546,  1.05859751,  2.44948974, -1.58806196,
         2.36233787],
       [ 1.99683265, -0.96565286, -1.65843992, -2.11259391, -1.73478544,
        -0.40817234],
       [-2.18289994,  2.44948974,  0.93922176, -0.51076622,  0.23999846,
        -2.44948974]]), array([[-1.41421356, -1.06564183],
       [ 0.85188828, -0.38211879],
       [-0.98454115, -0.56472851],
       [-1.41421356,  1.41421356],
       [-1.24662168,  0.05850638],
       [ 0.83798489, -0.1861754 ]])], [array([ 0.62731211,  0.9255518 , -2.44948974,  2.44948974, -2.44948974,
       -2.18449497]), array([-1.04722212,  0.12799483])]]]
[1071310, 23, 'death']
[1112661, 12, 'birth', 18, 11, 0, [[array([[ 1.30668767,  2.44948974, -0.297437  , -1.40302531, -1.9795197 ,
         1.87795436],
       [-2.36595395, -0.3454109 , -2.10860568, -2.32927277,  1.02069857,
        -0.12004127],
       [-2.44948974, -1.83841729, -2.00305997,  1.69019345,  1.50297653,
        -2.44948974],
       [ 1.03464851, -1.53342951, -2.3165663 ,  0.12126977,  2.30756958,
        -1.82738749],
       [-1.98495494,  1.34009008, -0.00270236, -2.11259391,  0.44611748,
        -0.40817234],
       [-2.18289994,  1.70546641, -0.07219999,  1.76072988, -1.61334456,
         0.93633615]]), array([[ 1.41421356,  1.41421356],
       [ 1.41421356, -1.41421356],
       [ 0.37212662, -1.41421356],
       [-0.5270201 , -1.41421356],
       [-0.4851376 , -1.41421356],
       [-0.33225431, -0.23974796]])], [array([-2.24796234, -2.44948974,  0.63185583, -2.26195556,  2.06574121,
        2.06214311]), array([-0.9563848 ,  1.34074927])]]]
[1117411, 22, 'death']
[1122661, 20, 'death']
[1216362, 11, 'death']
[1283762, 6, 'death']
[1321513, 19, 'death']
[1324963, 14, 'death']
[1342263, 18, 'death']
[1347213, 13, 'death']
[1349313, 4, 'death']
[1396764, 9, 'death']
[1397964, 8, 'death']
[1398164, 12, 'death']
[1398164, 'Extinction!']
