[time, indiv, parent1, parent2, gender, brain]
[150, 23, -1, -1, 0, [[array([[-0.85530047,  1.60442583, -2.1647956 ,  0.56369275,  0.05773134,
        -2.10410944],
       [-0.3530029 ,  1.65940355, -0.92613541, -0.0113841 , -0.75707666,
        -1.03051565],
       [-1.25350211,  1.76303918,  0.35836833,  1.6054457 ,  2.38550118,
        -0.69290874],
       [-1.41493652, -0.3347572 ,  1.96413861,  1.89139009, -1.00504057,
        -1.92220273],
       [ 0.29138062,  2.38116449,  2.13984923, -0.13009726, -0.48725615,
         0.97952722],
       [-0.95474851,  2.392945  , -1.12987936,  0.09796111,  0.72907376,
        -0.74663581]]), array([[-1.950026  ,  0.93824889],
       [ 0.89722888,  0.81651792],
       [-0.02603669,  0.72175671],
       [ 0.95608417, -1.51980147],
       [-0.79926945,  2.4008825 ],
       [ 1.15353113,  0.61041374]])], [array([ 1.8330783 ,  0.21563413,  1.62024719, -1.46725845, -2.36188452,
       -0.87214662]), array([-1.58211272, -0.85749732])]]]
[150, 9, -1, -1, 1, [[array([[ 1.47016385, -1.81245462,  0.06239087, -2.17570298,  0.21263591,
         1.08455964],
       [ 0.99540296,  1.52031992,  0.48464064, -1.353973  , -0.97146753,
        -1.93863557],
       [-1.2894091 , -1.46740046,  0.65059634, -0.03850059,  1.37508126,
         0.67893203],
       [-2.37471309, -0.42971033, -1.11746225, -0.91003056, -0.46758858,
         2.27519605],
       [ 0.43246091,  1.37889706,  0.62896364,  0.9736027 ,  1.79406195,
         1.38038591],
       [ 2.10793916,  1.20332843,  0.01229574, -0.34169264, -1.9167661 ,
        -1.45395344]]), array([[-1.85998531, -0.46565106],
       [ 1.69009869,  0.2696448 ],
       [ 0.07205557, -1.35354161],
       [ 2.09575025, -0.34935192],
       [ 0.17815361, -2.02041968],
       [-1.19813914,  0.92927225]])], [array([-1.99522289, -2.21939292,  0.04823802, -1.15991103, -1.75675076,
        0.96726339]), array([ 0.61711684, -0.17402474])]]]
[150, 0, -1, -1, 0, [[array([[-1.48260277e+00,  2.00759218e+00,  1.69866284e+00,
         7.67581279e-01, -1.01820515e+00,  6.00802904e-01],
       [ 9.73047103e-01, -1.18636474e+00,  3.94867541e-01,
        -1.73139007e+00, -2.16396018e+00,  1.31144714e+00],
       [-2.22127214e+00,  7.22871808e-01,  1.57913431e+00,
         3.95854123e-01,  1.40565602e+00, -7.03098833e-01],
       [ 1.06349613e+00,  2.38407439e+00, -1.53584631e+00,
         1.66640967e+00, -4.33796936e-02,  2.06922567e+00],
       [ 2.36373217e+00, -6.22618678e-01,  1.33935367e+00,
        -4.61172204e-01,  1.42849310e+00, -2.37194291e-01],
       [-6.94395742e-01, -2.19525443e+00, -1.71686425e-02,
         9.57532514e-01, -1.13638434e+00,  2.26871142e-03]]), array([[ 1.43327519,  1.5629628 ],
       [ 0.24983023, -1.18413483],
       [ 1.05570207,  0.38655072],
       [ 0.16356083, -0.39145061],
       [-1.97975238,  0.7529415 ],
       [ 1.42016377, -0.10657538]])], [array([-0.96358046, -2.12612297, -0.05835824, -1.72851454, -0.46004816,
        0.08950556]), array([-0.74708952,  1.77098785])]]]
[150, 21, -1, -1, 1, [[array([[-0.05718592, -1.18334303,  1.69945102,  2.12997301,  2.03202311,
        -1.3853751 ],
       [-0.61302216, -2.30800612,  0.00356156,  2.20154894, -0.78531719,
         1.07733429],
       [ 0.92859871, -0.47047431, -0.53495749, -2.28125448,  2.15399503,
         0.18868142],
       [ 0.29524668,  2.43153286,  1.0180474 ,  1.61393194,  2.36566279,
         0.62472579],
       [-0.6232142 ,  0.00605452,  0.54875932, -0.75193292,  1.88904654,
         1.15797098],
       [-0.33245358,  2.01861621,  2.30540078, -0.54606283,  1.717878  ,
         0.97336772]]), array([[ 1.52523781, -0.23939612],
       [ 2.03028588,  0.14167057],
       [ 0.6378035 ,  1.74395027],
       [-1.54111388,  1.94911309],
       [ 0.63616111,  1.88441304],
       [ 0.81628734, -2.1423224 ]])], [array([ 0.48766974, -0.33082489, -0.73319368,  0.90377897,  2.2511821 ,
       -1.89393254]), array([1.03917626, 1.91137178])]]]
[150, 17, -1, -1, 0, [[array([[ 1.57981869,  1.19077352, -1.58379922, -0.95535139,  1.38681084,
        -1.62631245],
       [ 0.89062089,  1.08321192, -2.03500843, -1.41185894,  0.24591705,
         0.89441033],
       [-1.22727357,  0.65290001,  0.28168506,  2.39387636,  0.35533325,
         1.20357472],
       [ 2.44282515, -2.26606431,  0.49881591, -1.08082159, -1.99883328,
         0.38037445],
       [ 0.68245444, -0.32393644,  0.43767837, -1.36618469,  2.4082981 ,
         2.43287824],
       [ 2.42658052,  2.39826635,  0.20944192, -1.97655219,  1.24706281,
         0.56742093]]), array([[ 1.96503718,  0.10446671],
       [-0.23359978, -0.50006145],
       [-0.81605014,  1.5102326 ],
       [-0.62433062, -2.27442973],
       [-0.07391649, -0.44669378],
       [-0.41258154, -0.68529099]])], [array([ 1.1289532 ,  1.16603126, -1.53337601,  0.93875623,  2.03764507,
       -2.19574872]), array([ 1.59458354, -0.95033667])]]]
[150, 1, -1, -1, 1, [[array([[-1.56827935,  2.18150512, -1.8230762 , -2.40385533, -2.17015894,
        -1.91143889],
       [-1.69772412,  1.88825296, -1.37139275, -1.68980961,  1.44583166,
        -1.06349831],
       [-2.37591672,  2.08256864,  0.53112921,  1.903802  , -2.37439127,
         1.47296701],
       [-0.16005729, -2.03074256,  1.93575707, -1.73150593, -0.03984641,
        -1.10402414],
       [ 0.95015402, -1.2317334 ,  0.86011471,  2.10093921, -1.16899043,
        -0.86638947],
       [-0.99037492,  1.8599123 ,  1.67167435, -1.39537796,  0.8887735 ,
        -0.37757438]]), array([[-1.24880154, -0.49158021],
       [-0.82723802, -0.63443137],
       [ 1.59989233, -1.99464161],
       [-2.27226095, -0.1083396 ],
       [-2.22123091, -1.93835317],
       [ 0.63526497, -1.71667405]])], [array([-1.87357383,  1.40668121,  0.02369737, -2.30089946,  1.20526201,
       -1.03776237]), array([1.93856687, 2.17389537])]]]
[150, 8, -1, -1, 0, [[array([[ 0.58283307, -2.13091226, -2.34701578, -1.08588919,  1.06689126,
         2.08859788],
       [ 1.58486106, -1.38604728,  0.00676061,  0.75784496, -0.73293015,
        -1.62048038],
       [ 0.64238307, -1.26738515,  0.80670475, -0.17332577,  1.07156664,
         0.49445   ],
       [ 0.0342069 , -1.28809685, -0.64421446, -0.59222166, -1.35539583,
         1.05843704],
       [-1.87336165, -1.35697874, -0.97077036,  0.8019168 ,  0.71204929,
        -0.17254463],
       [ 1.39523373,  2.41053824, -2.37534023,  2.15222397, -1.30527448,
         1.36435461]]), array([[-1.7719338 ,  2.43067339],
       [-0.37826072,  0.80460506],
       [-0.4620654 ,  1.85139605],
       [ 1.22684944, -1.32444083],
       [ 1.0542426 , -1.76237595],
       [ 1.72506082,  2.08950377]])], [array([ 1.89493352,  1.9868481 , -2.14775488, -0.05648591, -1.69790074,
       -0.96355525]), array([-1.66348717, -1.17225002])]]]
[150, 22, -1, -1, 1, [[array([[ 2.05410425, -1.35403138, -2.1742074 , -1.33854492,  1.6472127 ,
        -0.216264  ],
       [-0.32455948, -0.1161061 ,  1.61057449,  0.40477314,  1.47269586,
         1.83332516],
       [ 0.6571096 ,  1.95216198,  0.52984126,  1.91125403,  0.91608246,
        -1.76950131],
       [-0.53355346, -1.87170072, -1.66410997, -1.61487864,  1.21211563,
         1.84017526],
       [ 1.27499746,  0.3482291 ,  0.20185881,  2.23397765, -1.3563044 ,
        -1.61712951],
       [-0.63119224,  1.61571441, -0.94672551, -2.20339675, -0.52664963,
        -0.24033409]]), array([[-0.42329049, -1.19626666],
       [-2.03691608, -1.48099241],
       [-0.78181062,  0.37626811],
       [ 0.8368837 , -1.64783577],
       [ 0.13652167, -0.33811045],
       [ 1.31453347, -2.4467933 ]])], [array([ 1.00728236, -0.73483555,  1.99493348, -0.83154817,  0.93922296,
        2.13627077]), array([-0.6604747,  1.9237917])]]]
[150, 14, -1, -1, 0, [[array([[-0.59065673,  0.14461283,  0.93262167,  0.79617057, -2.28418551,
         0.77258613],
       [ 1.02047505,  1.91922063,  0.23458703, -2.44546097,  1.32853891,
         2.19923449],
       [-2.08119858, -2.00803209, -2.03335271,  0.58477184, -0.99027099,
        -1.87928359],
       [ 2.00365939,  1.36405187, -0.61105966,  1.82535835,  1.02874252,
         2.03064874],
       [ 0.12280198, -0.20259437,  0.33103973, -1.74999975, -0.48156733,
         1.68880207],
       [-0.83356295,  1.3066839 , -0.76458449, -0.18887366,  2.41738262,
        -1.74627894]]), array([[ 0.12830956,  0.64683667],
       [ 0.5068878 , -2.14308585],
       [-0.31158898, -2.01697258],
       [-1.78167821,  1.65715739],
       [-1.51341761, -2.129769  ],
       [ 0.44554263, -0.29167661]])], [array([-2.30365855,  1.67093808,  0.50731402,  1.69057005, -0.46520212,
       -1.66487284]), array([-1.39604855, -1.18485135])]]]
[150, 2, -1, -1, 1, [[array([[-0.90809166,  0.68796997,  2.32877862,  0.11001392,  0.4376581 ,
        -1.5292352 ],
       [-0.16164502, -2.3003423 ,  2.39143108,  1.7986135 ,  2.35866579,
         1.94584833],
       [-0.76901694, -0.20745863,  0.34917574,  0.23037681,  1.11753525,
         1.24499967],
       [ 1.36122459, -2.2983086 , -0.53938909, -2.3047199 , -0.16792653,
        -2.19672155],
       [ 1.90210398,  0.73772072,  0.5984595 , -0.11476892,  0.30567707,
        -1.8150233 ],
       [-0.09607526, -0.30933812,  2.30633551,  1.22490485,  1.25273972,
        -0.55532766]]), array([[ 2.18588448, -1.5537489 ],
       [-0.00305083, -2.24382801],
       [ 2.15338432, -1.34333556],
       [ 0.94130992,  0.3576249 ],
       [-1.3725359 , -0.91197856],
       [ 1.68840243, -1.41882536]])], [array([ 0.07662501,  2.17416912,  1.95417628, -0.07301645, -2.10311268,
        0.74014659]), array([ 2.11706412, -0.36679682])]]]
[150, 11, -1, -1, 0, [[array([[-2.3045662 ,  2.33358487,  1.26658137,  0.87425991, -2.27522513,
        -2.27297179],
       [-1.74080085,  1.88778166,  1.8380868 , -0.17289765,  0.9602061 ,
        -1.2424761 ],
       [-2.24381685,  1.71991895,  2.37607728, -0.06859125,  1.37632122,
        -0.25103552],
       [-1.36799043,  0.04372996, -0.12667816,  0.21090458, -0.05079961,
         0.84606001],
       [ 0.9788349 ,  0.19549746,  2.22003445,  1.95042491, -1.48561045,
        -1.29599526],
       [ 1.87770828, -2.13796687, -0.13221155, -0.95631342, -1.14864161,
         2.21222206]]), array([[-0.82051562, -2.39184989],
       [ 0.69601739,  1.88581071],
       [-0.06420022,  0.43749472],
       [-2.07706075, -1.35493902],
       [ 0.89482151, -1.61231097],
       [-1.75942675, -1.30571852]])], [array([-2.26202391, -1.66842326, -2.02206104, -1.72938947, -0.53363263,
        1.49540139]), array([2.30483483, 1.04034873])]]]
[150, 18, -1, -1, 1, [[array([[-1.38208222, -2.17485417,  1.94386987,  1.31370187,  2.16342631,
        -0.33983534],
       [-2.32914087,  1.89903677, -0.09069787,  2.31839701, -2.01529014,
         0.39732799],
       [-0.2597853 , -1.74725009, -1.18952782, -1.42353859, -2.35180443,
         0.3180129 ],
       [-1.35816807, -2.34254146, -2.17293511, -0.22986952, -2.33685942,
        -1.02200953],
       [-1.4444194 ,  0.42068812,  2.16655762,  2.14708618,  1.79792177,
        -1.01419054],
       [-0.29062098, -0.32704983, -1.50962256,  2.0803975 , -1.76603141,
         2.01368262]]), array([[ 0.84448084,  2.0606102 ],
       [-0.10061125, -1.54256279],
       [ 1.29647073, -1.66637074],
       [ 1.90077095, -1.2784979 ],
       [-1.906328  ,  2.43318408],
       [-0.24773759,  0.49334051]])], [array([ 0.90974314,  1.06687202, -1.9604797 , -1.65366434, -1.49840233,
       -2.06714491]), array([ 0.12471975, -0.21811063])]]]
[150, 19, -1, -1, 0, [[array([[ 0.06580253, -0.34777023, -1.14898383, -2.04934321, -1.98154979,
         1.27551269],
       [-0.27028376,  0.93513497,  0.38508239, -1.68911117, -1.25137388,
        -0.34388672],
       [-1.89998001, -2.25791232,  1.8541944 ,  0.21625252, -2.28749484,
         0.8091346 ],
       [-1.95645368,  2.3293719 ,  2.07549469, -2.27895301, -1.24551953,
         1.18009858],
       [ 0.80825445,  0.84677152,  0.033268  , -2.2655278 ,  0.79857853,
         0.2017823 ],
       [ 0.6980284 , -1.74147081,  1.957112  , -0.51103071,  0.03815779,
         0.42952459]]), array([[ 1.34772703, -2.06491098],
       [-0.24576054, -0.98784593],
       [-0.1752104 ,  1.48534304],
       [ 0.6667645 , -0.55180843],
       [-0.73053142,  0.44330336],
       [ 0.15272637, -0.33288183]])], [array([-2.20328318, -0.85274075,  0.79288362,  1.7731621 ,  0.85431672,
        1.13903891]), array([2.35233331, 2.29662305])]]]
[150, 16, -1, -1, 1, [[array([[-0.72873186,  1.99881413, -1.58008549, -0.82361838,  2.34595329,
         0.40625468],
       [-1.33067397, -0.52062759,  0.56588725,  2.21847094,  0.17997383,
        -1.929001  ],
       [-1.96398531,  2.34821853,  1.74272865,  2.29709005,  0.35141188,
         2.36596634],
       [-1.54186261,  1.80622487, -1.80652218,  1.19300453, -2.14589258,
        -1.07131162],
       [ 0.71943724,  1.79092332,  1.94709054, -1.48866031,  1.85399764,
         1.57208991],
       [ 2.0354974 ,  1.74485852,  1.4485178 ,  2.17208247,  0.01583337,
        -0.87835053]]), array([[-0.42237822, -0.74320203],
       [-0.77532433, -2.03756396],
       [ 1.91625294, -1.81002081],
       [-2.24884044,  1.7003155 ],
       [ 0.11454306,  0.76802769],
       [ 1.22028489,  1.97606032]])], [array([-1.46944156, -0.21953725,  1.75072618,  0.27884289, -1.58861792,
       -1.22936047]), array([ 0.55629719, -1.3459724 ])]]]
[150, 10, -1, -1, 0, [[array([[ 0.02255447,  0.5874003 , -2.40683978,  2.39855556, -1.82223773,
         2.16046738],
       [ 2.01956735, -1.88388817, -0.52310407,  1.33485984, -0.50255173,
         1.36009658],
       [-0.21765979,  0.93770479, -0.06980812, -0.9427543 ,  1.09261394,
        -1.14368889],
       [ 1.60088495, -1.08170239,  0.2010033 , -1.35729801, -2.19948833,
         2.17000453],
       [ 1.33471175, -0.60748632, -0.64048048,  1.51210287,  1.70965229,
        -0.32936509],
       [ 0.69553815, -1.65238748,  2.15220388, -0.63573951,  0.88638484,
         0.72862167]]), array([[-0.44807761,  1.90961283],
       [ 0.7617141 , -1.10493253],
       [-1.35279574,  1.47420008],
       [ 2.01711302, -0.07611122],
       [-2.11823058, -2.34812949],
       [ 1.49958881, -0.98900989]])], [array([-0.87499896,  0.93288133,  1.84482867, -1.19769801, -1.51296376,
       -1.5481384 ]), array([-0.11783543,  0.33220316])]]]
[56200, 4, 'birth', 14, 18, 1, [[array([[-0.59065673,  1.98693839,  0.93262167,  0.79617057, -2.28418551,
         0.77258613],
       [-0.13105119,  1.91922063,  0.23458703,  2.31839701, -2.01529014,
         0.39732799],
       [-0.2597853 , -1.74725009, -1.18952782, -1.42353859, -2.35180443,
         0.3180129 ],
       [-1.35816807, -2.34254146, -2.17293511, -2.44948974, -2.33685942,
        -1.02200953],
       [-1.4444194 ,  0.42068812,  2.16655762,  2.14708618,  1.79792177,
        -0.98741401],
       [-0.29062098, -0.32704983, -1.50962256,  2.0803975 , -1.25434111,
         2.01368262]]), array([[ 0.84448084, -0.02794341],
       [-0.10061125, -1.41421356],
       [ 1.29647073, -1.41421356],
       [ 1.41421356, -1.2784979 ],
       [-1.41421356,  1.41421356],
       [-0.24773759,  0.49334051]])], [array([ 0.90974314,  1.06687202, -1.9604797 , -1.65366434, -1.49840233,
       -2.06714491]), array([ 0.12471975, -0.21811063])]]]
[122251, 5, 'birth', 19, 1, 0, [[array([[ 0.06580253,  1.89717893,  1.08008765, -2.04934321,  0.34386463,
         1.27551269],
       [-0.27028376,  0.93513497,  0.38508239, -1.68911117, -1.25137388,
        -0.34388672],
       [-1.89998001, -2.25791232,  0.54214711,  0.21625252, -2.28749484,
         0.8091346 ],
       [-1.95645368,  2.3293719 ,  2.07549469, -2.27895301, -1.24551953,
         1.18009858],
       [ 0.80825445,  0.84677152,  0.033268  , -2.2655278 ,  0.79857853,
         0.2017823 ],
       [ 0.6980284 , -1.74147081,  1.957112  , -0.51103071,  1.59737199,
        -0.36855514]]), array([[ 1.34772703, -1.41421356],
       [-0.82723802, -0.63443137],
       [ 1.41421356, -1.41421356],
       [-1.41421356, -0.1083396 ],
       [-1.41421356, -1.41421356],
       [ 0.63526497, -1.41421356]])], [array([-1.87357383,  1.40668121,  0.02369737, -2.30089946,  1.20526201,
       -1.03776237]), array([1.41421356, 1.41421356])]]]
[318803, 20, 'birth', 10, 22, 1, [[array([[ 0.02255447,  0.5874003 , -2.40683978, -1.33854492,  1.6472127 ,
        -0.216264  ],
       [-0.32455948, -0.1161061 ,  1.61057449,  0.40477314,  1.47269586,
         1.83332516],
       [ 0.6571096 , -2.44948974,  0.52984126,  1.91125403,  2.41833337,
        -1.76950131],
       [-0.53355346,  0.06678772, -1.66410997, -1.61487864,  2.44948974,
         1.84017526],
       [ 1.27499746,  0.3482291 , -2.44948974,  2.23397765, -1.3563044 ,
         0.41187221],
       [-0.63119224,  1.61571441, -0.94672551, -2.20339675, -0.52664963,
        -0.24033409]]), array([[-0.42329049, -1.19626666],
       [-1.41421356, -0.51391997],
       [-0.78181062, -0.91426424],
       [ 0.8368837 , -1.41421356],
       [ 0.13652167, -0.33811045],
       [ 1.31453347, -1.41421356]])], [array([ 1.00728236, -2.44948974,  1.99493348, -2.44948974,  0.93922296,
        2.13627077]), array([-0.6604747 ,  1.41421356])]]]
[327153, 15, 'birth', 23, 21, 1, [[array([[-0.85530047,  1.60442583, -2.1647956 ,  0.56369275,  2.03202311,
        -1.3853751 ],
       [-0.61302216, -2.30800612,  1.07710531,  2.20154894, -0.78531719,
         1.07733429],
       [-2.44948974, -0.47047431, -0.53495749, -2.28125448,  2.15399503,
         0.18868142],
       [ 0.29524668,  2.43153286, -2.44948974,  2.44948974,  2.36566279,
         0.62472579],
       [-0.6232142 , -2.31983364,  0.54875932, -0.75193292, -1.37303186,
         1.15797098],
       [-0.33245358,  2.01861621,  0.67859222, -0.54606283,  1.717878  ,
         0.97336772]]), array([[ 1.41421356, -0.23939612],
       [ 1.41421356, -1.21030378],
       [ 0.6378035 ,  1.41421356],
       [-1.41421356,  1.41421356],
       [ 1.12507145,  1.41421356],
       [-1.41421356, -1.41421356]])], [array([-1.21558893, -0.33082489, -0.73319368,  0.90377897,  2.44948974,
       -1.89393254]), array([1.03917626, 1.41421356])]]]
[362253, 13, 'birth', 23, 22, 0, [[array([[-0.57290081,  1.60442583, -2.1647956 ,  0.56369275,  1.12306674,
        -2.10410944],
       [-0.3530029 ,  1.65940355, -0.92613541, -0.0113841 , -0.75707666,
        -1.03051565],
       [-1.25350211,  1.76303918,  0.35836833,  2.44948974,  2.38550118,
        -0.69290874],
       [-2.44948974, -0.3347572 , -1.66410997, -1.61487864,  1.21211563,
         1.84017526],
       [-2.44948974,  0.3482291 ,  0.20185881,  2.23397765, -1.3563044 ,
        -1.61712951],
       [-0.63119224,  1.61571441,  1.50715891, -2.20339675, -0.52664963,
        -0.24033409]]), array([[-0.42329049, -1.19626666],
       [-1.41421356, -1.41421356],
       [-0.78181062,  0.10823225],
       [-0.79270315, -1.41421356],
       [ 0.13652167, -0.33811045],
       [ 1.31453347, -1.41421356]])], [array([ 1.00728236, -0.73483555,  1.99493348, -0.83154817,  0.93922296,
        2.13627077]), array([0.83064195, 1.41421356])]]]
[362253, 24, 'birth', 17, 22, 0, [[array([[-0.56309186,  1.19077352, -1.58379922, -0.95535139,  1.38681084,
        -1.62631245],
       [ 0.89062089,  1.08321192, -2.03500843, -1.41185894,  0.24591705,
         1.73674523],
       [-1.22727357,  0.65290001,  0.28168506,  2.39387636, -2.44948974,
         1.39437139],
       [ 2.44282515, -2.26606431,  0.49881591, -1.08082159, -1.99883328,
         0.38037445],
       [ 1.94027583, -0.32393644,  0.43767837,  2.44948974,  2.4082981 ,
         2.43287824],
       [ 2.42658052,  2.39826635,  0.20944192, -1.97655219,  0.47679506,
        -1.44215506]]), array([[ 1.41421356,  0.10446671],
       [-1.41421356, -1.41421356],
       [-0.78181062,  0.37626811],
       [ 0.8368837 , -1.41421356],
       [ 0.13652167, -0.14672718],
       [ 1.31453347, -1.41421356]])], [array([ 1.00728236, -0.73483555,  1.99493348, -0.83154817,  0.93922296,
        2.13627077]), array([-0.6604747 ,  1.41421356])]]]
[371953, 3, 'birth', 24, 22, 0, [[array([[-0.56309186,  1.19077352, -1.58379922, -0.95535139,  1.38681084,
        -1.62631245],
       [ 2.44948974,  1.08321192, -2.03500843, -1.41185894,  0.24591705,
         1.73674523],
       [-1.22727357,  0.65290001, -2.44948974,  1.91125403,  0.91608246,
        -0.2393138 ],
       [-0.53355346, -1.87170072, -1.66410997, -1.61487864,  1.21211563,
         2.44948974],
       [ 1.27499746,  1.56440813,  0.20185881,  2.23397765, -1.3563044 ,
        -1.61712951],
       [-2.44948974,  1.61571441, -0.94672551, -2.20339675, -0.52664963,
        -0.24033409]]), array([[-0.42329049,  1.41421356],
       [-1.41421356, -1.41421356],
       [-0.78181062,  1.41421356],
       [ 0.8368837 , -1.41421356],
       [ 0.13652167, -0.33811045],
       [ 1.31453347, -1.41421356]])], [array([ 1.00728236, -0.73483555, -1.04799117,  1.2507045 , -2.44948974,
        2.13627077]), array([-0.6604747 ,  1.41421356])]]]
[412304, 6, 'birth', 8, 22, 0, [[array([[ 0.58283307, -2.13091226, -2.44948974, -1.08588919,  1.06689126,
         2.08859788],
       [ 0.23149299, -1.38604728,  2.44948974,  0.75784496, -0.73293015,
        -1.62048038],
       [ 0.64238307, -1.26738515,  0.80670475, -0.17332577,  1.07156664,
         0.49445   ],
       [ 0.0342069 , -1.28809685, -0.64421446, -0.59222166, -1.35539583,
         1.05843704],
       [-1.87336165, -2.333911  , -0.97077036,  0.8019168 ,  0.71204929,
        -0.17254463],
       [ 1.3812298 ,  2.41053824, -1.78455373,  2.15222397, -1.30527448,
         1.36435461]]), array([[-0.33662954,  1.41421356],
       [-0.37826072,  0.80460506],
       [-1.27731173,  1.41421356],
       [ 1.22684944, -1.37228467],
       [ 1.0542426 , -1.41421356],
       [ 1.41421356,  1.41421356]])], [array([ 1.89493352,  0.52844377, -2.14775488, -0.05648591,  0.93922296,
        2.13627077]), array([-0.6604747 ,  1.41421356])]]]
[454704, 7, 'birth', 13, 22, 1, [[array([[-0.57290081,  1.60442583, -2.1647956 ,  0.56369275,  1.12306674,
        -0.7125669 ],
       [-0.94520722, -0.1161061 ,  1.61057449,  0.40477314,  1.47269586,
         1.83332516],
       [ 0.6571096 ,  1.95216198,  0.52984126, -2.44948974,  0.91608246,
        -1.76950131],
       [-0.53355346, -1.87170072,  1.51951558, -1.61487864,  1.21211563,
         1.84017526],
       [ 1.27499746,  0.3482291 ,  0.20185881,  2.23397765, -1.3563044 ,
        -0.23759883],
       [-0.63119224,  1.61571441, -0.94672551, -2.20339675,  0.03754159,
        -0.24033409]]), array([[-0.42329049, -1.19626666],
       [-1.41421356, -1.41421356],
       [-0.78181062,  0.37626811],
       [ 0.8368837 , -1.41421356],
       [ 0.13652167, -0.33811045],
       [ 1.31453347, -1.41421356]])], [array([ 2.44948974, -0.73483555,  2.44948974, -0.83154817,  0.93922296,
        2.13627077]), array([-0.6604747 ,  1.41421356])]]]
[498804, 12, 'birth', 23, 20, 1, [[array([[-0.85530047,  1.60442583, -2.1647956 ,  0.56369275,  0.05773134,
        -2.10410944],
       [-2.21897007,  1.65940355, -0.92613541, -0.0113841 , -0.75707666,
        -1.03051565],
       [-1.91638356,  1.76303918,  2.44948974,  1.6054457 ,  2.38550118,
        -0.69290874],
       [ 0.53028978, -0.59190323,  1.96413861,  1.89139009, -1.00504057,
        -1.92220273],
       [ 0.29138062,  2.38116449,  2.13984923, -0.15721483,  0.88125121,
         0.97952722],
       [-0.95474851,  1.77733135, -1.12987936,  0.09796111,  0.72907376,
        -0.74663581]]), array([[-1.41421356,  0.93824889],
       [ 0.89722888,  0.81651792],
       [-0.02603669,  0.72175671],
       [ 0.95608417, -1.41421356],
       [-0.79926945,  1.41421356],
       [ 1.15353113,  0.61041374]])], [array([ 1.8330783 ,  1.468992  ,  1.62024719, -2.44948974,  0.93922296,
        2.13627077]), array([-0.6604747 ,  1.41421356])]]]
[951759, 23, 'death']
[951909, 9, 'death']
[952059, 0, 'death']
[952259, 21, 'death']
[952409, 17, 'death']
[952559, 1, 'death']
[952709, 8, 'death']
[952859, 22, 'death']
[953009, 14, 'death']
[953159, 2, 'death']
[953309, 11, 'death']
[953459, 18, 'death']
[953609, 19, 'death']
[953759, 16, 'death']
[953909, 10, 'death']
[954509, 14, 'birth', 13, 20, 1, [[array([[ 1.88493597,  1.60442583, -1.79523902,  0.56369275,  1.12306674,
        -2.10410944],
       [-0.3530029 ,  1.65940355, -0.92613541, -0.0113841 , -2.27146747,
        -1.03051565],
       [-2.44948974,  1.76303918,  0.35836833,  2.44948974,  2.38550118,
        -1.82744077],
       [-2.44948974, -0.63740574, -1.66410997, -1.61487864,  1.21211563,
         1.84017526],
       [-1.14372616,  0.3482291 ,  0.20185881,  2.23397765, -1.3563044 ,
         0.41187221],
       [-0.63119224,  1.61571441, -0.94672551, -2.20339675, -0.52664963,
        -0.24033409]]), array([[-0.42329049, -1.19626666],
       [-1.41421356, -0.51391997],
       [-0.78181062, -0.91426424],
       [ 0.8368837 , -1.41421356],
       [ 0.13652167, -0.33811045],
       [ 1.31453347, -1.19974138]])], [array([-2.17071089, -2.44948974,  1.99493348, -2.44948974,  0.93922296,
        2.13627077]), array([-0.6604747, -1.1358576])]]]
[954509, 22, 'birth', 10, 21, 0, [[array([[ 0.02255447,  0.5874003 , -2.40683978, -1.12430111,  1.46714178,
         2.16046738],
       [ 2.01956735, -0.29119925, -0.52310407,  1.33485984, -0.50255173,
         1.36009658],
       [-0.21765979,  1.92645158, -0.06980812, -0.9427543 ,  1.09261394,
        -1.14368889],
       [ 2.44948974, -1.08170239,  0.2010033 , -0.66297417, -2.05443468,
         2.17000453],
       [ 1.33471175, -0.60748632, -0.64048048,  1.51210287,  1.70965229,
        -0.32936509],
       [ 2.28763356, -1.65238748,  2.15220388, -0.63573951,  0.88638484,
         0.08144964]]), array([[ 1.41421356, -0.23939612],
       [ 1.41421356, -1.41421356],
       [ 0.46884576, -0.40311934],
       [-1.41421356,  1.41421356],
       [ 0.63616111,  1.41421356],
       [ 0.81628734, -1.41421356]])], [array([ 0.48766974, -0.33082489, -0.73319368,  0.90377897,  2.2511821 ,
       -1.89393254]), array([1.03917626, 1.41421356])]]]
[954509, 17, 'birth', 13, 21, 0, [[array([[-0.57290081,  1.60442583, -2.44948974,  0.56369275,  1.12306674,
         1.21951594],
       [-0.3530029 ,  1.65940355, -0.92613541, -0.0113841 , -0.75707666,
        -1.03051565],
       [-1.25350211,  1.76303918,  0.35836833,  2.44948974,  2.38550118,
        -2.44948974],
       [-2.44948974, -0.3347572 , -1.66410997, -1.61487864,  1.21211563,
         1.84017526],
       [-1.97492175,  0.3482291 ,  0.20185881,  2.23397765, -1.3563044 ,
        -0.81549101],
       [-0.63119224,  1.61571441,  1.50715891, -2.20339675, -0.52664963,
        -0.24033409]]), array([[-0.42329049, -1.19626666],
       [-1.41421356, -1.41421356],
       [-1.41421356,  0.10823225],
       [-0.79270315, -1.41421356],
       [ 0.13652167, -0.33811045],
       [ 1.41421356, -1.41421356]])], [array([-0.01292689, -0.73483555,  1.99493348,  0.90377897,  2.2511821 ,
       -1.89393254]), array([1.41421356, 1.41421356])]]]
[954509, 2, 'birth', 8, 18, 0, [[array([[-1.38208222, -2.17485417,  1.94386987,  1.31370187,  2.16342631,
        -0.33983534],
       [-2.44948974,  1.89903677, -0.09069787,  2.31839701,  1.37564957,
         0.39732799],
       [-0.2597853 , -1.74725009, -1.18952782, -1.42353859, -2.35180443,
         0.3180129 ],
       [-1.35816807, -2.34254146, -2.17293511,  2.44948974, -2.33685942,
        -0.15838313],
       [-1.4444194 ,  0.42068812,  1.93646607,  2.14708618,  1.91929406,
        -1.01419054],
       [ 2.44948974, -0.32704983, -1.50962256,  0.25847589, -1.76603141,
         2.01368262]]), array([[ 0.01316721,  1.41421356],
       [-0.10061125, -1.41421356],
       [ 1.29647073, -1.41421356],
       [ 1.41421356, -1.2784979 ],
       [-1.41421356,  1.41421356],
       [-0.24773759,  0.49334051]])], [array([ 0.90974314,  1.06687202, -1.9604797 , -1.45946656, -1.49840233,
       -2.06714491]), array([0.12471975, 0.34219627])]]]
[954509, 16, 'birth', 24, 18, 1, [[array([[-0.56309186,  1.19077352, -1.58379922, -0.95535139,  1.38681084,
        -1.62631245],
       [ 0.89800372,  2.44948974, -2.03500843, -1.41185894,  0.24591705,
         1.73674523],
       [-1.22727357,  0.65290001,  0.28168506,  2.39387636, -2.44948974,
         1.39437139],
       [ 2.44282515, -2.26606431,  0.49881591,  1.30354357, -1.99883328,
         0.38037445],
       [ 2.44948974, -0.32393644,  0.43767837,  2.44948974,  2.4082981 ,
         2.43287824],
       [ 2.42658052,  2.44948974, -2.44948974, -1.97655219,  0.77219561,
        -1.44215506]]), array([[ 1.41421356,  0.10446671],
       [-0.02854659, -1.41421356],
       [-0.78181062,  0.37626811],
       [ 0.8368837 , -1.41421356],
       [-1.41421356,  1.41421356],
       [-0.24773759,  0.49334051]])], [array([ 0.90974314,  1.34627388, -1.9604797 , -1.65366434, -1.49840233,
       -2.06714491]), array([-0.23189614, -1.41421356])]]]
[1009360, 4, 'death']
[1065410, 5, 'death']
[1213512, 20, 'death']
[1219212, 15, 'death']
[1239912, 13, 'death']
[1240062, 24, 'death']
[1244412, 3, 'death']
[1259612, 6, 'death']
[1273012, 7, 'death']
[1284562, 12, 'death']
[1381263, 14, 'death']
[1381413, 22, 'death']
[1381563, 17, 'death']
[1381713, 2, 'death']
[1381863, 16, 'death']
[1382013, 'Extinction!']
