[time, indiv, parent1, parent2, gender, brain]
[200, 13, -1, -1, 0, [[array([[ 1.13636351,  2.21371506, -0.716386  ,  0.3418517 , -0.47263526,
         1.86568539],
       [ 1.61652386, -0.65818823, -1.29438067, -0.28460369,  1.45265776,
        -0.79852806],
       [-0.72948147,  1.57116587, -2.26501094, -0.93298229, -0.94503989,
        -0.62515404],
       [-0.1314989 , -1.2954092 ,  1.28925834, -1.24348986, -1.36401738,
        -1.96429742],
       [-0.33848245,  1.46701684,  2.07545431, -0.21271428, -1.33869694,
         0.83818989],
       [ 1.20354806, -0.07338818,  2.42664874, -0.04219363, -1.09490032,
        -1.63627528]]), array([[-0.59122744, -0.07454001],
       [ 2.44836725,  0.91892484],
       [-1.78711696, -0.91605694],
       [ 1.25545791, -0.62078094],
       [ 0.01158373, -1.3633213 ],
       [ 1.51976027,  1.60328141]])], [array([ 2.25970397,  2.20107533,  0.42723357,  1.44032349, -1.09082762,
        1.80158157]), array([-0.96017296, -0.59964457])]]]
[200, 18, -1, -1, 1, [[array([[-1.79528215,  2.19220996,  1.12608906, -0.98503529,  1.06599053,
         1.58277415],
       [-0.23618162, -1.72371383, -2.0053711 ,  1.54467473, -0.47403339,
         0.50614676],
       [ 0.55833035, -0.44162647,  0.74698103,  0.25435508, -0.73622161,
         0.48814351],
       [ 1.20681805, -2.33804019, -0.94686871, -2.33575946,  0.62151701,
        -0.81344381],
       [ 0.22599392, -1.50326037,  0.86803165, -0.12927213,  1.26234377,
        -1.18592519],
       [-0.31396785,  1.82254968,  1.51618298,  0.84952746,  2.32560821,
         1.95886434]]), array([[-1.45703612,  2.00601673],
       [ 1.12398668,  1.51314245],
       [ 0.10560186, -0.33806222],
       [ 1.83992984,  0.59258365],
       [-2.17899908, -1.23779305],
       [ 1.6294577 ,  1.43668486]])], [array([-0.46460372, -2.02208284,  2.02394808,  1.74499199,  1.2079824 ,
       -1.84109234]), array([ 0.77583367, -0.81268524])]]]
[200, 21, -1, -1, 0, [[array([[-1.93826239, -1.00395215, -0.92486732, -1.57388905,  0.78808801,
         0.69898926],
       [ 2.32984398,  0.71475315,  0.52748555, -1.757349  , -1.56077894,
         1.71846844],
       [-1.30346312,  0.89134282,  2.08107004,  1.07977   , -0.32446677,
        -0.01282444],
       [ 1.5110993 ,  0.87406724, -0.33901783,  0.19637694,  1.68861287,
         1.17124915],
       [-2.06127663, -0.34783467,  0.7392666 ,  0.29161582, -2.41287731,
         0.50351905],
       [ 2.37213985,  0.28199417,  0.33686691, -0.2887565 ,  0.44315239,
        -2.43949637]]), array([[ 0.2318439 , -0.65332474],
       [ 0.02940876,  0.87228586],
       [ 1.09001805, -1.89178149],
       [-1.85646246, -0.88616793],
       [-2.05952106,  0.58298386],
       [-1.1355551 , -1.46530815]])], [array([ 0.49015249,  0.29305184,  1.62918771, -1.14509158, -1.0147118 ,
       -1.70599052]), array([ 1.96444395, -1.06035058])]]]
[200, 20, -1, -1, 1, [[array([[-0.57535639, -2.37166243,  1.14920281, -1.28264909, -0.63425314,
         1.5512379 ],
       [-0.59377591, -1.25111278,  2.36304289,  1.80613182,  1.74303647,
         1.60111968],
       [-1.67977354,  1.77385404, -0.79777872,  0.39007412, -0.71802095,
        -0.7365598 ],
       [-1.23936833, -1.17564039,  0.89490307, -1.5933509 , -1.81787094,
         1.48998731],
       [ 1.82023827,  1.30409045, -0.00343985, -1.92674342,  2.34729589,
        -0.27193747],
       [ 1.873514  ,  1.55966125,  1.75101339, -0.7682436 ,  2.3576961 ,
        -0.13930578]]), array([[ 0.68571757, -0.80464371],
       [ 2.37014441,  0.42289795],
       [ 0.60358981,  2.37202473],
       [-0.56214782, -1.7135235 ],
       [ 0.36103837,  1.3639046 ],
       [-1.62351995,  1.42403873]])], [array([-1.49213732,  1.62320753,  0.23752215, -1.99715688, -0.91677667,
       -0.6128803 ]), array([0.48844598, 2.00324599])]]]
[200, 7, -1, -1, 0, [[array([[-1.15767789, -2.08968026,  0.0120812 ,  2.12619764, -0.35458223,
        -1.02851736],
       [-0.34246218,  0.36796339,  0.19767752,  0.44112157,  2.33702479,
         1.36312293],
       [-1.70438155,  0.78981474, -1.93338303,  0.26405218,  1.34305569,
         0.20034645],
       [ 1.83678697,  0.85133377,  0.06468086,  2.33370304, -2.34655925,
        -1.64834474],
       [ 0.19707834, -0.67520156,  1.27876959, -2.44183627, -0.74014913,
         0.25423866],
       [ 1.63419082,  1.6263588 , -2.10173789, -0.73268466,  2.23201539,
         1.67682033]]), array([[ 1.82492622,  1.39186505],
       [ 0.54409792, -2.31354664],
       [ 0.0439361 , -0.24153658],
       [-1.92838201,  2.04660366],
       [ 1.60275792, -2.11209689],
       [ 1.3758128 , -0.95484232]])], [array([ 0.8052874 , -0.96688195,  2.11277283,  1.68706409,  1.0715004 ,
       -0.43670958]), array([1.4914025 , 1.74957871])]]]
[200, 14, -1, -1, 1, [[array([[-1.59362718,  1.65201093,  0.14252058,  2.03159705, -0.41297148,
         2.21587567],
       [-1.21791181,  0.27972916, -1.07250588,  1.93955886,  1.48859285,
         1.53998978],
       [ 2.08733185, -1.35458621,  0.6255099 , -0.06362534,  1.24661702,
        -2.00944667],
       [-2.21569465, -0.53378011, -1.52072224,  0.46371975,  1.18451383,
         1.86959102],
       [-1.35519351,  1.92176263,  1.62660445, -1.58257621,  0.02510035,
        -0.14841337],
       [ 1.41988137,  2.04521725,  1.86107869, -2.38628833, -0.58317917,
        -0.88271967]]), array([[ 2.05851654, -0.27504472],
       [-0.06718718,  1.50586665],
       [ 0.98537543, -2.27073043],
       [ 1.60296871,  0.32537305],
       [-1.14694177, -2.07459895],
       [ 0.48659448,  2.10167983]])], [array([ 1.8416782 , -2.26179437,  0.13705384, -0.58980412, -0.57358513,
        0.1885993 ]), array([-2.00294965,  2.05767439])]]]
[200, 8, -1, -1, 0, [[array([[-8.29915239e-01, -1.88585867e+00,  4.31785690e-01,
         5.11519492e-01,  1.88161605e+00, -2.43072950e+00],
       [-1.50271442e+00, -1.51852485e+00,  1.62496684e+00,
        -1.63333594e+00, -3.96926156e-02,  1.99405184e+00],
       [-2.06513928e+00,  1.08350811e+00,  2.04552744e+00,
         1.17144027e+00, -8.50229349e-02,  1.68230271e+00],
       [-2.35225438e-03, -1.30971263e+00, -4.77054228e-01,
        -1.20600409e+00,  1.48794075e+00, -1.59536452e+00],
       [ 2.21299862e+00, -9.10506001e-01,  1.77580514e-01,
         7.45469004e-01, -8.31701673e-01,  1.93017789e+00],
       [-2.28989244e-01, -4.83209082e-01,  7.98971714e-01,
         1.79782833e+00,  1.67882620e-01,  5.99495169e-01]]), array([[ 2.14171959, -2.20242552],
       [-2.12219431,  0.00843939],
       [ 0.40735033,  1.73436178],
       [ 0.87037515, -0.8784452 ],
       [-1.88202674, -0.80053548],
       [-1.67528494,  0.25971449]])], [array([-1.04542323,  0.14394914, -1.28073004,  0.90888993,  2.30549902,
        0.80614492]), array([0.24838386, 0.57427858])]]]
[200, 16, -1, -1, 1, [[array([[ 2.34764407,  1.30992626,  2.02833394, -1.65153994,  0.77626119,
        -0.33032287],
       [ 0.39114761,  2.39673188,  1.71166504,  0.92739989, -0.52873036,
         2.13777744],
       [-0.1688896 ,  1.65988274,  0.80061695, -2.20096913, -1.10050617,
         1.34888608],
       [-0.48516929,  2.21426526,  1.92258095, -0.3981887 ,  0.35012917,
        -0.95083468],
       [ 0.48983144, -0.78380198,  0.49232905, -2.34613831,  1.11550495,
         0.79915266],
       [-1.24516407,  0.90690269,  2.39805667,  1.88113674,  1.18872009,
        -2.04805491]]), array([[ 2.28742802, -1.11977956],
       [-0.43561824,  2.34805505],
       [-2.27024462, -1.34238466],
       [ 1.03520271,  0.00870191],
       [ 0.33144753,  1.30215848],
       [ 0.36875745,  0.2768928 ]])], [array([-1.66070201,  1.61785246, -1.30916312,  1.39496125,  0.45566394,
       -1.71874502]), array([-0.02653198,  2.41708675])]]]
[200, 6, -1, -1, 0, [[array([[-2.28796012,  0.80196451,  1.48184052, -1.01126291, -2.03494019,
        -0.79353572],
       [ 0.8897002 , -1.26738115,  2.23515273,  0.93523965, -1.0559315 ,
        -2.06878549],
       [-1.37858121, -0.01357674, -1.11956268,  0.58834903, -2.21653708,
        -1.19674851],
       [ 1.3027562 , -1.52619032,  1.93165504, -1.96234326, -1.76806404,
         1.34060414],
       [-2.309396  , -0.74279495,  1.16556817, -2.16034799,  1.77168197,
         2.36741187],
       [-0.79534828, -1.49389272,  0.58251331,  0.20624914, -1.23975087,
        -0.61589588]]), array([[-1.99377771, -2.44657425],
       [-1.1917586 ,  1.29229341],
       [ 2.04760421,  1.68547339],
       [ 1.23932034,  1.32570418],
       [-0.78624116, -1.1781652 ],
       [-0.27183467,  0.31870949]])], [array([ 1.23100246,  1.10100235,  1.98855968, -1.80435883, -0.19422294,
        2.21104724]), array([ 2.27263916, -0.50977105])]]]
[200, 10, -1, -1, 1, [[array([[ 0.29117482, -0.07717351,  1.97032498,  2.33675767, -2.0705038 ,
         1.11992949],
       [-1.46256142, -1.88396419, -1.17286469,  2.3321032 , -0.12936554,
         1.31852113],
       [-0.62007869,  1.92581306, -1.55631664,  1.69678676, -0.72677893,
         0.34035522],
       [-1.16276944, -1.96403098, -0.87372879,  1.17252298,  2.24682378,
        -1.28768485],
       [ 1.72823635, -1.96713719,  0.8757509 ,  0.88079485, -1.50922879,
         2.44696609],
       [ 2.07507164,  1.80661146, -1.77849468, -1.65341466,  1.02689636,
         1.25715542]]), array([[-0.86396471,  1.40215094],
       [ 1.54587161, -0.05145548],
       [ 2.42417697, -2.12143372],
       [ 1.91463148,  0.06683947],
       [ 0.79050995,  2.27606996],
       [-0.11856643,  1.47774343]])], [array([ 0.08645711, -0.321325  , -1.40248519,  2.31353882, -1.42289516,
       -1.15443338]), array([-0.45615642, -0.17092298])]]]
[200, 22, -1, -1, 0, [[array([[ 1.16447342, -2.07093313,  0.19319121,  1.01019314,  1.69884077,
         0.87913197],
       [ 1.11768534, -0.43820014,  2.36399971, -1.70359906,  0.02864093,
         1.08845513],
       [-0.55605529,  1.30201712,  2.29719316,  1.02281587,  1.26834189,
         0.95350557],
       [ 1.61749493, -0.83174165, -1.85396326, -2.17295449,  0.22824762,
         0.27480997],
       [ 1.25152233, -0.69954234, -1.34874592,  0.36801849,  0.96985261,
        -0.14686875],
       [ 0.81147266, -0.68794135, -0.70968096,  0.71360443, -0.68442376,
         0.15268578]]), array([[ 0.68031109,  2.20159504],
       [-0.92720147,  2.0790896 ],
       [-1.5024488 ,  2.27762392],
       [ 0.11490142,  1.92000418],
       [ 1.35539949,  1.07533271],
       [-1.45403152,  2.07131584]])], [array([-1.452961  , -1.03458716,  1.12122607, -2.2016954 ,  2.34235825,
       -1.40681283]), array([-0.94889779, -1.65524741])]]]
[200, 24, -1, -1, 1, [[array([[-1.96686935,  2.27550514, -1.12463138, -1.77744508,  0.5212392 ,
        -0.08581497],
       [ 0.48703085, -1.03473221, -1.37483366,  0.95383395,  0.80117553,
         2.3808929 ],
       [ 0.7669281 , -0.79755732,  2.31283075, -0.39423144,  1.19735935,
         0.58012598],
       [ 0.3909439 ,  1.39547933,  2.19977452, -1.05819034, -1.80718128,
         1.90401798],
       [-1.03934029,  1.98461941,  0.42565646,  1.20520971,  0.3411571 ,
         1.91076218],
       [ 1.53202034,  2.06408669,  0.7100436 ,  0.39482044,  2.04411612,
         0.24631761]]), array([[-0.18747369, -0.13613072],
       [-1.75799326,  2.2570645 ],
       [ 1.15020896,  0.84876458],
       [ 0.90206941,  1.73769837],
       [ 0.74317268, -2.37771716],
       [ 1.89030789, -1.86935959]])], [array([-0.03355376, -1.60598124,  1.7194223 ,  0.90638624,  1.18434435,
       -2.27591043]), array([1.58108808, 0.60616386])]]]
[200, 23, -1, -1, 0, [[array([[ 2.21639522, -0.62996984, -0.67839648, -1.27370018, -0.65499238,
        -1.01817299],
       [ 0.04650756, -1.95110586, -1.24108614,  1.41956365,  1.16021472,
        -0.99166243],
       [-0.24723404,  0.37200243, -0.88344274, -0.43735163, -1.1936602 ,
         0.63728917],
       [ 0.96683912,  1.09111614, -1.0293362 ,  2.24667944, -0.93012076,
         0.60797873],
       [ 0.61976915, -0.49687419, -0.06539417, -0.75760898, -2.36149698,
         1.66109421],
       [ 0.48314791, -0.55389489,  1.72065305,  1.99460483,  2.37380235,
        -0.60961721]]), array([[ 1.29566846, -0.17496379],
       [ 1.7932658 ,  0.03790355],
       [ 1.48825417, -1.99234333],
       [-2.0768678 , -0.41549082],
       [-2.25256826, -1.99983114],
       [ 0.44300954, -1.25616615]])], [array([-1.11759132,  1.30995103, -0.05586676, -1.91352966, -1.45630465,
       -0.64938798]), array([0.24224115, 2.1672666 ])]]]
[200, 12, -1, -1, 1, [[array([[ 0.73031696,  0.70054075,  2.11719828,  1.10297772,  2.41340456,
        -1.97354189],
       [-2.07813612, -0.91498763,  0.6145771 ,  1.9913533 ,  1.64664427,
        -0.64605314],
       [-0.35362337, -0.57234693,  0.21585547, -1.5984205 ,  2.28122507,
         0.74249129],
       [-1.55457316,  1.27739493,  2.40900473, -2.11607453,  2.08385218,
        -1.58905513],
       [ 1.28476764, -0.10152517, -1.45482335, -2.40880604,  0.19817766,
         2.24758946],
       [-1.80774791,  0.85318546,  0.31774352, -2.38189512, -2.4338837 ,
         1.01644552]]), array([[ 0.7765038 ,  2.11791311],
       [-0.12877015, -0.58674612],
       [-1.05294259, -1.71179986],
       [ 0.63353758,  0.46277223],
       [ 2.31915827,  1.63258901],
       [ 1.40589523, -1.51092546]])], [array([ 1.20115292, -0.70025019,  1.03133402,  1.47746119, -2.32907305,
       -1.17707046]), array([2.26796846, 0.39754197])]]]
[200, 15, -1, -1, 0, [[array([[ 0.29179522,  0.49366206, -0.26142696, -1.86440762, -1.40004504,
        -0.3890618 ],
       [ 0.20940848,  1.90038635,  1.14496659,  1.23295693, -2.40428987,
        -0.4857268 ],
       [-0.96536694, -1.58458769, -1.85913272,  0.69960415, -0.54295794,
         0.88043061],
       [ 0.26597539, -0.26122775,  2.15189548, -2.13306191, -0.7448237 ,
         0.6897754 ],
       [-1.87354057,  1.98587169,  0.46880862,  1.12727515,  0.81851938,
         2.0971647 ],
       [ 1.98271252, -0.94511102, -1.80529048, -0.58500041,  1.5756806 ,
         1.6859534 ]]), array([[ 0.99960216, -1.29158612],
       [-0.73599721, -1.01682524],
       [-1.45107124, -0.53014928],
       [-0.99297238,  2.03550352],
       [-1.41352303,  0.28504088],
       [ 0.34363804,  2.03368841]])], [array([-2.09126614,  2.25215987, -2.25731414,  0.58421724, -2.09320132,
        0.38978877]), array([-0.42904034,  2.31302271])]]]
[29850, 9, 'birth', 23, 18, 1, [[array([[ 2.21639522, -0.62996984, -0.67839648, -1.27370018, -0.65499238,
        -1.01817299],
       [ 0.04650756, -1.95110586, -1.24108614,  1.41956365,  1.16021472,
        -0.99166243],
       [-1.46385522, -0.77252218, -0.88344274, -0.43735163, -1.1936602 ,
         0.63728917],
       [ 0.96683912,  1.09111614, -1.0293362 ,  2.24667944, -0.93012076,
         2.44948974],
       [ 0.61976915, -0.49687419, -0.06539417, -0.75760898, -2.36149698,
         1.66109421],
       [ 0.48314791, -0.38621803,  1.72065305,  1.99460483,  2.37380235,
        -1.30430869]]), array([[ 1.41421356, -0.17496379],
       [ 1.41421356,  0.03790355],
       [ 1.41421356, -1.0606589 ],
       [-1.41421356, -0.41549082],
       [-1.41421356, -1.41421356],
       [ 0.44300954, -1.25616615]])], [array([-1.11759132,  1.30995103, -0.05586676,  2.44948974, -1.69450148,
       -0.64938798]), array([ 0.77583367, -0.75142793])]]]
[37400, 17, 'birth', 8, 20, 1, [[array([[-2.44948974e+00, -1.20232299e+00,  4.31785690e-01,
         5.11519492e-01, -1.86822753e+00, -2.43072950e+00],
       [-1.50271442e+00, -1.51852485e+00, -2.44948974e+00,
        -1.63333594e+00, -3.96926156e-02,  1.99405184e+00],
       [-2.44948974e+00,  1.08350811e+00,  2.04552744e+00,
         2.10964727e+00, -2.44948974e+00,  1.68230271e+00],
       [-2.35225438e-03, -1.30971263e+00, -4.77054228e-01,
        -1.20600409e+00,  1.48794075e+00, -1.59536452e+00],
       [ 2.21299862e+00, -9.10506001e-01,  1.77580514e-01,
        -2.38183506e+00, -8.31701673e-01,  1.93017789e+00],
       [-2.28989244e-01, -4.83209082e-01,  7.98971714e-01,
         1.79782833e+00,  1.67882620e-01,  5.99495169e-01]]), array([[ 1.41421356, -1.41421356],
       [-1.2440099 ,  0.00843939],
       [ 0.40735033,  1.41421356],
       [ 0.50417523, -0.8784452 ],
       [-1.41421356, -0.80053548],
       [-1.41421356,  1.41421356]])], [array([-1.49213732,  1.62320753,  0.74783755,  0.40152202, -0.91677667,
       -0.6128803 ]), array([0.48844598, 1.41421356])]]]
[319503, 1, 'birth', 8, 12, 1, [[array([[ 1.58556073e+00, -1.88585867e+00,  4.31785690e-01,
         5.11519492e-01,  1.88161605e+00, -2.43072950e+00],
       [-1.50271442e+00, -1.51852485e+00,  1.62496684e+00,
        -1.63333594e+00, -3.96926156e-02,  1.99405184e+00],
       [-2.44948974e+00,  1.55969823e+00, -1.37805463e-01,
         1.17144027e+00, -8.50229349e-02,  1.68230271e+00],
       [-2.35225438e-03, -1.30971263e+00, -4.77054228e-01,
        -1.20600409e+00,  1.48794075e+00, -1.59536452e+00],
       [-2.11226110e-01, -9.10506001e-01,  1.77580514e-01,
         7.45469004e-01, -8.31701673e-01,  1.93017789e+00],
       [-2.28989244e-01,  2.44948974e+00,  7.98971714e-01,
        -1.33143042e+00,  2.44948974e+00,  5.99495169e-01]]), array([[ 1.41421356, -1.41421356],
       [-1.41421356, -1.07788867],
       [ 0.40735033,  1.41421356],
       [-0.5630972 ,  0.46277223],
       [ 1.41421356,  1.41421356],
       [ 1.40589523, -1.41421356]])], [array([ 2.44948974, -0.70025019,  1.03133402,  1.47746119, -2.32907305,
       -2.44948974]), array([1.41421356, 0.39754197])]]]
[443854, 2, 'birth', 21, 1, 1, [[array([[-1.93826239, -1.00395215, -0.92486732, -1.57388905,  0.78808801,
         0.69898926],
       [ 2.32984398,  0.71475315,  0.52748555, -1.757349  , -1.56077894,
         0.1142647 ],
       [-1.30346312,  0.89134282,  0.47577605,  1.07977   , -0.32446677,
        -0.01282444],
       [ 1.5110993 ,  0.87406724, -0.33901783,  0.19637694,  2.01622752,
         1.17124915],
       [-2.06127663, -1.79863741,  0.17758051,  0.745469  , -0.83170167,
         1.93017789],
       [-0.27586851,  2.44948974,  0.79897171, -1.33143042,  2.44948974,
         0.59949517]]), array([[ 1.41421356, -1.41421356],
       [-1.41421356, -1.07788867],
       [ 0.40735033,  1.41421356],
       [-0.5630972 ,  0.46277223],
       [ 1.41421356,  1.41421356],
       [ 1.40589523, -1.41421356]])], [array([-2.16330105, -2.44948974,  1.03133402,  1.47746119, -2.44948974,
       -2.44948974]), array([1.41421356, 0.39754197])]]]
[461454, 4, 'birth', 15, 17, 1, [[array([[ 0.29179522,  2.11569259, -0.26142696, -1.86440762, -2.44948974,
        -2.44948974],
       [ 1.27239429,  1.90038635,  1.14496659,  1.23295693, -2.40428987,
        -0.4857268 ],
       [-0.96536694, -1.58458769, -1.85913272,  0.69960415, -0.54295794,
         0.88043061],
       [ 0.26597539, -0.26122775,  2.15189548, -2.13306191, -0.7448237 ,
         0.6897754 ],
       [-1.87354057,  1.98587169,  0.46880862,  2.44948974,  0.81851938,
         1.37149369],
       [ 2.16199615, -0.94511102, -1.80529048, -0.58500041,  1.5756806 ,
         1.6859534 ]]), array([[ 0.99960216, -1.29158612],
       [-1.41421356, -1.01682524],
       [-0.46466063, -0.53014928],
       [-0.99297238, -0.8784452 ],
       [-0.83761222, -0.80053548],
       [-1.41421356,  1.41421356]])], [array([-1.49213732,  1.62320753,  0.15868873,  0.40152202, -0.91677667,
       -0.6128803 ]), array([-1.19993645,  1.41421356])]]]
[470654, 3, 'birth', 6, 4, 0, [[array([[ 0.06212202,  0.80196451,  1.48184052, -1.01126291, -1.48888351,
        -0.79353572],
       [ 0.8897002 , -1.26738115,  2.23515273,  1.98127709,  0.22111191,
        -2.06878549],
       [-1.37858121, -0.01357674, -1.87228032,  0.58834903, -2.21653708,
        -1.19674851],
       [ 1.3027562 , -1.52619032,  2.15189548, -2.13306191, -0.7448237 ,
         0.6897754 ],
       [-1.87354057,  1.98587169, -0.91374068,  2.44948974,  0.81851938,
         1.37149369],
       [ 2.16199615, -0.94511102, -1.80529048, -0.58500041,  1.5756806 ,
         1.6859534 ]]), array([[ 0.99960216, -1.29158612],
       [-1.41421356, -1.01682524],
       [-0.46466063, -0.53014928],
       [-0.99297238, -0.8784452 ],
       [-0.83761222, -0.80053548],
       [-1.41421356,  1.41421356]])], [array([ 1.93691066,  1.62320753,  1.9687119 ,  0.40152202, -0.91677667,
       -0.6128803 ]), array([-1.41421356,  1.41421356])]]]
[538005, 0, 'birth', 22, 14, 0, [[array([[ 1.16447342, -2.07093313,  0.19319121,  2.44948974,  1.69884077,
         0.87913197],
       [ 1.11768534, -0.43820014,  2.44948974, -1.70359906,  2.29173367,
         1.08845513],
       [-0.55605529,  1.30201712,  2.29719316,  1.02281587,  2.44948974,
         0.95350557],
       [ 1.61749493, -0.83174165, -1.52072224,  0.46371975,  1.18451383,
         1.86959102],
       [ 1.04485805,  1.92176263,  1.62660445, -1.58257621,  0.02510035,
        -1.79359457],
       [ 1.41988137,  2.04521725,  1.86107869, -2.38628833, -0.58317917,
        -0.29975909]]), array([[ 0.77093942, -0.27504472],
       [-0.06718718,  0.92675645],
       [ 0.98537543, -1.41421356],
       [ 1.41421356, -1.03575574],
       [-1.14694177, -1.41421356],
       [ 0.48659448,  1.41421356]])], [array([ 1.8416782 , -2.26179437,  1.91136921, -0.58980412, -0.57358513,
        0.1885993 ]), array([-1.41421356,  1.41421356])]]]
[558255, 11, 'birth', 6, 24, 1, [[array([[-2.28796012,  2.44948974,  1.48184052, -1.01126291, -2.03494019,
         2.44948974],
       [ 0.8897002 , -1.26738115,  2.23515273,  0.93523965, -1.0559315 ,
        -2.06878549],
       [-2.15508053, -0.01357674, -2.44948974,  0.58834903, -2.3227981 ,
        -1.19674851],
       [ 1.3027562 , -1.52619032,  1.93165504, -1.96234326, -1.76806404,
         1.34060414],
       [-2.309396  , -0.74279495, -1.49810433,  1.49834385,  2.44948974,
         1.91076218],
       [-2.05174558,  1.88573526,  0.7100436 ,  0.39482044,  2.04411612,
         0.24631761]]), array([[-0.18747369, -0.13613072],
       [-1.41421356,  1.41421356],
       [ 1.15020896,  1.41421356],
       [ 0.90206941,  1.10392373],
       [ 0.74317268, -1.41421356],
       [ 1.41421356, -0.82874055]])], [array([-0.03355376, -1.60598124,  1.7194223 ,  0.90638624,  1.18434435,
       -2.27591043]), array([1.41421356, 1.23609489])]]]
[578555, 19, 'birth', 3, 14, 0, [[array([[ 0.06212202,  0.80196451,  1.48184052, -1.01126291, -1.48888351,
         2.21587567],
       [-1.21791181,  0.45904654, -1.07250588,  1.93955886,  1.48859285,
         1.53998978],
       [ 2.08733185, -1.35458621,  0.6255099 , -0.06362534,  1.24661702,
        -2.00944667],
       [-2.21569465,  2.44948974, -1.52072224,  0.46371975,  1.18451383,
         1.86959102],
       [-1.35519351,  1.92176263,  1.62660445, -1.58257621,  0.02510035,
        -0.14841337],
       [ 1.41988137,  2.44948974,  1.86107869, -2.38628833, -0.58317917,
        -0.88271967]]), array([[ 1.41421356, -0.27504472],
       [-0.06718718,  1.41421356],
       [ 0.98537543, -1.41421356],
       [ 1.41421356,  1.41421356],
       [-1.14694177, -1.41421356],
       [ 0.48659448,  1.41421356]])], [array([ 1.8416782 , -2.26179437, -0.27819114,  0.28071704, -0.57358513,
        2.44948974]), array([-1.41421356,  1.41421356])]]]
[589605, 5, 'birth', 13, 18, 1, [[array([[ 1.13636351,  2.21371506, -0.716386  ,  0.3418517 , -0.47263526,
         1.86568539],
       [-0.69679157, -0.65818823, -1.29438067, -0.28460369,  1.45265776,
        -0.79852806],
       [-0.72948147, -0.44162647,  0.74698103,  0.25435508, -0.73622161,
         0.48814351],
       [ 1.20681805, -2.33804019, -0.94686871, -2.33575946,  0.62151701,
        -0.81344381],
       [ 0.22599392, -0.35649634,  0.86803165, -0.12927213,  1.26234377,
        -1.18592519],
       [-0.31396785,  1.82254968,  1.51618298,  0.84952746,  2.32560821,
         2.44948974]]), array([[-1.41421356,  1.41421356],
       [ 1.32490797, -0.78109766],
       [ 0.10560186, -0.33806222],
       [ 1.41421356,  0.59258365],
       [-1.41421356, -1.23779305],
       [ 1.41421356,  1.41421356]])], [array([-1.1773103 ,  0.85405467,  2.02394808,  1.1284925 ,  1.2079824 ,
       -1.84109234]), array([ 0.77583367, -0.81268524])]]]
[919809, 13, 'death']
[919959, 18, 'death']
[920109, 21, 'death']
[920259, 20, 'death']
[920409, 7, 'death']
[920559, 14, 'death']
[920709, 8, 'death']
[920859, 16, 'death']
[921009, 6, 'death']
[921159, 10, 'death']
[921309, 22, 'death']
[921459, 24, 'death']
[921609, 23, 'death']
[921759, 12, 'death']
[921909, 15, 'death']
[922509, 20, 'birth', 19, 12, 0, [[array([[ 0.06212202,  0.80196451,  1.48184052, -1.01126291, -1.48888351,
         2.21587567],
       [-1.21791181,  0.45904654, -1.07250588,  1.93955886,  1.48859285,
        -0.97816491],
       [-0.35362337, -0.57234693,  0.21585547, -1.5984205 ,  2.28122507,
         0.74249129],
       [-1.55457316,  1.27739493,  0.98948694, -2.11607453,  2.08385218,
        -1.58905513],
       [ 2.01339183, -0.10152517, -1.45482335, -2.40880604,  0.19817766,
         2.24758946],
       [-1.80774791,  0.85318546,  0.31774352, -2.38189512, -2.4338837 ,
         1.01644552]]), array([[ 1.41421356,  1.41421356],
       [-0.12877015, -0.58674612],
       [-1.05294259, -1.41421356],
       [ 0.63353758,  1.41421356],
       [ 1.41421356,  1.41421356],
       [ 0.28074277, -1.41421356]])], [array([ 2.14415856, -0.70025019,  1.03133402, -0.23353993, -2.32907305,
       -1.17707046]), array([1.41421356, 0.39754197])]]]
[922509, 16, 'birth', 22, 10, 1, [[array([[ 1.16447342, -2.07093313, -2.44948974,  1.01019314,  1.69884077,
         2.44948974],
       [ 1.11768534, -0.43820014, -1.17286469,  2.3321032 , -0.12936554,
         1.31852113],
       [-0.62007869,  1.92581306, -1.55631664,  1.69678676,  2.09685968,
         0.34035522],
       [-1.16276944, -1.32777218, -0.87372879,  1.17252298,  2.24682378,
        -1.28768485],
       [ 1.72823635, -1.96713719,  0.8757509 ,  0.88079485, -1.50922879,
         2.44696609],
       [ 2.07507164,  1.80661146, -2.44948974, -1.65341466,  1.02689636,
         1.25715542]]), array([[-1.27683582,  1.40215094],
       [ 1.41421356, -0.05145548],
       [ 1.41421356, -1.41421356],
       [ 1.24023278,  0.06683947],
       [ 0.79050995,  1.41421356],
       [-0.11856643,  1.41421356]])], [array([ 0.08645711, -0.321325  , -1.40248519,  0.52224314, -1.42289516,
       -1.15443338]), array([-0.45615642, -0.17092298])]]]
[944409, 9, 'death']
[949659, 17, 'death']
[1066610, 18, 'birth', 3, 1, 0, [[array([[ 0.06212202,  0.80196451,  1.48184052,  0.41842324, -1.48888351,
        -0.79353572],
       [ 0.8897002 , -1.26738115,  2.23515273,  1.98127709,  0.22111191,
        -2.06878549],
       [-1.37858121, -0.01357674, -1.87228032,  0.58834903, -2.21653708,
        -1.19674851],
       [ 1.3027562 , -1.52619032,  2.44948974, -2.44948974, -0.7448237 ,
         0.6897754 ],
       [-1.87354057,  1.98587169, -0.91374068,  2.44948974,  0.81851938,
         1.37149369],
       [-0.22898924,  2.44948974, -2.44948974, -2.44948974,  2.44948974,
         0.59949517]]), array([[ 1.41421356, -1.41421356],
       [-1.41421356, -1.07788867],
       [ 0.88938058,  1.41421356],
       [-0.5630972 ,  0.46277223],
       [ 1.41421356,  1.41421356],
       [ 1.40589523, -1.41421356]])], [array([ 2.44948974, -0.70025019,  1.03133402,  1.47746119, -2.32907305,
       -0.88754911]), array([1.41421356, 0.39754197])]]]
[1097261, 13, 'birth', 19, 1, 1, [[array([[ 0.06212202,  0.80196451,  1.50233321, -1.01126291, -2.44948974,
         2.44948974],
       [-1.21791181,  2.40073423, -1.07250588,  2.44948974,  1.48859285,
         1.53998978],
       [ 2.08733185, -1.35458621,  0.6255099 ,  2.14802499, -0.08502293,
         1.68230271],
       [-2.44948974, -1.30971263, -0.47705423, -1.20600409,  2.44948974,
        -1.59536452],
       [-1.1624223 ,  0.00894172, -0.35009361,  0.745469  , -0.83170167,
         1.93017789],
       [-0.22898924,  2.44948974,  0.79897171, -1.33143042,  2.44948974,
         0.59949517]]), array([[ 1.41421356, -1.41421356],
       [-1.41421356, -1.07788867],
       [ 0.40735033,  1.41421356],
       [-0.5630972 ,  0.46277223],
       [ 1.41421356,  0.11536776],
       [ 1.40589523, -1.41421356]])], [array([ 2.44948974, -0.70025019,  1.03133402,  1.47746119,  0.67264853,
       -2.44948974]), array([1.41421356, 0.39754197])]]]
[1124611, 1, 'death']
[1201562, 2, 'death']
[1211062, 4, 'death']
[1215462, 3, 'death']
[1242012, 0, 'death']
[1248712, 11, 'death']
[1254462, 19, 'death']
[1256962, 5, 'death']
[1314113, 20, 'death']
[1314263, 16, 'death']
[1346113, 18, 'death']
[1346313, 13, 'death']
[1346313, 'Extinction!']
