[time, indiv, parent1, parent2, gender, brain]
[150, 0, -1, -1, 0, [[array([[ 0.70201834,  1.25446891, -1.81029194, -1.3847806 , -0.94448307,
        -0.79982819],
       [ 1.65127132, -1.04558543, -1.71173865,  2.06347131, -1.19299478,
         0.33169753],
       [ 1.83399977, -1.45141361,  0.37486245,  0.6535518 ,  2.00787473,
         2.10317391],
       [ 2.34242415, -1.70075901,  0.71771343, -1.26165057, -1.92886334,
         1.99196298],
       [ 0.81946521,  1.60081615, -1.86104136, -1.77215163,  2.24192752,
        -0.47578758],
       [-2.134875  , -1.08019269, -2.20748653,  1.22636008, -1.946974  ,
         1.10797417]]), array([[-2.20567185,  1.18137197],
       [ 0.69056047,  0.73382243],
       [ 1.65440658,  1.1572525 ],
       [-2.14168637,  2.14768429],
       [ 2.21717462,  0.22378932],
       [-1.0746036 ,  0.34639076]])], [array([-0.95310624, -2.00957795, -1.40916386, -2.3903905 ,  2.43334742,
        0.23433591]), array([0.83702578, 1.39585917])]]]
[150, 22, -1, -1, 1, [[array([[ 1.41326219, -2.17774212,  1.86196438, -1.82276034, -0.06421751,
         0.33986385],
       [-2.0994991 , -0.00469104, -1.07962842, -1.70967928,  1.84013665,
         1.1031696 ],
       [-2.32331976, -0.6115303 ,  0.46811865,  1.00855413, -2.22255657,
        -0.05758438],
       [-0.66889696, -1.68135182, -1.40179558,  2.31623411,  2.01794735,
        -0.17427293],
       [-0.46083887, -1.67323434,  0.25790016,  1.94130984,  0.61264454,
        -1.6440549 ],
       [ 1.52161883,  0.10729447,  2.07106015,  0.98344454, -1.35361039,
        -1.81535905]]), array([[-1.47002991, -1.48669575],
       [ 1.17831725,  1.32402286],
       [-0.82224994,  1.48400957],
       [ 1.48470321, -2.05543788],
       [-0.61296761,  0.56348161],
       [ 0.03031282, -0.62349279]])], [array([ 0.68624006,  0.06704477,  0.27418818, -1.40653022,  0.43811926,
        0.80454276]), array([-1.68105246,  1.57935075])]]]
[150, 9, -1, -1, 0, [[array([[-1.72529191,  1.26052811, -1.79413649,  1.67314024,  1.56920685,
        -1.31449224],
       [-0.51642046,  2.12628638,  1.26299596, -0.77047982, -0.01395194,
        -0.42946524],
       [ 2.0940407 , -1.14933579,  1.75240719, -1.58402358,  2.29028398,
         1.6426788 ],
       [ 2.44230979, -1.64881783, -1.45015506,  1.57277049,  1.99260062,
        -0.98646243],
       [-0.90109977, -0.83655495,  0.97817119,  0.22912536, -1.73264788,
         0.53472753],
       [-1.58322474,  1.93709066, -0.02775558,  1.15478441, -1.66866293,
        -0.35202433]]), array([[-2.15013443,  1.93559731],
       [-1.40972138, -1.48747913],
       [-2.35777601, -1.61110906],
       [-1.71577563, -2.16901783],
       [-1.65846324,  0.48181144],
       [ 0.3051158 ,  0.33337384]])], [array([ 1.9100347 ,  2.22004348,  1.56757458, -2.31212439,  0.09626309,
       -1.25034644]), array([-0.33294377, -2.03485191])]]]
[150, 17, -1, -1, 1, [[array([[-1.93689326,  1.95758916, -1.26059541, -0.39597039, -1.39290699,
         0.25546043],
       [-1.26424713, -0.67487517, -0.84784339,  1.57881756,  1.44267138,
        -1.83908048],
       [-1.7861511 ,  0.50548126, -1.48771362,  2.33921931, -0.09718887,
        -0.96174887],
       [-2.17967182, -1.67586914,  2.40789957,  1.96157231,  2.3924373 ,
         0.63233607],
       [-0.51733326,  0.69652203, -1.28734082, -1.30201385, -1.52553239,
        -1.87474464],
       [ 1.80651446, -0.79096642,  2.01270661, -0.07011113,  0.1857889 ,
        -0.75262943]]), array([[ 0.24743896, -1.11605801],
       [-0.79579013, -1.92001699],
       [ 1.30501993, -1.9820413 ],
       [ 0.86271137,  2.03034712],
       [ 1.62281705,  0.08324536],
       [ 1.74145584,  1.20705035]])], [array([ 0.88719775,  1.2384547 ,  2.39971437, -1.96374267, -1.53513544,
       -1.43361879]), array([ 0.90872711, -1.93463622])]]]
[150, 11, -1, -1, 0, [[array([[-0.3673791 ,  2.05020238, -2.35920282,  1.82177972, -0.27182221,
         0.96771458],
       [ 0.32693858, -0.49272688,  1.41195562, -0.62370199, -0.20469057,
         1.35550048],
       [ 0.88397585,  1.46394326, -2.37514857,  0.09352446, -1.20962905,
        -1.19019709],
       [ 2.33216065,  0.64898935, -2.20417511, -0.3256111 ,  0.69221542,
        -2.09638915],
       [-0.8582015 ,  0.35660198, -0.16983119, -0.26456077,  0.52593979,
        -2.08358658],
       [-0.30718527, -2.11116438,  2.25635056, -1.90722004, -1.2946996 ,
         0.44845234]]), array([[ 1.1510213 , -0.49179222],
       [-1.30109843,  1.52726974],
       [ 1.90990278, -0.14011685],
       [-1.86111707,  2.15313428],
       [-0.92385601, -1.94510317],
       [ 1.54754725, -0.75218977]])], [array([-1.79029286e+00, -2.10768651e+00,  7.83068762e-01,  1.00176998e-03,
       -3.97598920e-02, -6.09882551e-01]), array([ 1.630561  , -2.37147591])]]]
[150, 21, -1, -1, 1, [[array([[-2.36604303,  1.49592617, -0.19523962, -1.19205316, -1.91338431,
         2.33478567],
       [ 2.44259737, -0.11232699, -1.72746806,  0.52243767,  1.32947556,
         1.55888734],
       [-2.33154066, -0.90477442,  1.61887482,  1.64039433, -2.39166484,
        -2.32202216],
       [-2.39535716,  1.47453638, -1.76912467,  0.85433449,  0.25117561,
        -0.94499921],
       [-2.3300434 ,  1.06945388, -2.05894273,  1.85061997, -2.12751209,
        -0.93743408],
       [ 1.54209947,  1.13648762, -1.70626744, -0.25595305,  1.47230437,
         2.24617324]]), array([[-0.06837437, -1.46117847],
       [-1.93019389,  0.67446612],
       [-2.21627571,  0.49782304],
       [ 0.24862699, -0.93547881],
       [-1.78570382, -1.79892615],
       [-0.64671147, -0.75911287]])], [array([-1.54735188,  0.02863086, -0.94117412, -1.8188232 ,  0.32055984,
       -1.09361765]), array([ 2.38573069, -1.50419415])]]]
[150, 13, -1, -1, 0, [[array([[-0.39133938, -0.6069718 ,  1.00617047,  0.35639275, -0.79774679,
        -0.52176765],
       [-0.50308279, -0.66927608,  0.10447287,  1.38073133,  0.92762166,
         1.15619342],
       [ 1.20986528, -0.54718255, -2.11398436, -0.81230727, -1.23163644,
         1.23230402],
       [-0.49810944, -0.06649345, -1.39880341,  1.52188346,  0.28915359,
         2.42795363],
       [ 1.51600799,  2.12288223,  2.08691206, -1.61583811,  0.92963107,
         1.94413754],
       [ 0.17932903,  0.85032665, -2.16904603, -1.81516447, -0.32176042,
         0.09984968]]), array([[ 2.332172  ,  1.06247104],
       [ 2.21435577, -0.29731374],
       [-2.03001964, -0.74990451],
       [-2.32069696,  0.83816282],
       [-0.50564541, -0.37069952],
       [-0.48981379,  0.9902112 ]])], [array([ 2.0608334 ,  1.80265599,  2.39394209,  1.09860046,  0.52723952,
       -1.29979383]), array([-0.12116618,  1.38759626])]]]
[150, 8, -1, -1, 1, [[array([[ 2.40631722, -0.2750036 , -1.84253182, -0.11809896,  2.01103891,
         0.1735346 ],
       [ 0.70829181, -0.90643878,  2.03087723,  0.84278363,  2.37092212,
         2.23725527],
       [-1.03077233, -0.89468514, -2.2799431 ,  0.94316045, -1.6460087 ,
        -0.90597551],
       [-1.68705012, -0.27142076, -0.36845527, -0.06020408, -0.09444028,
         1.32268866],
       [-0.95385851, -0.06808571,  0.10854647, -0.21988098, -0.16918741,
        -0.33101453],
       [-0.80810662,  0.81887283,  2.43094722, -2.06414512, -2.02818341,
        -0.10017108]]), array([[ 0.52808759,  0.62785392],
       [ 0.52659014,  0.6148661 ],
       [-0.21312851,  0.8089892 ],
       [-1.24862876,  1.62358442],
       [ 0.77394227,  0.41025143],
       [-0.84590252,  2.40255008]])], [array([ 0.99524734, -2.25626479,  2.02735298, -0.50662316,  0.53088034,
       -0.50532135]), array([ 1.23978904, -1.33300157])]]]
[150, 7, -1, -1, 0, [[array([[-0.36443262,  0.77484202, -0.08779986, -1.4272329 ,  2.32148379,
         1.97406558],
       [-2.44751649,  0.68307138, -2.00833166, -0.8488671 , -0.76489804,
         1.79541241],
       [-1.96865839,  0.02841617, -0.36045166, -1.68286993, -1.01811537,
         0.45604583],
       [-2.22746766,  1.48019475,  1.72972942, -1.62078488, -0.52417602,
         0.13427966],
       [-2.17726563, -2.17779228,  1.71407817, -0.13129667,  0.14562555,
         0.93508247],
       [ 2.42554025,  2.29036286, -0.88112312, -2.30006709, -1.62192545,
        -1.934263  ]]), array([[ 1.19519233, -0.91987062],
       [ 0.69295347,  0.19585629],
       [ 1.34966154,  2.25923348],
       [ 0.26007705, -2.11209794],
       [ 0.90644859,  0.4239811 ],
       [-1.93621153,  1.71267723]])], [array([ 1.02174122,  0.34018846, -0.47673779, -0.00360315, -2.19950413,
       -0.47269486]), array([ 1.33977942, -1.21881895])]]]
[150, 10, -1, -1, 1, [[array([[ 1.85220804, -1.37139841,  1.86994045,  0.67167752,  1.18020392,
        -1.40274342],
       [ 0.54117806,  0.07543877,  0.04200655, -1.02677738, -1.32251289,
         2.33244541],
       [ 1.40035079, -2.04634331, -1.07717081, -1.7735885 , -1.11677414,
        -2.15233511],
       [ 1.73808732, -1.02559079, -1.90547342,  1.16830752,  1.80471571,
        -1.93371276],
       [ 1.91056077, -0.27078833, -1.56882148,  0.95859133, -2.30079448,
         0.70459536],
       [ 0.97020406, -0.3845108 , -0.52445173, -2.28892396, -0.40869668,
         1.38170388]]), array([[-0.22072921,  1.95083497],
       [ 1.00291312,  0.2042223 ],
       [-1.25013378, -1.05631078],
       [ 1.54213547, -0.46840088],
       [ 1.49492715,  0.05493157],
       [ 0.91100551, -0.72251663]])], [array([-0.34762626,  0.38024642,  0.44485009, -1.90609365, -0.30946512,
       -2.27856092]), array([-1.24219728,  2.27743225])]]]
[150, 16, -1, -1, 0, [[array([[-2.43211815,  1.75571945, -0.56848596, -1.46395829, -1.52960629,
        -2.28834839],
       [-2.09973246,  1.28094454,  0.30513097,  1.5332659 ,  0.19689337,
        -0.6799607 ],
       [ 0.41206333,  1.65223218, -1.36041699, -1.1398364 , -1.8621572 ,
         2.3022735 ],
       [-1.44849436, -0.7231236 ,  0.1687998 , -1.13197608, -2.42790369,
        -0.48487236],
       [-1.56188602,  0.73491174, -0.80276054,  1.89670864,  0.55598965,
         0.8190608 ],
       [-1.73442032,  0.181606  ,  0.49841938,  0.88827182, -1.96846449,
        -0.78745884]]), array([[-1.87920533, -0.53310903],
       [ 0.0795257 ,  0.72022108],
       [-0.44461619,  0.01999294],
       [-1.16824349, -0.14329868],
       [-0.6926009 ,  2.03279791],
       [ 0.54309024, -1.89737341]])], [array([-1.40943021,  1.09425661,  0.16511863,  1.57933454,  2.3832005 ,
       -0.57017581]), array([ 2.0446863 , -1.29823163])]]]
[150, 14, -1, -1, 1, [[array([[ 2.06473806,  0.17143354, -2.30259299,  1.9640811 , -0.11213483,
        -1.9314954 ],
       [ 1.24536385,  2.02210389,  0.01697395,  0.49847663, -2.06053544,
         2.16861057],
       [-1.16795319, -0.50301754, -0.6339196 , -1.54785578, -0.11008709,
        -0.14874424],
       [ 0.15689513, -2.34886499, -1.08240419,  0.46203283, -0.00758973,
         1.46205592],
       [-1.27626583,  0.61392008, -0.70823377, -1.79088266,  1.1755808 ,
         2.28796558],
       [ 1.51277579, -2.33796337, -2.35760775, -0.51819356,  1.20289572,
        -1.36862076]]), array([[ 2.43596515,  0.72299519],
       [ 1.3830515 , -2.04476038],
       [-2.0038065 , -1.50775046],
       [ 1.50558627,  2.16854501],
       [ 0.32591038, -1.19063459],
       [ 0.06519292,  1.83751179]])], [array([-0.20971128, -1.24447479, -0.6893275 ,  1.89588744,  2.03947331,
        0.63979922]), array([-1.76910993,  1.60524867])]]]
[150, 24, -1, -1, 0, [[array([[ 1.18505378, -1.43787941, -0.29174925, -0.93451302,  0.62267497,
         1.40574338],
       [ 0.08916298, -0.44667864, -0.58798641,  0.39271883,  1.28950821,
        -2.37384879],
       [ 0.66296881,  0.87152513, -1.02778033, -2.23173355, -1.10230297,
        -0.38377362],
       [ 2.08069582, -2.03161737,  0.33518238, -0.86032173,  2.18105066,
         2.05988391],
       [ 2.29826068, -1.40729832, -0.61866884,  0.64287063, -0.91711013,
         0.00891984],
       [-0.67051578,  1.52811088, -1.89066498,  2.36274598,  0.42088949,
         0.40760669]]), array([[ 2.07229919,  0.04351105],
       [-1.77257523,  2.14715516],
       [ 1.27852961, -1.50608778],
       [ 0.0756537 ,  0.25852985],
       [-0.36742005, -2.23114164],
       [-1.23683993,  2.06430135]])], [array([-2.20607964, -0.52032199, -0.06485233,  1.76418445, -0.91603529,
       -1.21821792]), array([-0.20911809, -0.21562446])]]]
[150, 6, -1, -1, 1, [[array([[-0.45003186, -1.87832182,  0.65187724, -0.68010564, -0.69300324,
         0.92591436],
       [ 2.37775554,  1.13603294,  1.82841792, -2.01637153,  2.30937803,
        -0.42470299],
       [-0.58177798, -1.1717659 , -1.53025136,  2.15248262, -1.95810434,
        -0.88221809],
       [ 1.33964851,  1.73246102,  1.50486087,  0.33326587, -0.5115304 ,
        -2.27340416],
       [ 1.07663996,  1.02474045,  1.37806883,  2.29441808, -2.12448823,
        -0.60990969],
       [ 2.1808265 ,  2.42707805,  0.01806278,  2.41562313, -0.37961701,
        -1.25908495]]), array([[ 1.56908093,  1.38922103],
       [ 0.65291672,  1.68779853],
       [-1.36870776,  2.14137737],
       [ 0.23431184,  1.9955988 ],
       [-0.70344726, -0.62446206],
       [ 1.13422892,  0.35953804]])], [array([-1.75005352, -0.73105888,  0.77168498,  1.62386012,  2.24791707,
       -1.9588172 ]), array([-1.07892358, -1.59951924])]]]
[150, 19, -1, -1, 0, [[array([[-2.25196392,  0.58736221, -0.01972979, -1.91154292, -0.40642175,
         1.96523888],
       [ 1.06624273, -1.33687678, -2.11181247, -1.47710914, -0.43264069,
         1.79745809],
       [-0.5841078 ,  0.78440527, -2.12084565, -2.01365524, -2.21889837,
        -2.33106135],
       [ 1.72888236, -1.45760618, -1.0658646 ,  0.73587574,  1.74458962,
         0.41046536],
       [-0.71419693,  0.68912052,  1.22301513,  1.35935401, -2.05974395,
        -0.26610572],
       [-1.56737053, -0.91305573,  2.10189164,  0.63687649, -0.99025931,
        -1.47988225]]), array([[ 1.24290915, -1.00622368],
       [ 2.20703583,  0.12461009],
       [-2.06936782,  1.26075734],
       [ 1.24500383, -0.66485334],
       [-0.4405005 ,  0.97259958],
       [-0.81424049,  1.93724824]])], [array([-1.19760382,  1.84760926, -1.81384462, -1.38563999,  1.11753426,
       -0.76584252]), array([0.21327437, 1.93341626])]]]
[36450, 15, 'birth', 16, 17, 0, [[array([[-2.44948974,  1.75571945, -0.56848596, -1.46395829,  0.93634745,
        -2.28834839],
       [-2.09973246,  0.58338601,  0.30513097,  1.5332659 , -0.81404783,
        -0.6799607 ],
       [ 0.41206333,  2.44948974, -1.36041699, -1.38799235, -1.8621572 ,
         2.44948974],
       [-1.44849436, -0.7231236 ,  0.1687998 ,  0.62609423, -2.42790369,
        -0.48487236],
       [-1.56188602,  0.73491174, -2.44948974,  1.89670864,  0.55598965,
        -1.34417493],
       [-1.73442032,  0.181606  ,  0.49841938,  2.02236416, -1.96846449,
        -0.78745884]]), array([[-1.41421356, -1.41421356],
       [ 0.0795257 ,  1.41421356],
       [ 1.28836554,  0.01999294],
       [ 0.1768357 ,  1.41421356],
       [ 1.41421356,  0.08324536],
       [ 1.41421356,  1.20705035]])], [array([-0.54389921,  1.2384547 ,  2.39971437, -1.96374267, -1.53513544,
       -1.43361879]), array([ 0.90872711, -1.41421356])]]]
[66050, 2, 'birth', 16, 6, 0, [[array([[-2.43211815,  1.75571945, -0.56848596, -1.46395829, -1.52960629,
        -2.28834839],
       [-2.09973246,  1.28094454, -1.74343941,  2.44948974,  0.19689337,
        -0.6799607 ],
       [ 0.41206333,  2.44948974, -1.36041699, -1.1398364 , -1.8621572 ,
         2.3022735 ],
       [-1.44849436, -0.7231236 ,  0.1687998 , -1.13197608, -2.42790369,
        -0.48487236],
       [-1.56188602,  0.73491174,  1.37806883,  2.29441808, -1.0080046 ,
        -0.60990969],
       [ 2.1808265 ,  2.42707805,  0.01806278,  2.41562313, -0.37961701,
        -1.25908495]]), array([[ 1.41421356,  1.41421356],
       [ 0.65291672, -0.63721247],
       [-1.36870776,  1.41421356],
       [ 0.23431184,  1.41421356],
       [-0.70344726, -0.62446206],
       [ 1.13422892,  0.35953804]])], [array([-1.75005352, -0.73105888,  0.77168498,  1.62386012,  2.24791707,
       -1.9588172 ]), array([-1.07892358, -0.88427689])]]]
[105351, 5, 'birth', 19, 8, 0, [[array([[-1.29216744,  0.58736221, -0.01972979, -2.44948974, -0.40642175,
         1.96523888],
       [ 1.06624273, -0.27791955, -2.11181247, -1.47710914, -0.43264069,
         2.44948974],
       [-0.06337886,  0.78440527, -2.12084565, -2.01365524, -2.21889837,
        -2.33106135],
       [ 0.77738146, -1.45760618, -1.0658646 ,  0.73587574,  2.44948974,
         0.41046536],
       [-0.71419693,  1.0464199 ,  1.22301513,  1.35935401, -2.05974395,
        -0.26610572],
       [-1.56737053, -0.91305573,  2.10189164,  0.63687649, -0.99025931,
        -1.47988225]]), array([[ 1.24290915, -1.00622368],
       [ 1.41421356,  1.41421356],
       [-1.41421356,  1.26075734],
       [ 1.24500383, -0.66485334],
       [ 0.77394227,  0.41025143],
       [-0.84590252,  1.41421356]])], [array([ 0.99524734,  0.32120719,  2.02735298, -0.50662316,  0.53088034,
       -0.50532135]), array([-0.8112597 , -1.41421356])]]]
[188001, 4, 'birth', 13, 14, 0, [[array([[-0.39133938, -0.6069718 ,  1.00617047,  2.44948974, -0.79774679,
        -0.52176765],
       [-0.50308279, -0.66927608,  0.10447287,  1.38073133,  0.92762166,
        -1.87075039],
       [ 1.20986528, -0.54718255, -2.11398436, -0.81230727, -1.23163644,
         1.23230402],
       [-0.49810944, -0.06649345, -1.39880341,  1.52188346, -0.55101807,
         2.44948974],
       [ 1.51600799,  2.12288223,  2.08691206, -1.61583811,  0.92963107,
         1.94413754],
       [ 0.17932903,  0.85032665, -2.16904603, -1.81516447, -0.32176042,
         0.09984968]]), array([[ 1.41421356,  0.72299519],
       [ 1.41421356, -1.41421356],
       [-1.41421356, -1.41421356],
       [ 1.41421356,  1.41421356],
       [ 0.32591038, -1.19063459],
       [ 0.70922613,  1.41421356]])], [array([-0.20971128, -0.68176316, -0.6893275 ,  1.89588744,  2.03947331,
        0.63979922]), array([-1.41421356,  1.41421356])]]]
[380053, 3, 'birth', 24, 6, 1, [[array([[-1.93148767, -2.44948974, -0.29174925, -0.93451302,  0.62267497,
         1.40574338],
       [ 0.08916298, -0.44667864, -0.58798641,  0.39271883,  1.28950821,
        -2.37384879],
       [ 0.66296881,  0.87152513, -1.02778033, -2.23173355, -1.10230297,
        -0.38377362],
       [ 2.08069582, -2.03161737, -1.92721638,  1.46759779,  0.07376435,
         2.05988391],
       [ 2.44948974, -1.40729832, -0.61866884,  0.64287063, -0.91711013,
         0.00891984],
       [-0.67051578,  1.52811088, -1.89066498,  1.47650246,  0.42088949,
         1.99389569]]), array([[ 1.41421356, -1.41421356],
       [-1.41421356,  1.41421356],
       [ 1.27852961, -1.41421356],
       [ 0.0756537 , -1.41421356],
       [-0.36742005, -1.41421356],
       [-1.23683993,  1.41421356]])], [array([-2.20607964,  1.82761966, -0.06485233,  1.76418445,  2.24791707,
       -1.9588172 ]), array([-1.07892358, -1.41421356])]]]
[444704, 1, 'birth', 24, 3, 0, [[array([[ 2.44948974, -1.16347091, -0.29174925, -1.04876867,  2.34273551,
         1.40574338],
       [ 0.08916298, -0.44667864, -0.58798641,  0.39271883, -0.91617949,
        -2.37384879],
       [ 0.66296881,  0.87152513, -1.02778033, -2.10243986, -1.10230297,
        -0.38377362],
       [ 2.08069582, -2.03161737,  0.33518238, -0.86032173,  2.18105066,
        -1.16283448],
       [ 2.29826068, -1.40729832, -0.61866884,  0.64287063,  2.15284893,
        -2.44948974],
       [-0.96039161,  1.52811088, -1.89066498,  2.36274598,  0.36818069,
         0.40760669]]), array([[ 1.41421356,  0.04351105],
       [-1.41421356,  1.41421356],
       [ 1.27852961, -1.41421356],
       [ 0.0756537 , -1.41421356],
       [-0.36742005, -1.41421356],
       [-1.23683993,  1.41421356]])], [array([-2.20607964,  1.82761966, -0.06485233,  1.76418445,  0.59219436,
       -1.9588172 ]), array([-1.41421356, -0.24062555])]]]
[454404, 23, 'birth', 11, 8, 1, [[array([[ 1.46022941,  2.44948974, -2.44948974,  2.44948974,  0.07107787,
         0.96771458],
       [-0.11912135, -0.49272688,  1.27185372, -0.62370199, -0.20469057,
         1.35550048],
       [ 0.88397585,  1.46394326, -2.44948974,  0.09352446, -1.20962905,
        -1.19019709],
       [ 2.33216065,  0.64898935, -0.36845527, -0.00420503, -0.09444028,
         2.44948974],
       [-0.95385851, -0.06808571,  0.10854647, -0.21988098, -0.16918741,
        -0.33101453],
       [-0.80810662,  0.81887283,  2.43094722, -2.06414512, -2.02818341,
        -0.10017108]]), array([[ 0.52808759,  0.62785392],
       [ 0.52659014,  0.6148661 ],
       [ 0.10881722,  0.8089892 ],
       [-1.24862876,  1.41421356],
       [ 0.77394227,  0.41025143],
       [-0.84590252,  1.41421356]])], [array([ 0.99524734,  2.44948974,  2.02735298, -1.70563465,  0.53088034,
       -0.50532135]), array([-0.42873584, -1.41421356])]]]
[676206, 12, 'birth', 4, 17, 1, [[array([[-0.39133938,  1.95758916, -1.26059541, -0.39597039, -1.39290699,
         0.25546043],
       [-1.26424713, -1.63185546, -0.84784339,  1.57881756,  1.44267138,
        -1.83908048],
       [-1.68035786,  0.50548126,  0.85484158,  2.33921931, -0.09718887,
        -0.96174887],
       [-2.17967182, -2.44948974,  2.40789957,  1.96157231,  2.3924373 ,
         0.63233607],
       [-0.51733326, -2.44948974, -1.28734082, -1.30201385, -1.52553239,
        -0.0252551 ],
       [ 1.80651446, -0.79096642,  2.01270661,  0.15157159, -1.2544846 ,
        -0.75262943]]), array([[-1.15021157, -1.11605801],
       [-0.79579013, -1.41421356],
       [ 1.30501993, -1.41421356],
       [ 0.86271137,  1.41421356],
       [ 1.41421356,  0.08324536],
       [ 1.41421356,  1.20705035]])], [array([ 0.88719775,  1.2384547 ,  2.39971437, -1.96374267, -1.53513544,
       -1.43361879]), array([ 0.90872711, -1.41421356])]]]
[718557, 18, 'birth', 13, 21, 0, [[array([[-0.39133938, -0.6069718 ,  1.00617047,  0.35639275, -0.79774679,
        -0.52176765],
       [ 2.44948974, -0.66927608,  0.10447287,  1.38073133,  0.83024391,
         1.15619342],
       [ 1.20986528, -0.54718255, -2.11398436, -0.81230727, -1.23163644,
         1.23230402],
       [-0.49810944, -0.06649345, -1.39880341,  1.52188346,  0.28915359,
         2.42795363],
       [ 1.51600799,  2.12288223,  2.08691206, -1.61583811, -1.73508138,
         1.94413754],
       [ 0.17932903,  0.85032665, -2.16904603, -1.81516447, -0.32176042,
         0.09984968]]), array([[ 1.41421356,  1.06247104],
       [ 1.41421356, -0.29731374],
       [-1.41421356,  0.02423067],
       [-1.41421356,  0.83816282],
       [ 1.41215984, -0.37069952],
       [-0.48981379,  1.41421356]])], [array([ 2.0608334 ,  1.80265599,  2.39394209, -2.44948974,  0.52723952,
       -1.09361765]), array([ 1.41421356, -1.41421356])]]]
[729607, 20, 'birth', 18, 8, 0, [[array([[-0.39133938, -0.6069718 ,  1.00617047,  0.35639275, -0.79774679,
        -0.52176765],
       [ 2.44948974, -1.8805155 ,  0.10447287,  1.38073133, -1.25387262,
         1.15619342],
       [ 1.20986528, -0.54718255, -2.11398436,  2.44948974, -1.23163644,
         1.23230402],
       [-0.49810944, -0.06649345, -1.39880341, -0.92050286,  0.28915359,
         0.97249473],
       [ 1.51600799,  2.12288223,  2.08691206, -1.61583811, -1.73508138,
         2.44948974],
       [ 0.17932903,  0.81887283,  2.43094722, -2.06414512, -2.02818341,
        -0.10017108]]), array([[ 0.52808759,  0.62785392],
       [ 1.41421356,  0.6148661 ],
       [-0.21312851,  0.8089892 ],
       [-1.24862876,  1.41421356],
       [ 0.78721458,  0.41025143],
       [-0.84590252,  1.41421356]])], [array([ 0.99524734, -2.25626479,  2.02735298, -0.50662316,  0.53088034,
       -0.50532135]), array([ 1.41421356, -1.33300157])]]]
[946009, 0, 'death']
[946159, 22, 'death']
[946309, 9, 'death']
[946459, 17, 'death']
[946609, 11, 'death']
[946759, 21, 'death']
[946909, 13, 'death']
[947059, 8, 'death']
[947209, 7, 'death']
[947359, 10, 'death']
[947509, 16, 'death']
[947659, 14, 'death']
[947809, 24, 'death']
[947959, 6, 'death']
[948109, 19, 'death']
[948709, 8, 'birth', 7, 3, 1, [[array([[-0.36443262,  0.77484202, -0.56987198, -2.44948974,  2.32148379,
         1.97406558],
       [-2.44751649,  0.68307138, -2.00833166, -0.8488671 , -0.76489804,
         1.79541241],
       [-1.96865839,  0.02841617, -0.36045166, -1.68286993, -1.01811537,
         0.45604583],
       [-2.22746766,  1.48019475,  2.44948974, -1.62078488,  1.3142333 ,
         2.44948974],
       [-2.17726563, -2.17779228,  1.71407817, -0.13129667,  0.14562555,
         0.93508247],
       [ 2.42554025,  2.29036286, -0.88112312, -2.44948974,  0.42088949,
         1.99389569]]), array([[ 1.41421356, -1.41421356],
       [-1.41421356,  1.41421356],
       [ 1.27852961, -1.41421356],
       [ 0.0756537 , -1.41421356],
       [-0.36742005, -1.41421356],
       [-1.23683993,  1.41421356]])], [array([-2.20607964,  1.82761966, -0.06485233,  1.76418445,  2.24791707,
       -1.9588172 ]), array([-1.07892358, -1.41421356])]]]
[973809, 15, 'death']
[992559, 2, 'death']
[1010060, 15, 'birth', 1, 3, 0, [[array([[ 2.44948974,  2.44948974, -0.29174925, -1.04876867,  2.34273551,
         1.40574338],
       [ 0.08916298, -0.44667864, -0.58798641,  0.39271883, -0.91617949,
         1.6948439 ],
       [ 1.99247835,  0.87152513, -1.02778033, -2.10243986, -1.10230297,
        -0.71816778],
       [ 2.08069582, -2.03161737,  0.33518238, -0.86032173,  2.18105066,
         2.05988391],
       [ 2.44948974, -1.40729832, -0.61866884,  0.64287063, -0.91711013,
         0.00891984],
       [-0.67051578,  1.52811088, -1.89066498,  2.44948974,  0.42088949,
         1.99389569]]), array([[ 0.96526501, -1.41421356],
       [-1.41421356,  1.41421356],
       [ 1.27852961, -1.41421356],
       [ 0.0756537 , -1.41421356],
       [-0.36742005, -0.09798559],
       [-1.41421356,  1.41421356]])], [array([-2.20607964,  1.82761966, -0.06485233,  1.76418445,  2.44948974,
       -0.66115097]), array([-1.07892358, -1.41421356])]]]
[1014310, 5, 'death']
[1056710, 4, 'death']
[1139461, 3, 'death']
[1162761, 1, 'death']
[1165761, 23, 'death']
[1219012, 12, 'death']
[1227012, 18, 'death']
[1228762, 20, 'death']
[1248812, 8, 'death']
[1249012, 15, 'death']
[1249012, 'Extinction!']
